nep4 3 Ba Zr S 
cutoff 8 4 150 20
n_max 4 4
basis_size 8 8
l_max 4 2 0
ANN 30 0
 -1.2973169e-05
 -3.0968557e-05
 -7.1127521e-05
 -4.4481865e-05
 -9.1072561e-06
 -1.1051135e-04
 -1.5552785e-06
 -4.8034937e-05
  5.5337536e-05
 -1.1999762e-04
 -1.0238833e-05
  6.1876203e-06
 -3.7883045e-05
  5.7110443e-05
 -1.0507714e-05
  6.1220111e-05
 -2.0422557e-04
 -1.9954256e-05
 -1.0156818e-05
  1.5128863e-05
 -9.9925506e-05
 -6.8661425e-06
  8.7977805e-06
  2.1903214e-05
 -4.6207153e-04
  7.6568895e-06
  3.1776392e-05
  5.5280230e-05
  3.8587274e-05
  4.5374651e-05
  8.3130133e-01
  6.3988686e-01
 -4.8153932e-05
 -7.9247809e-05
 -1.7243041e+00
  1.0578405e-05
  1.2658584e-05
  2.0250566e-02
 -6.0386801e-01
  1.4439639e+00
 -3.4895776e-05
 -1.2539886e-05
  6.5393694e-02
  2.3709537e-05
  4.3875808e-04
 -8.9081434e-05
 -1.1725347e-04
  3.2882348e-01
  2.8588919e-02
 -2.4863976e-01
 -4.9429855e-05
 -1.5327105e-05
  4.6675619e-02
  3.0338460e-01
  3.4830806e-01
  2.0422684e-05
  1.1026597e-04
 -4.8349324e-07
 -6.0876770e-05
 -1.3749243e-04
 -5.0836150e-07
  3.3419579e-05
  4.6252662e-05
  1.2885192e-05
 -5.8735757e-05
  7.5433833e-05
 -1.4197137e-04
 -8.8468403e-07
  5.5981358e-04
  8.7746093e-06
  1.9368776e-05
  2.6501441e-05
 -2.0429059e-05
  5.2448559e-06
  6.0839602e-07
 -2.8685481e-05
 -2.9994406e-05
 -1.9243559e-04
  4.5547207e-05
  1.3893056e-07
 -6.2623039e-05
  2.4125780e-05
  4.6397712e-05
 -2.3379256e-05
  1.3891475e-04
  1.4002327e-05
 -5.4408087e-05
  4.3461205e-05
  4.5601897e-05
  2.5809093e-05
  6.7480099e-01
  2.5401098e-01
 -2.7274382e-06
  4.0892747e-09
 -5.7731708e-05
  4.5384575e-05
  2.6467824e-05
  3.8370496e-04
 -2.1346834e-05
 -5.0419301e-01
 -2.7332792e-06
  1.6860625e-04
  1.9531632e-04
  7.5506410e-05
  2.6516705e-05
 -5.1244857e-05
 -8.0526654e-05
  3.0065581e-02
  3.3832618e-04
 -8.1075607e-03
 -2.2840375e-05
  2.0559666e-04
  5.3364489e-05
  1.4789125e-04
  6.9939597e-03
  1.0776750e-05
  2.2962870e-04
 -7.3034222e-05
  3.3610713e-04
  1.3403581e-04
  9.1283495e-05
 -8.6723943e-05
 -3.1272757e-05
 -4.9845303e-06
  5.6056060e-06
  5.0244493e-05
 -3.8443432e-05
 -6.3598265e-05
 -8.2414390e-06
  3.2072610e-05
 -1.0171307e-05
  4.9686209e-05
  1.1745561e-05
  1.6019022e-04
 -6.7843262e-06
  2.8904160e-05
 -2.4820908e-04
 -8.2483326e-05
  2.9031228e-06
  6.8054942e-06
 -4.2847455e-06
  1.3222999e-04
  3.3459048e-05
 -5.5227306e-04
 -8.9302805e-05
  8.5666782e-04
  2.3368951e-04
  5.1359668e-05
  4.0065916e-05
 -2.0514224e-05
  8.1795730e-07
 -2.4653703e-04
 -5.9767426e-05
  4.7862541e-05
  2.5913709e-05
 -6.4159576e-05
  2.2269508e-06
  5.3504696e-06
  5.7219197e-05
  1.3425472e-04
 -3.2504363e-04
  4.9117978e-07
 -4.7720932e-05
  1.8869114e-05
  1.9007561e-05
 -2.0115457e-04
 -5.6677200e-05
 -9.6316529e-05
  1.0551658e-04
  7.7613804e-05
 -2.6713171e-06
 -1.3855043e-05
  6.9774498e-05
 -2.6515615e-04
  4.8386872e-05
 -5.5733417e-05
 -2.6220510e-05
 -8.0106809e-05
 -3.7156933e-05
  1.1249654e-05
 -1.9328144e+00
 -4.2115385e-04
 -2.0213406e-06
  2.0469653e-05
  5.8679450e-01
 -1.1959013e-05
  2.5161669e-05
  1.1704359e-05
  4.5733683e-02
  1.5013998e-04
  2.4263711e-06
  2.8063943e-05
 -5.7901438e-05
  6.8681933e-05
 -1.3594467e-05
 -1.8578781e-04
  3.5224795e-05
  2.6739506e-05
 -2.8053229e-04
  3.5361075e-04
  2.8750748e-05
  4.9791636e-04
 -2.5350109e-04
 -1.3526644e-05
 -4.9837119e-05
 -6.2845218e-05
  5.8923921e-05
 -7.7435643e-06
 -1.0581037e-05
  1.0603958e-04
 -5.6028664e-01
 -1.1837946e-01
 -6.1579150e-05
  5.1403604e-06
  4.8061940e-01
 -4.5525027e-05
  1.5353755e-05
 -3.3232522e-05
  7.3369309e-02
 -4.3024322e-01
 -1.0747320e-04
 -5.0388819e-05
 -5.9457880e-04
  2.1730601e-05
 -2.6982012e-05
 -8.3085997e-06
  2.8597849e-04
 -4.2740314e-05
 -4.5141162e-04
  2.7551975e-02
  1.0726012e-04
 -3.2877564e-05
  1.4610025e-05
 -3.0465994e-04
 -1.7924865e-03
  1.0456148e-04
  5.1077921e-05
  9.2588907e-06
  5.4552579e-06
  1.5305444e-03
  1.5857820e-01
 -8.5980737e-06
  1.5351607e-04
  1.4342120e-05
 -5.0591483e-05
 -7.2346491e-05
 -7.4794425e-06
  8.5284039e-03
 -3.1687490e-05
  2.4207790e-01
 -4.5760062e-05
  2.2478921e-04
  1.3886286e-04
  5.0313133e-06
  1.2542767e-04
 -1.2984673e-04
 -2.8657772e-05
  1.3603365e-02
  8.8839699e-04
 -5.5278913e-04
 -1.3255773e-05
 -7.0784145e-06
  1.5929740e-04
  1.4830804e-04
  1.0179184e-02
 -4.2747765e-06
 -6.7493065e-06
 -2.7937227e-05
 -3.8191705e-05
 -2.9112246e-06
 -2.0107141e-01
  2.0398681e+00
  1.3436213e-05
 -1.3155746e+00
  1.0192181e+00
 -1.8531244e-05
 -1.0539922e-05
  1.0393277e-01
 -1.5401478e-01
  7.2532177e-02
  3.7983584e-05
 -6.7716101e-05
  2.6550826e-01
 -1.2074926e-01
  1.3640734e-03
  1.0877076e-04
 -2.7339460e-05
  3.9024207e-01
  1.9500904e-01
 -2.0905763e-02
  1.6331855e-05
  7.7727219e-07
  1.1153352e-01
  4.5971012e-01
  3.1341588e-01
 -1.9128679e-04
  3.7689930e-05
 -6.4429580e-05
 -2.9621042e-05
 -1.3286015e-01
 -3.1570148e-01
 -2.3203488e-06
 -4.4618982e-06
 -1.1512238e-05
  6.2787003e-05
  2.4068751e-04
 -4.6272973e-05
  5.1947018e-06
  3.2565374e-06
 -1.7027520e-05
  2.2574979e-05
 -1.4973992e-05
  6.5491244e-05
 -4.3261247e-05
 -2.7798012e-06
  3.3749020e-05
 -8.1690741e-05
  3.6916663e-05
 -1.3046464e-04
  8.2079468e-06
  2.2074206e-05
  6.6564376e-06
  8.6114342e-05
 -8.3352706e-06
  2.2033342e-05
  8.6024256e-06
 -3.7200950e-06
 -6.1622392e-05
  9.4100942e-05
 -3.6402926e-05
 -3.7311787e-05
  8.6936190e-05
  1.7284890e-06
 -1.8495446e-05
  1.0071546e-05
 -2.4305424e-05
 -5.2187429e-06
 -8.5331441e-05
  1.7487897e-05
 -5.2643954e-05
 -2.0616644e-05
 -5.0243405e-05
 -9.1741393e-05
 -1.4097760e-04
 -9.1872120e-05
  1.5498990e-04
 -9.5424784e-06
  1.4712479e-05
 -6.0685659e-05
  4.6683392e-05
  1.2333849e-06
  5.5098346e-05
  3.3035406e-04
  1.9345761e-04
 -1.2514912e-04
 -4.1782728e-06
 -2.7219923e-05
 -2.7462505e-04
  3.5834531e-05
 -8.3150771e-06
 -9.7737333e-04
 -9.2587608e-05
  3.6561702e-05
 -2.3645815e-05
  8.3148989e-05
  1.4090905e-04
  1.3668577e-05
  1.0921520e-05
  2.9077086e-05
 -6.0625942e-05
 -1.8143062e-05
 -1.4876957e-01
  1.4866258e-04
  4.4705289e-06
 -2.4254359e-05
 -2.1785168e-05
  2.1916132e-05
  6.0804109e-06
  6.2153249e-06
 -3.9450515e-05
  6.8639725e-05
 -1.0339633e-05
  3.4016713e-05
 -3.4136945e-06
 -7.8861303e-05
  2.0745108e-04
 -4.3344448e-06
  5.8457554e-05
 -2.9580267e-05
  4.4479610e-05
  2.1737042e-05
 -2.3545649e-04
  6.8449001e-05
  1.4146854e-05
 -3.8715883e-04
  1.7253662e-04
 -2.1444880e-04
  6.3717598e-05
 -5.7170331e-05
 -8.1969056e-06
 -2.6584143e-05
 -6.9648740e-05
  1.6010317e-05
  6.3057370e-05
  1.6172019e-04
 -4.5258341e-05
 -7.8533076e-06
  1.5345502e-05
 -1.2245233e-04
  4.0224491e-05
 -3.6675690e-05
  6.6491780e-06
  2.8350598e-05
 -1.1508225e-05
 -2.0063116e-04
  4.2753722e-06
 -1.4288551e-05
  1.7287459e-05
  2.7170647e-05
  3.0826650e-05
  7.9596114e-01
  9.4340253e-01
 -7.3201268e-06
 -1.8405735e-01
 -1.1121179e+00
 -1.0977807e-06
 -4.8713217e-05
  1.0679852e-02
 -6.4737755e-01
 -5.6605142e-01
 -8.9426743e-05
 -2.0135527e-04
  1.7051728e-01
 -2.6831231e-01
  8.8911064e-02
  1.5621135e-05
 -6.6652399e-04
  3.8163245e-01
  3.5610896e-01
 -8.1033640e-02
 -2.7780873e-06
  4.1729967e-05
  2.1815034e-02
  3.2379574e-01
  4.2701128e-01
  5.4269742e-05
 -3.1075262e-05
 -1.5519639e-05
 -1.4314943e-04
 -2.1807796e-03
  3.1872762e-05
  2.8079790e-05
  1.6389615e-04
 -1.7234925e-05
 -4.5549452e-05
 -1.9290015e-05
  6.8741894e-05
  2.4208068e-06
 -6.9642920e-05
 -4.4125736e-06
 -1.3821307e-04
 -3.8339890e-06
  2.6804532e-04
 -4.9405702e-05
 -1.6568476e-05
  5.1491888e-06
 -3.5604114e-06
  1.8985747e-04
  1.1868916e-05
  9.7920485e-05
 -1.4845851e-05
  8.1751969e-06
  3.4563313e-05
  2.1338203e-05
  3.3629865e-05
  4.9041396e-06
 -5.4393799e-06
  1.2517754e-05
 -1.3070404e-04
 -3.5614383e-05
 -1.3674120e+00
 -1.7274481e-04
 -5.2464016e-05
  2.3537576e-05
  1.1182859e-01
  7.5917604e-05
  8.8856004e-06
  1.3668658e-04
  2.2070501e-02
  2.5700119e-01
 -9.2232403e-06
 -4.5292104e-06
 -8.9587813e-04
  1.1006901e-04
 -5.7281777e-03
 -1.7898919e-05
  1.4358861e-05
 -5.9914230e-03
 -4.5934416e-06
  3.3609146e-01
  5.1765546e-04
 -1.5154490e-04
  2.5854737e-05
 -2.5447790e-02
 -5.9749350e-02
 -9.4170337e-06
  3.8550621e-05
  3.8143815e-05
  8.7548151e-06
  1.6241126e-04
 -3.5382836e-05
  5.0985702e-05
  3.6678965e-05
 -4.5824425e-05
 -4.9407794e-05
 -9.0683141e-05
 -4.8916532e-05
  1.4091676e-04
  3.2682867e-06
 -2.7081556e-05
  6.9317299e-05
 -5.0553430e-05
  7.5397715e-05
  2.1344695e-05
  4.5495239e-04
 -1.9755664e-04
  3.1185416e-05
  3.5590820e-05
 -1.3271865e-05
 -4.6605332e-05
 -2.0010037e-05
  2.1796475e-06
 -3.1939395e-05
  1.0441995e-04
  7.5722288e-05
 -9.7020478e-05
  8.9172372e-06
 -1.1877088e-04
 -9.2210736e-05
  3.8164551e-05
  7.4896491e-01
 -6.5120286e-01
 -2.8024048e-01
  2.6820891e+00
 -3.3399274e+00
 -2.8773829e-05
 -4.0740024e-06
  1.1960017e-01
 -3.5891294e-02
  2.1218687e-01
  5.3657564e-06
  5.6871949e-07
 -2.4759389e-05
 -3.7807830e-02
 -1.5965087e-04
  6.0727220e-06
 -1.1825981e-04
  1.6858861e-01
  2.6301263e-02
 -1.3061757e-01
 -2.0228455e-05
 -2.1661389e-04
  4.5015085e-02
  2.9735506e-01
  3.3401528e-01
  2.1008267e-05
 -1.8740770e-05
  8.8448769e-06
 -1.1946016e-05
 -1.2760329e-05
 -2.6347363e+00
 -8.7219036e-01
  9.1019180e-03
  1.2833941e+00
  1.0647762e-01
  1.5505106e-05
 -1.7169823e-05
  6.2365070e-05
  1.4462423e-01
  6.1402589e-01
 -5.3552663e-05
 -7.4944583e-05
 -7.3242337e-02
 -1.8710895e-04
 -1.7630203e-01
  5.4033921e-05
  1.9757435e-05
 -1.2519458e-01
 -1.1099542e-01
  3.1687587e-02
 -1.0642419e-04
  9.0363474e-06
 -1.2634553e-02
 -3.5940799e-01
 -6.8338022e-02
 -4.1390726e-05
 -1.4918781e-05
 -1.2644858e-05
  1.0794891e-04
  1.2123003e-04
  6.1048871e-05
  2.1572156e-05
  1.1632168e-05
 -2.7987982e-05
  1.0635011e-04
  2.0579401e-04
  9.5480873e-06
  2.6808952e-05
  1.4407309e-05
 -1.2278771e-05
 -7.1436618e-05
  1.8180566e-04
  1.8804261e-05
 -2.3384480e-05
  6.5583743e-05
  1.7912043e-05
 -6.3941479e-05
  5.3184558e-05
 -1.9009835e-04
  1.0810005e-05
  5.1675706e-05
  7.4864338e-06
 -1.2281359e-05
  4.0681061e-04
  1.2473252e-05
  1.0384894e-05
 -8.1819948e-05
  5.3323361e-05
 -2.6152409e-05
 -9.1428719e-06
  1.7029284e-05
  6.0789400e-05
 -1.1062143e-04
 -3.0778843e-05
  3.4664197e-05
 -1.7084671e-05
 -2.5792087e-05
 -1.5411259e-05
 -3.7980819e-05
  2.5060521e-05
 -6.6313946e-06
  4.0046445e-05
 -2.5927997e-05
  6.8843408e-05
  3.9803381e-05
  1.0482098e-05
  6.5412227e-05
 -1.3682710e-06
 -3.6801412e-05
  3.1794723e-05
 -1.7066265e-04
  3.7710117e-05
 -1.0176303e-05
  2.8573324e-05
 -9.4308729e-05
  3.1034047e-05
  3.0879102e-05
 -2.1922677e-05
  8.0119302e-05
 -3.4432949e-05
  3.0255136e-05
 -1.5510357e-04
  1.0130156e-05
  1.9156718e-05
  5.9018394e-06
 -3.9757258e-05
  7.6282682e-05
  4.1039029e-04
 -2.5748986e-05
  1.1861548e-04
 -3.1987837e-04
 -3.2421792e-06
 -1.7773356e-04
  6.3067832e-06
  6.0598864e-05
  9.3085391e-06
  5.3113567e-05
 -7.8258745e-06
  6.4374923e-05
  4.7507670e-05
  9.1060411e-07
  4.1202464e-05
 -2.1008813e-05
  4.5800309e-07
  1.6428660e-04
 -4.8066076e-06
 -1.7869272e-05
 -2.8984711e-04
  1.1590694e-04
  2.1046019e-04
 -2.8125656e-01
 -3.2767439e-01
 -9.2361706e-06
  6.4480148e-05
  1.3630892e-01
  9.8157252e-06
  4.6205118e-05
 -5.8636386e-02
  2.4745653e-03
 -6.7714944e-02
  6.8245892e-05
  1.8744144e-05
 -2.3615036e-04
  5.1722003e-05
 -8.2282932e-06
  3.3532695e-05
 -7.6781391e-05
 -7.6366223e-02
 -5.1725914e-05
  2.5660044e-02
  1.0272221e-04
 -5.9783983e-06
 -9.9525473e-04
 -1.2004416e-03
 -2.5331063e-02
  4.1403775e-05
  2.1387990e-05
  6.0273764e-05
  3.2891876e-05
  7.3200958e-05
  1.2965205e-04
  1.9222525e-05
  8.0456310e-05
  3.4061182e-04
  2.8106051e-05
  3.8673879e-06
 -6.2501458e-05
  4.1790867e-05
  1.0531041e-04
 -3.1443087e-05
 -9.6691838e-05
 -2.2207010e-05
 -1.7570019e-05
 -5.3349249e-05
  5.1680017e-05
  3.5656394e-05
 -3.7631264e-06
 -1.0205773e-04
  1.8777329e-04
  2.3563199e-02
  1.0958431e-04
 -9.0062909e-05
 -1.2004194e-04
 -9.8723169e-05
  1.7279520e-07
 -1.8442102e-04
 -7.6737218e-05
 -2.0597858e-04
  2.7462797e-06
  3.6969190e-04
  3.0883777e-05
 -8.8500638e-06
  2.3736606e-05
 -2.3283157e-05
  1.1169462e-04
  7.7643817e-05
 -4.2163061e-05
 -1.9768400e-05
 -2.4061257e-05
 -6.2290987e-05
  2.9665900e-05
 -4.1326080e-04
  2.9624634e-06
 -2.7999203e-04
 -3.1522086e-06
 -1.4975959e-05
  3.8743477e-05
  2.7846078e-05
  8.8512556e-05
  1.1158689e-05
 -5.8233160e-05
 -4.0160401e-05
  2.6283593e-05
  2.9069955e-05
 -2.4622207e-06
 -1.2688127e-05
  9.3015704e-05
 -1.9793668e-05
  4.4178632e-06
 -9.2849650e-06
 -3.3306811e-02
  1.7286204e-01
 -5.8445121e-06
 -7.1757939e-05
 -9.8686237e-03
 -5.4546535e-06
  3.4028981e-05
  1.5808726e-04
 -3.1880263e-02
  5.7268834e-01
  1.9297586e-06
 -4.6705762e-05
 -2.3009676e-05
 -5.6845340e-05
 -1.2941087e-05
 -2.8982802e-04
 -1.4339176e-05
  3.6599396e-03
  6.3838321e-05
 -5.9657043e-05
 -1.1670243e-04
  1.2664272e-05
  9.4793490e-05
  1.0806576e-04
  3.5707057e-05
 -1.0992488e-04
 -9.9432518e-06
  4.4104519e-05
  7.5981850e-05
 -3.4222219e-04
  6.2906496e-05
 -5.5424748e-06
  7.7910474e-05
  5.3570559e-03
  9.3071163e-02
 -7.7595803e-05
  8.0100253e-05
  3.4741715e-05
  8.1526687e-06
 -7.7411576e-05
  2.2356498e-05
 -4.2146348e-05
 -1.2988386e-05
 -2.5640313e-07
  2.8759698e-05
  3.4149753e-06
  6.6079236e-05
  2.4271087e-05
  1.6936076e-05
 -1.7180837e-05
 -1.0435962e-04
  7.0293850e-06
 -3.9052320e-05
  2.4691652e-05
 -6.3055420e-05
 -2.3954113e-05
  1.1426292e-05
 -1.2129714e-04
  6.4864121e-06
 -2.3592802e-05
 -1.9211743e-04
 -7.5644839e-06
 -3.0758365e-05
  2.5830666e-06
  1.9144566e-06
  4.3449804e-06
 -1.0314870e-06
 -1.9273282e-05
  5.0085664e-02
  3.6943245e-01
 -5.4027023e-05
  2.5734880e-05
  2.8992827e-05
  7.8060504e-05
 -9.3029261e-02
  6.8313122e-05
  1.1012232e-05
 -1.5494031e-06
 -1.1498986e-04
 -5.8518890e-06
  2.2697173e-05
  1.3730281e-04
 -6.5836444e-05
 -9.2843977e-05
 -6.3431762e-05
 -1.1403523e-04
 -8.1910126e-05
  1.2189677e-04
 -1.4260037e-04
 -1.6119979e-05
  9.9108934e-07
  5.1072720e-06
 -7.0502647e-05
  1.8862480e-05
 -2.3894760e-05
 -2.1777541e-05
  1.9115754e-05
  2.9042816e-05
 -1.1291610e-05
 -5.5828521e-05
  4.7227592e-04
  2.5078918e-05
  4.8444131e-06
  8.4330277e-06
 -3.7816557e-05
 -6.2293507e-06
  1.5094745e-04
  1.1499001e-04
 -1.6732086e-04
  3.0121877e-05
  1.0690298e-05
  3.6659753e-07
 -6.5152068e-05
  8.4499831e-08
  3.3524486e-06
 -5.2029554e-05
 -4.1107082e-06
 -3.6430305e-05
  3.3886543e-05
 -4.2451818e-05
  1.3210566e-04
  2.6256922e-01
 -6.1844219e-04
  1.6778430e-01
 -3.3941181e-04
 -7.6079100e-06
  1.2101811e-01
 -3.2727262e-01
 -8.2394850e-01
  9.1364950e-01
 -2.1218488e-01
 -1.3579818e-04
 -1.6827594e-01
  4.4558496e-05
 -2.2845139e-01
  5.2592125e-02
  6.9975771e-02
  2.6623413e-01
  1.0090390e+00
  5.3250510e-02
 -1.2659314e-04
  2.3029544e-04
  3.9003855e-05
 -5.4027969e-01
 -7.4875155e-05
  7.1638402e-05
  4.6838710e-01
  2.0100726e-05
  4.6143809e-01
  4.3330285e-05
 -8.6870110e-05
  1.8075628e+00
 -2.5622932e-05
  1.0735458e+00
 -1.2762186e-05
  3.5404704e-05
 -8.8935727e-01
 -9.9675065e-01
  1.6705108e+00
  2.9796038e+00
 -1.5969476e-01
 -9.4038996e-06
 -2.7036321e-01
 -6.3092568e-07
  2.1896467e+00
  2.0035456e-01
 -1.3319871e+00
  3.9260972e-01
  2.7944086e+00
 -3.3446531e+00
 -9.5712921e-06
 -3.8027203e-05
  6.9187772e-05
 -1.3212326e+00
 -2.9190116e-05
 -4.2061190e-05
  1.0490947e+00
 -2.1565166e-01
 -6.2611055e-01
  2.6587818e-06
  1.3239932e-04
 -1.4595316e-05
  3.0113422e-05
  1.6301561e-05
  3.0211930e-05
 -2.9916409e-05
  1.2996262e-05
 -9.1593196e-05
  1.2899706e-05
 -1.7526267e-05
 -4.8327354e-05
 -1.5601885e-05
  6.4428736e-05
  3.4808239e-05
 -5.8683408e-06
 -8.6857372e-06
 -3.0991301e-05
 -1.7605860e-04
  3.7092614e-05
  2.9365954e-05
  7.3591749e-05
  6.1056397e-07
  1.2689365e-05
  5.2291318e-04
 -6.5948945e-05
 -6.5053136e-05
 -1.9814304e-04
  1.5221516e-04
  7.5717959e-05
  6.7504239e-05
 -4.0423343e-01
  1.6571337e+00
  2.0822628e+00
 -5.2660847e+00
  2.2611713e+00
 -1.3989125e-03
 -5.5634838e-01
  1.9391258e-01
  9.0152716e-05
 -3.2068554e-01
  9.0144068e-02
 -3.7670267e-01
  1.9794407e-03
  8.8008261e-01
 -9.7338474e-05
  5.1126969e-01
 -2.7577505e-01
 -3.2582396e-01
 -4.3209481e-01
  7.7594403e-04
 -3.2899293e-01
 -4.5303033e-05
 -2.6888770e-01
  4.3799382e-01
 -2.1631481e-06
  6.0831947e-04
 -2.8766196e-02
  6.4096630e-06
  3.9005198e-02
 -1.1484612e-05
  1.3496974e+00
 -2.6745048e-01
 -3.4863240e-01
 -2.4132928e-01
 -1.7733990e-01
 -1.6953892e-04
  3.9974862e-04
  3.2811952e-01
 -1.4170719e-04
 -7.3156104e-04
 -9.8229632e-02
 -1.9030093e-01
 -4.0313163e-05
 -4.1217733e-02
 -2.4217905e-05
 -5.1307566e-02
 -2.7256898e-04
 -6.0095014e-03
  4.2618994e-02
 -1.5454651e-05
 -1.3977422e-01
  1.5400957e-01
 -7.9415258e-06
  1.8488096e-01
 -1.5069694e-03
  2.2792699e-05
 -6.0889684e-05
 -2.3115683e-06
  6.3005689e-05
  5.3124721e-05
  9.2206319e-05
  2.2689167e-01
 -4.5162128e-06
  4.5281418e-02
 -3.1321272e-01
 -1.6902096e-03
 -3.4964567e-01
 -1.0478443e-01
 -6.6581970e-01
 -5.7034531e-06
  2.6740759e-04
  6.4944383e-05
 -1.5846181e-05
  1.7625926e-03
  1.4524531e-04
 -8.4710096e-05
 -3.4548080e-04
  2.4805850e-05
 -1.8149516e-01
  2.6122007e-05
  3.4114385e-01
  4.3912389e-04
 -8.1740200e-07
  2.9720839e-05
  6.6530993e-05
 -2.0629817e-04
  1.5948199e-05
  6.0221264e-05
 -2.4909832e-04
  6.4667302e-06
 -7.3974735e-01
 -1.2492275e+00
  2.4271247e+00
 -2.3112509e-01
  6.8259794e-01
 -8.0256164e-02
  2.7195925e-03
  4.2501366e-04
 -2.4597232e-01
 -1.5535146e-01
 -1.3007426e-01
 -1.0784729e-01
 -6.6314422e-02
 -1.0300726e-01
 -7.4760029e-03
 -1.6667899e-01
 -1.5880185e-01
 -1.4966318e-02
  5.5466378e-01
 -3.9761861e-05
 -3.7450321e-02
  1.3025446e-04
  4.4155644e-05
  4.6673574e-02
 -8.4112156e-03
  2.7122826e-06
  5.0977356e-05
 -7.9923506e-05
 -3.2315562e-05
  1.6909255e-05
 -1.5070370e+00
  3.3306034e+00
 -3.1698981e-01
 -2.1951778e+00
  4.0047219e-01
  7.6387599e-02
 -9.3680553e-02
 -2.3178436e-02
 -2.2717728e-04
  3.6933854e-01
  5.6116074e-01
  6.4512265e-01
  6.7473823e-01
  2.9326096e-01
  4.0120021e-01
  1.7931138e-01
  1.5539032e-01
  1.9431159e-01
 -2.6641503e-01
  1.1060278e-01
  9.8561132e-01
 -1.0312690e-01
  7.9699790e-01
 -5.8205824e-02
  6.8043846e-01
 -7.9710275e-04
  1.3205513e-01
 -3.8291924e-05
 -1.0789785e-04
 -6.1534345e-05
  7.6471610e-05
  1.4978020e-05
 -1.9739071e-05
  1.9995203e-05
  6.9927999e-05
 -7.6138887e-05
 -6.6765053e-05
 -4.7478238e-06
  2.1249872e-04
 -3.8110571e-05
  1.7121240e-05
 -7.9224228e-06
  8.6647515e-06
 -4.7821490e-05
 -1.2066325e-05
  3.2671871e-06
  2.8040865e-04
  5.0787814e-05
 -1.4082295e-01
  1.8612498e-04
  2.7812597e-05
  3.5407870e-06
  2.6243790e-05
 -4.6088247e-04
 -4.0149544e-06
  2.2677230e-05
  2.9282242e-05
 -2.7409771e-05
 -1.0804923e-06
  6.9234129e-06
  1.5781196e+00
 -1.0013751e-03
  9.6237445e-01
 -7.3811877e-01
  1.3656335e+00
 -2.4332368e-04
  2.5035840e-01
  2.9109988e-01
 -1.7573054e-01
 -2.7383125e-01
 -6.5925145e-05
 -3.5894728e-01
  6.9097034e-05
  1.5094918e-07
 -1.8293280e-04
 -1.0131978e-01
 -3.3228000e-05
  1.0641892e-01
  1.3704269e-01
 -6.0165348e-06
 -3.0033818e-01
  7.0570296e-01
 -5.6325281e-01
  1.2990544e-02
 -2.7095729e-01
  1.8837483e-05
 -1.5174681e-03
  2.6668540e-05
  8.6059539e-05
  4.6152674e-04
  1.0116542e-05
  3.0866140e-05
 -4.9175756e-06
  2.4692497e-05
  3.5260222e-05
 -2.5584090e-05
 -2.6059859e-06
 -5.5398825e-05
 -1.9898677e-04
 -4.2766522e-05
  8.2908218e-06
  1.0705474e-05
 -1.3909567e-04
 -2.6435329e-05
  8.4380212e-05
 -1.4333052e-04
 -4.3460674e-05
 -2.2041391e-05
  2.6574180e-05
  3.7029473e-05
  6.8309557e-05
 -7.3694500e-05
  1.7780167e-07
 -1.4989621e-04
 -3.6743048e-05
 -9.6281758e-05
 -4.8244478e-05
 -4.8883510e-04
 -1.1102797e-04
  9.5763789e-06
  9.5463574e-06
 -2.9878924e-05
  3.0697437e-02
  6.3379164e-05
  9.9410405e-05
 -2.1239994e-05
  1.6745889e-04
 -3.5824334e-05
 -6.9094235e-06
 -1.5316663e-04
  4.6451038e-05
  1.0423587e-05
 -7.7982804e-05
  5.3066877e-05
 -4.4650111e-05
 -1.4957800e-04
  4.2814594e-05
 -3.0268489e-05
 -4.3641348e-04
 -1.1108952e-04
 -3.7889786e-06
  1.5141364e-04
 -2.9415141e-06
  5.1066294e-05
  6.2807027e-05
 -3.2735392e-05
  6.1914811e-06
 -2.1753362e-05
 -3.0950981e-05
  2.3737588e-05
 -5.1315999e-01
  2.3110113e+00
  9.9448664e-03
 -1.8888761e-01
  6.1352679e-05
  2.9354758e-04
  2.4274207e-06
 -2.6913962e-04
 -3.6173407e-03
  7.3588779e-03
 -1.3211653e-04
 -2.1634485e-05
  1.1551411e-04
 -3.9871593e-05
  1.9779710e-02
  3.5805374e-01
  3.9990593e-02
  4.1890986e-02
  4.6231619e-01
 -5.3474272e-04
  8.2118309e-01
  8.3360897e-04
  2.4843121e-06
 -3.3961449e-05
  7.6610841e-02
  9.3909221e-06
  2.5851620e-04
  7.6791999e-05
  6.7001265e-06
  1.2975674e-04
 -2.7771974e-05
  9.2491173e-05
  4.4308468e-05
 -1.6282339e-04
  3.2674805e-05
 -9.6028070e-06
 -4.3152570e-05
  4.9635488e-05
  1.0014651e-04
 -4.5057266e-05
  4.6553658e-05
 -2.2497795e-06
 -3.2432370e-06
  5.6549605e-05
  6.0245122e-05
 -9.2911170e-05
  1.1312709e-04
  2.3276678e-04
 -1.1150204e-05
 -9.0362337e-05
  4.9718255e-05
  2.2554075e-05
 -3.7267058e-05
  8.7649867e-05
 -1.3961039e-04
 -8.3125356e-05
 -4.0675892e-05
  3.5622161e-05
  9.9092276e-06
 -9.6582689e-06
 -2.2919023e-04
  4.8902726e-05
  2.7786796e-03
  3.0685190e-04
 -1.7154493e-05
  8.8002256e-05
 -1.2591455e-05
  1.2411108e-05
  1.5860205e-05
  1.9522698e-04
  9.3735143e-06
  1.3547814e-05
 -7.6112257e-05
 -5.8279071e-05
 -1.5626584e-04
 -3.4563909e-05
  2.3391416e-04
  4.9685823e-05
 -1.0856661e-04
 -1.1264523e-04
 -3.2743788e-05
 -2.5813752e-05
 -4.9651135e-05
 -9.5145268e-05
  3.7534057e-05
  1.3379808e-04
  1.7817762e-04
  3.1847059e-05
 -6.6461057e-06
  1.7508049e-05
  2.1282025e-05
 -1.4515084e-04
 -2.2337280e-04
 -5.5830991e-05
 -3.0348758e-04
 -1.9700389e-04
 -2.1159216e-05
 -1.7467468e-06
 -7.5412972e-05
  7.3361953e-05
 -1.5115543e-04
  3.0038898e-05
 -4.1378380e-04
 -5.4145376e-06
 -8.0687510e-05
  6.1685473e-06
 -8.0031183e-05
 -2.4490777e-04
  4.8464134e-02
  4.9678006e-06
  1.7390634e-05
 -7.9676880e-05
 -4.5688641e-05
  7.6323638e-05
 -1.2620972e-06
  6.3432177e-05
 -2.2620398e-03
 -2.4257943e-05
 -5.3224235e-06
  3.2191510e-05
 -2.2473798e-05
  1.3616951e-05
 -9.4617302e-05
 -7.5359631e-06
 -1.3553001e-01
  4.3891254e-05
 -1.1099635e-05
 -2.9817764e-05
  8.4266256e-05
  1.0355720e-04
  2.2089203e-05
 -1.2270882e-04
  1.4646686e-05
 -1.6231999e-04
 -9.4180461e-05
  1.4309406e-01
 -6.0670205e-05
 -4.8523121e-05
 -2.3573069e-05
 -1.0619129e-05
  5.9301452e-05
 -9.3544704e-06
  8.6190048e-05
  3.1715583e-05
 -5.1750999e-07
 -7.7422992e-06
  2.3585106e-05
 -4.3928380e-06
  7.1158967e-05
 -5.0926661e-05
 -1.2508119e-05
  7.3194742e-06
 -1.8259902e-04
  1.6113767e-05
 -7.4480913e-06
 -4.8509279e-05
 -2.0158075e-04
 -1.0263342e-04
  1.6005810e-05
 -9.8871009e-05
 -8.5950987e-06
  1.7141950e-04
  1.3977533e-05
 -3.9063825e-06
  1.0066324e-04
  7.0753835e-05
  4.4468402e-06
  1.1132275e-05
 -2.4904762e-04
  8.4531152e-05
  5.8615347e-05
 -5.6139710e-05
 -8.7827766e-07
 -4.2750808e-06
 -1.0244123e-05
 -2.5631740e-05
 -3.7185357e-05
  9.6676595e-05
 -1.1011071e-05
 -7.0383459e-05
  4.9804389e-01
 -8.2802331e-01
  1.2153200e+00
 -7.9908816e-05
 -4.6438441e-01
 -1.9285562e-02
  7.5190198e-01
  2.6090664e-03
 -6.9562197e-02
 -1.2750253e-01
 -1.9410581e-03
 -3.6402681e-01
  2.0340411e-05
 -5.8752384e-02
 -6.9683199e-05
 -2.1767982e-03
 -2.0574468e-04
 -1.0434137e-05
  4.1601729e-01
  1.3183184e-04
 -7.2519855e-05
  1.1799443e-01
 -1.1562345e-04
  1.1758367e-01
  3.5487499e-06
  8.9747169e-05
 -1.8474762e-05
 -9.5286654e-05
  4.1357864e-05
 -5.8873320e-05
  1.9569581e-05
  4.2773645e-05
  7.2659118e-06
  4.2229522e-06
  1.1610307e-04
  6.1663849e-07
 -3.5626876e-05
  2.6530570e-06
 -4.4633533e-05
 -6.1822529e-06
  1.9290154e-04
  1.0427141e-04
  1.6851445e-05
  8.2441475e-06
  1.6532961e-04
  8.4807980e-05
  1.1007838e-04
  5.5452285e-04
  2.2068163e-05
 -8.6134605e-05
 -1.4526418e-06
 -1.1805371e-04
  3.4115101e-06
 -1.5839172e-05
  7.6187440e-05
  5.9565522e-05
  2.3299258e-04
  1.6613321e-05
 -8.3722080e-05
  1.6397385e-05
 -3.6685789e-05
 -4.0106472e-05
  2.0504538e-05
  1.7031259e-04
 -9.1839174e-05
 -1.5191521e-05
  5.6266210e-05
  4.5658153e-06
  7.1959294e-06
 -6.5121699e-06
  8.5098211e-05
  1.3646174e-05
 -7.1349391e-06
  4.9781487e-05
 -3.5891648e-05
  5.0614392e-05
 -1.7355473e-05
  3.2386215e-05
  3.9323254e-06
 -1.0140402e-04
  2.7971360e-05
 -3.8084693e-06
  1.0616896e-05
  1.4784126e-04
 -5.9697356e-07
  6.0619837e-05
 -4.3492502e-05
 -8.0229031e-05
 -5.0738123e-05
 -1.7339938e-04
 -1.5230659e-01
  3.3022306e-04
  2.0153148e-04
  2.0814546e-04
 -2.5565294e-05
 -3.9477804e-05
  1.4865236e-06
 -3.1214149e-05
  1.3641383e-04
  1.4948175e-05
 -1.1887966e-04
  2.6227213e-05
 -1.8149765e-05
  6.4018088e-05
 -2.1910782e-05
  2.6008457e-02
  1.9569077e-05
 -4.1614803e-06
  1.2339671e-04
  1.7357431e-04
  5.4650636e-06
  1.1554435e-04
  5.4163727e-05
 -6.9689158e-05
  9.9170691e-05
 -1.1296331e-04
  1.1825413e-04
  1.0289544e-05
 -4.2268500e-04
  8.0090984e-05
 -3.5862187e-05
  9.2325763e-06
  1.9820634e-06
  1.4806737e-05
 -1.7959809e-04
 -1.7195105e-05
  2.0180985e-05
 -8.6649357e-05
 -6.5628951e-06
 -6.0650523e-06
 -1.4104867e-04
 -9.9591507e-06
 -3.8325154e-05
 -1.3077065e-05
 -2.3900451e-04
 -5.0577382e-06
  4.7080783e-05
  1.2560210e-05
 -5.1420225e-06
 -1.1119023e-04
  5.8051643e-05
  5.9423284e-05
 -4.3493560e-06
 -1.6303056e-05
 -1.0620325e-04
  1.3224014e-04
 -8.0956925e-06
 -1.6543565e-05
 -7.3673313e-05
  3.2436749e-04
  1.3283247e-04
 -3.7295791e-05
 -4.1508600e-05
  5.0789899e-06
 -1.1228327e-05
 -2.8040895e-05
  1.3066654e-05
 -3.3118409e-05
  4.5530469e-05
 -1.1992460e-04
  1.0462163e-05
 -3.6351303e-05
  2.3649662e-05
  3.1117401e-05
 -2.4921861e-05
  9.7602251e-06
  1.0475169e-04
  1.7323271e-05
 -4.2143674e-05
 -4.3825068e-05
  1.9451572e-05
  9.6171003e-05
  1.4639268e-05
 -2.9519979e-05
  7.2390176e-05
  1.0261179e-04
 -7.4949335e-06
  1.6637758e-05
 -8.7333001e-06
  3.6758222e-05
  3.9647963e-02
  9.5524931e-01
  7.6130994e-02
  2.5910607e-01
  3.7764955e-01
  2.1566661e-01
  2.5011566e-01
 -1.7624255e-01
  2.5471740e-03
  2.8345832e-01
  4.8814026e-01
  2.7770603e-01
 -1.0363671e-04
 -3.0072140e-06
  5.5354583e-04
  1.6640323e-01
  1.9426072e-01
  6.4484298e-02
  1.2469199e-02
  6.5277354e-06
  9.7959888e-01
 -1.1153612e-04
  8.8757843e-05
 -9.9128280e-03
  6.6116992e-03
 -3.0105436e-04
  1.8582752e-05
  3.0658663e-05
 -8.5673737e-04
  3.1399963e-05
  9.2498041e-05
 -1.4985551e-04
 -8.1492282e-05
 -1.3871567e-05
  6.2682143e-06
 -7.3539559e-05
  1.4674064e-04
 -1.6726617e-04
  6.9708723e-05
  5.1990410e-05
 -9.2274749e-06
 -5.6747569e-05
 -5.0723553e-05
  2.6634685e-05
  4.8704584e-05
 -7.2867952e-05
  3.0428149e-05
 -5.2928706e-05
 -1.3413510e-06
 -5.6692501e-05
  2.0719548e-04
 -5.9036012e-07
 -5.4332078e-05
  1.4158649e-05
  2.6214620e-05
  2.4736288e-05
 -3.5468551e-05
 -4.6193592e-05
  4.8368995e-05
 -3.4469707e-05
 -2.0994691e-03
 -1.1582334e+00
 -6.8672228e-01
 -3.7665828e-05
 -8.9530319e-01
 -4.4065255e-05
 -1.0374459e+00
 -5.7601035e-05
  5.8543859e-03
 -5.6633722e-02
  7.4251824e-05
 -1.3734010e-05
  2.4310857e-05
 -6.4581604e-05
  6.1692435e-06
 -8.1687647e-01
  4.3631801e-05
 -6.2499076e-01
 -3.9857116e-01
  7.3770432e-05
 -3.6447778e-01
 -1.1100500e-03
 -3.4682060e-05
 -3.4711981e-01
 -2.3450300e-03
 -1.5809210e-05
 -7.6137978e-05
 -1.7161994e-06
  3.1930605e-05
 -1.3707136e-05
  2.4951654e-05
 -9.2547207e-06
  1.2941055e-06
 -1.1661615e-04
  5.1831586e-05
 -2.0088217e-05
 -2.3019020e-05
 -1.6897697e-05
 -1.7395271e-04
 -1.0707228e-05
 -5.8644800e-05
 -1.5793226e-05
 -8.9451627e-05
  4.3764780e-05
  3.9170154e-05
  2.5493600e-05
 -8.1778875e-05
  4.7371032e-05
  1.4815776e-04
  1.3359924e-05
 -1.8324844e-04
 -1.0441672e-05
  3.8645841e-05
 -3.1200394e-05
  1.3853788e-05
 -7.8610312e-05
 -1.2539179e-05
 -1.7286864e-05
  6.2141480e-05
  3.2546308e-05
  7.2885519e-01
  5.1588190e-01
 -3.7192190e-01
  3.9001101e-05
  3.7089002e-01
  1.0438119e-04
 -3.0456984e-05
  7.0830123e-05
  9.4357465e-06
  3.0953563e-03
  3.0813448e-05
  6.0521459e-05
  3.9390125e-06
 -2.0747354e-04
  7.3947747e-05
  9.1262519e-02
  3.8640513e-04
  2.5875910e-05
  9.3794130e-03
  2.7257719e-04
  9.9418752e-02
 -1.3737859e-05
 -1.0538195e-05
 -8.0063328e-04
  1.4419151e-06
 -1.6475988e-05
  4.7879177e-05
 -1.1946553e-05
 -2.4346828e-04
  2.7323491e-05
  9.4085330e-01
 -2.0195349e-01
  7.1656674e-02
 -3.3964112e-02
 -5.2999403e-02
  1.7737724e-05
  1.5228379e-03
  7.9267778e-02
  3.7796394e-04
 -3.1038097e-03
 -2.2000383e-01
 -1.6462162e-01
  3.0375729e-04
 -2.9731257e-02
 -6.1135415e-06
 -9.3816342e-03
  8.7768440e-06
 -1.8277523e-04
  1.8844007e-03
  3.4020813e-05
 -6.0897935e-03
  7.4412681e-05
 -5.7584348e-05
  1.0047115e-01
 -3.3985318e-05
  2.7595588e-04
 -5.8451391e-05
  1.6981605e-05
 -3.3768800e-05
 -3.2527660e-05
  9.7768092e-01
  2.4038208e+00
  9.4931525e-01
 -2.7825768e+00
  3.5810449e+00
 -2.1358785e-05
 -1.0134913e-01
  1.6294260e+00
 -5.4406065e-02
 -1.2976544e-01
  1.2734370e-05
 -4.7942126e-01
  1.1900029e-04
 -1.5298167e-05
 -7.0388889e-01
 -2.6475042e-02
 -2.4878551e-01
  2.4821599e-01
  8.4892380e-01
  2.1650600e-03
 -7.5500768e-01
 -2.4395615e-05
 -2.4103820e-01
  1.8452779e+00
 -2.1392259e-01
  5.4171000e-02
 -2.6190853e-01
  3.9292012e-05
  4.8023304e-01
  2.9102439e-04
 -4.5796362e-05
 -1.4167464e-05
 -1.9245597e-05
  6.6946828e-05
  1.0434472e-05
 -6.3741303e-05
 -4.9713519e-05
 -1.5149913e-05
 -5.8293131e-06
 -6.3286490e-05
 -4.0545008e-05
 -3.4085489e-05
  2.1884789e-05
  3.4784436e-05
 -3.9332233e-05
 -5.6603825e-05
 -7.4762254e-05
  3.7356607e-05
 -1.0938035e-04
  1.1325373e-04
 -1.4004635e-04
  2.7330723e-05
 -2.5494003e-03
 -4.6227968e-05
 -6.3570238e-05
 -2.0988436e-07
 -2.4687213e-05
 -1.6072316e-05
  4.3622833e-05
  8.5729349e-05
  9.0596914e-06
  1.0824342e-02
  1.4990056e-01
 -6.8928772e-01
  2.3992139e-01
  5.1060200e-01
 -3.9406928e-05
  2.7593061e-01
  4.9512375e-05
  5.6748755e-05
  7.0823795e-01
 -1.1804374e-05
 -1.4973769e-01
 -6.5306963e-06
  5.2661002e-05
 -3.1841177e-04
 -6.5962277e-02
  1.0345767e-04
 -6.8767763e-06
 -5.2305937e-01
  5.1234579e-06
  6.7156594e-05
  1.9733889e-01
 -3.5260091e-05
 -5.1477009e-01
  7.1585231e-07
  4.6950659e-01
 -4.9744147e-01
 -3.1223333e-01
  2.0227244e-03
 -7.5744269e-05
 -3.2457428e+00
 -1.5025630e+00
  1.8967917e+00
 -1.4604613e+00
  3.3402221e+00
 -5.6889985e-05
 -2.0295908e+00
 -6.3313782e-05
 -9.5627183e-07
  1.5845394e+00
  1.0133895e-04
 -2.6268084e-05
 -2.1122448e-06
 -2.9694113e-01
  1.0358448e-05
 -2.1931193e+00
 -1.0546194e-04
  1.5974630e-04
  6.3502562e-01
 -2.0780964e-05
 -8.5351945e-05
  1.6527816e+00
  1.2184639e-04
 -1.2247783e+00
  5.4946428e-05
  1.0685714e+00
 -2.0885665e+00
 -3.1260312e+00
 -4.2871180e-01
  1.4709778e-01
 -3.4249866e-01
 -2.0527608e-05
 -1.5657729e-01
  4.5462140e-01
  1.2741553e-03
  3.6933862e-02
  2.5772463e-06
 -1.1071973e-01
 -6.1880219e-01
 -1.7917112e-06
  3.8101189e-05
 -1.0617930e-04
 -1.1773318e+00
  2.9578854e-05
  2.4511271e-05
  9.1603551e-06
  4.9516770e-05
  2.3388818e-02
 -3.2121369e-03
  5.5374923e-05
  2.7555860e-05
  2.6438356e-04
 -6.8752131e-05
  2.3002145e-04
 -1.6044720e-05
  2.9836842e-04
  2.4646843e-05
 -6.9616646e-05
 -4.9319760e-06
  1.7436700e-05
  1.5465332e+00
 -9.3302521e-04
  4.3755685e-04
 -9.2277376e-05
  3.0528909e-01
  1.2197317e+00
  2.4333622e-05
  5.7558832e-03
 -2.4562220e-01
  7.0932463e-02
 -2.1634181e-03
  2.1085810e-02
 -1.8424177e-01
 -6.0764313e-01
 -2.1913327e-01
  5.4277259e-01
 -1.6322553e-01
  4.2578715e-01
 -2.1481063e-04
 -1.1731081e-01
 -8.4753221e-05
 -2.7929837e-01
  3.2751777e-05
 -2.7155295e-01
 -6.8905652e-02
 -1.0905534e-06
  6.9024105e-04
  6.6692525e-01
 -1.7459103e-01
  2.2898104e-05
  4.8250513e-06
  1.4523462e-04
 -1.2375560e-06
 -3.1271562e-04
  2.1592778e-05
  9.9619137e-06
  2.4582589e-05
  1.0057292e-05
 -7.3131341e-05
  8.0321050e-05
 -2.5202623e-06
  1.0801516e-04
 -1.3082806e-04
 -3.0239560e-05
  6.4473345e-05
 -1.2474059e-05
  6.4923333e-05
  4.0639050e-05
  7.1237257e-05
  9.9731340e-05
  8.1810113e-06
 -5.7153000e-05
 -1.3174504e-05
  3.0875340e-04
  3.6420905e-05
  1.7685416e-04
 -3.5916612e-05
  7.6342476e-06
  2.8694887e-04
 -2.5644127e-05
 -1.0211831e-04
  3.4451677e-05
 -1.4766002e-06
  2.2658189e-05
 -6.8170986e-05
  7.0030015e-05
 -4.3689321e-05
 -1.3378901e-05
 -3.4386842e-06
  1.8386179e-05
 -4.1306172e-05
 -1.3234605e-04
 -8.6345957e-05
  1.8779970e-04
 -7.9417950e-06
  7.1467570e-05
 -5.4773398e-05
 -3.9112707e-05
  2.1665744e-05
 -3.6528585e-05
 -3.6583257e-05
 -7.9637866e-05
  3.6328285e-05
 -5.0889696e-05
 -1.3187599e-04
 -1.3898183e-05
 -9.3850569e-05
 -4.2757063e-05
 -4.3696207e-05
 -1.9265698e-01
 -1.5940975e-01
  1.9296035e-01
  8.6728883e-01
  8.0503254e-05
 -1.0129905e+00
  8.7920509e-02
 -1.0788219e-01
  5.1855963e-01
 -5.6969005e-01
  4.0747885e-02
  8.9967233e-01
  7.1698576e-02
 -4.5412278e-01
  7.5437893e-05
 -8.8784400e-05
  8.6079934e-04
 -1.2151301e+00
 -6.8873829e-01
 -1.6373368e-04
 -1.5881458e-01
 -4.2480516e-04
 -2.0810351e-01
 -5.5542056e-05
 -1.5012869e-03
 -2.5864219e-04
 -6.0782664e-02
  1.6615242e-01
  1.6128466e+00
 -2.5675192e-03
 -1.0320095e-04
 -1.2049795e-04
  6.2347965e-05
 -2.4864670e-05
  2.0243140e-05
 -1.1831210e-04
 -6.6680695e-07
  5.1411840e-05
 -1.4910623e-06
 -2.1666001e-05
  2.0360420e-05
 -8.8241286e-05
  6.6088003e-05
  1.4650804e-04
  2.0473203e-04
  7.4354146e-05
 -5.1173512e-05
 -5.1580928e-04
 -3.3224245e-05
  1.9155190e-05
 -1.7143093e-05
 -3.8826940e-05
 -8.0817386e-05
  9.8186378e-05
 -1.1120587e-04
  3.0406387e-05
 -5.7170041e-06
  1.0782886e-04
  1.2952853e-05
 -6.8930530e-07
 -3.1076208e-05
 -5.2836126e-01
 -2.7801958e-05
  3.5039200e-06
 -8.1377965e-07
 -1.8266224e-05
 -1.2507425e-04
  1.9887078e-05
  3.6215827e-02
  3.1416083e-04
  1.8726760e-05
 -1.3285417e-04
 -4.1625531e-06
  1.4176938e-01
 -1.6275770e-04
 -1.3771279e-06
 -3.9818191e-05
 -1.5457000e-03
  1.5242553e-01
  8.6649343e-05
 -1.0239027e-05
  5.0991694e-05
 -4.2927597e-05
  4.5897879e-05
 -9.8014565e-04
  2.9163917e-05
  3.3540979e-05
 -6.4913023e-05
  4.6287861e-04
 -1.3837628e-05
  2.0211008e+00
  8.7441814e-01
 -3.3329049e-01
 -1.5899268e+00
  2.9483993e+00
 -4.2510220e-01
  6.3070282e-02
 -4.2240030e-01
  7.2505467e-02
 -4.1615300e-02
  1.2022990e+00
  8.0581971e-02
 -6.4213502e-01
  8.5344076e-01
  1.0842115e+00
  1.2823454e-01
 -2.5980737e+00
 -7.4114645e-01
  7.3608911e-01
  1.3005866e-01
  3.5215035e-01
 -1.9590427e-05
  4.4051769e-01
  1.0297720e+00
  5.3775788e-05
 -5.7862048e-06
 -3.2034370e-01
 -2.5126037e-01
 -6.7627662e-01
 -8.6998664e-02
 -8.5286343e-01
 -1.3375669e+00
 -9.8780191e-01
  9.4779903e-01
 -9.2190862e-01
 -7.3366448e-02
 -1.7488819e-01
 -8.4102266e-02
  1.4063022e+00
 -7.3423773e-01
 -6.0028845e-01
  2.2063906e+00
 -4.2502753e-02
  2.4671821e-01
 -3.8023982e-02
 -3.7004381e-01
 -3.9847156e-01
  4.3044105e-01
 -1.3900039e-01
 -2.9860318e-01
 -1.8459519e+00
  3.0607775e-01
 -1.2648287e+00
 -1.2249451e+00
 -5.9165907e-01
  6.1464590e-01
 -1.9575404e-01
  1.9379413e-01
 -1.0835652e+00
  4.7355309e-01
  1.5912801e+00
 -2.2909081e-01
 -5.0004688e-05
  1.0040970e+00
  1.0750760e+00
 -2.7152735e-01
  1.8925066e-01
  1.7932737e-01
 -5.9039265e-01
  2.0032983e-01
 -5.7896906e-01
  1.4490792e+00
  8.9632952e-01
 -2.3601985e-01
  2.0164597e-01
 -9.1615880e-01
  3.6827371e-01
  3.4230864e-01
 -4.2434546e-01
  1.7133257e+00
  3.0602568e-01
 -5.7795262e-01
  3.7041175e-01
  1.3975843e+00
  1.1244009e+00
 -1.6569251e-02
  8.8373715e-01
 -1.4949017e-02
  1.4454584e+00
  7.1240087e-05
 -5.3671491e-01
  2.2728408e-02
  5.4918774e-03
 -2.2808407e-01
  1.4643027e+00
 -6.7392981e-01
  7.4070728e-01
  9.9205023e-01
  5.1124513e-01
 -5.8070648e-01
  1.0657934e+00
 -4.0912312e-02
  3.9989683e-01
 -2.0659718e-01
  2.9718411e-01
  6.0323961e-02
  1.3613684e-01
  7.8458714e-01
 -4.5615566e-01
  7.7822220e-01
  8.5047464e-04
 -2.0559552e-05
  1.9027169e-01
 -4.1957271e-01
  5.0524646e-01
  1.2740813e-04
  2.4256937e-04
 -2.7714434e-05
 -7.2796538e-02
  2.0266710e-01
  1.9355290e-05
 -3.3652591e-07
  7.5693788e-05
 -1.3053077e-05
 -7.6788107e-05
  4.1391577e-05
 -5.3655322e-06
  3.8520189e-05
 -1.6474507e-04
  1.1894156e-04
 -3.3487962e-05
  4.3778850e-06
  5.0201379e-05
  1.5570487e-05
  1.8763564e-04
  2.5674481e-05
 -1.3144364e-04
 -1.3535231e-05
 -9.2557661e-05
 -4.9702187e-05
  3.1556814e-05
  1.3019610e-05
 -4.0608520e-05
 -2.7420098e-04
 -3.8815968e-05
 -1.4653822e-05
 -8.6632768e-05
 -2.5812224e-05
 -1.9304971e-05
  1.6526929e-04
  2.7786714e-01
  1.1198545e+00
  4.7011912e-05
 -1.3612668e-01
 -3.1258282e-04
  1.1271381e-01
  7.1770571e-02
 -5.6534952e-01
  1.2924547e-01
 -1.2584466e-03
 -8.1213318e-02
 -8.0085694e-05
  1.8200406e-01
 -1.2896681e+00
 -1.0353257e-05
  1.9830220e-05
  1.5630488e-01
 -8.3407149e-06
  4.8381099e-01
  1.0723379e-04
  3.7162266e-05
  2.4938545e-06
 -1.6087375e-05
 -4.2742154e-06
  4.1085928e-05
 -2.2802647e-04
  7.3312993e-05
 -1.0786301e-06
 -3.0340567e-01
 -2.8352829e-04
  2.4750561e-01
 -7.1281642e-01
 -8.3702093e-01
  2.8274124e+00
  4.2647548e-02
 -3.0665228e-01
  7.6365277e-02
 -4.4185522e-01
  1.0183703e+00
  9.2559822e-02
  1.0676785e+00
  1.0899438e+00
 -7.8001928e-01
  2.3021276e+00
 -2.5611857e-01
 -9.4362177e-02
  3.1425223e-01
  2.6368123e-01
  8.3921832e-01
  1.2054746e-01
  6.3267756e-01
 -7.1177266e-05
  1.9779261e-03
 -2.4440943e-01
  4.7362944e-01
  2.8570867e-01
  5.5770930e-02
 -5.1630232e-02
  5.3701545e-03
 -3.0391723e-01
 -1.0649090e-02
  1.2343136e-03
  1.2471141e-01
 -1.2928463e+00
 -1.8564056e-04
 -4.9391918e-02
 -4.2685039e-02
  5.2031201e-01
 -2.0943876e-01
  1.1891543e+00
  1.1861712e-01
 -1.6563134e-04
 -1.2494212e-02
 -1.2168632e+00
  1.0524645e+00
  1.5841194e-06
 -6.8673653e-05
  7.7121520e-05
  1.1209066e+00
  3.2629088e-01
  1.2049302e-04
 -1.0063213e-04
  3.5618700e-04
  2.9867038e-02
  2.7168312e-04
  1.0095126e-01
  1.1235920e-05
 -7.7482742e-05
 -8.0557831e-02
  5.4839474e-01
  1.0539730e+00
  6.3111889e-01
  1.1849049e+00
  9.4206531e-05
 -1.8322095e-01
  9.3954664e-01
 -1.1497477e-01
 -5.4851395e-01
  3.7057389e-02
  2.5782153e-01
  6.5662920e-01
 -2.3721218e-01
 -1.2389412e-04
  9.1752058e-01
  1.3622662e+00
 -8.2321400e-03
 -4.3388408e-08
  8.1325197e-05
 -2.0131101e-01
 -6.1761231e-05
  1.1714192e-05
  3.3754244e-05
 -2.9986413e-05
 -2.1893361e-04
  8.2051934e-05
  2.7680114e-01
  2.3353533e-04
 -1.3083062e-05
 -1.0760696e+00
  1.3375163e-01
  1.1539983e-05
 -3.1409054e-05
  1.0824356e-04
  2.5419000e-05
 -2.1245245e-05
 -3.6256060e-05
 -9.9276876e-05
  2.2654449e-05
 -1.3455408e-04
 -5.2857700e-05
  1.0049411e-06
  6.2337160e-05
  3.8930699e-05
  8.8888599e-05
 -3.6069658e-05
  2.1944204e-04
  8.4764892e-05
 -1.4405055e-05
  3.5119985e-05
  1.6322486e-04
  2.7121748e-06
 -1.5603085e-07
  5.0633858e-05
  1.6244629e-05
 -3.7325954e-05
 -5.1717987e-05
  3.2644413e-05
 -9.7549273e-06
  4.1078267e-05
  6.4375063e-06
  1.4958675e-04
  2.0613907e-05
  6.3028565e-05
  4.1303949e-05
  1.4467932e-05
 -6.0716811e-05
  4.5477045e-05
 -4.9944367e-05
  9.4787119e-06
 -1.8824107e-05
  2.4489971e-06
  6.0694219e-05
  3.8832324e-05
 -1.7608987e-04
  9.2585033e-05
  9.0275702e-05
  7.3417374e-05
  4.0734401e-05
 -1.7418259e-05
 -3.6508332e-05
 -1.5048918e-04
  6.7677670e-06
  8.6151649e-06
 -1.7291018e-04
 -1.9224371e-05
 -8.5467309e-07
 -2.6350634e-05
  8.6117449e-05
 -1.9214452e-04
 -1.0599255e-06
 -2.3963717e-01
 -5.8922212e-04
  3.5391738e-06
  2.2365813e-01
 -5.9389131e-06
  2.6770583e-01
  2.1073494e-04
  1.1352041e-06
  1.1772769e-01
  9.2395585e-06
 -9.5279001e-06
 -6.1205486e-05
 -4.6889239e-05
  8.9498556e-01
 -3.3455184e-05
 -3.7814556e-05
 -1.0322458e-05
  6.1862382e-05
  1.7056124e-01
  3.6664767e-06
 -1.7690065e-05
  3.2117803e-04
 -9.7626686e-04
  4.3711241e-04
 -2.8096760e-05
 -2.8359873e-04
 -1.1298424e-03
  8.4697836e-05
  2.3560587e-03
  9.7016251e-05
 -2.3656633e-01
  4.9810949e-01
  6.2698397e-05
  1.8606676e-02
 -2.7690706e-01
  1.1498656e-05
 -2.8303978e-03
  1.3431604e-01
  1.0051379e+00
  4.3325201e-01
  2.6657470e-05
  2.7385017e-01
 -2.3030095e-06
  1.2922877e+00
  4.7093517e-06
  7.7511709e-07
 -1.4771930e-06
  4.4419157e-05
 -9.6369293e-03
  1.9440084e-05
 -1.7878394e-05
 -2.0410993e-05
 -6.7160734e-05
  6.7432920e-05
 -5.6856250e-05
  1.8360475e-05
 -2.5937043e-04
  4.7502897e-05
  7.5171192e-07
  1.5868365e-05
  2.5639744e-04
  1.0792178e-02
  2.3407449e-05
 -7.7230179e-06
  8.5108943e-05
 -9.1226830e-06
 -1.7933678e-05
  4.0240797e-05
 -8.4462641e-05
  3.2412485e-05
  3.5327041e-05
 -5.4681927e-06
 -2.8285944e-05
  1.3428436e-06
  5.5948291e-05
  3.8801390e-05
 -2.6778989e-05
  2.8437809e-05
 -2.2344802e-05
  1.9778787e-05
  1.6857890e-05
 -2.9000475e-05
  4.5048382e-05
 -2.3581233e-05
  3.7702313e-05
  3.6621432e-06
  3.9317794e-05
 -1.6906022e-05
 -1.6974763e-04
  8.9775540e-06
  1.8455769e+00
  8.6831194e-01
  8.1064984e-02
 -2.0446506e-01
 -1.2660353e-04
  3.6660722e-01
  4.1926834e-01
 -7.0848578e-01
  1.3381995e-01
 -1.2100699e-03
  2.2544400e-06
 -1.1755266e-04
  1.0150658e+00
 -9.5845205e-01
  4.1393484e-03
  4.7321220e-05
  2.1830259e-01
  3.8411032e-02
  5.7291105e-02
  3.8251245e-01
 -8.9672176e-05
 -7.9460777e-05
  7.3677402e-05
 -2.8081888e-01
  1.1159184e-04
 -1.6432507e-04
  1.0079394e-01
 -6.4965716e-04
  1.1500640e-05
 -8.9068071e-06
 -1.0582828e-01
 -1.2944790e+00
 -1.3906818e-03
  1.2983774e+00
  1.3540809e-01
  1.0245471e-01
  2.4957701e-05
 -6.3813215e-01
 -1.2705837e+00
  4.1729715e-01
 -7.3590714e-01
 -5.1438186e-05
 -5.0925416e-01
  1.8125190e+00
 -2.8554678e-01
 -8.9270227e-02
  3.4718192e-05
 -4.0993455e-01
  5.5797017e-01
 -4.4775821e-05
 -4.5912452e-03
 -4.4243969e-04
 -4.0096994e-03
  2.8586742e-06
 -1.5326406e-05
 -2.6415579e-02
 -1.0092209e-04
 -1.0182784e-04
  1.0973360e-01
 -1.3848372e-06
 -2.0912755e+00
  7.9137677e-01
  1.3483376e-05
  2.4359145e+00
  1.1532871e-01
  2.2049408e-01
  7.8730607e-01
  1.3197196e-01
  3.1048071e-01
 -2.9021171e-01
 -1.0983837e-02
  2.2490251e+00
  1.2765561e-01
  1.4483517e+00
 -4.3719370e-04
  6.6698676e-01
  1.8674500e-02
 -4.7898358e-01
  9.1671509e-01
  6.4413750e-01
 -7.7565007e-02
  2.7903294e-05
 -2.3713252e-03
  2.6309589e-01
 -7.4908203e-05
  3.6166250e-06
 -3.8877800e-01
  1.9939803e-01
 -9.5209718e-02
  1.0505666e-04
  6.2995226e-05
  6.9150541e-05
  1.7420336e-04
  5.2168911e-05
 -9.6987373e-05
  1.6104773e-04
  3.2026583e-05
  1.1443534e-04
  1.6590431e-05
  1.9089954e-05
  1.5698908e-05
  9.6800231e-06
 -1.9933848e-04
  1.6714348e-05
  2.3856062e-04
 -1.5149250e-06
  6.6524894e-06
  1.1266099e-04
 -8.5587897e-05
  5.2012024e-06
  2.7325848e-05
 -9.8238088e-05
  2.2576849e-06
 -5.7120287e-05
  3.3526805e-05
  5.4415457e-05
  3.9486093e-03
 -1.8628689e-05
 -1.5352842e-05
  1.1042303e-05
  8.7159999e-02
 -2.0614965e-01
 -9.6753538e-05
 -1.1685028e+00
  7.1348643e-01
 -3.8748514e-03
 -1.3769848e+00
  2.3758551e-01
  2.4902818e-01
 -1.1040010e-01
 -1.2004279e-01
  1.2422123e-01
 -6.4223570e-01
  6.6279531e-01
  2.1001218e-04
 -1.6714606e-04
 -1.1920797e-01
  6.6136354e-06
 -2.2680995e-01
  1.5936332e-05
  6.4610722e-05
 -4.9610794e-06
  2.5421521e-02
 -2.4096455e-06
  6.6542313e-02
  2.1258678e-05
  2.3236391e-05
 -1.6255570e-05
 -5.7632023e-01
  3.5507150e-02
 -3.8404909e-01
  1.3348472e-01
 -9.7822407e-03
  1.7592943e-01
 -1.0964547e-01
 -9.5030791e-01
 -3.6668754e-04
  1.6016485e-01
  9.6136940e-01
  3.5196692e-02
  4.9028614e-01
  9.9959230e-01
  2.9408191e-03
 -2.9258558e-01
 -3.5768317e-05
  1.1560373e-04
 -1.5115710e-04
 -6.9687262e-02
  6.0768910e-02
  2.6728043e-05
 -7.7593699e-02
  2.1102259e-04
 -8.0892351e-04
  5.9255952e-01
  4.2597321e-06
  3.9060385e-05
 -3.1634438e-01
  1.8015705e-04
  3.5573965e-01
 -1.7197233e-05
  1.4247729e-05
  4.1226696e-05
  6.7328023e-05
  6.5945584e-05
 -9.0933736e-06
  2.6154650e-05
 -1.1573399e-04
  9.2571878e-05
 -2.1525146e-05
 -3.8860449e-06
 -4.1370663e-06
 -4.4015978e-05
 -2.4084640e-05
  1.1552505e-04
 -2.3754593e-04
  1.4373503e-06
  1.9047446e-05
 -1.7294431e-05
  5.1234292e-05
 -1.6427310e-05
 -1.6715250e-05
 -1.1702537e-04
  1.2514023e-04
  5.8384801e-05
  1.3796574e-06
 -1.6871179e-04
  3.1144114e-05
  6.6621018e-05
  4.7477020e-06
 -3.3629061e-05
  2.0303255e-06
 -1.1521699e-04
  4.5849342e-06
  3.4003624e-05
 -1.4994211e-04
  4.3949199e-06
 -1.2156110e-04
 -4.9988955e-04
  4.5283734e-05
  4.5907518e-06
  1.7692213e-04
  1.8033599e-05
 -5.1694951e-05
  9.1746078e-05
  3.3921595e-05
 -1.3589990e-05
 -2.3191772e-06
  2.3830655e-06
  9.5529424e-04
  8.5591506e-05
 -1.9706945e-06
  7.9924117e-05
  9.4753923e-05
 -2.4094918e-05
 -3.1576368e-05
  1.4505574e-05
 -7.0294132e-05
 -2.2291992e-05
 -1.0262149e-04
  1.9423946e-05
 -1.9301578e-01
 -7.0691705e-01
 -1.4677204e-01
 -5.2205563e-01
  1.0844952e-02
 -1.6397768e-01
 -1.1054573e-04
 -3.1432934e-04
  6.2405627e-02
  5.8544081e-01
 -4.4122015e-05
 -1.0668897e-01
 -6.2104869e-01
  5.3925306e-01
 -5.9730446e-01
  2.2008264e-05
  1.7934846e-05
 -2.2111741e-01
  5.6307596e-01
  1.1688506e-04
 -1.7279179e-01
  6.0373324e-04
 -1.4564156e-02
  7.5075528e-05
 -2.5168858e-03
 -6.8029822e-06
 -1.5943885e-01
  3.9184328e-05
  1.1988173e-02
 -6.7567365e-04
  5.6169224e-01
  1.1602676e+00
 -2.2822219e-06
  2.7289294e-05
 -3.4300032e-01
 -4.9636616e-05
 -7.9292629e-05
 -8.4121960e-01
  7.9990923e-04
  3.6282784e-01
  1.1616708e+00
 -1.2218886e-05
 -2.8478566e-01
  6.0910577e-01
  9.8636025e-01
  1.3504511e+00
  6.1310049e-05
 -3.8019090e-05
 -5.2724600e-01
  9.0970220e-03
  4.9081818e-06
 -4.9097359e-01
 -5.1168203e-01
  3.0839407e-01
 -5.0469418e-05
 -4.7687274e-01
 -1.8261617e-01
 -3.8509526e-05
 -4.4291952e-05
  1.8796682e-01
  8.5121030e-01
 -9.2230749e-01
  8.5261658e-02
 -4.2402917e-05
 -7.6599461e-01
 -1.4089869e-01
 -3.6803791e-01
  2.4513686e+00
 -2.0568764e+00
  1.8408083e+00
  1.9215542e+00
  1.4521319e-06
  5.4777074e-01
  1.8572036e+00
  7.8637487e-01
  5.4199821e-01
 -1.7516153e-05
  3.2026055e-05
 -7.1416289e-01
 -3.8660678e-01
 -1.7007971e-04
  6.3278604e-01
 -5.1870972e-01
 -1.7004796e+00
 -7.7076991e-05
  8.2334280e-01
 -9.1694868e-01
  3.1420081e-05
  3.5173332e-05
 -7.4246663e-01
 -3.4163313e+00
  8.6156732e-01
  3.3450347e-01
 -6.3086629e-01
  5.3669244e-01
 -6.7596751e-01
 -6.2032068e-01
 -1.3493466e+00
  6.5108401e-01
  6.2310282e-02
  7.3570454e-01
  5.5495709e-02
 -7.1837313e-02
  4.0766066e-05
 -4.7954491e-05
  3.8507570e-02
 -2.0762952e-01
 -4.9240716e-06
  1.2391022e+00
 -1.8878269e+00
 -7.9900545e-01
  1.1576054e+00
  7.0802259e-01
  1.3649290e-02
 -1.5236910e-01
  1.0573767e+00
  6.2347353e-01
 -1.1987282e+00
 -2.3583621e-01
  1.5660271e-01
 -1.9526891e+00
  1.9237599e-01
  8.3258504e-01
 -1.0496171e+00
  5.8056253e-01
 -4.0866041e-01
 -1.4674157e-01
  1.1710584e+00
  1.1504395e+00
 -8.2235880e-02
 -1.6013710e-03
 -2.6993009e-01
  1.5016221e+00
 -1.1559041e+00
 -8.8881858e-02
  1.8784825e+00
 -1.2811167e+00
 -2.4873455e+00
  1.7112448e+00
  2.3514940e-01
 -4.4723389e-01
  1.5137941e+00
 -9.4207078e-01
  7.4184173e-01
  8.5394031e-01
  2.9967485e-02
 -5.6935769e-01
  2.1694270e-01
  4.7180703e-01
  7.9863727e-01
 -1.6523606e+00
 -7.8090692e-01
 -1.6678315e-01
 -2.1663003e+00
  1.1196729e+00
 -8.2208890e-01
 -1.6610315e+00
  2.6393833e-03
 -1.9927427e-02
  4.2722654e-01
 -1.4132446e+00
 -2.6890179e-02
 -1.3623387e+00
  5.3363675e-01
  8.8568544e-01
 -3.7160465e-01
 -3.8223140e-02
  1.4179525e-05
  2.5684700e+00
  3.1020981e-01
  5.5658346e-01
  8.0662131e-01
 -6.1956966e-01
 -5.5247903e-01
  4.1242591e-01
 -4.2877233e-01
 -2.9796331e+00
 -2.7174461e-01
 -1.4551849e+00
  5.7706994e-01
  1.3392372e+00
  5.3129828e-05
  2.5212714e-06
  3.9222214e-05
 -2.8969262e-05
 -9.7302496e-02
  9.5897663e-01
  7.0220412e-05
  2.1241716e-04
  4.0109184e-01
 -5.3260583e-01
 -1.1809807e-01
  3.2435349e-01
 -1.8023689e-01
 -5.6729144e-01
  2.8567022e-01
  2.1988083e-01
  3.3079171e-01
  2.9204116e-07
 -2.2376724e-01
 -2.0203159e-04
  1.4750359e+00
 -1.1720574e+00
 -2.8666959e+00
  6.8184429e-01
  7.0020520e-05
  3.4439179e-01
  1.1621526e-01
  4.9815853e-06
 -3.4173340e-06
 -1.0902076e+00
  2.6475972e-02
  2.7737959e-04
  2.4621582e+00
  5.6472956e-04
  2.6313668e-01
  8.0224395e-01
 -4.1742119e-01
 -1.9037700e-05
  5.9508914e-01
 -7.3355302e-02
 -6.7095900e-01
  1.5637023e+00
  2.6208988e-01
  3.6443976e-01
  7.0143896e-01
 -8.6883044e-01
 -3.3828852e-01
  1.8777958e-01
 -6.0521728e-01
 -3.3698905e+00
 -5.8904372e-02
  4.9580973e-01
 -8.0371217e-05
 -2.0267560e-01
 -2.4864286e-01
 -1.7043234e-01
  1.1370139e+00
 -2.4341424e-03
  2.3800156e-01
  2.7153966e-01
  4.9267295e-01
  1.9069268e-01
  1.6364685e+00
 -1.1816414e-01
  5.7173944e-01
  2.2126357e-01
 -1.7080612e+00
 -2.1920254e+00
  1.7963490e+00
  8.2277930e-01
  1.2354215e+00
 -9.2339367e-03
 -6.4831930e-01
  3.6020028e-05
 -2.4638860e-01
 -9.3951866e-02
  1.3323579e+00
  9.7277677e-01
  2.0944385e-02
 -2.9020172e-02
 -7.2009903e-01
  2.0282065e-05
 -1.2771902e-04
 -1.6520911e-05
 -1.9133382e-01
  7.6556695e-05
  1.1362582e-01
 -6.1969091e-05
 -3.2148882e-06
  1.1881379e-05
  1.7063125e-05
 -9.3043411e-05
 -1.2762698e-04
  1.1033834e+00
  3.3009553e-01
 -9.0106958e-01
  4.4880158e-05
  1.2177868e-05
 -1.2950150e-04
 -7.6720375e-05
  1.9706685e-04
 -1.1385499e-04
 -1.4523546e+00
 -3.8591811e-01
 -1.0036496e+00
  8.5280016e-02
  1.6209415e-06
  9.6438652e-01
  1.5854553e-04
  4.8308470e-05
 -9.6086755e-05
 -2.9159810e-02
 -6.6000158e-01
  2.1877797e+00
  9.6056629e-06
  5.9828337e-04
 -6.2610805e-01
  4.6405672e-05
 -3.3589547e-06
 -3.9902698e-05
  4.0233940e-01
  5.6023729e-01
  1.1747832e+00
 -7.4738651e-05
  3.0708077e-05
 -2.4730021e-02
 -8.3598373e-03
 -4.0889399e-06
 -9.9329220e-05
  1.4716852e+00
  7.4889432e-03
  7.6289529e-01
  1.4355448e+00
  1.3851035e-06
 -2.7007657e-06
  4.5099801e-05
 -4.9134022e-05
  3.9902045e-03
 -1.6948040e+00
 -1.3958580e+00
  3.6600226e-01
  2.2588471e-05
  2.0536655e-04
  1.1521145e+00
  1.2236310e-04
  1.4675346e-06
 -4.3487860e-05
 -1.0867369e-01
 -4.9760942e-03
  3.9847484e-01
 -4.1521358e-01
 -1.8600334e-04
 -1.2245643e-03
  6.9628662e-01
  1.1297625e+00
 -1.2257242e+00
  1.0595471e+00
  5.7227242e-01
 -1.6323498e+00
 -8.1389731e-01
  1.0844412e+00
  1.1415253e+00
 -5.8973343e-05
  9.5937222e-02
 -3.8413589e-05
  1.5922240e+00
 -2.8553941e-06
 -2.5986321e+00
  5.0795817e-01
  3.9409307e-01
 -3.8959146e-02
  2.2651152e-01
  8.7265932e-04
 -2.8988180e-01
 -2.2597065e+00
  4.6922636e-01
  8.8052171e-01
 -1.5622296e+00
  3.0106178e-01
  4.1481265e-01
  5.0917405e-01
  1.0344987e+00
  4.8384774e-02
  2.2457528e+00
  2.1229849e+00
 -1.9615298e-02
  7.8245276e-01
  1.3943262e+00
 -1.4620961e+00
  9.1531890e-04
  4.5517108e-01
  2.9951230e-01
  5.2920210e-01
  9.9347383e-01
 -1.1671333e+00
  3.6601694e+00
  4.3763149e-01
 -2.9183617e+00
  6.3992731e-02
 -8.4103785e-06
 -8.3987510e-01
 -9.0064329e-01
 -5.1594818e-01
 -1.9251117e+00
 -1.8566245e-01
  9.2553627e-01
 -5.7695967e-01
  6.4634293e-01
  1.3049259e+00
  1.0116887e+00
  2.8876609e-01
  1.2117327e+00
 -1.0327048e-01
 -1.4117287e+00
  5.5184549e-01
 -2.2860564e-01
  2.0620482e-01
  9.4030285e-01
 -3.6053729e-01
  1.7121955e+00
 -3.5138252e-01
  4.4094399e-01
  6.2751979e-01
  5.6041241e-01
 -1.8439825e+00
 -3.0669107e-03
  2.1240742e-04
 -3.2238537e-01
  1.2947725e+00
  1.8438587e+00
  1.1142666e+00
  9.5539695e-01
  8.2256353e-01
 -4.8386508e-01
 -1.4824449e+00
 -6.7700803e-01
  7.5742882e-01
 -1.6587914e+00
 -7.4746102e-01
 -1.9054893e-01
 -2.6245894e+00
 -3.3170226e-01
 -1.3966943e-02
 -2.0045868e-01
 -5.3727174e-01
 -8.2715036e-05
 -8.6601734e-01
  3.5489156e-05
  1.2180500e+00
 -2.7736705e-02
 -5.0130959e-05
  9.8435700e-01
  3.3674791e-01
  1.9043398e-01
 -3.6528297e-02
  7.5126559e-01
 -1.1807508e-02
 -2.9325783e-01
  1.3973348e+00
 -1.6333608e-01
 -1.6941085e+00
 -2.1278155e+00
 -1.1840721e+00
  1.5225731e+00
  3.2849824e-01
 -2.6980033e+00
  1.3670338e+00
 -5.3644586e-01
 -2.1105440e+00
  8.7110466e-01
 -8.8172281e-01
 -1.2857195e+00
 -6.7624919e-02
  8.9208983e-02
 -4.9104372e-01
  1.3815000e+00
  1.2309219e+00
  2.9433325e-03
  1.3869163e+00
 -6.0881901e-01
  2.1347521e-01
 -9.5165074e-02
  5.1315629e-01
 -2.0951720e-01
 -1.4770970e+00
  1.5368523e-03
 -8.2103544e-01
  6.3610297e-01
 -7.4608189e-01
 -1.1808058e+00
 -1.8748204e+00
 -1.6584865e+00
 -2.7548866e+00
 -1.0951012e+00
 -1.2895195e+00
 -1.0173681e-01
  1.4231322e+00
 -5.8060789e-01
 -1.0280111e+00
 -6.9666219e-01
 -6.8810707e-01
 -1.6590936e+00
 -1.8288276e+00
  7.5852501e-01
  1.0807427e+00
 -9.5339525e-01
 -3.4888870e-01
 -1.1405450e+00
  1.4395750e+00
 -1.1646936e+00
 -5.5499220e-01
  6.4034414e-01
  1.2600207e+00
  1.0759624e+00
 -1.2219820e+00
  6.0757498e-05
 -5.0538936e-05
  5.6560939e-06
  1.4969742e+00
 -3.4791310e-04
 -1.6717954e+00
 -3.7636992e-01
 -1.3759310e+00
 -5.5497315e-02
  5.4152706e-06
  4.4001619e-05
 -1.9502471e-04
 -6.6475320e-07
 -1.4500249e-05
 -5.8949184e-01
 -4.7583526e-04
 -1.0260102e+00
 -2.9954303e-04
  4.9136212e-05
  1.1140877e-04
  2.2059548e-05
  1.0659565e+00
 -3.1244308e-06
  2.7101439e-01
  7.5290191e-01
  4.5372540e-01
 -1.7394892e+00
  2.2817339e-05
 -5.8021641e-04
  9.6624608e-05
  4.6839526e-01
  2.8934021e-05
  1.9114593e-01
 -1.1644595e+00
  6.2902498e-01
 -8.6716443e-01
  1.2653853e-05
 -2.4467074e-05
 -6.5591362e-06
  8.7865075e-04
 -5.1483632e-05
 -8.2311189e-01
  1.4369043e+00
 -4.5450415e-02
 -1.0891330e+00
  2.7994072e-05
 -5.0445684e-05
  9.8566334e-06
  1.5687835e+00
 -4.3441763e-05
 -5.4269385e-01
  6.7620623e-01
  9.1706866e-01
 -1.1760755e+00
  4.7154813e-06
  2.9914234e-05
  1.5111560e-05
  6.0424245e-06
 -5.7655896e-05
 -4.4037580e-02
  2.2764382e-01
 -1.5651184e+00
 -6.5317386e-01
 -4.3475688e-06
  1.9341119e-06
 -1.3865198e-05
  1.2664417e+00
 -5.9367761e-07
 -7.3881827e-02
  1.9715443e-01
 -5.0977658e-02
  4.7612613e-01
  2.3601713e-05
  7.5701886e-05
  3.4938643e-05
  3.0504707e-01
 -1.5303094e-04
 -3.6466756e-01
  7.8286546e-01
  7.1066922e-01
 -2.4203220e-01
 -1.2504941e-05
 -6.5826994e-06
  2.9146167e-05
  6.3275700e-05
 -1.1901543e-04
  1.1133982e-01
 -1.1418228e+00
  1.4923275e+00
 -3.6188506e-02
 -7.7565572e-05
 -1.7397510e-05
  6.2498970e-05
  5.2023912e-05
 -8.4294712e-05
  3.1576528e-05
 -1.5596364e-06
  5.4660076e-01
 -6.3369036e-05
  3.9461847e-05
  1.5992231e-05
 -1.0161053e-05
  1.2365145e-04
  8.9370697e-06
  9.0497845e-01
 -6.7933118e-01
  1.1648881e+00
 -1.1763071e+00
 -9.3586877e-06
  5.5123124e-05
  9.8207049e-05
  5.5353972e-05
  1.7332208e-05
  3.2118285e-01
  1.7167537e-02
 -1.2128129e+00
 -3.5004833e-01
 -2.5534863e-02
  7.0674701e-05
  9.1470145e-05
  1.2309904e-03
 -4.5726541e-05
  1.1182315e+00
 -3.3696391e-02
  1.6731465e-01
  1.3917911e+00
 -2.0489020e-05
  8.0749858e-05
 -2.5658266e-05
 -9.9459685e-05
  8.0327463e-06
  8.4558856e-01
  4.6980599e-01
  2.2295024e+00
 -6.7395079e-01
 -5.7230145e-04
  3.2235403e-05
  1.1297329e-04
  4.2999004e-06
 -2.5169522e-06
  1.2018785e-01
 -1.1745706e-01
  1.4584881e-01
 -2.6632318e-01
 -4.7039289e-06
  1.1137381e-04
 -1.7915656e-04
  5.7932284e-05
 -2.8840766e-05
  1.9121284e+00
 -9.7157449e-02
  3.9280802e-01
  7.4608862e-01
  3.7245241e-05
 -7.4273630e-05
 -3.3056922e-06
 -1.2205309e-05
 -2.4980474e-05
  5.2007020e-02
  4.1992995e-01
 -5.6436807e-01
  5.1521695e-01
 -5.6203880e-05
 -5.6299548e-05
 -5.5873954e-01
 -1.7879854e-04
  7.9929123e-06
  3.9340195e-01
  1.8177313e-01
 -6.7097086e-01
 -5.6574285e-01
 -5.4803422e-05
 -1.0510810e-05
 -8.6288928e-04
 -4.3156895e-01
 -2.1124093e-05
  1.5017918e+00
 -2.1877393e-04
  1.6582289e-04
  5.2113824e-05
 -4.0301743e-06
 -4.4138698e-04
 -1.3852409e-01
  1.5979982e-05
 -5.9721209e-05
 -5.5187023e-01
  1.9206174e-01
 -2.4194281e+00
 -1.4716859e-01
  2.3425589e-05
  2.5732710e-05
 -6.0296273e-01
 -1.0236745e-04
  2.3339468e-05
  1.5342629e-01
  1.4014852e-01
  2.6831079e-01
  3.4460369e-02
 -5.4651679e-05
  8.9351634e-05
  7.4675569e-05
 -7.3670171e-06
  3.2733687e-06
 -1.0210372e+00
  1.9720994e-01
 -5.0189108e-01
 -1.6668814e+00
  2.7300719e-05
 -1.5333407e-04
 -5.0815499e-01
 -1.1914337e-01
 -9.2524342e-06
  5.7734016e-02
  2.2017814e-01
  8.1722170e-01
 -8.5541332e-01
 -3.5878284e-07
  5.6144989e-05
 -6.4908716e-05
 -1.4820091e-07
 -1.0545089e-04
  1.2655619e+00
  1.2240283e+00
 -1.3975912e-01
 -4.9292508e-01
 -5.2753709e-05
 -1.1244862e-05
 -8.2391047e-01
 -2.0319770e-01
  8.4182291e-05
  3.7146384e-01
  3.8677540e-01
 -2.1040163e+00
 -1.5911520e+00
 -8.8649344e-05
 -2.9948549e-04
  1.5367405e-01
 -1.5960111e-05
 -5.7204652e-05
 -3.9900783e-01
  1.2603809e-01
  6.1010820e-01
 -8.9029050e-01
  1.9683642e-02
  5.8720458e-01
 -8.7279797e-01
 -1.4865236e-01
 -1.5823834e-04
  4.0233803e-01
  7.0885605e-01
  1.0815233e+00
 -7.8874195e-01
  1.3200953e-06
  1.6738888e-05
 -2.3611169e-04
  2.0515746e-04
 -1.6643477e-05
 -1.9175851e-01
  4.1989538e-06
  6.4172268e-01
  2.4874127e-04
  1.3075339e-02
  5.3416091e-01
 -5.6849241e-01
 -5.5237346e-05
 -3.5698635e-05
 -1.2183815e+00
  4.8444256e-02
 -2.9315591e-01
 -7.1519482e-01
 -1.0711801e-05
 -2.5711943e-06
 -1.0146377e+00
 -7.4372714e-05
 -1.1252140e-04
  8.9839786e-01
  3.8956720e-02
  8.6191404e-01
  1.0658113e+00
  1.5723769e-03
  2.4766003e-01
  2.0259197e-01
  1.0911922e-05
 -1.0981754e-05
 -1.8498275e-02
  8.3004123e-01
  5.6992710e-01
  4.9256516e-01
  3.4530618e-05
  1.2084743e-01
  2.9077673e-01
 -2.4368022e-04
 -1.7965252e-05
 -2.0274503e+00
 -1.0545385e-01
  1.8246920e+00
 -6.6850019e-01
  8.5485901e-04
  1.8309096e-05
 -2.6150733e-02
 -9.2863920e-05
  6.4576547e-05
 -1.8109230e+00
  2.8496987e-01
  1.3739563e+00
 -6.0222936e-01
  1.3232465e-04
  3.9629367e-01
 -8.1642604e-01
 -4.5549026e-04
  6.5202021e-06
 -1.8544428e-01
  4.3079683e-01
 -1.8669318e-01
  2.1012466e-01
  2.6999545e-04
  3.1974542e-01
 -4.2997012e-01
 -7.4088668e-05
 -5.7426219e-05
 -6.2636477e-01
  4.3833965e-01
 -3.5295996e-01
  4.6430873e-03
  2.8729530e-05
  3.1264193e-05
 -9.6808463e-01
  6.8154164e-02
  5.4939061e-05
 -1.0934308e+00
  9.4787890e-01
  8.1919897e-01
 -8.1846446e-01
  1.6102998e-04
  2.9713550e-05
 -2.1871760e-05
  6.2367806e-05
  2.1616243e-04
 -3.4413788e-02
  8.6423790e-01
 -2.3318737e+00
 -3.1403266e-05
 -4.2508105e-05
 -3.0550709e-07
 -1.6024097e+00
  3.1088741e-02
 -5.0397880e-06
 -7.4024963e-01
  6.8239823e-02
  8.8580064e-02
  7.4531054e-01
  3.8959029e-01
 -4.0470048e-05
 -1.0520285e-01
  1.1170558e-05
 -1.4196830e-04
 -1.0067836e+00
  1.2370737e+00
 -2.1272001e-01
 -9.0405458e-01
 -3.5592759e-05
 -9.9555818e-06
 -4.6500224e-01
  1.7683759e-02
  1.8710174e-05
 -1.2040459e+00
 -4.8824027e-01
 -8.9848083e-01
  2.6673284e-01
 -6.4200671e-05
 -6.9515409e-05
 -5.3105903e-01
  1.1285276e-06
 -8.2114770e-05
  6.0462588e-01
  2.0211728e-01
  7.2782040e-01
  4.5867911e-01
 -3.0324596e-05
  5.2510559e-06
  2.5029886e-03
  4.0703285e-02
 -4.2205698e-05
 -1.9437706e-01
  1.8543036e+00
 -1.7784245e+00
  4.8190370e-01
 -1.7119190e-05
 -3.1164370e-04
 -4.5041683e-01
  1.8082587e-04
  1.1057319e-04
  8.0780707e-02
 -5.2668177e-02
 -3.5583485e-02
 -2.6553681e-01
 -4.0486208e-05
  1.1174617e-04
 -4.5322022e-01
  1.2831247e-03
 -2.6263949e-06
  8.3920342e-01
  2.0956714e-01
 -6.2920809e-01
 -5.7898939e-01
  1.2413758e-02
  1.2413758e-02
  1.2413758e-02
  1.2413758e-02
  1.2413758e-02
  6.7241365e-01
  6.7241365e-01
  6.7241365e-01
  6.7241365e-01
  6.7241365e-01
  1.4738771e-01
  1.4738771e-01
  1.4738771e-01
  1.4738771e-01
  1.4738771e-01
  1.0924964e-01
  1.0924964e-01
  1.0924964e-01
  1.0924964e-01
  1.0924964e-01
  1.6452778e-02
  1.6452778e-02
  1.6452778e-02
  1.6452778e-02
  1.6452778e-02
  1.8038879e-01
  1.8038879e-01
  1.8038879e-01
  1.8038879e-01
  1.8038879e-01
