nep4 3 Ba Zr S 
cutoff 8 4 150 20
n_max 4 4
basis_size 8 8
l_max 4 2 0
ANN 30 0
 -1.6968345e-02
  1.3303537e+00
 -4.0153597e-04
  4.9793621e-04
  7.3346641e-04
 -2.1713548e-05
 -2.4218776e-03
 -1.0805103e-04
  2.4186622e-05
 -2.4433751e-03
  8.3609129e-04
  5.2125024e-04
 -2.0089622e-04
  4.5717706e-04
 -1.0572585e-03
 -1.5393904e-04
 -7.0176920e-04
 -2.3011834e-04
 -7.6383102e-04
  9.9019409e-05
 -1.1801018e-04
  2.6305224e-04
 -3.2453254e-04
 -1.1143222e-03
 -7.4243195e-05
  1.7637515e-04
  7.5992977e-04
 -7.5838303e-05
  3.0878102e-04
  2.2558384e-03
  8.3122897e-01
  6.1219287e-01
 -8.4981723e-03
 -2.1287739e-04
 -1.9542873e+00
  5.6663138e-04
  5.2899134e-04
  2.6866628e-02
 -7.2100919e-01
  1.4948074e+00
 -8.6803071e-04
  3.4351088e-04
  1.6448417e-01
 -1.3069343e-02
 -3.8468399e-05
  8.0183242e-04
  1.0967669e-03
  2.7284697e-01
  1.2742891e-02
 -2.7552435e-01
  1.2515832e-05
  9.0967733e-05
  2.2047255e-03
  3.6912832e-01
  2.6051065e-01
 -5.6771007e-08
 -2.4732444e-04
  4.4723146e-04
 -4.3738715e-04
 -2.2070622e-02
 -2.5431425e-04
 -1.2057849e-05
 -1.2753310e-04
  3.8815135e-04
  2.4579387e-04
  4.3045889e-05
  2.4862091e-05
  3.0850543e-04
 -1.1078738e-04
  1.0411424e-05
  6.2283414e-04
  4.9139390e-04
  2.3942678e-04
  6.5254013e-04
 -1.8312259e-05
  1.1648785e-04
  4.8641895e-04
  6.0221024e-05
  3.5212208e-05
  7.8735742e-05
  2.8764657e-04
  1.1735977e-04
 -7.6945464e-04
  1.3263130e-03
 -1.2917703e-04
  1.3456764e-04
  4.7023749e-04
  3.8216040e-05
 -1.5764112e-03
  1.9051605e-04
  6.7632937e-01
  3.6178350e-01
  6.7672205e-05
  3.3476215e-04
  3.0267388e-03
 -7.0381846e-04
 -1.2508463e-04
  3.4114887e-04
 -1.8152625e-04
 -5.0429761e-01
  4.0419283e-04
  5.8544578e-05
  2.1627144e-05
  4.3693537e-04
 -9.2267833e-04
  2.2676606e-05
 -3.5743610e-04
  9.4382361e-02
  1.9442970e-01
 -1.3990431e-01
  4.2836458e-04
  6.1475323e-05
 -2.3946712e-04
  8.9689739e-02
  7.9709120e-02
  6.1466050e-04
 -1.3795700e-04
  5.6094746e-04
 -8.3033304e-04
  4.3178828e-05
 -1.1805142e-05
  4.9543229e-04
  9.6829855e-05
 -4.0913495e-04
 -5.9482381e-06
 -3.8308991e-04
  8.2923296e-05
 -7.3436485e-04
 -4.4804846e-04
  8.3565438e-04
  4.2251890e-04
 -2.9770681e-04
  1.1362428e-04
  4.2933010e-05
 -3.3495645e-04
  1.0090868e-04
  3.1379977e-04
 -4.2220214e-05
 -8.8085118e-04
  1.1977169e-04
 -3.3966772e-04
 -1.7954706e-04
 -3.3171452e-04
 -1.0947814e-03
  3.5785054e-04
 -2.2379188e-04
 -2.8144117e-04
 -9.4969386e-05
 -9.8114862e-05
  3.8427761e-04
 -2.9219856e-04
  6.1469371e-05
 -5.5263186e-04
 -3.0816783e-04
  1.7279950e-04
 -1.3687641e-03
 -3.8231876e-05
 -2.4438259e-04
 -2.2948263e-04
  1.1677852e-04
  3.5025601e-04
 -3.9190482e-04
 -3.3879973e-04
 -1.1564404e-03
  8.7209570e-04
  6.4514909e-04
 -2.2118601e-04
 -3.1382899e-04
 -4.5712615e-04
 -5.7570147e-04
 -1.3138029e-04
  3.9997455e-04
 -1.0246099e-03
  3.4919952e-04
  7.8983710e-04
 -2.7729661e-04
 -3.5568737e-04
 -5.7214772e-04
 -3.5802784e-04
  9.7263762e-04
 -1.9430059e+00
 -5.4314011e-04
  1.4556640e-04
 -1.8154296e-04
  5.8974528e-01
  4.6988419e-04
 -5.2593247e-04
  2.8565622e-04
  1.6500600e-02
 -6.6746667e-02
 -9.1714908e-05
  3.4939870e-04
 -5.1053049e-04
  1.6374055e-03
 -4.0170140e-04
 -5.4552342e-04
 -5.0827157e-04
 -3.4693541e-04
 -6.5831962e-05
  6.8914768e-04
 -9.9669362e-04
  5.2588122e-05
 -6.0764106e-04
  4.6502124e-04
 -1.0320990e-03
 -3.5839505e-04
  4.6552317e-03
  2.2909294e-04
  6.0199556e-04
 -1.0456953e-04
 -5.7269180e-01
 -2.1571210e-01
  1.0969772e-03
 -2.5581244e-01
  6.9420743e-01
 -7.3531299e-04
 -4.4046703e-04
 -2.3370258e-04
  7.9618506e-02
 -4.4834822e-01
  1.0102799e-03
  7.0481957e-04
 -9.8128652e-04
  1.1047299e-03
 -2.2764197e-04
  2.6801351e-04
 -1.7722408e-04
 -1.8040054e-02
 -1.6587756e-03
  3.3726856e-02
  3.9121625e-04
 -1.1893301e-04
 -1.5986399e-03
 -5.8054067e-02
 -6.0425949e-04
  6.1712730e-05
 -4.8183352e-05
  1.0573413e-03
  6.3539704e-04
  1.6394035e-03
  9.2459634e-02
  2.2352714e-02
 -1.3665161e-03
  2.3696203e-04
 -7.2488334e-04
 -1.0628775e-03
  1.1195706e-04
  8.7490045e-03
  5.7835776e-02
  2.3718765e-01
 -1.5837533e-03
 -3.9175677e-04
 -3.0111673e-04
  2.6531747e-04
  3.5144217e-04
  1.2921753e-04
 -3.0223376e-04
  4.3187668e-03
  8.9532572e-05
 -1.4903337e-03
 -2.5522875e-04
 -1.3766906e-05
  7.6068431e-04
  3.1119757e-03
  6.2116036e-05
  1.4273927e-03
 -1.3785691e-04
 -2.1520138e-03
 -7.0471555e-04
 -1.0715136e-03
 -2.0220043e-01
  2.0160692e+00
  1.5012720e-01
 -1.3061564e+00
  1.0509912e+00
  5.3238054e-04
  1.6283442e-03
  4.5013264e-02
 -1.9110130e-01
  7.0945866e-02
 -9.4379129e-06
  2.6844823e-04
  1.7575616e-01
 -1.5962909e-01
 -1.0051100e-03
  6.2479358e-04
  5.8201946e-05
  2.7161917e-01
  1.8643969e-01
 -6.8449997e-05
 -6.4319043e-05
 -9.3534309e-04
  2.2204539e-02
  4.2713225e-01
  2.7651659e-01
 -5.3049931e-05
  1.5889648e-04
  7.1418978e-04
 -2.3169562e-03
 -1.6265793e-01
 -3.8273135e-01
 -5.1832260e-03
  5.6671135e-05
  2.3427454e-04
  5.1749736e-01
  4.2818632e-04
 -3.7606066e-04
 -2.4247682e-04
 -1.4077028e-04
 -2.1210896e-02
  2.7253071e-04
  2.9938083e-04
 -1.6296594e-04
  5.0194463e-04
 -1.1823400e-03
  1.7658062e-04
 -1.1311125e-03
 -9.0994334e-05
 -8.5078622e-04
  3.8700768e-05
 -9.1357890e-04
  5.8349391e-04
 -6.9510547e-04
  1.0056979e-04
 -4.1986193e-04
 -3.8845753e-04
  1.3253174e-03
  2.1710675e-04
  2.0307505e-04
 -7.3898217e-04
 -5.0221529e-04
 -5.8309891e-04
 -1.3947776e-04
 -2.5355634e-05
  3.5498047e-04
  2.1701830e-04
 -5.8741507e-04
  1.8278576e-04
  5.1687675e-04
 -4.0264218e-04
  1.7765613e-04
 -2.6108939e-04
 -5.5712403e-04
  4.3052091e-04
  5.2698844e-05
  1.6257058e-04
 -3.0487910e-04
 -1.0425349e-01
 -2.3726514e-04
 -8.7853795e-04
  2.0768763e-04
 -5.1189313e-04
 -3.9654222e-04
 -2.0587747e-04
 -7.7113690e-04
  4.8318325e-04
 -2.0078338e-04
  1.1689010e-03
  1.9145121e-04
  1.3372727e-03
 -1.0702448e-03
 -3.6638032e-03
  2.3860077e-05
  2.1915072e-01
 -9.5828585e-02
  6.8230453e-05
 -1.0409628e-04
 -4.9058150e-04
  5.1072318e-05
 -1.3482552e-02
  2.1909605e-04
 -1.7021522e-01
 -1.0131369e-03
 -3.9296280e-04
  4.5523452e-04
 -1.6616278e-04
  1.9038156e-04
 -6.7910599e-04
 -1.3996159e-03
 -1.5668830e-04
 -3.4937562e-04
  1.3113628e-03
 -3.6836715e-04
 -2.9201538e-04
 -5.4822577e-04
  2.3210587e-04
  2.9151427e-04
  1.7142479e-04
 -1.6734534e-04
  1.0502048e-04
 -4.8558519e-04
  1.6184685e-04
 -5.8707992e-05
  4.1425869e-06
  2.0185647e-04
 -6.2898667e-05
  4.2249248e-04
  2.2434069e-04
  5.3073803e-04
 -3.7172660e-05
  1.8933666e-04
  1.9582231e-04
  4.5415480e-04
  3.7799493e-04
 -6.4892968e-04
 -4.2579469e-04
 -3.0629606e-05
  7.0306071e-04
  1.6201331e-04
 -1.7163598e-03
  4.6894551e-05
 -8.9964968e-05
 -8.0478705e-05
  9.9673960e-04
 -1.6068785e-04
 -1.0192001e-03
 -8.0082218e-06
 -1.8851369e-03
  1.0876844e-03
  8.4894913e-05
  8.0365044e-01
  9.4351733e-01
  6.9102244e-03
 -2.5448930e-01
 -1.1203735e+00
  3.6608274e-04
 -4.2443204e-04
  1.1639523e-02
 -6.1932331e-01
 -5.7662767e-01
  1.2723012e-05
 -4.3911624e-04
  2.0375061e-01
 -3.1708398e-01
  9.5749937e-02
  4.1753548e-04
 -5.9665006e-04
  3.7360215e-01
  6.1414212e-01
 -3.5915580e-02
 -3.1002292e-05
  6.6144840e-04
  6.1734971e-02
  4.6306169e-01
  5.8703834e-01
  1.5994487e-02
  4.4294060e-04
  7.6559882e-05
 -2.9348168e-03
 -9.2336930e-02
  4.2491066e-04
  9.6470135e-04
  2.6978899e-04
  6.0096243e-04
 -3.6159973e-04
 -9.8300143e-04
  8.3722023e-04
  6.0746470e-04
 -1.4649968e-01
 -2.4075802e-04
  5.0753489e-04
  7.5965992e-04
 -9.0217000e-05
 -6.3261058e-04
 -1.1362134e-03
  6.2032102e-04
 -5.3077925e-04
 -2.6616591e-04
  9.8950684e-04
 -1.0561544e-03
 -4.6697177e-04
  1.8590002e-04
  1.5586932e-04
  2.7670624e-04
  9.1754114e-03
  2.5253606e-04
 -1.8573479e-03
  1.3391547e-03
 -3.7901523e-04
 -2.8604403e-04
 -1.4365953e+00
 -1.2379905e-01
 -4.9164290e-05
  2.7789894e-04
  2.0404482e-01
 -1.9224778e-04
  2.1517638e-04
  2.9121360e-04
  7.0580287e-04
  3.0235609e-01
 -1.3184616e-04
  2.2579858e-04
 -7.7956560e-04
  1.2175507e-03
  1.1680258e-04
 -6.0949336e-05
 -5.0200714e-04
 -3.6109069e-03
 -3.6456489e-03
  5.5307335e-01
  7.3882125e-05
  3.1695841e-04
  4.9348462e-05
 -6.8890467e-02
 -2.7883399e-02
 -8.7590335e-04
  8.5551306e-05
  7.4665710e-05
  5.2212004e-04
  1.2234319e-04
  1.6061806e-04
  6.0466164e-01
  3.4434980e-04
 -5.0280988e-04
 -7.5972705e-05
 -5.5489323e-05
  3.2730869e-04
 -3.3100840e-01
 -1.6790869e-04
  4.9531879e-04
  9.7002042e-04
  1.5106093e-04
  1.1237158e-03
 -5.4886664e-04
 -8.7533647e-04
 -6.5556553e-04
 -5.2933412e-04
  7.2008278e-04
  6.5884160e-05
  2.1580965e-04
 -4.1869082e-04
 -8.4829910e-05
 -1.0750329e-03
  6.8174093e-04
  9.3950809e-04
 -1.2952823e-04
 -3.0147232e-04
 -1.4319770e-04
 -4.1632241e-04
  5.0592714e-04
  7.4791825e-01
 -5.8381695e-01
 -2.8029335e-01
  2.2618072e+00
 -3.3026774e+00
 -1.1729423e-04
  7.1362374e-05
  2.5536811e-01
 -8.3171285e-04
  2.2703663e-01
  3.6484655e-04
 -3.8911036e-05
  3.6558977e-03
 -9.7041883e-02
 -1.9737707e-04
  5.4891716e-04
 -5.1671307e-04
  1.0930386e-01
  3.8617125e-03
 -1.4423254e-01
  1.0052182e-04
 -3.2908373e-02
  3.9876454e-02
  2.9816961e-01
  3.1873307e-01
 -7.5405829e-02
  2.2459084e-04
 -9.1435075e-05
 -3.2216657e-04
 -1.2289508e-03
 -2.6366620e+00
 -9.0830398e-01
  1.3104101e+00
  1.2419657e+00
  1.2713605e-01
  2.8582028e-04
  5.4539600e-05
  1.8555896e-03
  1.2306195e-01
  6.7527169e-01
  1.8766049e-04
 -2.9084785e-04
 -5.2202005e-02
  5.4153884e-03
 -1.1393294e-01
 -3.5625257e-04
 -1.7990589e-05
 -7.2529480e-02
 -1.4804412e-01
  3.7245184e-02
  5.1542069e-04
  4.6102350e-04
 -7.8242170e-03
 -2.3520431e-01
 -4.2148316e-03
  2.9671537e-05
  6.5325439e-04
 -1.5353721e-04
  2.6710058e-04
  3.2587680e-03
  3.9358804e-04
  3.6992744e-04
 -3.6859815e-04
  1.3064271e-03
 -3.4318451e-04
  3.7254702e-04
  2.1894962e-04
  6.0555915e-04
 -4.6072320e-05
 -8.8232820e-04
  7.7060409e-05
 -1.4764423e-04
 -4.5860602e-04
  1.9287545e-04
  6.1734073e-04
 -7.0475606e-04
 -4.3776605e-04
 -2.3941140e-04
 -5.3008861e-04
  9.7296212e-04
 -1.5612513e-05
  4.7442084e-04
  3.5954925e-04
  3.4168724e-04
 -6.6545315e-04
  2.3881652e-04
  4.5397060e-04
 -1.1467092e-03
 -1.5826809e-04
  1.2077722e-03
  5.4434146e-04
  4.5621560e-05
 -1.9550548e-04
  2.4063687e-04
 -7.8192650e-05
 -7.2921187e-01
  1.1311936e-05
  2.8244879e-03
  4.1115956e-04
 -6.8004953e-04
  4.4218660e-04
  4.0691858e-04
  1.6005349e-04
 -5.2416476e-04
  1.5142640e-03
  3.9422259e-04
  3.5131030e-05
  2.2853663e-05
  1.0433657e-04
  3.3422123e-04
  1.7418474e-04
  4.2543779e-04
  5.5187859e-04
  3.8442566e-04
 -2.0983974e-04
  2.4358371e-04
  5.4743903e-04
  3.4578290e-05
 -6.0006755e-04
  2.6654337e-05
 -3.8531665e-02
  2.0363897e-02
  1.3871498e-04
  1.5551593e-04
 -3.3376951e-04
  6.7851145e-04
  1.1604180e-04
  5.0841121e-04
 -2.0676386e-04
  7.1178644e-04
 -8.6410713e-05
  1.7697561e-05
  4.8439932e-04
 -8.3437667e-04
  1.1134924e-04
 -6.0388033e-04
  6.8809354e-04
  9.5809996e-04
 -1.6502474e-04
  9.9936929e-05
 -1.5425912e-04
 -1.3737219e-04
  1.6810145e-05
  1.0657040e-03
  1.0826932e-03
 -3.3298778e-04
  7.9228957e-06
 -3.5293165e-04
 -1.3180111e-03
 -8.7353867e-04
 -2.8274307e-01
 -5.4916775e-01
  6.4647559e-04
 -3.1139216e-04
  1.4149274e-01
 -8.9103814e-05
  7.0458818e-06
 -6.8494678e-02
 -5.6960853e-05
 -1.5640035e-01
 -6.1096587e-05
  5.1329966e-04
 -1.5308319e-03
  1.9264242e-02
 -4.8933900e-04
  8.0529391e-04
 -2.0184734e-05
 -7.2777241e-02
  2.4035355e-05
  5.9646819e-02
 -1.4299126e-05
 -1.3492632e-03
 -2.3599558e-03
 -1.1052579e-01
 -3.1503502e-03
  2.4855591e-04
 -1.6149788e-03
  8.0157595e-05
  1.9494524e-04
 -2.1783719e-04
  1.1450173e-04
 -7.5843086e-04
 -3.1051983e-04
  5.4442644e-04
 -4.2123513e-04
 -3.0468288e-04
  1.0391523e-03
  2.0206285e-04
 -5.5601913e-04
 -6.4235821e-04
  2.1909036e-04
 -3.7576276e-04
 -2.8017929e-04
  1.2547013e-03
  1.1487965e-04
 -3.9484032e-04
  2.1962654e-04
  9.9215924e-04
 -3.4875728e-04
  2.3618542e-02
  2.0277183e-04
 -1.7592982e-04
  1.0637296e-04
  2.5760074e-04
  9.7149663e-05
 -4.2499395e-04
  1.5335941e-06
  3.8934413e-05
 -5.9822079e-04
 -3.7849002e-04
 -1.7353924e-01
  5.6853803e-04
 -1.5550738e-03
  9.1976125e-04
  4.3302847e-05
  1.0603549e-03
  2.4073014e-04
  5.7757401e-04
  2.2060890e-04
 -3.4358658e-02
 -1.7932205e-05
 -4.5258443e-05
 -5.4732017e-04
  1.5554377e-03
  7.0857241e-05
  1.6981649e-03
  5.3834100e-04
  5.8859958e-05
 -1.6428136e-03
 -2.8792655e-04
  2.0868646e-04
  9.2592010e-05
 -9.3957206e-04
 -3.7318505e-03
 -8.4244413e-05
  2.6637982e-04
  1.0114224e-04
 -3.3922947e-04
  1.7026077e-04
  4.3673225e-04
 -3.4102789e-01
  5.3148812e-01
  1.1003866e+00
 -6.8708207e-04
  1.1532621e+00
  2.8549890e-05
  3.5510230e-04
  3.4588887e-04
 -2.0373786e-02
  6.1867970e-01
  1.5441614e-04
 -5.4691616e-04
  2.0386226e-04
 -8.2618446e-04
  1.0875047e-05
 -4.0537576e-04
 -1.1597703e-04
  2.4966262e-02
  3.0408052e-04
 -6.3390326e-04
 -1.5190490e-04
 -9.8767254e-05
  1.6417629e-03
  1.3540521e-03
  2.9125267e-03
  1.2794159e-04
 -3.7253890e-04
 -5.1474449e-04
 -2.5917734e-03
 -6.7625566e-05
 -2.2022130e-02
 -1.2901677e-03
  1.6967547e-03
  7.1821874e-03
  1.1630842e-01
  3.8781977e-04
 -2.7667606e-04
 -1.8313816e-02
  2.5646298e-04
  3.3930122e-04
  1.2813606e-04
  8.3503179e-04
 -7.7667528e-06
 -1.1914538e-03
  2.6710241e-04
 -8.3568401e-04
 -6.2925361e-02
 -9.4890659e-04
 -3.9592467e-04
  2.6554833e-04
 -1.2324698e-03
 -1.7784094e-05
  2.9763367e-05
  1.1647082e-04
 -1.3362149e-03
  6.3766944e-05
 -2.7013011e-04
 -4.5181479e-04
 -6.0048158e-04
  4.6948434e-04
 -5.6292501e-04
 -3.3968844e-02
 -1.1888573e-05
  1.4967595e-05
  8.0738645e-03
  3.7329013e-05
 -1.0062146e-03
 -2.0429411e-04
  9.5143527e-02
  9.0353000e-01
 -2.0744436e-04
 -3.1770868e-04
 -1.8030344e-04
  6.0813047e-04
 -4.1117832e-01
 -3.8003881e-04
 -2.2707325e-04
 -1.1822939e-04
 -1.0368629e-04
  1.4216999e-04
  1.2406160e-04
 -8.5028115e-04
  7.5148462e-05
 -4.6642838e-04
 -5.1851355e-04
 -3.9398886e-04
 -2.5505968e-04
  2.8566452e-04
 -5.9669017e-04
  1.8805059e-03
  2.8600165e-04
  5.4026288e-05
  1.2345581e-04
 -1.0586790e-03
  5.0434744e-04
 -9.3087699e-04
  2.1830609e-04
  6.7037763e-04
  4.0567600e-05
  3.4503988e-04
  3.3560966e-04
 -5.7737832e-04
 -3.6350128e-04
 -1.8220925e-03
 -2.6780335e-04
  2.5332785e-01
 -8.3883955e-05
  3.9804207e-05
  5.5898679e-05
  4.4415888e-04
 -3.7467558e-04
  5.0058676e-04
  3.9987039e-04
  6.4379361e-04
  2.7490652e-04
 -1.3598009e-05
  2.8186443e-04
 -5.6560623e-04
  4.2208211e-04
 -3.8488876e-04
  5.3037369e-01
  2.7591094e-01
  8.9116878e-04
  1.6161209e-01
 -8.4219774e-04
  6.0102887e-02
  1.4315738e-01
 -3.3098364e-01
 -8.7930942e-01
  9.9038059e-01
 -2.6166338e-01
 -2.3460084e-01
 -2.7769828e-01
  3.1558975e-05
 -2.2896694e-01
  4.4223607e-01
  7.1119413e-02
  6.0163015e-01
  9.9944919e-01
  4.2870585e-02
  2.9388496e-01
  6.5808377e-04
  1.2536798e-01
 -5.7463342e-01
 -9.1108115e-05
  5.3664929e-01
  4.9017593e-01
  4.5214793e-01
  6.1937094e-01
  3.2458198e-04
 -6.5326101e-01
  1.8268565e+00
  9.7198870e-05
  1.1885725e+00
 -2.2059640e-04
  5.0330560e-05
 -7.9977572e-01
 -1.2598729e+00
  1.7575725e+00
  3.0421622e+00
 -5.5779505e-01
 -2.9832929e-01
 -5.4179418e-01
  4.9109306e-02
  2.2794125e+00
  4.3524367e-01
 -1.4167498e+00
  5.1372248e-01
  2.5759282e+00
 -3.3904474e+00
 -6.7337503e-04
 -1.7476192e-03
  7.3363328e-01
 -1.6290714e+00
 -6.4143073e-04
 -6.8895847e-01
  1.0928452e+00
 -6.7012393e-01
 -6.4401722e-01
 -2.1965861e-04
 -1.5661897e-06
 -1.2721105e-04
  3.8184968e-05
  8.8363286e-06
  1.4113489e-03
  1.5141684e-04
  3.7738238e-04
  4.2838347e-04
 -2.3552930e-04
  1.1989183e-04
 -8.1642953e-05
  6.4412321e-05
 -1.4290378e-03
 -7.3508936e-04
  5.8811082e-04
 -2.2240366e-04
 -2.0282720e-04
 -3.1884297e-04
 -8.3558061e-06
  1.6789866e-04
  5.5888831e-04
  3.3356625e-04
  1.0547238e-04
 -8.7817525e-06
 -1.9715006e-04
 -6.7990454e-04
  1.9240563e-04
 -6.3417601e-06
  3.8156623e-04
  5.9641487e-05
 -4.0566635e-01
  1.3246667e+00
  2.0965283e+00
 -6.2616940e+00
  2.2874887e+00
  2.0279220e-04
 -5.7688522e-01
  1.2128814e-01
 -2.2237959e-04
 -3.0912048e-01
  2.7142027e-01
 -2.1114758e-01
  3.5944507e-03
  1.0013207e+00
  1.2872750e-03
  6.1928499e-01
 -2.4359736e-01
 -5.8953369e-01
 -4.5580959e-01
 -2.4575286e-02
 -2.4738856e-01
  1.6984896e-01
 -4.5152318e-01
  4.5667037e-01
  1.8668312e-04
  7.4849918e-04
 -1.9905698e-03
 -7.0782837e-05
  7.0959598e-02
  4.2743395e-05
  1.6589184e+00
  6.6011947e-01
 -3.7165749e-01
 -1.2994831e+00
 -1.8885623e-01
 -7.1261247e-04
  2.8994196e-04
  1.0427755e+00
 -1.7105553e-01
 -5.1987925e-05
 -1.8561122e-01
 -2.0557776e-01
 -8.4539497e-05
 -1.9215834e-01
 -4.5727420e-04
 -1.7596963e-03
 -6.5108651e-04
 -4.5749140e-03
  5.0199021e-02
  3.0341413e-04
 -1.7634141e-03
  2.8301603e-01
 -3.3210087e-04
  1.9733211e-01
 -1.1955275e-03
  5.0416432e-04
 -5.9161038e-04
  1.0963960e-04
  1.7271985e-03
 -5.1336909e-05
 -6.2954791e-02
  2.3480496e-01
 -6.4245600e-05
 -9.6166426e-05
 -3.1470314e-01
  3.0590505e-05
 -3.3993006e-01
 -2.7818042e-01
 -9.2472994e-01
  2.9630974e-04
  4.6692003e-04
 -3.0531967e-04
  4.8090069e-04
  4.3545038e-04
 -7.3965843e-04
  3.4517309e-04
 -1.5562550e-03
  1.9978237e-04
 -1.0825193e-01
 -8.6472696e-04
  2.3033926e-01
  2.4289447e-03
  1.9360961e-04
  5.1856390e-04
  4.1560829e-03
 -8.2475373e-05
 -4.5189641e-05
 -6.5352702e-05
 -6.6773017e-04
 -2.9853213e-04
 -7.8446513e-01
 -1.2675517e+00
  2.5915747e+00
 -2.3141342e-01
  8.1296527e-01
 -2.2451910e-01
  1.1489391e-02
 -5.8683574e-01
 -3.1731644e-01
 -1.5629034e-01
 -1.4143491e-01
 -4.5319739e-01
 -1.0960677e-01
 -1.2155357e-01
 -1.1040027e-03
 -8.1534885e-02
 -1.7248909e-01
 -9.4153330e-04
  5.9951770e-01
  9.0774283e-06
 -7.4591331e-02
  7.2964316e-04
 -9.5338339e-04
  4.4237126e-02
  1.3672661e-05
  2.5946388e-04
 -6.1384274e-04
  9.4854529e-04
  4.3236301e-04
  2.9443944e-04
 -1.5108792e+00
  3.2683756e+00
 -3.2939407e-01
 -2.2004664e+00
  3.8678911e-01
  8.6306922e-02
 -1.0093945e-01
 -4.9765911e-02
  3.7206517e-04
  3.7622425e-01
  5.2746779e-01
  6.8966317e-01
  1.0167648e+00
  3.3468002e-01
  2.7705166e-01
  8.6651839e-02
  1.1597905e-01
  1.7290582e-01
 -3.0063990e-01
  1.7091355e-01
  9.2699248e-01
 -1.2887761e-01
  8.6715436e-01
 -5.7566725e-02
  6.6886073e-01
 -3.2911211e-02
  1.9564033e-03
 -3.3344785e-04
 -3.5530921e-02
  6.4158760e-04
  7.2958060e-02
 -1.1069736e-02
 -4.7483348e-04
 -4.1528919e-04
  4.3103773e-02
 -1.6203779e-04
  8.3690560e-05
  4.6442408e-04
  7.5255282e-02
  7.8112219e-04
 -2.1658833e-04
 -5.5799335e-03
 -1.8944142e-03
 -1.7688505e-04
 -3.4651998e-04
 -2.5153020e-01
  3.3164473e-05
  3.2552934e-04
 -1.8027277e-01
 -2.3125377e-03
 -2.9016667e-04
 -5.5837078e-04
 -5.9416477e-04
 -2.9723466e-04
  8.4898711e-06
 -3.9945060e-04
 -3.9689921e-04
 -3.8774754e-04
  1.2285802e-05
 -3.6102356e-05
  1.6345874e+00
  5.6215972e-01
  9.5605719e-01
 -7.0776290e-01
  1.4429883e+00
 -2.1069895e-01
  2.5822505e-01
  2.6616153e-01
 -1.8926965e-01
 -4.4139233e-01
 -1.6294964e-01
 -3.2718056e-01
 -1.8075672e-04
 -3.5452484e-03
 -1.9661908e-03
 -4.1646626e-02
 -4.9708487e-04
  1.3221633e-01
  1.5343437e-01
  1.8867293e-04
 -2.9175201e-01
  9.6824431e-01
 -8.2648581e-01
  3.4253320e-03
 -3.0740041e-01
  1.2435882e-03
 -8.7638677e-04
 -2.1282659e-01
  7.1000569e-02
 -7.0159564e-05
  5.4399652e-04
 -6.5421034e-04
 -1.6393251e-04
 -7.1231145e-05
 -8.7898120e-04
 -1.6589064e-04
  1.9014024e-04
  1.2323121e-03
 -2.7104883e-04
 -2.9715465e-04
  4.0470212e-04
 -5.9532560e-04
  2.9439546e-04
  6.0176226e-05
  1.6076387e-04
  2.8723903e-04
  3.7828129e-04
 -2.1630774e-04
 -4.8625143e-04
 -8.9596261e-07
  6.6338771e-04
  3.9884108e-04
  2.7564721e-04
  4.7675843e-04
 -2.9408376e-04
 -3.1523083e-05
  2.5123998e-04
 -2.1749899e-04
 -1.6667870e-04
 -3.0155224e-04
 -8.7441142e-05
 -7.6669239e-02
  6.7242062e-01
 -1.5172868e-03
 -4.1039671e-05
  1.6806388e-04
 -3.8001519e-02
  3.7143945e-03
 -9.8414742e-04
 -9.0525131e-04
 -3.1772317e-04
 -7.4247562e-04
  2.0656649e-03
 -2.2463202e-05
  3.1826954e-04
 -1.5816902e-03
 -2.1887939e-04
 -2.4329829e-04
 -7.7953353e-04
 -4.3235770e-05
 -4.1817350e-04
  7.6571196e-05
 -1.7439141e-03
  3.6520831e-04
 -2.5477144e-04
  2.4020972e-03
 -8.4889779e-04
  9.2739885e-04
  5.1349125e-05
 -4.6603932e-04
 -8.1770730e-01
  2.7380154e+00
  1.3357429e-03
 -2.5945044e-01
 -9.3951967e-04
  1.1798865e-04
  1.2261095e-05
 -5.3217023e-04
 -5.1725499e-04
 -2.8623466e-04
  2.4431562e-03
 -1.4425023e-04
  7.0503731e-03
  3.6303332e-05
  1.0587225e-03
  3.0823413e-01
  5.0506428e-02
  6.2974446e-02
  4.6572837e-01
  3.7495014e-03
  7.7917910e-01
  1.1274616e-03
  2.4661756e-01
  3.6139388e-04
  3.4801487e-02
  2.0972724e-04
  1.7640480e-03
  7.9279405e-04
 -3.0611065e-04
  9.4364512e-01
  4.2007188e-04
  2.2863076e-04
  3.7434240e-04
  5.6473346e-04
  9.0710364e-07
  2.4017986e-04
  3.2091414e-04
 -7.1675645e-04
 -8.4524666e-04
 -4.6981010e-04
  2.5287445e-04
  1.4391144e-04
  4.8759204e-04
  8.2015242e-05
 -4.8779246e-05
  5.0588156e-04
  3.1685526e-04
  1.5449685e-04
  5.4963905e-04
  3.6153701e-04
  8.6505123e-04
 -2.0589668e-04
 -4.7034022e-04
 -4.3639669e-04
  4.2481028e-04
 -3.0387682e-04
  2.6938254e-03
  1.0667281e-05
 -8.6359429e-04
  6.7211379e-04
  6.8286329e-04
  2.8533069e-04
  5.5180360e-03
  2.5614459e-04
 -9.0463622e-04
 -4.5908746e-05
  4.5823728e-04
  6.1924933e-05
  4.6318970e-04
  1.3401397e-03
 -9.8141136e-05
 -1.1699000e-05
 -2.1581403e-04
  5.3630555e-01
  5.6055258e-05
 -2.1629252e-05
  4.0894115e-04
  6.4272882e-04
  3.5581220e-04
  5.3852150e-06
 -2.1259197e-05
  6.5196527e-04
 -1.8384647e-04
  3.8261639e-04
  2.7078466e-04
 -2.5418785e-04
  1.1788157e-04
 -9.8310324e-05
 -2.5852691e-04
 -2.0021568e-04
 -5.4693536e-04
 -1.0483959e-03
 -9.0902635e-05
 -1.7801701e-04
 -4.0563312e-04
  9.8626224e-05
 -5.0872466e-05
  8.4348687e-04
  4.0813591e-04
  8.9586858e-05
  4.1240378e-04
 -4.1506606e-05
  5.3346163e-04
 -1.8445574e-04
  8.6549750e-05
 -2.4769420e-04
  3.1711109e-04
  6.4631557e-04
  4.9313594e-02
 -5.2930950e-04
 -5.1200395e-06
 -5.1839004e-04
 -3.5998024e-04
 -5.7659658e-05
  3.3350533e-04
 -1.1714086e-03
 -2.2347395e-03
  4.7238817e-04
  5.9856579e-04
  1.0636239e-04
  2.1783106e-01
 -6.2912121e-02
 -3.2843226e-01
 -4.3856606e-01
 -1.4881079e-01
 -3.5087217e-04
  2.8517904e-02
  5.8664486e-04
  6.7139248e-05
 -3.7413458e-06
 -5.0765990e-05
 -4.6676779e-04
 -1.5082267e-03
  6.4578099e-04
 -1.2589165e-03
  2.5139418e-01
  8.8167406e-05
 -7.9154204e-05
 -7.7319539e-01
  1.5687595e-04
 -4.1400650e-04
  3.5079772e-04
  1.5075852e-03
  6.2434992e-05
 -4.2145414e-04
 -8.0892773e-05
  2.9883409e-04
 -1.2344919e-04
  3.6010784e-04
 -5.6567532e-04
 -2.9944401e-06
  1.4252518e-03
  1.3079958e-03
 -2.5524772e-04
 -2.9959282e-04
 -4.3340036e-04
 -1.0537531e-03
 -1.3855859e-04
 -3.2171633e-03
  1.8506518e-03
 -1.5838677e-04
  2.7195486e-04
 -4.7385064e-04
 -6.9321878e-04
  6.9930439e-04
  5.8979178e-05
  1.4051917e-04
  6.7022149e-05
 -7.5905795e-05
  1.9515624e-04
  4.2262982e-04
 -3.3493890e-04
  7.7291508e-05
  1.2661370e-03
 -5.4192933e-04
 -2.3592028e-04
 -2.3219408e-04
 -1.1336132e-04
  2.4010504e-04
  5.0664740e-04
  5.3943920e-01
 -4.4691697e-01
  1.2677566e+00
 -9.0623267e-05
 -6.4517462e-01
 -3.3206148e-03
  1.0319252e+00
  5.6463247e-03
 -3.4291696e-02
 -6.9462158e-02
 -2.2632982e-04
 -3.4814960e-01
  7.8902708e-04
 -4.3540392e-03
  9.9588160e-06
 -7.3881116e-04
  2.2769520e-05
 -2.0810658e-02
  4.3564343e-01
 -2.0313857e-03
  7.5186239e-05
  1.8473591e-01
 -6.4109411e-04
  1.5070656e-01
 -1.8745752e-03
  1.9651160e-03
  4.1452126e-04
  3.4755544e-04
  5.7606318e-04
 -2.8019645e-05
  7.9727535e-05
  3.0272532e-01
 -4.3972148e-05
 -3.6867120e-04
  2.9724123e-04
  3.2644608e-04
 -5.9747550e-04
 -1.4887376e-04
  2.4483606e-04
  3.2710732e-04
 -6.6442194e-04
  6.5762090e-04
 -4.7130475e-04
  1.5163422e-03
 -2.4790126e-05
  7.1095960e-04
  6.8765454e-04
  4.8822493e-04
  1.4173273e-04
  5.7336851e-04
 -1.2674405e-04
  7.3457195e-04
  1.9246893e-04
  1.3559338e-04
 -2.4603560e-04
  6.7151868e-04
  5.4019410e-04
 -1.2570494e-07
 -2.5704878e-04
  9.3758630e-04
 -4.3842239e-05
 -2.3071961e-03
 -2.9675945e-04
 -1.4059118e-04
  8.6878130e-04
 -9.6991751e-04
 -3.2153493e-04
  5.1124621e-04
 -2.5493844e-04
  3.3833215e-04
 -3.3158588e-04
 -4.2417890e-04
  2.1078427e-04
 -1.5987773e-04
 -1.8623095e-05
 -1.0469285e-03
 -8.5343444e-04
  6.9571870e-05
 -9.3421695e-04
  3.5386873e-04
  1.4467495e-04
 -3.0195553e-04
  5.4752873e-04
 -2.3300244e-02
  2.5004684e-04
  3.9182318e-04
 -4.1887118e-04
  1.6611350e-04
 -5.7271606e-04
  1.4387874e-04
 -2.0529063e-01
  5.0852378e-04
  2.0664142e-01
 -1.1905911e-04
  1.7587184e-04
  2.4928202e-04
  6.8058487e-04
  2.3637226e-04
  4.6038091e-05
  2.5157558e-04
 -4.3498038e-04
 -9.2868439e-05
  6.3470658e-04
 -5.8864360e-04
  4.1034559e-04
  1.9229857e-02
 -1.6630254e-05
 -2.9003393e-04
 -2.7919150e-04
  2.3471833e-04
  2.2102256e-04
  3.1554871e-04
 -6.2747778e-05
  6.1656808e-04
  2.4551933e-05
 -4.8826230e-05
 -1.5433914e-04
  4.9518800e-04
 -2.5831931e-04
  8.5294148e-04
  2.7438722e-04
 -1.0605030e-04
 -4.0872526e-04
 -4.1538762e-05
  1.0737335e-04
 -2.6697266e-05
 -3.1693230e-04
  1.5375941e-04
 -1.7933369e-04
 -3.5619174e-05
 -5.5247999e-04
  3.0482581e-04
  1.1268743e-06
  6.0286163e-04
 -4.2918921e-04
 -5.9120328e-04
 -1.9847957e-04
 -5.2823208e-04
  1.9932365e-04
 -8.3109728e-05
 -7.2711464e-07
  4.8916240e-04
 -5.6830427e-04
  2.1052160e-04
  1.1476975e-04
  6.5986137e-04
 -1.1671829e-04
  4.6065343e-05
 -1.2276176e-04
  2.0418115e-04
 -1.0063167e-04
 -1.1547331e-04
  3.0841964e-04
  5.7280318e-05
  5.8329880e-04
 -1.0099595e-03
 -6.6562265e-04
 -8.2037543e-05
  2.3488246e-04
  1.0382180e-03
 -2.5504653e-04
 -2.1597944e-04
 -7.2084360e-02
 -1.1880043e-04
  1.1440489e-05
 -1.4869754e-04
 -1.6280907e-04
  9.2668815e-05
  2.2598268e-05
 -5.3873533e-05
  4.0534846e-04
 -6.1676512e-04
 -3.4990728e-05
 -4.5805197e-04
  5.2005233e-04
 -1.7017526e-04
 -1.6464573e-05
  1.1407141e-04
  5.5607286e-04
  1.3066463e-03
  1.1096328e-01
  1.0351874e+00
  2.6634198e-01
  2.9510748e-01
  3.9981589e-01
  2.2129741e-01
  2.7780420e-01
 -2.5590369e-01
  4.6693576e-03
  2.9712290e-01
  6.0426539e-01
  4.2684892e-01
  8.0916617e-04
  6.4977640e-03
  7.3177629e-04
  5.9665222e-02
  3.5454404e-01
  2.7044917e-02
 -7.1145989e-02
  2.9543960e-03
  1.0302219e+00
 -1.7372668e-03
  1.1625122e-02
 -1.0431111e-02
  1.7501879e-03
 -8.3243867e-05
  9.5927616e-04
 -1.1241600e-04
 -4.4956948e-03
  2.4412675e-03
  2.4147758e-04
  6.6578490e-05
 -2.5702231e-05
 -1.1230684e-04
  3.3726170e-05
 -7.0802413e-04
 -1.2297295e-04
  9.5747637e-05
 -4.0506996e-04
  3.9964245e-04
  3.6846050e-05
 -3.4587481e-04
  4.9422571e-04
  5.1307451e-04
  1.4441848e-03
  7.5046148e-05
 -2.3137585e-04
 -8.8346406e-04
 -1.6173026e-05
 -5.6765758e-04
 -1.5210817e-04
  3.4572690e-04
 -1.2692735e-04
  4.6215087e-04
 -1.3955645e-04
  1.1186539e-05
 -1.5587565e-04
 -6.0501514e-04
  3.1552589e-04
 -1.3355346e-04
  3.7324641e-02
 -1.2429132e+00
 -7.1190172e-01
 -3.4660331e-03
 -8.9554995e-01
 -1.5168443e-04
 -1.0490234e+00
  6.3377537e-02
 -1.0522825e-05
 -7.7883728e-02
 -1.3599995e-03
 -3.4894198e-04
 -5.9692818e-04
 -5.2745524e-04
 -1.8021956e-03
 -8.6963296e-01
 -2.6556879e-04
 -7.0700359e-01
 -3.9998356e-01
  1.5984276e-04
 -3.4796092e-01
 -1.7020277e-03
 -5.5324321e-04
 -3.8425425e-01
  3.4281451e-04
  1.6027690e-04
 -3.4813397e-03
 -1.0147651e-04
  4.9306429e-04
 -3.9773496e-04
 -6.9998387e-05
  1.8664799e-04
  3.6718146e-05
  2.4068248e-04
 -5.5762648e-04
 -5.4922252e-04
 -1.1823946e-05
  3.9251396e-04
  1.3304644e-04
  6.0531351e-04
  4.2861214e-04
 -5.3523772e-04
 -2.8745359e-02
  1.1326352e-03
  6.5280276e-04
 -5.1995466e-04
  3.0948606e-04
  1.5462530e-04
 -6.6893001e-04
 -7.4014411e-04
  2.2079963e-04
  9.4019627e-04
 -5.4159893e-05
 -1.0227443e-03
  6.9625641e-04
  2.1842567e-04
 -4.5370578e-04
 -6.0383865e-04
 -2.3966481e-04
  2.3472530e-04
  7.4916011e-01
  8.6166388e-01
 -7.2126907e-01
  1.9195960e-04
  4.2989579e-01
  6.4447784e-04
  9.8047771e-05
 -1.4480643e-04
  1.9826193e-03
  2.4375163e-03
  1.5363874e-04
  1.3254819e-04
  4.0548995e-05
 -1.5914319e-04
  1.8454957e-03
  4.8176661e-02
  7.2531438e-06
  7.8027946e-04
  2.3683892e-03
  1.7981086e-04
  1.4056970e-01
  4.5105649e-04
 -5.5419496e-04
  1.4032172e-01
  3.5289620e-04
  1.4638678e-04
 -1.1056695e-04
  2.0546868e-01
 -6.4100727e-04
 -5.5464374e-05
  1.0197918e+00
 -1.1614113e-01
  4.2145944e-01
 -9.5439386e-01
 -7.1453884e-02
 -3.3073637e-04
  4.8885675e-04
  5.1626176e-02
  1.9354819e-05
 -2.5870343e-04
 -6.5505314e-03
 -2.3617025e-02
  1.9218463e-05
 -2.6405419e-04
  2.3239906e-04
 -2.3845371e-04
 -4.3089251e-04
 -2.1817779e-02
  3.6635795e-03
  1.0630159e-02
 -2.9849908e-03
  3.1953029e-02
 -4.5932681e-04
  2.1931283e-01
 -4.5070756e-06
  1.8434535e-03
 -5.0517468e-04
 -1.3089877e-04
  6.9531717e-04
 -3.5463547e-04
  9.8570091e-01
  2.3861544e+00
  9.6011269e-01
 -2.7429845e+00
  3.5863888e+00
  2.6386895e-03
 -1.7064188e-01
  1.6334592e+00
 -2.9774304e-02
 -1.9481634e-01
 -5.3550312e-03
 -4.4557232e-01
  4.6147754e-05
 -6.0349998e-05
 -9.4740540e-01
 -5.3130193e-03
 -2.0363449e-01
  4.5570537e-01
  8.9992362e-01
 -9.1004494e-04
 -7.4957931e-01
 -7.9509587e-04
 -2.5783610e-01
  1.9321052e+00
 -2.1381955e-01
  1.4463149e-01
 -1.0894436e-02
 -2.8966749e-04
  4.1762266e-01
 -1.3768281e-03
  4.7610054e-04
 -1.0975674e-03
 -9.1102620e-04
 -9.6879405e-04
 -2.2092534e-04
 -1.4855590e-03
  7.8946078e-01
  1.3928043e-04
  5.3249788e-04
 -7.4797665e-04
  5.5203185e-04
 -1.4244886e-03
 -1.0770190e-04
  3.8524516e-04
 -3.5307169e-04
 -1.7244479e-04
 -1.7662342e-03
  1.1360220e-04
 -4.1121768e-04
  7.5733906e-04
 -1.4793096e-04
 -1.5986186e-03
 -2.5737828e-03
  1.9856589e-04
 -8.2932785e-04
 -6.9685961e-04
 -7.4094678e-05
  7.7374723e-05
 -2.0229221e-04
 -1.7343332e-04
  3.2231561e-04
  6.4205982e-02
  1.7335112e-01
 -6.9768071e-01
  3.1211600e-01
  5.1066107e-01
 -4.1033953e-02
  2.7950114e-01
 -6.8844551e-05
  1.7124682e-03
  7.3984122e-01
 -3.2382362e-04
 -1.5424745e-01
  2.7093053e-04
  1.0044065e-03
 -3.4677397e-04
 -1.0944600e-01
 -2.6135200e-01
  5.0289220e-01
 -7.7504015e-01
  1.4014627e-01
 -5.2199210e-04
  1.9628650e-01
  5.0198153e-04
 -5.3265673e-01
  1.5423037e-04
  4.7684345e-01
 -5.5486512e-01
 -3.2844755e-01
  2.4835792e-01
 -1.8975818e-04
 -2.7677991e+00
 -1.6481479e+00
  2.1686459e+00
 -1.5262303e+00
  2.9922700e+00
 -3.1458709e-01
 -2.0880430e+00
 -8.0421579e-04
 -6.3384658e-01
  1.5518641e+00
  1.8827667e-04
  4.4613529e-02
 -1.7852348e-01
 -5.3889078e-01
  3.1566407e-04
 -2.2023365e+00
  3.8093668e-01
 -7.4242717e-01
  7.6519036e-01
 -1.3105424e-04
 -1.4613266e-03
  1.7314665e+00
 -9.1852353e-06
 -1.2075610e+00
  5.4046256e-04
  1.0685885e+00
 -3.0488768e+00
 -3.0732334e+00
 -4.2868397e-01
  1.9179603e-01
 -3.5613006e-01
 -2.4050383e-02
 -1.9300179e-01
  4.6638274e-01
 -3.7070850e-04
  4.1783811e-03
 -1.8512264e-03
 -3.2817904e-02
 -5.6393719e-01
 -3.6924053e-04
 -3.2352906e-02
 -1.7068067e-04
 -1.1935046e+00
 -2.1428535e-04
  2.9392567e-04
  1.8092034e-03
  3.3162822e-04
 -1.6093544e-04
 -4.9820961e-04
  1.4933648e-03
  5.9917060e-05
  7.0836011e-04
 -1.1163213e-03
  5.8020698e-04
 -2.8987331e-04
  6.0051768e-03
  1.0418045e-04
 -7.7077129e-04
 -2.2409533e-04
  2.4286720e-04
  1.5449301e+00
 -3.7745832e-04
  5.3111091e-03
 -4.7756758e-04
  4.0969914e-01
  1.1975158e+00
 -3.3969851e-04
  4.7651690e-04
 -2.7719241e-01
  5.7271734e-02
  1.1888137e-01
  6.9793680e-04
 -1.7802179e-01
 -8.7764829e-01
 -1.7189661e-01
  4.4010627e-01
 -1.6104516e-01
  4.2336857e-01
 -1.1278206e-02
 -2.6359630e-01
 -2.1539335e-04
 -1.4973587e-01
 -1.0402119e-03
 -1.5553513e+00
 -1.5064007e-01
 -3.7078315e-04
  5.8647821e-04
  5.5829155e-01
 -7.3992074e-02
 -8.7166562e-05
 -1.9298647e-04
 -1.1872205e-04
 -1.8501679e-04
 -3.6391747e-04
 -5.2884221e-04
 -4.4481913e-04
  3.1117047e-04
  3.8998717e-04
 -2.4949497e-04
 -1.6431224e-03
 -1.6146229e-04
 -4.4287179e-04
 -3.2709353e-04
 -3.5846209e-05
  9.0603732e-02
 -1.0869177e-03
 -3.8432301e-04
  3.4243675e-04
  5.3501956e-04
  4.8953028e-05
 -3.7379537e-04
  5.5857969e-04
  9.9482691e-05
  2.9280366e-04
 -3.6483718e-05
  5.6579220e-04
 -2.8980087e-04
 -5.4289751e-05
  6.8096042e-01
 -3.5986485e-04
  9.6748117e-04
 -3.6714066e-04
 -5.3293514e-04
 -1.5922787e-04
  1.7553761e-04
  2.1986783e-04
  1.5128215e-04
  1.4066201e-01
 -1.9582329e-04
 -9.9525892e-04
 -3.8619523e-06
  1.5742706e-06
  1.5074901e-04
 -5.4242202e-05
  3.7832029e-05
 -9.1135356e-05
  9.0098381e-04
 -1.9196637e-03
  6.0300244e-04
  7.8392529e-04
 -1.1165095e-03
  1.7210138e-04
 -4.6323412e-04
  1.3720036e-03
  4.9944140e-04
 -4.4553736e-04
  4.7612356e-04
 -4.0598732e-04
 -2.2243292e-04
 -1.1263815e-01
 -1.1751195e-01
  3.3130375e-01
  8.6638439e-01
  4.6819236e-02
 -1.0133343e+00
  8.6374223e-02
 -1.1081804e-01
  5.3136212e-01
 -7.0210677e-01
 -3.5865046e-02
  1.3366609e+00
  2.9920727e-02
 -4.4429442e-01
 -4.3587360e-04
 -4.6559991e-04
  2.1136618e-04
 -1.8124985e+00
 -7.0444900e-01
  3.3543706e-01
 -1.9662680e-01
 -6.0252479e-04
 -5.0750010e-02
  2.2822823e-01
 -2.5279459e-03
 -4.3498270e-02
 -2.0555457e-01
  1.2927872e-02
  1.6034544e+00
 -3.5001559e-04
  2.9370112e-05
 -2.0674871e-01
 -2.3556981e-04
 -4.2062649e-04
  6.0355120e-05
 -2.6907266e-05
 -1.1952199e-04
 -1.0520405e-03
  3.2870009e-04
 -9.5457891e-03
 -3.6754264e-04
  4.1376579e-06
  4.3444747e-05
  1.8467355e-04
  3.7731294e-05
  1.5260198e-03
 -4.0756716e-04
 -3.4771769e-04
 -6.2893715e-04
 -7.0537819e-04
 -4.1108459e-04
 -5.7682741e-05
 -9.1402343e-04
  1.3578954e-04
  3.0614520e-04
 -7.2003582e-05
  2.9758599e-05
 -6.6792063e-04
 -6.0676964e-04
  4.1021551e-05
 -2.6742043e-03
 -5.5029225e-01
  1.7315564e-04
 -1.5628037e-05
 -2.0811297e-06
  2.6270372e-01
  2.5368117e-02
  1.3716960e-04
  2.5821778e-01
 -7.7479133e-05
  1.9892261e-03
  6.0426809e-02
  2.0475453e-04
  1.6705303e-01
  1.6130187e-04
  2.7470180e-04
 -2.3731574e-05
  2.8946900e-04
  2.0190540e-01
 -2.6282990e-01
 -9.9595019e-04
 -3.0452685e-04
 -6.9974799e-04
  6.2550814e-04
 -4.8404397e-04
  2.6667389e-05
 -1.1195158e-05
  3.5504167e-04
  4.5754015e-05
  1.8370374e-04
  2.0180879e+00
  8.8524956e-01
 -1.5962942e-01
 -1.5319474e+00
  2.7627819e+00
 -5.6418782e-01
  4.7368169e-02
 -4.2327714e-01
 -2.6531669e-01
 -3.0215524e-02
  1.2309928e+00
 -4.4504918e-02
 -7.1607876e-01
  1.0239900e+00
  1.2341261e+00
  1.4693810e-01
 -2.7406204e+00
 -7.6423186e-01
  9.9379826e-01
  5.4130074e-02
  4.7504529e-01
 -3.2331333e-03
  2.4874406e-01
  1.9113749e+00
  3.8926915e-04
  1.5361953e-05
 -1.2823936e-01
 -2.6780343e-01
 -5.8583707e-01
 -5.0084078e-04
 -8.4834856e-01
 -1.3301647e+00
 -9.8910642e-01
  9.4931442e-01
 -9.2240542e-01
 -9.7916692e-02
 -1.8795420e-01
 -7.3775232e-02
  1.4158028e+00
 -7.6989454e-01
 -7.0695788e-01
  2.2830603e+00
  1.8546490e-02
  2.6322985e-01
 -8.8913597e-02
 -3.4299672e-01
 -4.4499233e-01
  4.4021451e-01
 -1.3613293e-01
 -3.3003753e-01
 -2.0041840e+00
  7.8566349e-01
 -1.5983969e+00
 -1.4106336e+00
 -4.3435815e-01
  1.0277238e+00
 -1.5203601e-01
  1.5604135e-01
 -1.0983089e+00
  5.8458483e-01
  1.6989568e+00
 -2.2854488e-01
 -1.3060822e-02
  8.9593565e-01
  1.0506222e+00
 -2.6186231e-01
  1.7853120e-01
  1.9389735e-01
 -6.0760003e-01
  1.7645375e-01
 -5.2235484e-01
  1.4770981e+00
  9.1793138e-01
 -2.6590607e-01
  1.3040610e-01
 -1.3098564e+00
  1.5638234e-01
  6.1468947e-01
 -4.0486488e-01
  1.7182571e+00
  4.9182454e-01
 -7.4280870e-01
  1.1785703e-01
  1.4041625e+00
  1.8152670e+00
 -3.1100228e-01
  7.1105528e-01
 -1.5512630e-04
  1.4525301e+00
 -1.5743707e-04
 -4.5358235e-01
  2.0059638e-02
 -2.4063817e-01
 -3.2680705e-01
  1.5721623e+00
 -6.3045096e-01
  7.4672216e-01
  1.0703858e+00
  5.1130545e-01
 -8.8582772e-01
  1.0825911e+00
 -1.6767690e-01
  6.1610025e-01
 -1.9654511e-01
  2.6224795e-01
  5.2608464e-02
  3.5502885e-02
  7.7423382e-01
 -4.6243834e-01
  8.0057389e-01
  3.1649563e-03
 -1.5994564e-03
  2.8219885e-01
 -3.9125839e-01
  3.1641535e-02
 -9.1672578e-04
  6.7428499e-02
 -3.0632829e-02
  2.2365256e-01
  2.6014790e-01
 -4.3525998e-03
  5.4964923e-05
  2.8840237e-04
  1.6666592e-04
  2.1183654e-04
 -2.3816964e-02
 -5.7687220e-04
 -5.4742419e-04
  1.5290301e-04
  6.1382283e-04
 -2.8021290e-04
 -1.4149917e-04
 -5.1774288e-04
  6.1998551e-04
  8.2236354e-04
  4.8287326e-04
 -2.4756540e-05
  1.4337621e-04
  3.1253052e-04
 -1.3544585e-04
 -2.9732815e-05
  4.7673835e-04
  6.1309664e-05
 -3.4617863e-04
 -8.1199934e-05
 -5.1985664e-04
 -9.1678574e-04
 -1.0016470e-03
 -6.1907183e-04
  7.9357013e-04
  4.7238275e-01
  1.0960293e+00
  1.2460813e-02
 -6.1229080e-01
  4.9725197e-05
  3.2515606e-01
  2.3011421e-01
 -7.4724913e-01
  1.0046306e-01
 -1.0790772e-02
 -6.1844182e-01
 -1.4557512e-01
  2.0320474e-01
 -1.3348260e+00
 -2.7669907e-05
 -1.6335590e-04
  4.2382696e-01
  5.2626558e-05
  8.5487163e-01
  6.5699220e-04
 -1.0400435e-05
 -2.3018545e-03
  8.9871455e-06
 -7.7053596e-04
 -1.0197148e-04
  9.3547387e-05
  1.3510083e-03
 -1.5331883e-05
 -5.8985311e-01
 -2.1783674e-04
  2.3618034e-01
 -7.1688676e-01
 -9.3658942e-01
  2.8272200e+00
  1.1255101e-01
 -3.1412071e-01
  2.6451087e-01
 -4.7313368e-01
  1.0174439e+00
  1.3444670e-01
  1.5089793e+00
  1.0451952e+00
 -8.0638951e-01
  2.3060741e+00
 -1.6941582e-01
 -2.3947202e-02
  3.2333049e-01
  2.9800606e-01
  8.6584502e-01
  3.8662807e-03
  5.8109421e-01
 -3.6600541e-04
  4.8043905e-04
 -2.3985904e-01
  5.1160485e-01
  3.1463358e-01
 -7.3198825e-01
 -1.1919723e-03
  3.4630992e-02
 -4.7094548e-01
 -1.2478746e-01
 -8.4089421e-02
  6.9740869e-02
 -1.0049822e+00
  1.9401918e-01
 -1.4131497e-01
 -4.3152474e-02
  5.8925068e-01
 -3.8523975e-01
  1.3062916e+00
  3.2827696e-01
 -1.2137422e-05
  2.2742003e-02
 -1.2681419e+00
  1.1417691e+00
 -8.5052656e-05
  1.8667962e-04
  5.1288697e-04
  1.1618109e+00
  4.8012593e-01
  9.1183593e-04
  5.3815129e-06
  7.4657453e-03
  5.4987833e-02
  4.6140077e-03
  1.1754306e-01
  1.2435367e-04
  5.4660143e-04
 -2.8302092e-02
  7.5359255e-01
  1.2557205e+00
  6.2667650e-01
  2.3325646e+00
 -1.4709994e-03
  2.6187181e-01
  9.6899301e-01
 -4.0389348e-02
 -8.0549443e-01
 -6.7243531e-02
  2.4610250e-01
  8.2680559e-01
 -2.8153890e-01
 -5.5973989e-01
  9.2621845e-01
  1.3768715e+00
 -3.8290859e-04
  8.4142823e-04
  1.1493620e-03
 -1.6316031e-01
  8.7041454e-04
  6.7644170e-04
 -3.2611401e-04
  4.2195365e-04
  1.3178926e-04
  6.3902891e-04
  3.6091435e-01
  2.0245139e-03
  2.2818852e-04
 -1.2638763e+00
  1.3007596e-03
 -4.8762484e-04
  1.2590356e-04
  1.6065779e-04
  4.7053321e-04
  2.6844896e-04
  4.2673343e-04
  8.2248473e-05
  1.6039629e-04
  3.8436605e-04
  1.5282664e-04
  1.4663935e-03
 -2.5963047e-04
 -6.3498120e-04
 -1.7203347e-05
  5.7684380e-04
 -1.9670221e-04
  5.7677153e-05
 -1.2699682e-04
  2.4387415e-04
  2.1212037e-04
  2.7793844e-03
  2.8575771e-04
 -1.5565362e-05
 -1.6092701e-04
  8.3135086e-04
 -1.6206507e-04
  5.0402690e-05
  8.8916146e-05
 -1.3699465e-04
  7.7422563e-04
  1.4990492e-04
 -1.9091394e-04
 -4.8027719e-06
 -1.3795569e-04
  5.7362609e-05
  2.9493220e-05
  5.4547173e-04
 -2.2428078e-04
 -1.4741162e-03
 -4.9092356e-05
 -4.8627757e-04
 -6.9745861e-06
 -5.5078196e-04
 -1.2610824e-04
 -1.4214971e-04
 -1.9724822e-01
 -1.7021981e-04
 -1.8342798e-04
 -3.2431431e-04
 -4.0778611e-04
 -1.6310638e-04
  1.0777637e-04
 -4.5406804e-04
 -4.4589647e-04
  3.8382629e-04
 -6.6927372e-04
 -4.0530998e-05
  8.8403968e-04
 -2.4701183e-04
 -1.0371001e-03
 -2.3215534e-01
  5.3550990e-05
 -7.9566511e-05
  2.9403120e-01
 -9.4132712e-03
  2.7912727e-01
  2.8714526e-04
  4.0443960e-04
  1.3458301e-01
  6.9148131e-02
  3.0359542e-03
  1.2138422e-01
  2.4803964e-04
  9.6877438e-01
 -1.1565553e-03
 -3.1200898e-04
 -2.8958457e-04
 -8.0813142e-04
  2.4900998e-01
  4.5189997e-03
  1.5114027e-04
  6.3656378e-05
 -9.2672120e-04
  3.7557700e-06
  7.0332062e-05
 -2.0661642e-05
 -2.2737053e-03
  8.9942367e-04
  1.8223444e-03
 -2.1992633e-04
 -5.4826748e-01
  4.9908057e-01
 -9.2963770e-02
  1.8154490e-01
 -2.9417560e-01
  1.8524386e-02
 -1.7651679e-03
  2.1224123e-01
  1.0077454e+00
  4.3714187e-01
  5.8194465e-04
  3.0579481e-01
 -9.3011378e-04
  1.7201221e+00
 -1.1885200e-03
 -8.2307443e-04
  3.7987105e-05
  6.5519538e-04
  1.7120318e-01
  1.3528161e-03
 -1.0362618e-04
  6.5730995e-04
  7.0222822e-04
  1.0784398e-03
 -5.0279545e-04
 -3.5852438e-05
 -4.8864787e-03
  5.3909735e-04
 -3.8812010e-04
 -7.9185190e-04
 -7.3588069e-04
  1.2155915e-02
  2.8114426e-03
  1.0475931e-04
 -1.8996905e-04
  4.8291008e-04
  1.8766437e-04
 -1.3345488e-03
  1.3332299e-02
  1.4052959e-04
  5.5484369e-04
 -5.0246064e-04
  1.1983264e-04
 -5.2490258e-01
  1.1301905e-04
  6.1889709e-04
  3.7822817e-04
  2.3398784e-01
 -9.0208113e-02
  8.3665858e-04
 -1.7274362e-04
 -3.9115321e-04
 -4.0385491e-04
  5.5413367e-04
  7.8299147e-04
 -1.2718183e-04
 -3.4117600e-04
 -8.3389474e-05
  1.9906777e-04
  4.7256271e-04
  1.8720183e+00
  8.6677754e-01
  6.8941407e-02
 -3.6432818e-01
 -1.1678570e-02
  5.0112754e-01
  4.0278211e-01
 -7.9614097e-01
  1.1734100e-01
  8.0146566e-02
  8.8298148e-05
  1.0582722e-04
  1.0738128e+00
 -1.0240241e+00
  1.5274602e-03
  2.8790930e-02
  2.8940442e-01
  2.3048524e-02
  5.4958358e-02
  3.3958149e-01
  9.8687178e-04
 -5.3543074e-04
  8.9531514e-04
 -3.2241029e-01
  6.0150021e-04
 -8.8623574e-06
  5.8863021e-02
 -9.3495351e-04
  1.9660431e-03
  7.5268057e-05
  1.1046695e-01
 -1.3014722e+00
 -5.8752450e-04
  1.4608579e+00
  1.9056160e-02
  1.7033422e-02
  2.7213668e-02
 -9.3573087e-01
 -1.5013009e+00
  6.0951024e-01
 -1.2402123e+00
 -2.8445595e-04
 -6.1379659e-01
  2.0156047e+00
 -5.2129358e-01
 -1.0728201e-01
  8.8893052e-04
 -3.5332504e-01
  5.8144164e-01
 -1.3926845e-03
 -5.9730858e-03
  9.6235413e-04
 -3.2021280e-03
 -4.1078688e-03
 -5.3548650e-04
 -3.3076873e-01
  7.5050199e-04
 -2.3049851e-04
  1.5465930e-01
 -1.1357270e-01
 -2.0910556e+00
  9.9371576e-01
 -1.4192513e-03
  2.3981252e+00
  1.1137406e+00
  3.1043345e-01
  1.3844777e+00
  2.1050822e-02
  2.5379196e-01
 -4.7692686e-01
 -1.0923547e-03
  2.4058142e+00
  2.0019321e-02
  1.3659279e+00
 -1.0628820e-02
  5.5037159e-01
  7.6651399e-04
 -1.1461356e-01
  1.0140973e+00
 -8.6593390e-01
 -3.9633331e-04
  9.1496727e-04
 -9.7696320e-04
  3.5824737e-01
 -5.3161177e-05
  5.1133320e-05
 -5.0441098e-01
  8.0041766e-02
 -1.2647873e-01
 -2.1233084e-04
  1.4834133e-03
 -1.8169489e-04
  1.2729283e-04
  1.2553878e-04
  5.1543681e-04
 -3.6286339e-04
 -2.3270627e-04
 -1.1431031e-04
  2.1017832e-01
 -2.0727515e-04
 -2.4886156e-04
 -2.8201498e-04
  8.7102997e-04
  5.1021582e-01
 -2.2012398e-04
 -2.8842161e-04
 -6.6326100e-01
 -7.9228405e-05
  3.1154664e-04
  1.1244246e-03
 -1.0877592e-04
 -2.2229066e-04
  6.2481366e-04
  3.8833605e-06
  4.1017617e-04
  9.1485046e-05
  3.6891450e-03
  1.1126722e-04
  1.1791570e-04
  2.2445475e-04
  1.3712305e-01
 -2.0481394e-01
  1.8822563e-04
 -1.2056880e+00
  5.4449213e-01
 -1.7974863e-03
 -1.4966766e+00
  2.3952426e-01
  2.4914554e-01
 -9.6299164e-02
 -1.1169241e-01
  1.4222670e-01
 -7.6385570e-01
  6.7162836e-01
 -5.4461998e-04
  5.2307762e-04
 -1.5076411e-01
  1.0167104e-04
 -2.1715482e-01
  4.6482513e-04
  4.0221974e-02
 -6.2444109e-05
  9.1559172e-04
  1.0385768e-01
  5.4851514e-03
 -1.0501990e-05
  3.8503893e-04
 -1.0733576e-04
 -1.8272482e-01
  2.2301255e-03
 -3.5379845e-01
  1.7269735e-01
 -1.3082611e-02
  1.2218234e-01
 -1.4878504e-01
 -9.6977985e-01
 -9.7651093e-05
  5.3077746e-02
  9.7600412e-01
  2.8656818e-02
  6.6853553e-01
  1.4785671e+00
  1.4688096e-02
 -3.3647290e-01
  2.1619117e-02
  2.4564972e-05
 -4.2503668e-04
 -3.8207147e-02
  1.1957235e-01
 -1.3328585e-01
 -1.0596473e-01
  6.3535210e-04
  5.2501884e-04
  1.1357948e+00
 -7.5503410e-04
 -3.0976233e-01
 -3.0674434e-01
 -5.6791358e-04
  3.6360747e-01
 -1.4245569e-03
 -3.2521039e-04
 -2.9519584e-04
  3.7226916e-04
  8.0345722e-05
 -5.8377187e-05
  8.5005719e-05
  2.0702659e-04
  1.0178396e-03
 -1.2587912e-03
 -3.6723327e-04
 -1.6442916e-04
  7.2204864e-05
  9.9022663e-04
  2.5785121e-04
  1.8916311e-04
  4.9064576e-04
 -1.3210574e-04
  2.9400944e-05
 -1.4436335e-04
 -7.9231639e-04
 -2.7054278e-04
 -1.0461913e-04
 -1.6934520e-05
 -4.0378800e-05
 -5.2108121e-04
  3.2714783e-04
  1.2511533e-05
  1.3542682e-05
  3.3867839e-04
 -2.5298377e-04
 -1.5967947e-03
 -5.1001065e-05
  4.8281734e-05
 -7.0872961e-04
 -6.6998252e-04
 -3.7475029e-04
 -2.5397981e-06
 -5.0007238e-04
 -1.5284018e-04
 -1.7947581e-04
  2.7959371e-05
  2.1598415e-04
 -1.0935080e-04
 -1.5930447e-05
  3.4261134e-04
  2.5740924e-04
  2.4387990e-04
 -1.2423946e-03
 -1.0457880e-04
 -5.4194481e-04
 -1.6673902e-04
  4.1274528e-04
 -2.0642554e-04
 -4.0533737e-04
  1.3320418e-05
 -3.4693116e-04
 -3.3946321e-04
  1.0004371e-04
 -8.1423503e-05
 -1.4427378e-05
 -1.4771047e-01
 -7.0457333e-01
 -1.6280708e-01
 -5.7143432e-01
  2.1614870e-02
 -1.7305341e-01
  5.8299888e-02
  1.8374047e-04
  8.4952354e-02
  6.5877616e-01
  1.2152062e-04
 -1.2246583e-01
 -8.9397144e-01
  5.3938001e-01
 -7.1179855e-01
 -3.5937966e-04
  1.2909081e-04
 -1.8994248e-01
  5.6806344e-01
 -1.8547440e-01
 -1.8140975e-01
  9.6893730e-04
 -1.8211643e-04
 -1.7962778e-04
 -1.4463605e-03
 -2.0653308e-04
 -2.1864386e-01
 -1.1688657e-05
  4.0074161e-04
 -3.4223640e-04
  6.0907274e-01
  1.1313367e+00
  5.5599562e-04
  6.7862106e-06
 -3.9461723e-01
 -7.7146232e-01
 -9.6536452e-05
 -8.4424537e-01
 -1.1816053e-02
  3.6459059e-01
  1.2440412e+00
 -4.4799180e-04
 -3.0776206e-01
  6.0703433e-01
  1.0058036e+00
  1.3808973e+00
  3.0198855e-05
  1.0054318e-04
 -5.6830150e-01
  2.1388017e-02
 -1.0864449e+00
 -4.9340817e-01
 -8.7558925e-01
  3.5669199e-01
  3.0228894e-04
 -4.8838633e-01
 -1.8694127e-01
 -1.3051385e-05
  3.0283338e-05
  1.8894473e-01
  8.4190154e-01
 -9.0653652e-01
  9.0949915e-02
  1.1636605e-01
 -7.6260078e-01
 -2.4262483e-01
 -3.7716821e-01
  2.4448318e+00
 -2.0547559e+00
  1.7660805e+00
  1.9357646e+00
  2.4679740e-04
  5.0677657e-01
  1.7876489e+00
  7.6321000e-01
  5.0352013e-01
 -2.8612939e-04
 -5.5512052e-04
 -7.2595787e-01
 -3.7534419e-01
  3.9979380e-01
  6.3099629e-01
 -5.1278460e-01
 -9.4896615e-01
  2.0284805e-01
  7.9308647e-01
 -9.1062814e-01
  2.1118262e-04
 -1.9749956e-01
 -7.0864564e-01
 -3.4337826e+00
  8.6236918e-01
  5.8275527e-01
 -6.3355577e-01
  5.3486955e-01
 -6.9091547e-01
 -6.2157887e-01
 -1.3520868e+00
  6.9519663e-01
  6.4652719e-02
  7.6902682e-01
  6.1967835e-02
 -1.6660807e-01
 -1.7108132e-04
  8.4287298e-05
  1.3924424e-01
 -1.1408868e-01
 -2.5414641e-04
  1.4030468e+00
 -1.9185176e+00
 -6.1113602e-01
  1.1660616e+00
  4.6284756e-01
  5.2220380e-01
 -1.5637559e-01
  1.0677687e+00
  8.5027504e-01
 -1.0915399e+00
 -2.5394422e-01
  4.6292329e-01
 -2.3734465e+00
  1.0956971e-01
  8.8380414e-01
 -1.0501307e+00
  7.5180304e-01
 -4.4281545e-01
 -1.1359979e-01
  1.2827685e+00
  1.2554474e+00
 -8.1440404e-02
 -5.0778497e-02
 -2.4690463e-01
  1.5054897e+00
 -1.1767063e+00
 -1.3015898e-01
  1.8785259e+00
 -1.2808615e+00
 -3.3048217e+00
  1.7285835e+00
  5.6651112e-02
 -1.3080016e+00
  1.5160275e+00
 -9.4593680e-01
  7.8620148e-01
  8.9129966e-01
  2.4957417e-02
 -5.6840765e-01
  2.0784721e-01
  4.4124100e-01
  8.8413227e-01
 -1.6493629e+00
 -7.6663965e-01
 -1.8981637e-01
 -2.1046681e+00
  1.1755552e+00
 -8.5904860e-01
 -1.6641812e+00
  7.5392221e-04
 -1.1024549e-02
  4.4850481e-01
 -1.4370210e+00
 -6.0844358e-02
 -1.4296663e+00
  5.2749985e-01
  9.0786666e-01
 -3.7184262e-01
  3.4950506e-02
  1.9967827e-01
  2.6903379e+00
  3.2030451e-01
  4.9220684e-01
  8.8414699e-01
 -6.1603791e-01
 -6.2025130e-01
  3.9250636e-01
 -4.5107087e-01
 -2.9986472e+00
 -2.7581897e-01
 -1.4654666e+00
  3.3659941e-01
  1.2558012e+00
  1.6896205e-03
  2.2456138e-03
 -1.9476997e-02
  5.4171949e-05
 -1.0767903e-01
  1.4223237e+00
  2.3743945e-04
  9.4530289e-04
  3.9997774e-01
 -4.9485499e-01
 -8.8809669e-02
  3.2349855e-01
 -1.8936591e-02
 -6.0574412e-01
  2.5587094e-01
  2.5625271e-01
  5.0529504e-01
  2.3582650e-03
 -2.2050615e-01
  8.2211534e-04
  1.5121205e+00
 -1.3370870e+00
 -2.8763392e+00
  6.9826543e-01
 -1.1034787e+00
  1.0669613e+00
  6.5331303e-02
  2.5737219e-02
 -4.1132196e-04
 -1.0968564e+00
 -2.4544480e-04
 -2.8787431e-04
  2.4519207e+00
 -1.2443289e-04
  1.3782689e-01
  6.4880759e-01
 -3.8846526e-01
  1.7775701e-04
  5.9847397e-01
  1.6057368e-01
 -5.1741433e-01
  1.6238825e+00
  5.1524508e-01
  3.3093721e-01
  6.9442821e-01
 -9.0643197e-01
 -4.3963948e-01
  1.8357441e-01
 -5.7402837e-01
 -3.5132544e+00
 -6.1942786e-02
  1.1207807e+00
 -3.9252709e-04
 -2.1144839e-01
 -2.6954299e-01
 -1.0072088e-01
  1.1364679e+00
  1.8381278e-01
  3.9916688e-01
  1.4447699e-01
  4.7692594e-01
  2.1554086e-01
  1.6356344e+00
 -2.6149961e-01
  4.6388811e-01
  2.3600584e-01
 -1.7121880e+00
 -2.7972450e+00
  1.8293766e+00
  8.2311630e-01
  1.2269175e+00
 -1.0334166e-01
 -1.5395617e+00
 -9.4596835e-05
 -2.5026473e-01
 -1.1218088e-01
  1.3623999e+00
  9.7376359e-01
  4.1360226e-03
 -4.6768513e-01
 -7.2240704e-01
 -3.5535821e-04
 -1.0732608e-04
  1.2137027e-03
 -1.2315506e-01
  2.4246424e-04
  1.4181720e-01
 -8.2443628e-05
  1.3874753e-05
  2.3972066e-03
  7.9054174e-05
  1.4291482e-05
 -3.6023371e-02
  9.7226220e-01
  3.3034435e-01
 -9.6767789e-01
  1.4463294e-04
  5.0943989e-01
 -1.0845014e+00
 -1.2918845e-01
  3.4179164e-05
 -1.5369578e-03
 -1.5806071e+00
 -4.4456038e-01
 -1.0049151e+00
  5.2612782e-01
 -2.3054604e-04
  1.0629185e+00
 -2.3586815e-03
 -6.8177236e-04
  1.1687814e+00
  2.9808447e-02
 -7.1573246e-01
  2.2274559e+00
  3.4333169e-04
  5.3864095e-04
 -6.3887370e-01
  2.3976561e-01
  7.6649227e-04
 -4.9323048e-02
  3.9404956e-01
  5.7433635e-01
  1.1748774e+00
  1.3107537e-01
  4.6196103e-01
 -8.0473584e-01
 -2.9458803e-01
  1.6672044e-01
 -2.4614814e-03
  1.5206070e+00
  4.7087867e-02
  8.4378237e-01
  1.5316505e+00
  2.7483149e-04
 -1.9152639e-02
 -1.6575813e-02
 -5.3337085e-01
  2.4117504e-03
 -1.8782274e+00
 -1.5183294e+00
  3.6599374e-01
 -2.3550219e-04
 -4.0147410e-04
  1.5012177e+00
 -5.7441086e-02
  4.2509334e-04
  1.7415473e-01
 -1.0809740e-01
  2.0838311e-01
  4.2272392e-01
 -4.0336373e-01
  1.3203630e+00
  2.0791048e-01
  5.2046156e-01
  1.1269360e+00
 -1.2604039e+00
  1.0562741e+00
  5.6956381e-01
 -1.6324853e+00
 -1.0456002e+00
  8.0050486e-01
  1.3446916e+00
  7.3143753e-04
  1.5349580e-01
 -7.1402035e-05
  1.6343477e+00
 -1.3062297e-01
 -2.6534255e+00
  3.6150950e-01
  4.0512913e-01
 -3.7876803e-02
  1.5629028e-01
 -9.5866446e-04
 -1.8967725e-01
 -2.3214493e+00
  4.6664390e-01
  9.4432718e-01
 -1.4681834e+00
  3.8473439e-01
  4.4683066e-01
  5.1722389e-01
  1.0249039e+00
  1.0793007e-01
  2.2328460e+00
  2.1433527e+00
 -3.0030310e-02
  7.9168487e-01
  9.6314096e-01
 -1.4592379e+00
  6.4131892e-03
  4.3160871e-01
  4.4231203e-01
  5.2407908e-01
  1.1470279e+00
 -1.1414304e+00
  3.6540239e+00
  3.9059395e-01
 -2.9486859e+00
  1.4840817e-02
 -4.3709055e-03
 -8.1671321e-01
 -9.0046948e-01
 -5.5874664e-01
 -1.9262434e+00
 -1.8790025e-01
  8.9973485e-01
 -5.9095037e-01
  4.9887699e-01
  1.5899018e+00
  1.0357676e+00
  2.0875730e-01
  1.2128034e+00
 -1.3943401e-01
 -1.3299509e+00
  5.4752660e-01
 -1.0971347e-01
  3.5016041e-02
  6.2728530e-01
 -2.5097921e-01
  1.7336085e+00
 -3.8152447e-01
  4.5023677e-01
  5.8360404e-01
  4.6104965e-01
 -1.9429871e+00
 -4.6898932e-03
 -1.1986346e-02
 -3.4045544e-01
  1.2956125e+00
  1.8439142e+00
  1.0934105e+00
  7.9994434e-01
  8.3114445e-01
 -2.8112119e-01
 -1.4922286e+00
 -6.7573583e-01
  7.7223146e-01
 -1.7078186e+00
 -7.3424274e-01
 -1.9068293e-01
 -2.6669741e+00
 -3.4268811e-01
 -2.6114391e-02
 -2.7745801e-01
 -6.6769177e-01
  5.1725441e-01
 -1.0147558e+00
 -2.5400305e-02
  1.3037198e+00
 -4.3418538e-02
 -2.3704844e-04
  1.0637094e+00
  5.1552033e-01
  2.8953338e-01
 -8.0214120e-02
  7.3340744e-01
  7.9780377e-02
 -2.9621017e-01
  1.3625628e+00
 -1.8514116e-01
 -1.7376252e+00
 -2.1795831e+00
 -1.1680751e+00
  1.5659778e+00
  3.3030424e-01
 -2.7301414e+00
  1.3884846e+00
 -5.3624576e-01
 -2.2315021e+00
  8.7156206e-01
 -9.0291148e-01
 -1.1732854e+00
 -6.0826473e-02
  5.1429629e-01
 -4.9171287e-01
  1.3813150e+00
  1.2678221e+00
  1.7759377e-02
  1.4107847e+00
 -8.0773354e-01
  1.9237788e-01
 -1.8485630e-01
  5.1405638e-01
 -2.3371720e-01
 -1.4808362e+00
 -4.4532660e-01
 -8.8718444e-01
  6.3138151e-01
 -7.4802405e-01
 -1.1962731e+00
 -1.8654140e+00
 -1.6947973e+00
 -2.8854373e+00
 -1.0943749e+00
 -1.2649193e+00
 -7.7445321e-02
  1.4963714e+00
 -5.5162096e-01
 -1.0319917e+00
 -7.2724122e-01
 -6.9537699e-01
 -1.6845112e+00
 -1.8341465e+00
  7.3173881e-01
  1.1591450e+00
 -9.7679323e-01
 -3.8804421e-01
 -1.1416955e+00
  1.4406204e+00
 -1.1882932e+00
 -4.9772853e-01
  6.4772588e-01
  1.2538978e+00
  1.0798576e+00
 -1.2237478e+00
  2.3488299e-05
  6.0916139e-04
 -3.4408382e-04
  1.4677707e+00
 -1.1524048e-04
 -1.6319121e+00
 -5.0150305e-01
 -1.3881770e+00
 -5.4943375e-02
  3.6369645e-04
  4.0650083e-04
  1.7636866e-04
  1.9147167e-04
  1.3113398e-05
 -5.7873523e-01
 -8.5117799e-06
 -1.1089724e+00
  9.5551244e-05
  4.9364875e-04
  5.8237306e-04
 -1.1012552e-03
  1.0588433e+00
  1.2309838e-04
  3.8428029e-01
  7.5288463e-01
  4.4561869e-01
 -1.6293050e+00
  1.4577487e-04
  1.4538347e-04
 -2.5474781e-04
  6.3452739e-01
  3.6185471e-04
  3.1904113e-01
 -1.2128600e+00
  6.2870020e-01
 -8.2856607e-01
  7.3766278e-05
  6.5797608e-04
 -4.8271464e-05
  2.5240202e-03
  3.0275073e-04
 -8.6948597e-01
  1.5576934e+00
  9.5661171e-03
 -1.1033452e+00
 -2.9892917e-04
  2.1664036e-04
 -3.7710014e-04
  1.6041237e+00
 -7.1823370e-06
 -5.4266900e-01
  6.7842180e-01
  9.1126823e-01
 -1.1186781e+00
  7.5993179e-05
 -2.6319671e-04
  1.6284196e-04
 -2.7590602e-05
 -7.1540569e-05
 -1.8465417e-02
  2.4869864e-01
 -1.5901490e+00
 -4.2589405e-01
  3.4108415e-04
 -1.2347823e-03
  9.0241729e-04
  1.3815039e+00
  2.8817204e-04
 -3.4936935e-02
  2.2800611e-01
 -4.8703671e-02
  4.7632322e-01
  2.5815176e-05
  1.4438317e-04
  8.9589879e-04
  2.3419796e-01
 -7.3811039e-05
 -3.6328748e-01
  7.8367519e-01
  7.0618755e-01
 -2.1924174e-01
  3.5573859e-04
 -1.0884526e-04
  3.7525326e-04
 -5.9547183e-05
 -8.9082163e-04
  9.1809750e-02
 -1.1695889e+00
  1.4251029e+00
 -4.3727245e-02
  5.0610554e-04
 -5.6574563e-04
 -6.4337580e-04
 -1.4873871e-04
 -1.6051096e-04
 -2.9903863e-04
 -6.0890423e-04
  5.8237618e-01
 -3.2154075e-03
 -7.7817787e-04
 -6.1131723e-04
 -4.7341004e-04
  5.9082463e-02
 -4.7145807e-04
  7.2004354e-01
 -6.7960036e-01
  9.9091434e-01
 -1.1898569e+00
  7.4666168e-04
 -2.5523486e-04
 -2.7255595e-04
  5.3850078e-04
  6.3163447e-05
  3.3911130e-01
  1.5815227e-01
 -1.3382168e+00
 -3.3699730e-01
 -2.9812481e-02
 -1.9284447e-04
  2.0659776e-04
  1.7887275e-04
  3.2928195e-03
  8.7667459e-01
 -3.4851573e-02
  1.2347653e-01
  1.5376257e+00
  4.8547279e-04
  1.5439774e-04
 -1.9791989e-04
 -3.6232430e-04
 -2.4534165e-04
  8.4507078e-01
  5.1700157e-01
  2.2263980e+00
 -6.7683524e-01
 -7.0699537e-04
  9.6154981e-04
  9.8379089e-05
  4.6517691e-04
 -3.1101816e-05
  9.8893926e-02
 -2.0530900e-01
  1.4159466e-01
 -1.8730628e-01
 -1.0156643e-03
  9.7801501e-05
  6.1271666e-04
  2.5502315e-03
  1.8089244e-03
  2.0073113e+00
 -6.2269822e-02
  3.6154288e-01
  7.3084104e-01
  1.7440204e-04
 -9.3157169e-06
  2.9753757e-04
 -2.0029544e-04
 -7.0514747e-05
  7.9710014e-02
  5.2743733e-01
 -5.7709640e-01
  4.7398517e-01
 -1.1424280e-03
 -7.3294244e-03
 -5.3412771e-01
 -6.5828198e-01
  2.6377937e-04
  3.9331102e-01
  1.8056889e-01
 -6.6687763e-01
 -5.4641062e-01
  1.2546368e-03
 -1.8053770e-04
 -5.1465625e-04
 -4.5059839e-01
  3.4890749e-04
  2.2399707e+00
  5.8305258e-04
  7.7906676e-05
  1.0149936e-03
  4.7607024e-05
 -1.6327039e-03
 -2.9008588e-01
 -1.4464434e-02
  8.8625784e-06
 -4.5616668e-01
  1.8001899e-01
 -2.6264994e+00
  5.6271100e-01
  1.6386837e-01
  6.5977138e-04
 -5.5052620e-01
 -3.6297725e-03
  1.5023293e-04
 -8.5616790e-02
  5.2371722e-02
  3.0666721e-01
 -3.4826934e-01
 -3.3545712e-04
 -4.4026098e-04
  1.7431302e-03
 -4.2568761e-04
  6.3225057e-04
 -1.0260514e+00
  2.6216167e-01
 -6.0734981e-01
 -1.6746527e+00
 -6.0790262e-05
  8.6275046e-05
 -4.1531223e-01
 -4.7152260e-01
  1.3723380e-04
  6.7240387e-02
  2.1849982e-01
  8.1897682e-01
 -9.0246856e-01
 -7.6523531e-05
 -8.4956473e-04
 -8.4261454e-05
 -1.4584810e-05
 -1.7484049e-04
  1.2255574e+00
  1.5439816e+00
 -4.3783325e-01
 -8.0645108e-01
 -1.0304259e-03
  2.1848144e-05
 -8.2580984e-01
 -1.8539666e-01
 -5.8018930e-05
  3.8597968e-01
  4.6058547e-01
 -2.1059589e+00
 -1.8466146e+00
  6.9565518e-04
 -3.7413614e-04
  2.6824731e-01
 -1.6642515e-04
  5.0911558e-04
 -4.0422103e-01
  1.2563360e-01
  6.7069358e-01
 -8.7590975e-01
  2.6118543e-03
  7.2598827e-01
 -8.1720102e-01
 -2.7276078e-01
 -4.2394246e-03
  7.6359522e-01
  7.0127666e-01
  1.0730648e+00
 -7.8211004e-01
  1.8943992e-04
  1.4399497e-05
 -9.6146192e-05
 -6.6009868e-04
 -2.0786526e-04
 -2.2656341e-01
  3.8379803e-04
  6.4233434e-01
 -4.9223105e-04
  1.2358309e-02
  5.8777416e-01
 -5.6492627e-01
 -2.0881284e-02
 -1.9436498e-03
 -1.2353129e+00
 -2.5892656e-02
 -4.8946854e-01
 -6.9907272e-01
 -2.0387169e-04
  1.3403397e-03
 -1.0038536e+00
 -1.5268059e-04
  2.2377657e-04
  9.6305168e-01
  5.1621553e-02
  8.6260593e-01
  1.1525277e+00
  1.6482491e-03
  3.2918990e-01
  2.8384653e-01
 -2.2376077e-03
  8.2167872e-04
 -1.9090826e-04
  8.7156481e-01
  4.4317058e-01
  6.1061782e-01
  6.8788888e-04
  1.1403939e-01
  3.0707583e-01
 -8.1663365e-03
  1.8751241e-04
 -2.0592039e+00
 -1.7146990e-01
  1.8247700e+00
 -6.6853791e-01
  4.2859185e-03
  5.6635132e-03
 -1.5481558e-01
  1.4536553e-04
  4.0136761e-04
 -1.8107988e+00
  2.9531530e-01
  1.3735775e+00
 -5.7850540e-01
 -5.1642541e-04
  4.1704947e-01
 -8.3362514e-01
 -6.4442633e-05
  4.8706315e-05
 -2.3566878e-01
  4.3098059e-01
 -2.4590102e-01
  2.6321542e-01
  1.8982936e-03
  3.8732845e-01
 -4.3770644e-01
 -1.0347973e-03
 -2.7650676e-04
 -6.1192799e-01
  4.4791576e-01
 -3.9313772e-01
 -1.0320975e-03
 -8.6022832e-05
  5.0154667e-05
 -9.6860605e-01
  3.1690836e-01
 -1.0609358e-05
 -1.0565860e+00
  9.3810707e-01
  8.7237638e-01
 -8.2790166e-01
 -2.1699640e-04
 -1.5187913e-05
 -4.7472212e-04
 -5.1676220e-04
 -2.6979233e-04
 -7.4170209e-02
  8.4591770e-01
 -2.5971689e+00
 -5.3596939e-04
 -1.0171537e-03
 -5.1936606e-04
 -1.7055647e+00
  4.0089318e-01
 -1.2136372e+00
 -8.7428647e-01
  8.7083630e-02
  1.1718644e-01
  7.7367651e-01
  3.8959974e-01
  4.7097492e-04
 -1.3963419e-01
  3.3124312e-04
 -4.9088040e-04
 -1.0054524e+00
  1.0786380e+00
 -1.8125965e-01
 -9.4642216e-01
 -3.9477114e-04
 -2.1880113e-04
 -4.6488708e-01
  2.0005457e-02
 -1.6644729e-04
 -9.7502768e-01
 -5.6763870e-01
 -8.9908600e-01
  6.7487076e-02
 -8.8201422e-04
 -9.9215226e-04
 -3.5929456e-01
  1.1823991e-03
  1.2598051e-03
  6.0554034e-01
  2.0082387e-01
  7.8044528e-01
  6.4612401e-01
 -8.1466942e-04
  1.3210475e-04
  1.4540801e-03
  5.4324901e-04
  2.8626068e-04
  8.5904244e-03
  1.6920359e+00
 -1.7745842e+00
  7.5524616e-01
 -3.3232797e-04
 -2.6971099e-04
 -3.4557635e-01
  2.8168139e-01
 -9.4487412e-05
  2.2279944e-01
 -8.4651031e-02
  9.6033804e-02
 -2.8059900e-01
  4.2889529e-05
 -2.4188045e-04
 -4.5968387e-01
  5.6538107e-03
  1.0521081e-04
  1.0242177e+00
  2.1105863e-01
 -6.4276832e-01
 -7.0687407e-01
  1.2413758e-02
  1.2413758e-02
  1.2413758e-02
  1.2413758e-02
  1.2413758e-02
  6.7241365e-01
  6.7241365e-01
  6.7241365e-01
  6.7241365e-01
  6.7241365e-01
  1.4738771e-01
  1.4738771e-01
  1.4738771e-01
  1.4738771e-01
  1.4738771e-01
  1.0924964e-01
  1.0924964e-01
  1.0924964e-01
  1.0924964e-01
  1.0924964e-01
  1.6452778e-02
  1.6452778e-02
  1.6452778e-02
  1.6452778e-02
  1.6452778e-02
  1.8038879e-01
  1.8038879e-01
  1.8038879e-01
  1.8038879e-01
  1.8038879e-01
