nep4 3 Ba Zr S 
cutoff 8 4 150 20
n_max 4 4
basis_size 8 8
l_max 4 2 0
ANN 30 0
  1.3084024e-06
 -8.6644022e-06
 -2.0806965e-05
  8.0248981e-07
  1.8541297e-07
  5.6909789e-06
  8.3705800e-06
  1.1931854e-07
  2.5827346e-06
 -1.2501153e-04
  6.7600954e-06
  3.3946239e-05
  1.6119081e-06
  6.1092753e-05
  2.0766583e-05
  1.8353358e-05
  1.9544221e-05
 -2.7384409e-05
 -2.0876219e-05
 -9.9515182e-06
  2.3849425e-05
  6.5854288e-06
 -1.2287870e-05
 -1.1431312e-05
  1.0974996e-05
  1.2942948e-04
 -2.3269872e-06
  4.3271385e-07
 -3.5400674e-07
  3.2808596e-06
  8.3129960e-01
  6.5510726e-01
 -3.9396451e-05
  4.7363359e-05
 -1.7186848e+00
 -1.8260641e-06
 -1.2179644e-06
  1.8596992e-02
 -6.0382581e-01
  1.4439453e+00
 -1.9697422e-05
 -1.5404501e-06
  6.1662864e-02
 -5.6097565e-06
  4.7674964e-04
  2.8585568e-05
 -2.2020537e-05
  3.1684306e-01
  2.9936563e-02
 -2.4835113e-01
  1.7936070e-05
 -4.9147158e-05
  4.6658963e-02
  3.0594018e-01
  3.4869656e-01
  1.6078238e-05
 -6.7366973e-06
  1.2289311e-05
 -3.8885937e-05
  2.4597753e-06
  4.3287841e-06
  3.3510030e-05
  3.1408537e-05
 -5.6876002e-06
 -3.1552017e-06
 -3.5048924e-05
 -8.4741432e-06
 -1.9593637e-05
  5.3245190e-04
  9.9280305e-06
 -9.8505216e-06
  2.3265909e-05
  7.6338029e-06
 -9.8983071e-07
  1.5920344e-06
  1.3673081e-05
 -3.9340048e-06
 -7.7888457e-05
 -2.9950484e-06
  3.8977419e-06
  1.5625443e-05
  8.6859063e-06
  6.3378739e-06
 -2.9685452e-06
 -2.0241816e-06
 -7.8916137e-06
 -2.2039269e-05
 -2.2854767e-06
 -1.9002024e-06
  1.1457671e-05
  6.7448759e-01
  2.3157141e-01
  4.6391751e-06
  2.1681028e-06
  7.0104634e-06
 -2.4845194e-05
 -1.6198666e-05
  3.2129083e-05
  3.2850244e-06
 -5.0419289e-01
 -5.8704472e-06
  1.1897244e-05
  1.6288110e-05
  9.3796586e-07
  1.5297945e-05
 -7.2386360e-06
  3.8696049e-05
  1.3481602e-05
  2.1713806e-06
 -8.0630668e-03
 -1.0741644e-05
 -7.0461274e-06
  8.4527113e-05
  2.5798185e-05
  6.6698551e-02
 -1.9391704e-05
  2.3011475e-04
 -7.4520635e-06
  1.8510313e-04
  8.5357868e-05
 -1.7460827e-06
 -6.2708145e-06
  6.7517053e-06
 -8.7492104e-08
  6.0234443e-06
  1.1530296e-05
 -5.0916065e-06
 -1.7860497e-05
 -1.1552849e-05
 -1.3122360e-06
  2.5930389e-05
  3.4168397e-06
 -7.2751163e-06
 -3.2981488e-06
  7.0178735e-06
 -1.3754038e-05
 -2.5798070e-06
  5.1241364e-06
  4.0766226e-05
 -2.6612777e-05
  1.5612349e-06
  1.6645607e-05
 -3.5128373e-06
 -5.5255857e-04
 -1.5005827e-06
  8.2829851e-04
  5.4356198e-05
 -4.6679584e-06
 -1.0710868e-06
  6.6983665e-07
 -3.3621163e-05
  8.5557467e-06
 -3.8019516e-05
 -4.3519271e-06
 -7.0555839e-06
 -1.3814640e-06
 -2.2397467e-06
 -2.7435992e-06
  1.4324200e-05
 -3.3604796e-05
 -2.8621001e-04
 -9.7436487e-06
  4.4274455e-07
 -4.9676014e-06
 -2.4546180e-06
  2.0908921e-05
  7.4906939e-06
  2.4507452e-05
 -2.1369319e-06
  1.4569750e-05
  5.6320177e-06
 -1.8271667e-05
 -3.0127939e-08
 -7.6896922e-06
 -2.0012147e-05
 -4.2160722e-05
 -5.6548611e-06
  2.4487344e-06
 -2.5326967e-06
 -2.8885488e-06
 -1.9323081e+00
 -4.2012794e-04
  7.7618797e-06
  1.8164400e-06
  5.8652306e-01
 -5.6484078e-06
  8.1548160e-06
  3.9070819e-06
  4.5623891e-02
  3.4203498e-05
 -3.3185185e-07
 -2.9977714e-06
 -1.6444817e-05
  4.4643926e-05
 -3.0716910e-05
 -1.5587688e-05
 -1.4983512e-05
 -3.7145455e-07
  2.4161736e-06
  1.9255135e-06
  1.9556062e-05
 -8.3504119e-06
 -2.0966008e-04
 -2.2294849e-05
 -4.2268002e-05
  3.0278405e-05
  5.0970971e-06
 -4.2158558e-06
 -9.2943801e-06
 -9.2481378e-06
 -5.6007797e-01
 -7.8053035e-02
  2.3277376e-05
 -5.3526572e-05
  4.8061594e-01
  1.5005666e-05
  5.1995994e-06
 -2.5261957e-05
  7.2388791e-02
 -3.7750196e-01
 -1.0473614e-04
  1.5092407e-06
 -5.9496646e-04
 -2.6546468e-06
 -3.2656453e-07
 -1.5755200e-05
  3.1601037e-05
 -5.0139544e-05
 -2.6244429e-04
  2.7451359e-02
  1.5374777e-04
  1.7829334e-05
 -7.9683969e-06
  2.8215661e-07
 -1.5439983e-03
 -6.6185626e-06
  2.8700301e-06
  1.4301902e-05
  3.0678755e-05
  8.6311862e-04
  1.6705093e-01
  9.1530113e-05
 -1.8427327e-05
  1.2289389e-04
 -4.5540392e-06
 -7.3831716e-06
 -9.3007093e-06
  1.1382096e-04
 -3.5607325e-06
  2.4498199e-01
 -4.1684675e-06
 -3.7219284e-06
  5.9076624e-06
  1.0690368e-07
  2.0261896e-04
  2.8279544e-05
 -4.9108185e-06
  1.4324697e-05
  7.6106761e-07
 -2.9152579e-04
 -4.8685201e-06
  8.4536832e-06
  1.5942611e-04
  2.2162321e-04
  1.6288750e-02
  6.7397182e-06
 -9.7204156e-07
 -1.0505494e-07
 -3.9985073e-07
 -3.4628088e-06
 -2.0107874e-01
  2.0399179e+00
 -1.3739951e-05
 -1.3155625e+00
  1.0192182e+00
 -9.9668860e-06
 -5.3983076e-06
  1.0750660e-01
 -1.5394904e-01
  7.6000556e-02
 -9.6508838e-06
 -4.9462878e-06
  2.6337013e-01
 -1.0672676e-01
  1.3661615e-03
 -1.5903624e-05
  1.8493589e-06
  3.9653218e-01
  1.9536902e-01
 -1.2437812e-02
  2.6912373e-06
  1.4383542e-05
  1.3749319e-01
  4.5919573e-01
  3.1343937e-01
 -1.7952034e-04
  3.7478014e-05
 -5.1614852e-06
 -3.7640963e-05
 -1.2518388e-01
 -3.1553259e-01
  1.2720522e-05
 -3.1351996e-05
 -4.7060090e-07
 -1.7209172e-06
 -6.3584412e-06
  1.8581266e-06
  5.0250487e-06
  5.9718950e-06
 -3.7627672e-07
 -1.2350733e-05
  9.6026197e-06
  5.0961993e-05
  1.5236062e-05
 -5.9329541e-06
  8.3819778e-06
 -1.1382414e-05
 -4.2775187e-07
 -8.7200788e-05
  3.3951324e-06
  1.7299868e-06
  3.7083846e-06
  1.5995678e-05
  6.7814476e-06
 -2.2489390e-05
 -2.7773951e-05
  2.3831284e-05
 -4.0989380e-05
  6.2560975e-05
  1.6970173e-06
  8.3530431e-06
  3.0862209e-06
  1.3307500e-06
 -4.0977961e-06
  6.0503222e-05
  4.0045461e-06
  1.8965284e-06
 -6.8070978e-05
 -5.0543690e-06
 -1.0835430e-05
 -5.6214908e-06
 -1.0706176e-06
  1.5132192e-06
  4.6180808e-06
  1.1570223e-06
 -3.6120844e-05
 -1.5492638e-05
 -1.0814822e-05
  5.3072563e-06
 -1.3206479e-05
 -9.2314513e-06
  3.0110812e-06
 -9.6979293e-06
  1.9077993e-06
 -9.0974654e-06
  5.9041991e-05
  1.0496876e-05
 -2.7330936e-04
 -1.2809300e-05
  2.4445182e-05
 -1.7515439e-04
 -9.3466166e-05
  1.8207995e-05
  8.6374685e-06
 -1.3127916e-05
  1.1003627e-05
 -3.4512311e-07
 -7.1100800e-08
  3.1262002e-06
  3.3564761e-06
  1.2902615e-07
  8.6217688e-06
  2.8896081e-06
 -1.0502688e-07
 -4.0983359e-05
 -2.5817229e-05
 -2.5230759e-06
 -7.0157789e-06
  1.7442924e-05
  4.5781921e-06
  4.3860626e-05
  1.4545383e-06
 -2.5232116e-06
 -2.2086137e-05
  7.1516679e-06
 -3.2209459e-06
 -6.9547650e-06
 -8.6878472e-06
 -2.3749615e-05
  6.4294734e-05
  2.6426487e-06
 -1.0097347e-06
  5.7709196e-05
  9.4600900e-06
  5.7100592e-06
 -1.6224084e-06
 -7.7669956e-06
  5.2830078e-06
 -7.1411005e-06
  3.2684169e-05
  3.8641265e-06
 -2.7444603e-06
  2.1191214e-05
 -3.1651691e-06
 -1.6440994e-05
  1.2766983e-05
 -1.8541212e-05
 -8.1862909e-06
 -4.3742316e-06
  3.9251107e-05
  4.7146523e-06
  7.6693741e-06
  2.9204337e-05
  4.7709145e-06
 -4.2495791e-05
 -3.1804682e-06
 -2.0538255e-05
  4.3184423e-06
 -9.2163782e-06
 -2.2054560e-06
  7.9596698e-01
  9.4339329e-01
 -7.1615527e-06
 -1.8342049e-01
 -1.1119064e+00
 -3.8425696e-06
  3.1472791e-07
  1.0628293e-02
 -6.4781797e-01
 -5.5999261e-01
 -1.2031835e-05
 -2.0413220e-04
  1.5231277e-01
 -2.6831269e-01
  9.1214605e-02
 -7.8777430e-06
 -6.6677167e-04
  3.8133645e-01
  3.4383947e-01
 -8.1030063e-02
 -1.3867058e-05
 -1.5640799e-05
  2.2631420e-02
  3.2267973e-01
  4.3259123e-01
  1.7188117e-05
  1.2108177e-05
 -6.7446194e-06
 -6.7525267e-05
 -1.6009154e-03
  1.4267653e-05
 -8.9213418e-06
 -1.9228084e-05
  2.2923241e-05
  2.1585354e-06
  7.1439075e-07
  5.7621255e-06
  4.0740291e-05
  1.5958967e-05
  7.8494594e-07
  3.6962600e-05
  3.6413987e-06
 -4.4483577e-06
 -1.3847184e-05
 -1.5631023e-05
 -1.3591292e-06
  4.6254740e-07
 -1.0795475e-05
 -1.5022398e-06
  1.9391434e-04
 -1.6796073e-05
  3.9103085e-07
  1.4999322e-05
  5.2060641e-06
  4.9778287e-06
  1.8298856e-06
 -1.5346675e-05
 -2.5850234e-06
  3.7795512e-06
 -5.5774317e-06
 -1.3571925e+00
 -2.7930124e-05
 -1.5832629e-05
 -7.9042138e-07
  1.1182143e-01
  3.6385427e-06
 -2.3793145e-06
  1.3937028e-04
  2.5069127e-02
  2.3891403e-01
 -8.3083614e-07
  1.1258191e-05
 -8.3717587e-04
  3.1449406e-05
 -5.6586112e-03
  5.4125530e-06
  1.4056513e-05
 -5.4678260e-03
 -7.8687634e-05
  3.3001134e-01
 -9.0533570e-07
 -5.9183676e-06
 -1.2773869e-04
 -2.5461854e-02
 -6.0056414e-02
 -2.9017885e-05
 -7.6353517e-06
  1.9719733e-05
  6.5605077e-06
 -2.7378746e-06
  3.7775510e-05
  3.4182111e-05
 -1.9191216e-06
  6.4282376e-06
 -1.8839633e-05
 -4.9306091e-06
  3.9074763e-07
  1.5472282e-06
 -9.4501584e-06
  1.8197992e-05
 -2.1005646e-06
 -1.7978871e-05
 -6.4286983e-06
 -8.5684524e-06
  4.5251779e-04
 -1.9006757e-04
 -4.4648959e-06
  1.6350512e-05
 -8.7529688e-06
 -4.0844966e-06
  3.8283033e-06
 -1.2705843e-06
 -3.1942262e-05
  1.0475738e-04
 -2.0926780e-06
 -2.1904263e-05
  1.4969143e-05
  6.4071105e-06
  4.9967974e-07
  1.9135465e-05
  7.4880904e-01
 -6.4786041e-01
 -2.8023773e-01
  2.7057753e+00
 -3.3549824e+00
  3.6075205e-06
  1.0191904e-05
  1.1949655e-01
 -3.6100581e-02
  2.1209943e-01
 -1.5223849e-06
 -6.2182066e-06
 -4.9057094e-06
 -2.1915928e-02
 -1.2707119e-05
  6.0116390e-06
 -1.1257892e-04
  1.7578530e-01
  2.7744265e-02
 -1.3061528e-01
  1.4590934e-06
 -2.9611829e-06
  5.3830147e-02
  2.9604372e-01
  3.3473390e-01
 -3.1852603e-06
  5.9109611e-06
 -2.6776470e-05
  2.1066312e-06
 -9.8718971e-05
 -2.6347487e+00
 -8.7209493e-01
  3.3169681e-06
  1.2833972e+00
  1.0648742e-01
  6.4550013e-06
  1.3754775e-05
  7.1542388e-05
  1.5038899e-01
  6.0626322e-01
 -1.2666815e-05
 -1.5312842e-05
 -1.2131108e-01
 -5.1811086e-05
 -1.7631213e-01
  1.5801656e-05
 -5.4510267e-05
 -1.3300946e-01
 -1.2171980e-01
  3.1686734e-02
  2.3281737e-06
  6.5448517e-06
 -1.6235545e-02
 -3.7301943e-01
 -6.8474814e-02
 -1.8572136e-06
  4.9632786e-06
 -2.4673183e-05
  2.3929990e-05
  6.2181248e-04
  5.3211937e-05
 -9.0273141e-07
  1.5167358e-05
 -1.4512009e-05
  8.1854319e-07
  7.7589211e-06
 -7.0102597e-06
  3.5979585e-07
  5.0661774e-06
  4.4803259e-05
 -1.7694412e-05
 -7.2334064e-06
  1.2956278e-05
  7.7485138e-06
 -1.4791282e-05
 -1.9922782e-06
 -2.4030875e-05
  4.8059542e-06
  2.8091432e-05
  1.0269848e-05
  3.1989603e-07
 -9.3849194e-06
 -7.2247199e-06
 -3.4762281e-06
  1.4041101e-06
  4.8650213e-06
 -2.4784476e-05
  8.5108586e-06
 -9.3545702e-07
  3.2774772e-06
  4.9709802e-06
  8.9915364e-09
 -2.9665739e-06
  2.2871867e-09
  1.5269352e-05
 -1.9737047e-06
  1.6024906e-06
 -7.4652739e-06
 -3.4509758e-05
 -9.4468151e-06
  1.0041261e-05
  4.6656191e-05
 -2.2144173e-05
  3.6958388e-06
  2.4472085e-05
  1.0532669e-05
 -2.2272401e-05
 -4.0904288e-06
  2.6294052e-07
 -1.3986718e-05
  4.5992465e-06
 -6.2576273e-06
  4.5278557e-06
  6.7603270e-07
 -1.4226528e-05
  1.1533161e-06
  1.2942985e-05
  3.7049091e-07
 -7.4758177e-06
 -6.2613361e-07
  3.2013991e-06
 -3.6545003e-05
 -5.5739378e-07
 -6.2496412e-07
  1.5779317e-05
 -3.0221334e-05
  9.2079572e-05
 -1.3288587e-07
  3.1020820e-06
  4.4742405e-06
 -9.2344260e-07
 -5.5817856e-07
  8.0272057e-06
  6.1370838e-07
  1.1469418e-05
  1.9523973e-06
  5.3450208e-06
 -2.1665805e-07
  6.4354208e-05
  6.8226532e-06
  7.8194552e-07
 -3.3334268e-06
 -3.2715184e-06
 -2.1662004e-06
 -1.4069939e-05
  1.1679812e-06
  2.5914120e-05
 -3.4279981e-06
 -3.1133989e-06
 -3.5918829e-06
 -2.0600392e-01
 -3.2579696e-01
 -7.7617224e-06
  6.1846804e-05
  1.3631448e-01
  1.1505574e-05
  1.4050820e-06
 -5.8613025e-02
  1.0960294e-03
 -6.7464307e-02
  6.8113550e-05
  3.3163374e-06
 -2.0770531e-04
  1.2675329e-05
 -9.7041857e-07
  1.8782225e-07
  2.1368423e-06
 -7.6358438e-02
  3.5423764e-05
  1.7583549e-02
 -3.8349717e-06
  2.7595847e-06
 -1.0710141e-03
 -3.6861235e-04
 -2.9666087e-02
 -1.2389534e-06
  4.3283953e-06
 -4.4749663e-07
  5.2013776e-05
  3.9464237e-05
  1.3380183e-04
 -1.4983164e-05
  4.2701390e-06
  3.3726971e-04
 -3.0391443e-06
  8.6942146e-06
 -2.7902686e-06
  6.3199318e-06
  4.5794732e-06
 -2.2227872e-05
  5.1903485e-06
  1.1839741e-05
  2.7354827e-06
 -3.7432121e-05
 -1.0341257e-06
  2.3583816e-05
  5.4964207e-06
 -5.8058786e-06
 -2.2037857e-05
  2.3559647e-02
  1.8550488e-06
 -1.4945681e-05
 -7.2241790e-05
 -9.7569347e-05
  3.8431452e-05
  2.5277968e-06
  3.9616311e-06
 -1.2743418e-05
  6.8645892e-07
  3.7162492e-04
 -2.4098079e-05
  1.2416280e-06
  3.8581920e-06
  2.4026044e-06
  7.8102321e-06
  5.4339699e-07
 -2.4304680e-05
  3.6770521e-06
  8.6820110e-06
 -2.7013044e-05
 -2.6116850e-06
 -3.2985467e-04
  3.3071788e-05
 -2.7979648e-04
  1.5056984e-05
  7.5988851e-06
  4.8143593e-06
  3.8976732e-06
  5.0183906e-05
  1.8480036e-06
 -1.0839669e-06
  3.0915555e-05
  7.4651857e-06
  4.4360813e-06
 -9.9007220e-06
 -1.2548464e-05
  3.1157253e-06
  3.2308490e-05
  3.4269615e-06
  5.5168935e-06
  5.5972152e-05
  1.7284276e-01
  7.2822229e-07
  8.5011579e-06
 -1.3548180e-02
  2.8132879e-06
 -1.2947523e-05
  8.4926643e-05
 -3.2223500e-02
  5.7268625e-01
  4.4132744e-06
 -4.9313185e-06
  5.9281403e-05
  2.5546547e-05
 -1.2332658e-05
 -1.4701304e-05
  9.5541918e-07
  8.8971847e-06
  8.7987892e-06
 -7.8401008e-06
 -1.6289318e-05
  5.6568579e-06
  1.2188457e-04
  1.6537551e-05
  2.7710325e-05
 -3.5838460e-05
  8.6562619e-07
  9.2533613e-05
 -5.2037194e-06
  1.1732029e-06
 -2.4810456e-06
  3.6149531e-06
  6.4484384e-06
  3.5580533e-06
  8.4160268e-02
 -1.1688549e-05
  1.1669338e-05
  5.6244647e-07
 -1.3045345e-05
  1.3173370e-05
  4.7039084e-06
 -1.1245168e-04
 -1.8984595e-06
  1.8333562e-06
  1.5342050e-05
 -5.5552459e-06
  3.8279450e-07
 -9.3312283e-06
 -6.9513521e-07
  3.1692914e-06
 -4.2312193e-05
 -4.2372599e-06
 -1.5713039e-06
  1.9229066e-05
 -1.3670548e-05
 -1.1137937e-05
  1.4400849e-06
  9.1193751e-06
 -1.7153172e-05
 -2.2515442e-05
 -1.9232662e-04
  7.4453123e-07
 -4.0946866e-06
 -5.6156177e-06
  8.1136473e-05
  1.2343674e-05
 -1.5522871e-06
  2.6515518e-06
  2.2105065e-05
  3.6933881e-01
  2.9211674e-06
  4.5163706e-06
  2.3587330e-05
  2.5359734e-05
 -9.3028761e-02
  7.4230906e-05
 -2.5902533e-05
 -3.8324376e-07
  6.3227099e-06
 -3.4133311e-06
 -5.1813191e-07
  1.1748940e-04
 -2.0765813e-06
  4.3872374e-06
 -9.6511048e-06
 -4.8791608e-05
 -2.9056221e-06
 -2.2530371e-06
 -2.1134412e-05
 -5.1761776e-07
 -6.7164688e-06
 -2.2770082e-05
  5.9520366e-06
  2.0111625e-05
 -2.3985645e-05
  2.6107923e-06
  9.3881317e-06
  1.9957633e-06
  2.0395531e-05
 -5.8062102e-05
  4.7177906e-04
  2.1257038e-06
 -8.5578167e-06
  8.2473243e-06
  3.4997174e-06
 -1.2547831e-05
  1.5649752e-04
 -2.3385654e-05
 -2.8875238e-05
  2.3960125e-05
  4.0312871e-06
  1.4858583e-05
 -4.6626328e-06
  8.6594591e-06
  1.5011522e-05
  8.8799425e-06
 -2.3418006e-06
  8.1967100e-06
  9.0979474e-06
 -2.2036205e-05
  6.2989429e-06
  2.6625115e-01
 -6.1834883e-04
  1.6778627e-01
  2.9248653e-05
  1.9051694e-07
  1.2102183e-01
 -3.2962212e-01
 -8.2390696e-01
  9.1363692e-01
 -2.6134785e-05
 -2.7133499e-05
 -1.6652401e-01
 -1.1605557e-05
 -2.2759226e-01
 -1.0378939e-05
  6.9417074e-02
  1.4421453e-01
  1.0097951e+00
  5.6819700e-02
 -1.4518288e-07
  9.1104175e-06
 -1.2539242e-05
 -5.1969874e-01
 -2.8921389e-05
  1.4173701e-06
  4.4702217e-01
  1.2596483e-05
  4.4389558e-01
  1.8019871e-05
 -1.2456795e-05
  1.8106166e+00
  3.0142930e-06
  1.0735441e+00
 -9.4709949e-06
  7.6569144e-05
 -8.8936478e-01
 -9.3865031e-01
  1.6671691e+00
  2.9751756e+00
 -9.1711417e-02
  1.4038361e-07
 -2.7010763e-01
  7.9439324e-06
  2.1794267e+00
 -1.0753844e-05
 -1.2275035e+00
  3.8579503e-01
  2.7944696e+00
 -3.3435943e+00
 -4.4778126e-06
 -5.1563580e-05
 -4.5493211e-06
 -1.3093807e+00
 -1.7335078e-05
 -1.7022985e-05
  1.0418203e+00
  1.4371793e-05
 -6.2460947e-01
  1.3967285e-07
  7.9208425e-05
  1.4492293e-05
 -5.8195260e-06
 -1.1206378e-05
  2.9458095e-06
  5.7930142e-06
  1.5712370e-05
  2.3919296e-05
 -2.2027350e-06
  5.6506074e-06
 -2.0166779e-05
 -1.8030738e-05
  2.1859223e-06
 -1.4295426e-05
 -5.9053978e-06
 -1.0681755e-05
 -1.5664707e-05
 -1.7561835e-04
 -1.1585178e-05
 -4.4618696e-06
 -2.9167393e-06
 -1.9470943e-05
 -4.0849632e-06
  3.7607370e-04
 -1.4096753e-06
 -4.5190227e-05
 -1.8111266e-04
 -7.7502074e-07
 -1.3851362e-05
  3.0865725e-05
 -4.0423343e-01
  1.6588851e+00
  2.0817485e+00
 -5.2418890e+00
  2.2544453e+00
 -6.2050013e-04
 -5.5592245e-01
  1.9688113e-01
  1.3536276e-04
 -3.1393549e-01
  8.5653387e-02
 -3.7749454e-01
  2.0174428e-03
  8.5430807e-01
  1.1774758e-05
  5.1153690e-01
 -2.7434054e-01
 -2.8323996e-01
 -4.3208891e-01
  3.9324991e-06
 -3.2980743e-01
  1.0952303e-05
 -2.6888189e-01
  4.3795779e-01
 -2.1064970e-06
  9.5200754e-05
 -2.8769940e-02
 -1.2995104e-06
  3.4282584e-02
  8.6338187e-06
  1.1269704e+00
 -2.7560762e-01
 -3.4846923e-01
 -2.3940371e-01
 -1.5502243e-01
 -2.4182962e-06
 -3.6601804e-04
  3.0607656e-01
 -3.4044770e-06
 -5.9855817e-04
 -8.8855237e-02
 -1.8648858e-01
 -2.1899057e-05
 -4.3360397e-02
 -7.3046740e-06
 -5.7585761e-02
 -8.1454291e-06
 -6.0554645e-03
  4.2620026e-02
 -2.0018671e-05
 -1.3925423e-01
  1.4989306e-01
  7.4922932e-06
  1.8451045e-01
 -9.2083635e-04
  1.4922546e-05
 -1.8712119e-04
 -2.9793875e-07
  1.4193318e-05
  6.9035955e-06
 -3.1757812e-05
  2.1550275e-01
 -4.5320949e-06
  4.4659484e-02
 -3.1321818e-01
 -1.7009676e-03
 -3.4593311e-01
 -5.1494103e-02
 -6.4244568e-01
  6.9058937e-04
  2.6854611e-04
  5.2653206e-05
 -3.1471009e-05
  1.8163119e-03
 -3.2956930e-05
 -9.0218004e-05
 -6.1128591e-04
  1.0711799e-04
 -2.0289524e-01
  1.7869537e-05
  3.3519638e-01
  3.3619517e-04
  1.6824482e-05
  2.4439895e-04
 -3.0615647e-07
  3.1534166e-06
 -1.1543081e-05
 -8.9316918e-06
 -2.2914504e-04
  4.2234583e-06
 -4.8328635e-01
 -1.2490782e+00
  2.3805809e+00
 -2.3110244e-01
  6.6157532e-01
 -7.9055190e-02
 -1.5069975e-03
  3.3284031e-04
 -2.4562581e-01
 -1.4829080e-01
 -1.2675832e-01
 -1.1841848e-01
 -6.6113129e-02
 -1.0339509e-01
 -7.4667940e-03
 -1.6667651e-01
 -1.5880170e-01
 -1.4954144e-02
  5.5446500e-01
 -3.9390525e-05
 -2.3816243e-02
 -1.7788778e-06
  1.6206861e-06
  4.8150785e-02
 -5.5865287e-03
  1.5036602e-05
  1.4493150e-05
 -8.1156410e-05
  6.5484060e-06
  1.2622637e-05
 -1.5074875e+00
  3.3348680e+00
 -3.1698981e-01
 -2.1951673e+00
  4.0044054e-01
  7.6385461e-02
 -9.3655065e-02
 -2.3325352e-02
 -2.7526566e-03
  3.6954454e-01
  5.6118172e-01
  6.4565527e-01
  6.6629809e-01
  2.8691071e-01
  4.0119690e-01
  1.8481024e-01
  1.5685456e-01
  1.9480495e-01
 -2.6502344e-01
  1.1886885e-01
  9.8554987e-01
 -1.0311792e-01
  7.5623226e-01
 -5.8430076e-02
  6.8351555e-01
 -6.6476647e-04
  1.4900374e-01
  2.2569086e-05
 -8.4181272e-07
 -1.3002938e-04
 -2.4089311e-05
  1.1786989e-05
  5.8587079e-06
 -8.8647869e-07
  1.4389312e-05
  1.2485294e-05
  4.3146115e-06
 -1.3356788e-05
  1.9266974e-04
  4.3902924e-06
 -2.3012301e-07
  1.7076885e-05
  1.9245053e-05
  7.8206813e-06
  5.3208892e-06
  9.6389140e-06
  5.3235730e-08
 -4.0527328e-05
 -1.1021882e-01
  1.8532059e-04
  3.1196501e-07
  4.6472678e-06
  7.4684531e-06
 -7.1292689e-06
  2.3512388e-05
  1.2493630e-05
 -2.2490526e-06
  8.3823306e-06
 -3.6147778e-06
  6.7405921e-07
  1.5699165e+00
 -8.1350580e-03
  9.6220440e-01
 -7.0440525e-01
  1.3629109e+00
  4.4803070e-05
  2.4869779e-01
  2.9156154e-01
 -1.7573087e-01
 -2.7167642e-01
 -1.5729884e-02
 -3.3595306e-01
 -1.6105711e-06
 -1.0061766e-04
 -6.1597741e-05
 -1.0123509e-01
 -2.0548461e-05
  1.0570866e-01
  1.3642295e-01
  6.9826883e-06
 -3.0024624e-01
  7.0564002e-01
 -5.6150198e-01
  1.5774198e-02
 -2.7166012e-01
 -4.5306210e-06
 -3.0255856e-03
 -2.8153177e-05
  2.7818180e-05
  6.9443602e-05
  3.9841376e-05
  2.0860969e-06
  7.8009172e-08
  8.2915612e-06
 -8.1072095e-08
  1.1153776e-05
 -8.9214871e-07
  5.9885399e-05
  3.7411799e-06
  3.0951727e-05
  8.1402766e-05
 -3.7553600e-05
 -1.5548476e-05
 -9.9822710e-06
 -1.5197941e-05
  7.8403091e-06
 -1.4470746e-05
  4.7901676e-06
 -1.8049655e-05
 -7.2644561e-06
 -1.1486250e-05
 -9.2598830e-06
 -1.7306483e-07
 -4.4938148e-05
 -1.0346665e-05
  6.6232478e-06
 -4.2376792e-05
 -7.5089420e-06
  3.1243935e-06
  1.6424479e-05
 -4.4297412e-05
  1.0958419e-05
  2.9781085e-02
  2.4133507e-05
  5.1491952e-06
  4.4526992e-06
  1.6538173e-04
  2.8161517e-06
 -4.0787386e-06
  1.7319931e-07
  7.0528884e-05
  8.8211846e-06
  4.6401601e-06
 -2.2170700e-05
  2.8503966e-05
  8.1283974e-07
  4.2888942e-06
 -6.4297947e-06
 -4.3869295e-04
 -1.1567004e-05
  3.1663563e-05
 -2.6883008e-06
  8.6307127e-06
  2.7669780e-06
 -1.3525776e-05
 -1.3524066e-05
 -2.0571049e-05
 -6.9928637e-07
 -2.9155921e-05
  1.0697861e-05
 -4.1907898e-01
  2.2354195e+00
  1.3428255e-02
 -1.8448865e-01
  5.9073533e-05
  1.8527155e-06
  3.7137352e-04
 -2.6912385e-04
 -1.0367107e-02
  1.0024534e-02
  9.0796930e-06
 -6.1609575e-07
  1.7333306e-06
 -2.2598740e-06
  1.3536327e-02
  3.5637209e-01
  3.9311510e-02
  4.2049523e-02
  4.6131051e-01
 -5.3463201e-04
  8.2003075e-01
  7.6207396e-04
  2.2993424e-04
 -6.2499644e-06
  8.0578297e-02
 -1.0288259e-06
  7.3153035e-07
  1.0405118e-04
 -2.1401490e-06
  9.8677447e-05
 -9.2771343e-06
 -3.4616554e-05
 -1.6716778e-06
  1.0365638e-05
  2.7065170e-07
  1.9081510e-05
  1.5297966e-05
  4.7656489e-05
  4.4730232e-06
 -4.5005007e-05
  4.7248623e-06
  7.3658265e-07
  5.7575389e-06
  1.9177221e-05
 -1.7107802e-06
  7.7563254e-06
  1.1765361e-04
  1.0821563e-05
 -4.2009442e-06
 -5.6580811e-06
 -8.1091030e-06
 -2.3819757e-05
  4.4212234e-06
 -1.3517885e-05
  1.7580714e-05
 -3.6935942e-06
  1.5732274e-05
  3.4899829e-05
  2.2914604e-05
  3.8189892e-06
 -2.2892887e-04
 -3.9989220e-05
  2.6867870e-05
  3.0521577e-04
  3.0744945e-07
 -1.7946844e-07
 -2.5951504e-05
  1.8745515e-05
  6.7766882e-07
  1.8037301e-04
 -1.6269286e-06
 -2.4907000e-05
  6.2169215e-06
 -5.6019137e-05
 -1.4795551e-04
 -2.0726446e-05
 -1.4012665e-05
  7.4450018e-06
  1.3489785e-06
  1.8245322e-05
  1.6018919e-05
  2.6151010e-05
  4.3017153e-06
 -3.4969680e-06
  1.4177414e-05
 -8.2954341e-07
 -2.8702668e-06
  2.2063105e-05
  1.8439367e-06
  1.5139088e-05
  3.3077024e-05
 -1.3642850e-04
 -1.7083848e-04
  4.9795322e-06
 -2.1368478e-06
  3.9409592e-06
  1.4523441e-05
  2.0410607e-06
 -9.9244744e-06
 -8.5007177e-06
 -1.1807951e-04
 -4.2596680e-06
 -2.8052847e-04
  9.4572497e-06
  1.6570323e-07
  1.2883437e-05
  9.2323335e-06
 -2.8310217e-06
  1.6550395e-05
  8.9238047e-06
  5.5086834e-06
 -6.7414789e-05
 -4.9324234e-07
  1.0904887e-06
 -9.2365099e-07
  1.4207987e-05
 -2.2600461e-03
 -1.9585971e-06
  5.9106619e-06
 -6.0749117e-06
  4.0787927e-06
 -8.1837825e-06
  4.8932434e-06
 -5.2274117e-05
 -8.1067083e-06
  1.7318874e-06
 -3.5146040e-05
  1.1956449e-05
  8.6070531e-06
  1.0567265e-04
  2.2105940e-05
 -1.3090875e-04
 -2.4671488e-05
 -9.6569738e-06
 -5.4612769e-06
 -2.2018708e-06
 -1.2168643e-05
  1.7473030e-05
 -2.5231553e-05
 -2.5129659e-05
 -5.7277562e-06
 -1.9099676e-05
  1.3770396e-05
  1.5884641e-05
  1.4026590e-05
  1.2568564e-05
 -4.2122942e-06
 -1.9513793e-06
  1.2800279e-05
 -1.5004684e-05
 -2.3188261e-06
 -2.8125362e-06
 -2.5169509e-05
 -4.7756985e-06
 -9.8841210e-06
  2.2088108e-05
  3.2006392e-06
 -1.0704672e-04
 -3.4573663e-06
  1.1631870e-05
 -1.6234024e-05
  1.6314293e-04
  1.0909988e-05
  1.0372209e-05
 -2.7932940e-06
 -1.2795699e-05
 -2.4503416e-07
  1.0938492e-05
 -6.5464505e-06
 -1.6529890e-05
 -9.7629231e-07
 -2.7534675e-06
 -4.8487746e-06
  1.9560307e-06
 -6.7668952e-06
 -1.3926213e-07
 -1.7137617e-06
 -4.5724479e-05
  1.0911132e-05
 -3.6633844e-06
  4.9672028e-01
 -8.3509064e-01
  1.2152208e+00
 -3.8849571e-06
 -4.6431828e-01
 -1.9284613e-02
  7.5036514e-01
  2.5915564e-03
 -6.9478832e-02
 -1.2747559e-01
 -2.0406735e-03
 -3.6391422e-01
 -8.5078864e-06
 -6.8455406e-02
  1.7900238e-05
 -2.1794504e-03
 -2.1048440e-04
 -7.1543640e-05
  4.1601270e-01
 -2.9601160e-06
  9.9433993e-05
  1.1127069e-01
 -1.1453276e-04
  1.2012234e-01
  6.8154018e-06
 -2.5887837e-06
 -1.7659999e-05
 -2.6075662e-05
  4.4208307e-05
  2.9774035e-05
 -3.6139377e-06
 -8.6985318e-07
 -1.2415323e-05
 -6.0543393e-06
  1.7442919e-05
  1.3945802e-05
 -1.1474258e-05
  5.9086697e-06
 -4.8889142e-06
 -8.3207806e-06
  1.6847900e-05
  3.2253181e-05
 -7.2667276e-06
 -1.3845077e-05
 -7.8430139e-06
  9.2852097e-06
 -3.0432464e-06
  6.1637245e-04
  5.7963662e-06
 -8.7642751e-05
 -1.3601421e-05
 -5.3829353e-05
  2.2206309e-06
  4.3035752e-06
 -1.5414158e-05
 -8.3211535e-06
  1.4519488e-04
 -1.3981446e-07
 -8.5587875e-05
 -2.7320537e-05
  8.2672148e-07
 -1.7316069e-06
  1.9296564e-05
  1.6770205e-04
  1.1457570e-05
 -2.0603215e-06
 -5.9997944e-07
  1.1381313e-05
  7.1257989e-07
  5.1636500e-05
 -4.0347131e-05
 -1.8923820e-05
  1.7077618e-05
 -8.6540349e-06
  1.1155831e-05
  2.7212793e-05
 -1.6889664e-05
  1.1451882e-06
  2.4735266e-06
 -8.9440082e-06
  6.8837608e-06
 -6.2212389e-06
  6.5901854e-06
  3.6128360e-05
 -1.1851624e-05
  5.3501690e-06
  7.5164467e-06
 -7.6395118e-06
 -1.0206299e-07
 -8.2490860e-06
 -1.5230387e-01
  1.5733394e-05
 -4.7398480e-06
  2.1035652e-04
 -6.6201987e-06
 -6.9326056e-06
  1.8505847e-05
 -2.9041654e-05
  1.3185151e-04
  9.4141606e-06
  7.0599413e-06
  1.2918794e-06
  1.0289978e-05
  4.8821835e-07
  5.7810344e-06
  1.6103953e-02
  6.6242751e-06
  2.5619404e-06
  8.1322747e-07
  1.5712052e-05
 -1.6033380e-06
  1.6531532e-05
  3.3576012e-05
 -9.3834706e-06
  9.2410977e-05
 -1.1543762e-04
  6.3461966e-06
 -3.0171759e-06
 -4.1947461e-04
 -7.3070619e-06
 -4.9418923e-06
 -2.3756509e-05
 -4.4102615e-07
  5.3481722e-06
  3.3275130e-06
 -3.9967526e-06
 -3.2971515e-05
 -3.2448827e-07
 -1.8851060e-05
 -2.3972302e-06
 -1.3210542e-04
 -6.9053226e-07
  5.7535519e-05
  2.2299448e-06
 -2.2721133e-04
  1.5164051e-05
  4.5169163e-06
 -6.4711026e-06
 -4.9387950e-06
  1.6684930e-07
 -8.6969594e-06
 -4.8528104e-06
 -9.3437784e-06
  4.7656417e-06
  6.2505073e-06
 -4.1903108e-06
 -2.2917006e-06
  1.8079377e-06
  5.8979563e-06
  2.8567945e-04
 -2.1455466e-05
 -4.3156222e-05
  8.6296842e-07
 -6.0749539e-07
  6.0179159e-06
 -1.4656845e-05
 -2.9499697e-06
  3.4212858e-06
 -7.3628034e-05
 -1.1491272e-05
 -1.2449786e-06
  2.3027285e-06
  3.2620335e-06
  1.3071256e-05
 -3.3429569e-05
 -9.2092077e-06
  7.9397498e-05
 -1.4813444e-05
  3.6356787e-06
 -1.4667650e-05
 -8.5962465e-06
 -6.5384279e-06
  3.9452325e-06
  1.6874792e-05
  1.0997619e-05
 -8.6652462e-06
 -1.1653779e-05
  1.6927581e-05
 -7.2493503e-06
  9.4219658e-06
  3.9277878e-02
  9.5526737e-01
  7.1371317e-02
  2.4108231e-01
  3.7541565e-01
  2.1566707e-01
  2.5011328e-01
 -1.7192036e-01
  3.1351208e-04
  2.8436527e-01
  4.8114413e-01
  2.6219890e-01
 -1.0369380e-04
 -3.7111076e-05
 -1.3230878e-06
  1.7250353e-01
  1.9394124e-01
  6.4769305e-02
  1.2466567e-02
  1.6828396e-04
  9.7906995e-01
 -1.1171708e-04
  8.8701199e-05
 -9.9127116e-03
  9.7007473e-04
 -2.6716622e-05
  8.6395557e-05
 -1.4127299e-05
 -8.6265616e-04
 -5.0352255e-06
  1.4615886e-06
 -1.0603284e-04
 -4.8990264e-06
  1.3072356e-05
  7.5780845e-06
  3.0572461e-05
  3.8870894e-06
 -4.4287121e-06
 -2.2410140e-05
  2.1406020e-06
 -1.4068388e-05
  2.3684554e-05
 -6.1565970e-06
 -4.7577141e-06
  9.2825012e-06
 -3.4256823e-06
  3.9526590e-06
 -9.2040709e-06
  9.5429732e-06
 -5.5419569e-05
  2.1067329e-04
 -1.9427824e-05
 -6.3430857e-06
  8.9470130e-05
 -1.2936420e-05
  2.9025219e-05
  3.7673688e-06
  6.3910161e-06
  6.4483911e-06
 -2.1681957e-05
 -7.8190184e-05
 -1.1540818e+00
 -6.8672287e-01
  1.0609194e-06
 -8.9530241e-01
  5.2664741e-06
 -1.0374459e+00
  2.5407232e-06
  6.5978309e-03
 -5.7491791e-02
  4.3857737e-05
 -3.8031544e-06
 -3.7095922e-06
 -8.7225144e-06
  1.0251134e-06
 -7.9703063e-01
 -6.3666953e-06
 -6.2020636e-01
 -3.9858007e-01
  7.9802274e-05
 -3.6448333e-01
 -1.1107847e-03
 -1.7772525e-05
 -3.3591250e-01
 -2.1930125e-03
  9.1358868e-07
 -2.7103428e-05
  8.5155270e-06
  5.5728492e-06
  1.0966241e-05
 -2.9529085e-06
  8.9213900e-06
 -1.4519201e-05
  1.1687595e-05
 -1.3749609e-05
 -9.7322954e-06
 -3.3683784e-06
 -3.2981799e-05
 -3.5147782e-06
  1.0586372e-05
 -3.2552159e-06
 -8.1515836e-06
  1.3142459e-05
  4.2448746e-06
 -2.5822295e-05
  3.9921028e-06
 -6.1299652e-05
  1.1640461e-05
  1.1812370e-04
  1.0948593e-05
  8.3682362e-06
 -5.2175506e-06
  1.6144661e-05
 -2.1756927e-05
 -2.8931159e-05
 -7.7965349e-05
  7.4638242e-06
  1.3736654e-05
 -1.8499855e-05
  9.7424563e-06
  7.2363544e-01
  5.1247030e-01
 -3.5046402e-01
  2.1077947e-05
  3.7089014e-01
  8.0292797e-05
 -2.9247474e-05
 -1.2764316e-05
 -1.3757365e-05
  3.1017044e-03
  3.1529744e-06
 -3.8036451e-06
  5.2095797e-06
 -1.9443358e-04
  2.9549831e-06
  9.1735341e-02
  3.0353360e-04
  7.4167598e-05
  9.4049126e-03
  2.5415519e-04
  1.0707219e-02
 -8.4423527e-06
 -2.9258090e-06
 -7.9250813e-04
  1.0646982e-04
 -1.3007405e-05
 -1.2841920e-06
 -6.4244356e-05
  6.1160677e-06
 -4.0009841e-06
  9.2574781e-01
 -2.2206618e-01
  7.0566103e-02
 -1.9040503e-05
 -5.3004321e-02
  4.7294703e-05
  1.2146452e-03
  7.9307213e-02
  3.6835158e-04
 -3.0922575e-03
 -2.2004741e-01
 -1.5631449e-01
  3.0487913e-04
 -3.0671461e-02
  1.9950528e-06
 -2.6087526e-05
 -2.5756012e-06
 -3.6657739e-06
  1.8860534e-03
 -3.3008728e-06
 -6.0790181e-03
  4.9537944e-06
  2.6410776e-06
  9.5878877e-02
 -6.7944092e-07
  1.4614204e-05
  1.7429008e-06
  2.4589767e-06
  1.6073549e-05
 -2.1256948e-05
  9.7768092e-01
  2.4038193e+00
  9.4600546e-01
 -2.7792318e+00
  3.5810449e+00
 -2.0341336e-05
 -1.0122005e-01
  1.6218723e+00
 -5.4413181e-02
 -1.2972872e-01
  9.6423091e-06
 -4.8042724e-01
  6.2723603e-04
  1.3406112e-04
 -7.0386457e-01
 -2.6490167e-02
 -2.4947400e-01
  2.3124310e-01
  8.4208447e-01
 -2.5852441e-05
 -7.4771088e-01
  8.6454074e-06
 -2.4215683e-01
  1.8320333e+00
 -2.1397154e-01
  5.6991260e-02
 -2.8849128e-01
 -1.2418742e-05
  4.7890723e-01
  1.8231092e-04
 -3.9388713e-05
  3.1920292e-06
 -1.7743101e-05
  6.6772613e-05
  1.0490057e-05
  9.3580702e-06
  1.9475276e-05
  5.3019096e-05
 -9.0551493e-06
  1.4294569e-05
 -7.2074989e-05
 -4.0492298e-05
 -1.1745197e-05
  4.7777094e-06
 -8.4788117e-06
  1.5210370e-05
 -2.3483464e-05
  2.3800940e-05
 -1.8839472e-05
  1.1659052e-04
 -4.1031901e-05
  1.8041905e-05
 -2.5201363e-03
  5.1719613e-05
 -4.4339653e-05
  9.3492383e-07
 -1.0605410e-05
  4.2432748e-06
 -2.0688149e-06
  4.3475644e-05
 -2.1591251e-05
  1.0501834e-02
  1.5454227e-01
 -6.8929720e-01
  2.0086728e-01
  5.1060212e-01
 -1.6505969e-06
  2.7634951e-01
  1.2611146e-06
  4.3449277e-06
  6.8415928e-01
 -4.4238578e-07
 -1.4973915e-01
  5.5727860e-06
  7.7761873e-03
  9.5879514e-06
 -5.0396714e-02
  2.1279438e-05
 -4.7088465e-06
 -2.4458525e-01
 -2.0972098e-05
 -6.9185357e-06
  1.9731186e-01
 -8.9230753e-06
 -5.1477027e-01
  1.2943560e-06
  4.6950680e-01
 -4.3879014e-01
 -3.1201026e-01
  1.7312742e-03
 -7.1021321e-05
 -3.2466989e+00
 -1.5025842e+00
  1.8922822e+00
 -1.4267792e+00
  3.3759346e+00
  5.8597657e-06
 -2.0288239e+00
  2.1784676e-06
 -5.2466934e-05
  1.5845416e+00
  3.6882440e-07
 -1.1962966e-05
 -4.4570246e-05
 -2.9136685e-01
  1.6811025e-05
 -2.1931214e+00
  6.4306009e-06
 -5.4455741e-06
  2.8617758e-01
 -9.9916770e-06
 -1.7469754e-05
  1.6523325e+00
  1.2186947e-04
 -1.2250984e+00
  1.0719352e-05
  1.0685714e+00
 -1.5192537e+00
 -3.1263287e+00
 -4.2871180e-01
  1.2322568e-01
 -3.4250450e-01
 -3.3805332e-05
 -1.5663987e-01
  4.7094089e-01
  1.2036280e-03
  5.3647935e-02
 -1.6247558e-06
 -1.1225598e-01
 -6.1910415e-01
  1.0233896e-07
  4.2835502e-05
  1.3287146e-05
 -1.1416887e+00
 -7.3751908e-06
  1.4169825e-05
  1.1588951e-05
  2.7277179e-05
  2.3931703e-02
 -5.2999378e-05
  2.8583820e-05
 -6.2752492e-06
 -4.8140523e-06
 -5.3589551e-06
  4.4151559e-05
  5.5618834e-06
  8.2832994e-05
  2.1111584e-05
 -6.9617163e-05
 -2.2393038e-05
  7.2369066e-06
  1.5467780e+00
 -1.4527255e-03
  1.0266261e-03
  3.2895121e-05
  2.8227028e-01
  1.2170854e+00
  2.5881282e-05
  5.7965792e-03
 -2.4506253e-01
  3.7528336e-02
 -3.4821897e-03
  2.1103725e-02
 -1.8788759e-01
 -6.0165936e-01
 -2.4597429e-01
  5.4277259e-01
 -1.6322526e-01
  4.2577115e-01
 -5.5942808e-05
 -9.1707468e-02
 -2.5811506e-04
 -2.7930230e-01
  5.6056780e-07
 -3.1340829e-01
 -6.9539845e-02
 -4.9390099e-05
  7.1901042e-04
  6.7184615e-01
 -1.9493322e-01
  9.7364564e-06
  4.6559937e-05
  4.9428013e-06
 -3.5523411e-05
 -3.6339272e-05
  2.7965227e-05
  1.2237724e-06
 -3.8721719e-05
  2.2409288e-06
  9.7225757e-06
  1.9891478e-07
  1.5693673e-05
  9.4435956e-05
  6.7526307e-05
 -3.0239149e-05
  3.2932978e-05
 -9.6316444e-07
 -9.6259309e-06
 -2.2468237e-05
 -3.0801686e-05
 -2.7173208e-05
  2.8574388e-05
 -5.6904420e-05
 -1.5368470e-05
  1.5261285e-06
 -1.2916318e-05
 -1.3063600e-06
 -3.5968234e-05
 -2.1445054e-05
  1.1724948e-05
 -1.9125266e-05
  2.3744122e-05
 -9.9533759e-07
 -1.8960089e-05
 -2.4006943e-06
  2.2728237e-07
  3.7180369e-05
 -7.2780335e-06
  4.1076601e-05
  1.3475530e-05
  1.3477779e-05
 -1.2957176e-05
  3.4836390e-05
  1.2113461e-05
  3.5554003e-05
 -4.2316857e-05
  2.3381631e-06
 -6.8237110e-05
  4.7623612e-06
 -5.3550452e-06
 -3.5131054e-06
  4.3106004e-07
  3.7998874e-05
  2.8902967e-05
  9.6992198e-06
 -7.4457907e-06
 -6.6635716e-06
 -5.4893212e-06
 -2.5273479e-05
  1.0222527e-06
 -2.0182607e-01
 -1.5946802e-01
  1.8248889e-01
  8.6741555e-01
  1.3061152e-03
 -1.0129927e+00
  8.8006489e-02
 -1.0791161e-01
  5.1685780e-01
 -5.6018060e-01
  4.1562185e-02
  7.5335383e-01
  8.1902921e-02
 -4.5473358e-01
 -1.2601406e-06
  3.2023579e-06
  3.8770141e-04
 -1.2133603e+00
 -6.8864536e-01
  5.8697551e-06
 -1.4489129e-01
 -3.9793686e-06
 -2.2762294e-01
 -1.4540311e-05
 -3.1286262e-02
 -6.5933353e-05
 -6.2007431e-02
  1.6770656e-01
  1.6128337e+00
 -2.5676179e-03
 -3.2727126e-05
 -6.0506103e-05
 -4.2268031e-05
 -4.7263297e-06
 -2.2242974e-05
 -1.1821525e-04
  2.9705339e-05
  7.0602604e-05
 -3.3747722e-06
  4.5091736e-05
 -2.4058747e-05
 -1.3639888e-05
  3.4701767e-05
  1.5052798e-04
  1.4520166e-04
  7.1109273e-05
 -2.3565497e-05
 -5.1146664e-04
 -4.0378291e-06
  1.7104879e-06
 -4.3931348e-05
  3.1576794e-05
  2.3112452e-05
  8.1317819e-05
 -6.0469141e-05
  1.5953873e-06
 -2.1721855e-06
  1.5302545e-05
  2.8445251e-05
 -8.8475363e-06
 -1.4048258e-05
 -5.2801150e-01
 -3.7083519e-05
 -9.6370795e-06
 -3.3003715e-05
  8.6886930e-06
  4.5005686e-06
  1.3861153e-05
 -3.9668362e-06
  2.4600347e-05
  1.9723484e-05
 -7.8574103e-06
 -6.7680162e-06
  1.4174037e-01
 -2.9636360e-05
 -6.9786847e-06
 -2.2555416e-05
 -1.0539133e-03
  1.5141895e-01
  1.1971766e-05
 -2.9005612e-05
  5.0828079e-05
 -3.5176003e-05
  5.8275065e-05
  1.2596321e-05
  9.1776583e-06
 -4.7641457e-05
  6.1912404e-05
  1.6977665e-05
  1.1818211e-05
  2.0210423e+00
  8.7567806e-01
 -3.7195107e-01
 -1.5899359e+00
  2.9484982e+00
 -3.9147162e-01
  6.3091211e-02
 -4.2240018e-01
  7.2863206e-02
 -3.9104141e-02
  1.2022640e+00
  8.1044056e-02
 -6.4172953e-01
  8.4356904e-01
  1.0962150e+00
  1.2823963e-01
 -2.5674379e+00
 -7.4094445e-01
  7.1724087e-01
  1.3082784e-01
  2.9466933e-01
  2.7862636e-06
  4.6439764e-01
  9.5937085e-01
  3.1505755e-05
 -1.5072999e-05
 -4.4639143e-01
 -2.2479266e-01
 -6.7642975e-01
 -1.0087273e-01
 -8.5277611e-01
 -1.3375694e+00
 -9.8765761e-01
  9.4758499e-01
 -9.2164779e-01
 -7.3338807e-02
 -1.7466725e-01
 -8.4169529e-02
  1.4062761e+00
 -7.3423773e-01
 -5.8512926e-01
  2.2063906e+00
 -4.6445485e-02
  2.4632616e-01
 -3.8022354e-02
 -3.7005675e-01
 -3.9615571e-01
  4.2066920e-01
 -1.3900577e-01
 -2.9582515e-01
 -1.8452553e+00
  2.9037294e-01
 -1.2013109e+00
 -1.2111268e+00
 -6.0072488e-01
  6.1252195e-01
 -1.9789332e-01
  1.9379431e-01
 -1.0835652e+00
  4.7351792e-01
  1.5903367e+00
 -2.2911626e-01
 -2.0270918e-05
  1.0043896e+00
  1.0809367e+00
 -2.7154246e-01
  1.8952088e-01
  1.7712399e-01
 -5.8554763e-01
  2.0032489e-01
 -5.8831227e-01
  1.4015741e+00
  8.9053619e-01
 -2.3602374e-01
  2.2133414e-01
 -9.1595626e-01
  4.0527329e-01
  1.6341886e-01
 -4.2442527e-01
  1.7129120e+00
  3.0563590e-01
 -5.1980978e-01
  3.7660646e-01
  1.3677768e+00
  1.1305754e+00
 -1.3378135e-02
  8.8535833e-01
 -1.5112677e-02
  1.4454459e+00
 -3.2341104e-05
 -5.3811818e-01
  2.3263443e-02
  1.1388207e-02
 -2.1225734e-01
  1.4640017e+00
 -6.7872679e-01
  7.4071163e-01
  9.8345339e-01
  5.1123679e-01
 -5.7946634e-01
  1.0653111e+00
 -4.0928982e-02
  3.9138767e-01
 -2.0692351e-01
  2.9743922e-01
  9.1118969e-02
  1.3791671e-01
  7.8524679e-01
 -4.5615414e-01
  7.8005695e-01
  9.0675469e-04
 -1.1369446e-04
  2.0662671e-01
 -4.1173759e-01
  5.3669059e-01
  1.1440726e-04
  2.5134446e-04
  2.0275664e-05
 -7.9182081e-02
  2.0584980e-01
 -4.5235097e-06
  4.6201303e-06
 -2.3431650e-05
  4.8794991e-06
 -3.5648538e-06
  3.2498090e-05
 -2.1342572e-05
  5.3052722e-06
  1.3940229e-06
 -7.6121837e-06
 -1.0155578e-05
  7.8125131e-06
  3.7042998e-06
 -1.6044109e-05
  1.8450926e-04
  1.1663994e-05
 -6.8308309e-06
  1.6306702e-05
 -2.5664335e-06
 -9.0357098e-06
  1.0166317e-05
  7.6113706e-06
  2.0158030e-05
  5.7604015e-05
 -5.4503857e-06
  1.7499204e-05
  1.5069556e-05
  3.7460450e-06
  5.9666701e-05
  5.8805031e-06
  2.5886965e-01
  1.1198378e+00
  8.4736566e-05
 -1.2476040e-01
 -1.6502055e-04
  1.0852976e-01
  7.1728244e-02
 -5.6444633e-01
  1.3501740e-01
 -1.0713730e-06
 -8.6401178e-06
  1.4894083e-04
  1.8196461e-01
 -1.2896681e+00
 -3.0848079e-07
 -5.5932824e-06
  1.5627962e-01
  3.0472854e-06
  4.8555985e-01
  4.4499123e-07
  3.8102837e-05
  4.3428859e-06
  5.8956201e-05
 -1.5232669e-06
  4.0609088e-05
 -1.3454181e-05
  4.8467758e-04
 -1.2253197e-05
 -3.0249825e-01
 -3.0008529e-04
  2.7623573e-01
 -7.1265757e-01
 -8.0389589e-01
  2.8274124e+00
  3.7027311e-02
 -3.0656105e-01
  7.2287358e-02
 -4.2868584e-01
  1.0185089e+00
  9.2463493e-02
  1.0457835e+00
  1.0912658e+00
 -7.5356168e-01
  2.3021243e+00
 -2.5619924e-01
 -9.4102815e-02
  3.1720704e-01
  2.5300708e-01
  8.2640809e-01
  1.2064556e-01
  5.7481194e-01
  6.0007242e-06
  2.0106984e-03
 -2.4440946e-01
  4.7366807e-01
  2.8537080e-01
  6.6956699e-02
 -5.4937482e-02
  5.3560846e-03
 -3.0384353e-01
 -1.7740690e-03
  2.3451014e-03
  1.2767944e-01
 -1.2948283e+00
 -1.1155764e-04
 -4.7531292e-02
 -4.2694498e-02
  5.1616323e-01
 -2.0798920e-01
  1.1885376e+00
  1.1729033e-01
 -1.8694822e-04
 -1.2582362e-02
 -1.1919739e+00
  1.0524015e+00
  3.3820270e-06
  1.2476794e-05
  6.8132817e-05
  1.1209013e+00
  2.9989412e-01
  6.0963471e-06
 -4.5196352e-06
  2.0445121e-04
 -1.4885962e-05
  6.6348864e-04
  1.0092612e-01
  7.8660232e-05
 -2.3443431e-04
 -8.0177709e-02
  5.6295520e-01
  8.1778812e-01
  6.3107568e-01
  1.0703948e+00
  4.9503001e-07
 -1.8859200e-01
  9.3954629e-01
 -1.1527057e-01
 -5.4490483e-01
  3.9115679e-02
  2.5653762e-01
  6.5640879e-01
 -2.4320795e-01
  4.4115441e-05
  9.1066277e-01
  1.3527212e+00
 -3.1676006e-03
 -5.0784053e-08
  7.1117756e-05
 -2.0411919e-01
 -5.2909440e-06
 -1.9847190e-05
  3.6380111e-06
  1.2027560e-05
 -2.8698951e-06
  7.7712641e-05
  2.8821084e-01
  2.0585141e-05
 -1.3926891e-05
 -1.0760638e+00
  1.5859060e-01
 -3.2437849e-05
 -9.4862058e-05
  3.4955847e-05
  3.0844069e-06
 -2.1466230e-05
 -1.7633161e-05
 -2.0954540e-06
 -2.8252807e-05
 -1.3473909e-04
 -2.8210077e-05
 -6.6337384e-09
 -6.1599996e-05
 -5.5857836e-06
  6.6176362e-05
 -3.1266125e-06
 -1.1819078e-04
 -8.9904461e-06
 -1.9425890e-05
  3.1653839e-05
  1.6321818e-04
  2.5926882e-05
  1.6956232e-05
  5.5855096e-05
  9.4445668e-06
 -6.1519345e-06
 -1.2983608e-05
 -3.4835302e-05
  5.3976921e-05
 -4.0060830e-05
 -3.5203244e-05
 -1.7701735e-05
 -3.0233036e-06
  3.7119589e-06
 -2.6144013e-05
  1.9044417e-05
  2.4278766e-05
  6.2576396e-07
 -1.8881066e-05
 -1.2864723e-05
  6.2858867e-06
  3.7610920e-07
  8.5998923e-05
  3.6365327e-05
  4.1211715e-05
  2.3557315e-05
 -4.9695368e-06
  2.7528107e-05
 -2.8316351e-06
  7.6019285e-05
  5.7037340e-07
 -1.5118998e-04
 -6.1833930e-07
 -3.8263406e-06
 -1.6781865e-04
 -1.8970237e-05
  1.1864096e-05
  1.3292560e-05
  4.7918511e-05
 -1.8952295e-04
 -5.8205128e-06
 -2.3106588e-01
 -5.9712896e-05
  3.5445923e-06
  2.2310121e-01
 -9.1884767e-06
  2.6258054e-01
  2.1229924e-05
 -5.9078746e-05
  1.1755833e-01
  1.5757781e-06
 -2.9647406e-06
  4.1985655e-05
  1.4154571e-06
  8.9479560e-01
 -2.5274328e-05
 -4.2006857e-05
 -3.9668780e-06
 -5.7985519e-05
  1.6878623e-01
  4.5319919e-07
 -1.8588804e-04
  3.1856733e-04
 -9.7644230e-04
  4.3609037e-04
 -1.7952026e-04
  4.4268259e-06
 -1.0582570e-03
 -8.7831486e-06
  2.4931603e-03
  8.9633373e-05
 -1.7799108e-01
  4.9766150e-01
 -3.0442110e-05
  4.1063749e-06
 -2.6959470e-01
 -1.5043433e-06
 -2.9581352e-03
  1.3331006e-01
  1.0048331e+00
  4.3325102e-01
  1.0671151e-06
  2.7216750e-01
 -1.3885498e-05
  1.2368491e+00
 -1.2355132e-05
 -2.2966789e-05
 -3.2270134e-05
 -1.9762732e-05
 -1.0678067e-02
  1.5239235e-05
 -1.9546442e-05
  2.9245946e-05
 -7.4857868e-05
  8.4844949e-05
 -5.7798177e-05
 -1.6510152e-05
 -5.4954384e-05
 -5.3991066e-06
 -5.9031049e-06
  2.8013823e-05
  2.5861681e-04
  1.0788817e-02
  1.2518693e-06
  4.9250912e-06
  9.9659183e-06
 -3.4402303e-05
  1.8351318e-05
  2.9904197e-05
 -2.3905552e-05
 -1.4990352e-05
  1.7826706e-05
  2.5478957e-05
 -2.9356863e-05
  2.9230248e-06
 -8.9973573e-06
  5.2365840e-06
  2.2145092e-05
  1.4116837e-05
  2.2985580e-05
 -2.2346101e-05
  2.8480505e-05
 -2.7059475e-06
  2.6268585e-06
  1.1783891e-05
 -2.1258324e-05
 -2.0138892e-05
 -1.2083183e-05
 -4.8162319e-06
  2.1174461e-07
 -6.6109365e-06
  1.8455741e+00
  8.6858058e-01
  8.0342859e-02
 -2.2189306e-01
 -9.5949844e-03
  3.6484310e-01
  4.1923782e-01
 -7.0847434e-01
  1.3429107e-01
 -7.7505742e-05
  2.3387149e-06
 -9.9630241e-05
  1.0150491e+00
 -9.5123851e-01
  4.1394210e-03
  2.8740353e-05
  2.1781439e-01
  3.8412590e-02
  5.8657207e-02
  3.8189626e-01
 -1.5153012e-05
  1.5973945e-05
 -1.3829534e-05
 -2.8082079e-01
  3.6101133e-05
 -1.6434280e-04
  1.0057699e-01
 -3.6344738e-04
  1.6745551e-05
  6.0246639e-06
 -1.2012958e-01
 -1.2944800e+00
 -2.0020376e-03
  1.2985754e+00
  1.3389660e-01
  1.3316044e-01
 -5.2779724e-06
 -6.3328862e-01
 -1.2596905e+00
  4.0773210e-01
 -5.5766940e-01
  1.3362135e-05
 -5.1130414e-01
  1.8120754e+00
 -2.3185720e-01
 -8.7513119e-02
  4.1117721e-05
 -4.4518271e-01
  5.5787987e-01
  9.0504564e-08
 -4.4878451e-03
 -4.4004794e-04
 -1.7390344e-02
  4.7922754e-06
 -7.1440576e-05
 -2.6262913e-02
 -1.1480645e-04
  2.3804447e-05
  1.0554202e-01
 -3.2152468e-05
 -2.0944383e+00
  7.8629023e-01
 -5.1138063e-06
  2.4359102e+00
  1.8238649e-02
  2.1993501e-01
  7.7137285e-01
  1.2548500e-01
  3.1113717e-01
 -2.6144117e-01
 -1.6504107e-02
  2.2486558e+00
  1.2953110e-01
  1.4494879e+00
 -1.3951388e-04
  6.6698676e-01
  1.6543241e-01
 -4.8364472e-01
  8.9079893e-01
  6.4412642e-01
 -1.2235340e-01
 -2.1593924e-06
 -2.3657202e-03
  2.5259498e-01
 -1.3428233e-06
 -1.1227849e-05
 -3.8775170e-01
  2.6372916e-01
 -9.5066592e-02
 -8.8296356e-06
  6.6601839e-05
  3.7462337e-06
 -6.3914513e-07
  2.6352627e-05
  3.3844542e-05
 -9.9125527e-06
 -8.8626284e-06
 -2.9223538e-06
 -2.9802181e-06
 -2.5947849e-05
 -8.3806071e-06
  1.7616228e-06
 -8.2696224e-06
 -1.0358165e-06
  3.3601441e-06
 -2.5893703e-06
 -3.9747039e-05
  1.1010949e-04
 -5.3019718e-05
  2.1171320e-05
 -1.1911859e-05
  1.8092265e-05
 -8.5062447e-06
 -1.7218572e-05
  5.7765660e-06
  8.9814521e-06
  3.9430419e-03
  1.0146820e-05
 -1.3165071e-05
 -8.3318073e-06
  8.7159663e-02
 -2.0613641e-01
  6.2365211e-06
 -1.1299607e+00
  7.1548885e-01
 -3.8750931e-03
 -1.3761629e+00
  2.3757239e-01
  2.4902818e-01
 -1.1131448e-01
 -9.2525043e-02
  1.2446716e-01
 -5.4669905e-01
  6.5328217e-01
  3.9446069e-05
 -6.9521862e-05
 -1.1899636e-01
  8.6718956e-06
 -2.2129519e-01
 -3.9447268e-06
  6.1826591e-05
  8.7851431e-06
  1.5972112e-01
 -5.9836534e-06
  6.7384683e-02
  2.8192075e-05
  1.4567486e-06
 -1.6939175e-05
 -6.0681629e-01
  3.5510130e-02
 -3.9212498e-01
  1.3238068e-01
 -8.4018148e-03
  1.7592730e-01
 -1.0731073e-01
 -9.5027149e-01
 -1.3627024e-02
  1.7704710e-01
  9.5979851e-01
  2.6790513e-02
  4.6971124e-01
  9.5810449e-01
  2.6051423e-03
 -2.9253131e-01
 -3.3005006e-05
  6.9533104e-05
 -1.5076542e-04
 -1.5467747e-01
  5.3022239e-02
  4.3159289e-06
 -6.9674619e-02
 -6.7327751e-06
 -6.1135367e-04
  5.7014811e-01
  1.3202258e-05
  3.4509329e-05
 -3.4723115e-01
  4.3547716e-05
  3.5574019e-01
 -1.3235112e-05
  1.2405162e-05
 -1.0636339e-05
  1.1722550e-05
 -1.8206068e-05
 -4.2362157e-05
  1.6241587e-05
 -2.5716556e-05
 -1.0764955e-05
  3.1630192e-05
  3.1324262e-06
 -1.0086009e-05
  7.2090842e-07
 -6.5559434e-06
  9.6338859e-05
  4.7731055e-06
 -1.5177816e-06
  1.4029039e-05
 -2.3579296e-05
  3.5341433e-05
  8.4880430e-06
  1.1640273e-05
 -1.8887396e-06
  1.1785307e-04
  3.1582542e-05
 -9.7414713e-06
  4.1693882e-05
  2.2063650e-05
  3.8306302e-05
 -1.0699222e-05
 -2.2907005e-05
  1.9509449e-05
  2.6642141e-05
  1.6708618e-05
  3.0440193e-05
 -1.1840124e-05
 -4.2056417e-05
  1.0049968e-05
 -5.0098321e-04
  7.6761826e-06
  1.0043726e-05
  5.5591488e-05
  9.3603126e-07
 -1.4175895e-05
 -2.0392212e-05
  6.5542540e-06
 -3.0952360e-05
 -1.0523885e-05
  2.6388581e-05
  4.1418329e-07
  3.9912044e-05
  1.0160061e-05
  2.1979384e-05
 -8.1390372e-06
  1.0341043e-05
  5.7626876e-06
  1.1612638e-06
 -1.9092520e-05
 -2.8079508e-06
  1.9526291e-05
 -1.1156575e-05
 -1.9343944e-01
 -7.1218646e-01
 -1.3721423e-01
 -5.2181327e-01
  1.8959707e-02
 -1.6802999e-01
  4.9729751e-06
 -3.1093467e-04
  6.1653927e-02
  5.8538270e-01
 -1.3263112e-04
 -1.0636161e-01
 -4.9343690e-01
  5.3925431e-01
 -5.7229155e-01
 -3.0474248e-05
 -3.0091419e-06
 -2.2234906e-01
  5.6305975e-01
  9.1056550e-05
 -1.3758343e-01
  6.0459325e-04
 -4.2132854e-02
  3.1962952e-06
 -2.4730265e-03
 -1.4632732e-04
 -1.5998651e-01
  6.9361063e-06
  1.2053480e-02
 -6.2901975e-04
  5.6073016e-01
  1.1658062e+00
  1.7985365e-05
  4.8674628e-06
 -3.6085114e-01
 -2.6184112e-05
  2.0513705e-04
 -8.4121960e-01
  1.7929114e-03
  3.6275560e-01
  1.1529318e+00
  1.1025873e-07
 -2.8480661e-01
  6.0910344e-01
  9.8590368e-01
  1.3502814e+00
 -7.9029323e-06
  1.5145341e-05
 -5.2720469e-01
  8.8416627e-03
  5.2820043e-05
 -4.9032843e-01
 -4.7159266e-01
  3.0813655e-01
 -3.1821041e-06
 -4.7630975e-01
 -1.8210906e-01
  7.1705531e-06
 -2.6021427e-05
  1.8156929e-01
  8.5064697e-01
 -9.2504132e-01
  8.3211072e-02
 -5.6531586e-05
 -7.6610816e-01
 -1.4087729e-01
 -3.6632574e-01
  2.4513712e+00
 -2.0567617e+00
  1.8416245e+00
  1.9215542e+00
  9.3458411e-06
  5.4779834e-01
  1.8768461e+00
  7.8667015e-01
  5.4519367e-01
 -5.5211608e-06
  3.3376342e-05
 -7.1415275e-01
 -3.8661659e-01
 -1.8415075e-04
  6.3277602e-01
 -5.3045946e-01
 -1.8598201e+00
  7.1457318e-05
  8.2334340e-01
 -9.1791511e-01
  7.7899149e-06
 -1.9001000e-05
 -7.4246436e-01
 -3.3713706e+00
  8.6156732e-01
  3.3450729e-01
 -6.3086450e-01
  5.3664124e-01
 -6.7596751e-01
 -6.2028921e-01
 -1.3486543e+00
  6.5028888e-01
  6.2308196e-02
  7.3555261e-01
  5.5647243e-02
 -7.1610235e-02
 -3.9421038e-06
 -4.7698355e-05
  3.5776481e-02
 -2.0764269e-01
  8.1652943e-06
  1.2387524e+00
 -1.8718122e+00
 -7.9893982e-01
  1.1575974e+00
  7.0734799e-01
  1.3644462e-02
 -1.5231019e-01
  1.0571166e+00
  6.2344754e-01
 -1.1987300e+00
 -2.3575559e-01
  1.4818713e-01
 -1.9526515e+00
  1.8838641e-01
  8.3258444e-01
 -1.0497576e+00
  5.8051592e-01
 -4.0351638e-01
 -1.4676274e-01
  1.1308768e+00
  1.1503011e+00
 -8.2238659e-02
 -7.9660295e-03
 -2.6992443e-01
  1.5016223e+00
 -1.1421920e+00
 -8.8904530e-02
  1.8784835e+00
 -1.2811314e+00
 -2.4873455e+00
  1.7112087e+00
  2.3735094e-01
 -4.4723287e-01
  1.5136800e+00
 -9.4206440e-01
  7.4178314e-01
  8.5390741e-01
  2.9967776e-02
 -5.6932133e-01
  2.1697016e-01
  4.7194636e-01
  7.9864645e-01
 -1.6523701e+00
 -7.8148222e-01
 -1.6677549e-01
 -2.1662960e+00
  1.1353279e+00
 -8.2205820e-01
 -1.6610268e+00
  2.6443854e-03
 -1.9928860e-02
  4.2715862e-01
 -1.4115536e+00
 -2.6799623e-02
 -1.3622947e+00
  5.3215915e-01
  8.8541329e-01
 -3.7160882e-01
 -6.0601983e-02
 -7.0133310e-06
  2.5682702e+00
  3.1019914e-01
  5.5651975e-01
  8.0657989e-01
 -6.1668158e-01
 -5.5247909e-01
  4.1361669e-01
 -4.2863387e-01
 -2.9797437e+00
 -2.7174637e-01
 -1.4551846e+00
  5.9193474e-01
  1.3374299e+00
  6.1171093e-05
  6.1257379e-06
  9.9034276e-07
 -9.9128806e-07
 -9.7166657e-02
  9.2238599e-01
  2.3983877e-05
  5.7831421e-05
  4.0118030e-01
 -5.3594029e-01
 -1.1838209e-01
  3.2404107e-01
 -2.3342925e-01
 -5.6736743e-01
  2.8569722e-01
  2.1545038e-01
  2.9075506e-01
 -9.6475023e-06
 -2.2376920e-01
 -2.0473273e-04
  1.4674045e+00
 -1.1718678e+00
 -2.8664217e+00
  6.8183833e-01
  4.5906087e-05
  3.0726215e-01
  1.1720890e-01
  3.1205374e-05
  3.0792933e-06
 -1.0840291e+00
  2.7395559e-02
  2.2939527e-04
  2.4621735e+00
  4.8421344e-04
  2.6317039e-01
  8.0230725e-01
 -4.1214421e-01
 -4.1398744e-05
  5.9429079e-01
 -7.4696645e-02
 -6.7103779e-01
  1.5605023e+00
  2.6168567e-01
  3.6582237e-01
  7.0108616e-01
 -8.5837543e-01
 -3.3614323e-01
  1.9556697e-01
 -6.0390824e-01
 -3.3696997e+00
 -5.8951393e-02
  4.9413857e-01
 -1.5524693e-05
 -2.0492195e-01
 -2.4864933e-01
 -1.7171246e-01
  1.1383671e+00
 -4.0303133e-03
  2.3789328e-01
  2.7154019e-01
  4.9273154e-01
  2.2321258e-01
  1.6365577e+00
 -1.1721089e-01
  5.7177401e-01
  2.1776780e-01
 -1.7072207e+00
 -2.1651788e+00
  1.7963479e+00
  8.2277739e-01
  1.2411786e+00
 -1.1908748e-02
 -7.1736736e-06
 -1.2642581e-05
 -2.3976231e-01
 -9.3953833e-02
  1.3323438e+00
  9.7277182e-01
  2.0940889e-02
 -2.9019719e-02
 -7.2005522e-01
 -6.6349348e-06
 -9.7016728e-06
 -4.6096816e-06
 -2.0096043e-01
  1.0518966e-04
  1.1344384e-01
  1.1668636e-06
 -4.6805653e-06
  2.0284089e-05
  4.2334141e-06
 -1.6683662e-05
 -1.0273150e-05
  1.0962937e+00
  3.3010179e-01
 -9.0105963e-01
  1.0467118e-04
 -1.9787401e-05
 -4.7714660e-05
  9.7611173e-06
  2.0018965e-04
 -1.0724592e-05
 -1.4161903e+00
 -3.8591984e-01
 -1.0036336e+00
  6.9251612e-02
  6.1381827e-05
  9.5944792e-01
  4.3540158e-06
 -3.1346315e-07
 -6.9472968e-05
 -3.8176429e-02
 -6.5997839e-01
  2.1877782e+00
  1.5377549e-05
  5.4499402e-04
 -6.2610811e-01
 -1.3197711e-06
 -8.2288452e-06
 -5.1668017e-06
  4.0229106e-01
  5.6023955e-01
  1.1747944e+00
  5.7580687e-06
 -2.4919929e-05
 -3.0283136e-03
 -4.3079631e-06
 -3.9051806e-06
 -1.1272246e-04
  1.4703903e+00
  7.4679013e-03
  7.6287442e-01
  1.2498875e+00
  4.8680849e-05
  9.8696564e-06
  2.5884012e-05
  2.3693288e-05
  3.9930712e-03
 -1.6947820e+00
 -1.3958582e+00
  3.6600271e-01
  2.3595585e-05
  1.0491935e-05
  1.1195139e+00
  2.2052771e-05
 -1.3635600e-05
  3.0436017e-06
 -1.0867411e-01
 -4.9715256e-03
  3.9848691e-01
 -4.1400346e-01
 -1.8582241e-04
 -4.3138484e-03
  7.4916631e-01
  1.1299040e+00
 -1.2254690e+00
  1.0597438e+00
  5.7227039e-01
 -1.6323500e+00
 -8.1383443e-01
  1.0977175e+00
  1.1384203e+00
  3.5424898e-06
  9.6019499e-02
  8.6114014e-06
  1.5048765e+00
  5.4644610e-05
 -2.5969810e+00
  6.7820942e-01
  3.9409614e-01
 -8.8526160e-02
  2.5322184e-01
  8.6664676e-04
 -2.8988731e-01
 -2.2596998e+00
  4.6922734e-01
  8.8009059e-01
 -1.5630847e+00
  2.7484301e-01
  4.1459650e-01
  5.0922579e-01
  1.0361168e+00
  4.8371319e-02
  2.2458498e+00
  2.1229680e+00
 -1.9377461e-02
  7.8264529e-01
  1.3943003e+00
 -1.4635769e+00
  1.2316513e-02
  4.5522860e-01
  2.8789872e-01
  5.2917051e-01
  9.9346858e-01
 -1.1673955e+00
  3.6600163e+00
  4.5502228e-01
 -2.9183502e+00
  7.7565312e-02
 -5.6962422e-06
 -8.3985829e-01
 -8.9920372e-01
 -5.1594818e-01
 -1.9251117e+00
 -1.8566242e-01
  9.1467905e-01
 -5.7473230e-01
  6.0397220e-01
  1.2435681e+00
  1.0121740e+00
  2.9002482e-01
  1.2117457e+00
 -1.0084990e-01
 -1.4029413e+00
  5.5551815e-01
 -2.2901677e-01
  2.0638075e-01
  9.1998076e-01
 -3.6139181e-01
  1.7121074e+00
 -3.5138196e-01
  4.4095725e-01
  6.2752438e-01
  6.1149746e-01
 -1.8430765e+00
 -2.8770801e-03
  2.1140887e-04
 -3.2117441e-01
  1.2947688e+00
  1.8438587e+00
  1.1166228e+00
  9.7891164e-01
  8.2255507e-01
 -4.9159876e-01
 -1.4762567e+00
 -6.7701232e-01
  7.5738549e-01
 -1.6578977e+00
 -7.4746960e-01
 -1.9054778e-01
 -2.5906065e+00
 -3.3122227e-01
 -1.3854848e-02
 -2.0045868e-01
 -5.3728718e-01
 -2.5980049e-04
 -8.6600906e-01
 -1.8490990e-06
  1.2180456e+00
 -2.6751181e-02
 -2.7459969e-06
  9.9257004e-01
  3.2690150e-01
  1.9047619e-01
 -3.6434904e-02
  7.5129586e-01
 -1.1831382e-02
 -2.9325813e-01
  1.3961329e+00
 -1.6111960e-01
 -1.6670972e+00
 -2.1206801e+00
 -1.1852587e+00
  1.5213114e+00
  3.2849908e-01
 -2.6979699e+00
  1.3670334e+00
 -5.3799373e-01
 -2.1104705e+00
  8.7134719e-01
 -9.0085733e-01
 -1.2856700e+00
 -6.7612350e-02
  8.5767344e-02
 -4.9101341e-01
  1.3814974e+00
  1.2226756e+00
  4.9419684e-04
  1.3869318e+00
 -5.8446664e-01
  2.1330763e-01
 -9.5159583e-02
  5.1249093e-01
 -2.0952222e-01
 -1.4770890e+00
  1.5750907e-02
 -8.2080650e-01
  6.3627595e-01
 -7.4609184e-01
 -1.1808305e+00
 -1.8748043e+00
 -1.6526493e+00
 -2.7547708e+00
 -1.0951047e+00
 -1.2895197e+00
 -1.1159030e-01
  1.4220110e+00
 -5.8529341e-01
 -1.0271424e+00
 -6.9663441e-01
 -6.8810463e-01
 -1.6587863e+00
 -1.8288276e+00
  7.6152956e-01
  1.0790654e+00
 -9.4753391e-01
 -3.4661943e-01
 -1.1405987e+00
  1.4395378e+00
 -1.1650411e+00
 -5.5666864e-01
  6.4034718e-01
  1.2608589e+00
  1.0726944e+00
 -1.2219818e+00
 -8.3575524e-06
 -9.9647841e-06
  1.7550130e-05
  1.5005145e+00
 -5.9885974e-06
 -1.6718727e+00
 -3.7600175e-01
 -1.3758692e+00
 -5.6045819e-02
 -4.2354104e-06
 -1.8495817e-05
  3.5658857e-06
 -1.0047331e-07
 -4.9299024e-06
 -5.8948964e-01
 -4.1315879e-04
 -1.0258075e+00
 -2.9685229e-04
 -8.2509641e-06
  1.0796157e-04
 -1.2690627e-05
  1.0690295e+00
  4.5805234e-07
  2.2176136e-01
  7.5290191e-01
  4.5315817e-01
 -1.7395012e+00
  7.0908877e-06
 -1.4255317e-04
 -8.6158225e-06
  4.4309577e-01
 -4.0192600e-07
  1.7051846e-01
 -1.1641624e+00
  6.2889332e-01
 -8.6722702e-01
 -8.6442842e-06
  3.5136029e-05
 -2.5882477e-05
  1.6202496e-02
  1.2184973e-05
 -8.2308882e-01
  1.4193876e+00
 -7.2478972e-02
 -1.0891330e+00
 -1.6490773e-06
 -9.0998236e-07
 -6.9009611e-06
  1.5687891e+00
 -3.5292878e-06
 -5.3826463e-01
  6.7578405e-01
  9.1703802e-01
 -1.1784953e+00
  6.9271127e-06
 -7.8842663e-07
  1.8225273e-06
  4.7306139e-06
 -6.0513968e-05
 -4.4046197e-02
  2.2697064e-01
 -1.5650705e+00
 -6.7661119e-01
 -2.5140832e-06
  2.1874937e-05
  1.9275747e-06
  1.2640615e+00
  5.9379745e-06
 -7.4004278e-02
  1.8989241e-01
 -5.0977234e-02
  4.7612613e-01
  1.0134061e-05
 -1.2380548e-05
 -1.9530507e-05
  2.9966936e-01
 -2.7735905e-06
 -3.6455831e-01
  7.8305840e-01
  7.1067315e-01
 -2.4203293e-01
 -2.4194483e-06
  5.4768379e-06
  1.0594781e-05
 -3.6959496e-05
  8.8516339e-07
  1.1184914e-01
 -1.1412077e+00
  1.4924184e+00
 -3.6189601e-02
  1.2706269e-05
 -5.8529426e-06
 -6.3465218e-06
 -2.7761355e-06
 -3.2340029e-06
 -6.7920259e-06
  2.4921434e-05
  5.4839164e-01
 -1.0258282e-05
  2.0496566e-06
  2.0220100e-06
  1.0638856e-05
  3.4914738e-05
 -5.7992183e-06
  9.1098201e-01
 -6.7839581e-01
  1.1649472e+00
 -1.1762269e+00
 -8.3369523e-06
  5.5005512e-05
  5.8877713e-06
 -1.6441079e-05
  1.6123133e-05
  3.2118404e-01
  1.6926611e-02
 -1.2114019e+00
 -3.5018501e-01
  6.2033346e-06
 -9.8559019e-07
  2.8970653e-05
  1.2344427e-03
  1.4222388e-06
  1.2075542e+00
 -3.3691771e-02
  1.6738640e-01
  1.3915087e+00
 -7.1067327e-05
 -2.8140205e-06
  6.2462964e-06
 -9.9271645e-05
 -3.4118682e-06
  8.4549356e-01
  4.5961452e-01
  2.2298114e+00
 -6.7394322e-01
 -5.7272846e-04
  2.8914059e-05
  2.6531141e-06
 -3.8734911e-06
 -8.8372315e-07
  1.2064436e-01
 -1.0997031e-01
  1.4587417e-01
 -2.7456558e-01
  1.8414050e-06
  2.0072619e-05
 -1.6580048e-05
  3.0928268e-06
 -8.7829994e-06
  1.8910373e+00
 -9.7085588e-02
  3.9158785e-01
  7.4543881e-01
 -5.3883982e-06
 -6.6539460e-06
 -3.9238976e-06
  1.2271371e-06
 -2.4012017e-05
  4.8082832e-02
  3.9923567e-01
 -5.6024128e-01
  5.1914525e-01
 -7.1521990e-06
 -6.2648287e-05
 -5.5873781e-01
 -1.3855517e-04
  3.3793000e-05
  3.9430377e-01
  1.8179402e-01
 -6.7118692e-01
 -5.6838870e-01
 -1.0194877e-05
  1.2512556e-05
  5.4981238e-06
 -2.6567845e-06
  1.4462634e-06
  1.4396576e+00
  2.5567072e-06
  1.4031264e-04
  3.4476208e-05
  6.2889471e-06
  2.0480943e-06
 -1.2336942e-01
 -2.0030438e-05
 -6.7114520e-06
 -5.5537713e-01
  2.5470054e-01
 -2.4148839e+00
 -1.5024522e-01
  7.5482094e-06
 -8.2078577e-06
 -6.1815041e-01
 -4.0946964e-07
 -7.3127080e-06
  1.7392676e-01
  1.4106396e-01
  2.6200998e-01
  2.3224907e-02
  4.2498509e-06
 -1.2888032e-06
  6.7620473e-05
  8.6520640e-06
 -1.2036367e-05
 -9.8615116e-01
  1.2380033e-01
 -5.1304948e-01
 -1.6669034e+00
 -8.6780875e-07
 -1.5480931e-04
 -5.0891507e-01
 -8.6066619e-02
  3.4909684e-05
  5.7471074e-02
  2.2952552e-01
  8.1722409e-01
 -8.5343421e-01
 -3.3036829e-06
 -5.8174822e-07
  3.9086026e-05
  1.3902782e-04
 -2.0888936e-07
  1.2655642e+00
  1.2240208e+00
 -8.0112986e-02
 -4.9911228e-01
 -4.8957810e-07
  1.6477489e-06
 -8.2050061e-01
 -1.9571157e-01
  6.9003131e-06
  3.7149116e-01
  3.8537699e-01
 -2.1059237e+00
 -1.5941477e+00
  7.7994637e-06
 -2.2536549e-05
  1.4492188e-01
  8.1310636e-06
  3.1145939e-07
 -3.9897975e-01
  1.2631194e-01
  5.9411317e-01
 -8.4943426e-01
  2.1842433e-02
  5.5977845e-01
 -8.7389767e-01
 -1.0948382e-01
  1.9948764e-06
  3.9758500e-01
  7.2450870e-01
  1.0819741e+00
 -7.8875923e-01
  1.5510919e-05
 -1.1850532e-06
 -3.7615708e-05
 -2.2477307e-06
 -7.3620699e-06
 -1.8004671e-01
 -2.7788064e-05
  6.2499076e-01
  2.2986121e-04
  1.0126470e-02
  5.3364241e-01
 -5.6849331e-01
 -1.9604079e-06
 -3.5510220e-05
 -1.2151246e+00
  4.8488826e-02
 -2.9316241e-01
 -7.1243793e-01
  8.5972924e-06
 -2.6823385e-05
 -1.0146716e+00
 -1.0290054e-05
 -6.0206289e-06
  8.7774658e-01
  3.7269134e-02
  8.6191404e-01
  1.0658233e+00
  1.3162225e-04
  2.4774218e-01
  1.9537622e-01
 -4.1495441e-05
 -1.3434904e-05
 -1.8336007e-02
  8.3244640e-01
  5.7068235e-01
  4.7000360e-01
  6.4430392e-06
  1.1744004e-01
  2.9001412e-01
 -4.7567373e-05
 -2.2467284e-06
 -2.0222769e+00
 -1.0921935e-01
  1.8246920e+00
 -6.6850078e-01
  7.5203227e-04
  7.1671093e-05
 -3.4110516e-02
 -6.4997166e-06
 -7.7006807e-06
 -1.8109217e+00
  2.8496918e-01
  1.3733029e+00
 -6.0222930e-01
  1.7321874e-05
  3.9628872e-01
 -8.1299245e-01
 -4.4779441e-05
 -5.3752979e-06
 -1.7345974e-01
  4.3079677e-01
 -1.8660606e-01
  2.0305136e-01
  4.3905828e-05
  3.1806859e-01
 -4.2998180e-01
 -1.0236953e-04
  1.0776204e-05
 -6.2638384e-01
  4.3834415e-01
 -3.5247847e-01
  4.6421937e-03
 -1.1300957e-05
 -7.2460062e-07
 -9.7062814e-01
  6.7513891e-02
  3.9108204e-06
 -1.0990030e+00
  9.4809884e-01
  8.1769973e-01
 -8.1833363e-01
  3.4294480e-06
 -1.3559902e-05
 -1.2115052e-04
  1.2118789e-05
  1.5822194e-04
 -3.3797321e-06
  8.5386944e-01
 -2.2960792e+00
 -8.6883447e-05
 -2.0138468e-05
 -2.8476454e-06
 -1.5891943e+00
  3.1152135e-02
  7.8580188e-06
 -7.3606968e-01
  6.7216963e-02
  8.8257402e-02
  7.3978645e-01
  3.8959605e-01
 -5.0005115e-06
 -1.0516661e-01
  3.9573392e-06
  1.1965597e-06
 -1.0067836e+00
  1.2376198e+00
 -2.1271740e-01
 -8.9801741e-01
 -6.0093180e-06
  5.5998731e-07
 -4.6500310e-01
  1.7641827e-02
  1.6175067e-05
 -1.2049215e+00
 -4.8900118e-01
 -8.9505678e-01
  3.1781936e-01
  7.3771794e-06
 -7.2509036e-05
 -5.4247886e-01
  6.2426216e-07
  3.1945001e-06
  6.0451972e-01
  2.0228927e-01
  7.2494912e-01
  4.5655280e-01
 -1.7195322e-05
  7.2413595e-06
  2.6132988e-03
  5.5166129e-02
  2.1499575e-06
 -1.9956298e-01
  1.8761481e+00
 -1.7785871e+00
  4.8187721e-01
 -1.8013552e-05
 -3.9485956e-05
 -4.5042801e-01
 -1.1650453e-05
  8.6699265e-06
  7.7731945e-02
 -4.8330948e-02
 -3.6093999e-02
 -2.6558751e-01
  1.3865718e-05
 -1.7857990e-05
 -4.5298365e-01
  1.5427163e-03
  1.4145160e-05
  8.3920062e-01
  2.0956509e-01
 -6.2906295e-01
 -5.6324822e-01
  1.2413758e-02
  1.2413758e-02
  1.2413758e-02
  1.2413758e-02
  1.2413758e-02
  6.7241365e-01
  6.7241365e-01
  6.7241365e-01
  6.7241365e-01
  6.7241365e-01
  1.4738771e-01
  1.4738771e-01
  1.4738771e-01
  1.4738771e-01
  1.4738771e-01
  1.0924964e-01
  1.0924964e-01
  1.0924964e-01
  1.0924964e-01
  1.0924964e-01
  1.6452778e-02
  1.6452778e-02
  1.6452778e-02
  1.6452778e-02
  1.6452778e-02
  1.8038879e-01
  1.8038879e-01
  1.8038879e-01
  1.8038879e-01
  1.8038879e-01
