nep4 3 Ba Zr S 
cutoff 8 4 150 20
n_max 4 4
basis_size 8 8
l_max 4 2 0
ANN 30 0
 -2.1616142e-05
  1.3560160e-05
  4.5787128e-05
 -2.5013424e-04
  8.4906678e-06
  1.7639555e-04
 -1.1182093e-04
 -2.3426592e-05
 -8.2680554e-06
 -5.4999815e-05
  2.3702005e-05
  3.5951339e-06
 -1.0123278e-04
 -2.4637309e-05
 -5.4887463e-05
  4.4954355e-05
 -3.1882682e-05
  1.3834045e-04
 -2.9238923e-05
 -2.0226528e-04
 -7.8038815e-05
 -1.6241398e-05
 -9.9872559e-05
 -1.2051928e-04
 -4.1558215e-04
 -6.7134519e-05
 -1.2824182e-05
  2.4040972e-05
  5.7403933e-05
 -6.9592052e-06
  8.3130139e-01
  6.3454610e-01
  3.9705930e-05
  1.2127529e-05
 -1.7526776e+00
  3.2654822e-05
  2.8414293e-05
  1.1244819e-02
 -6.7856961e-01
  1.4467953e+00
 -8.8150637e-07
 -9.1092920e-07
  1.1051589e-01
 -3.8661070e-05
  2.8362824e-04
 -2.1266047e-05
 -2.2969085e-05
  3.0690446e-01
  2.2988617e-02
 -2.6024589e-01
 -6.8220106e-05
 -1.3630442e-05
  4.6358578e-02
  3.2269657e-01
  3.3263737e-01
  3.6046160e-05
  5.7479330e-05
  9.5080413e-06
 -4.8421625e-05
 -1.8555991e-04
  3.7356600e-05
  1.2631366e-05
 -3.1133488e-04
  1.3708193e-06
  1.3250704e-05
  1.0251696e-04
 -6.8195968e-06
  3.6426278e-05
  5.4915348e-04
  6.1660590e-05
  1.0267861e-04
  6.3752341e-05
  2.0086877e-06
  3.7734626e-05
  6.9888163e-05
 -3.0199203e-04
 -7.1172566e-05
 -2.0149784e-04
  2.7461629e-04
  7.0983879e-05
 -2.2564286e-04
  1.9520261e-05
 -1.3418568e-04
 -2.0392344e-04
  1.6498246e-04
 -1.5784331e-04
 -3.2130822e-05
  7.1659611e-05
  1.1379951e-04
  3.1038378e-06
  6.7480439e-01
  3.2362890e-01
 -2.1713242e-05
 -2.2276306e-04
 -1.3506343e-04
 -1.9744550e-05
  2.3147484e-05
  3.3733118e-05
 -2.1192807e-05
 -5.0418985e-01
  2.2914928e-05
  1.9893546e-04
  4.9952025e-05
  8.0583086e-05
  6.2151888e-04
  2.2555427e-05
 -1.0552692e-04
  9.2332236e-02
  3.3626324e-04
 -3.3752128e-02
  3.8548271e-05
  7.4281929e-06
  2.5871792e-04
  1.1632858e-03
  4.8614335e-03
 -1.3820382e-04
 -1.9133817e-04
  6.2046362e-05
  4.5547853e-04
  1.4042834e-04
  1.5004998e-04
  2.4318417e-04
  2.8489660e-06
 -5.0529423e-05
 -4.5420642e-05
  6.8325040e-05
  3.0339774e-04
  3.6201331e-05
  5.9824655e-05
  1.7392573e-04
  4.0848998e-05
  5.9344777e-05
  4.3029311e-05
  2.8702776e-05
 -3.9605486e-05
  2.3324932e-04
 -2.2794468e-04
 -2.2859193e-05
 -8.6375840e-05
  5.5417258e-06
 -1.2468640e-05
  1.3732597e-04
  1.4180980e-04
 -5.6108175e-04
  2.7979682e-05
  9.6758996e-04
  2.3522694e-04
 -9.2953756e-05
 -3.6874198e-04
  1.1309064e-05
 -2.5835600e-06
 -2.8917645e-04
  6.8084337e-05
 -6.0778380e-05
  1.6351315e-06
 -1.2925148e-04
 -1.0436028e-04
  1.5329607e-04
 -1.5853325e-04
 -1.1667213e-05
 -4.2652016e-04
  1.6879188e-05
  1.0047348e-04
 -1.8067003e-05
  9.1424328e-05
 -1.1728443e-04
  8.2307291e-05
 -6.3005857e-05
  1.4227199e-05
  3.4401032e-07
 -9.9516576e-05
  1.3123931e-04
 -9.8051365e-05
 -2.5972517e-04
  3.7807087e-05
 -1.2496585e-04
  8.2908409e-05
 -4.2160864e-06
 -1.1255097e-04
  7.2610106e-05
 -1.9329307e+00
 -1.1909152e-03
  1.5590285e-04
 -1.3682275e-05
  5.8848625e-01
  6.9346745e-05
  4.5865028e-05
  1.9917796e-05
  4.5390069e-02
 -6.3446142e-02
  4.6245968e-05
  6.0512895e-05
 -3.5842432e-04
 -9.7048171e-05
 -8.6679502e-05
 -1.8225948e-04
 -2.7447974e-04
 -1.1533011e-04
 -2.8730606e-04
  3.4279697e-06
 -3.5628269e-05
  6.5429794e-04
 -3.2486274e-05
 -2.5650996e-04
 -4.5150108e-04
 -3.4745835e-04
  3.5664171e-04
 -2.7860320e-04
 -7.4261725e-06
 -2.4369212e-04
 -5.6035459e-01
 -8.7495834e-02
  2.8832358e-06
 -8.4843668e-05
  5.2840149e-01
 -1.9357516e-04
  2.2459247e-04
 -3.5785615e-05
  7.1758829e-02
 -4.3067476e-01
  8.9021749e-05
  6.5663473e-05
 -5.9487589e-04
  6.2860185e-05
 -4.4626152e-04
 -4.3054137e-05
  3.3325367e-04
 -1.4633924e-02
 -4.7481986e-04
  2.7026772e-02
 -1.4277137e-05
 -4.7646159e-07
 -5.3147483e-05
 -4.3583116e-03
 -1.0964950e-03
  2.8945220e-05
 -2.5603463e-04
 -7.6044394e-06
  7.2378782e-05
  1.5299026e-03
  1.4004792e-01
  3.9748556e-04
  1.2622228e-04
 -2.1113852e-05
 -1.2395206e-04
  1.1974602e-05
 -1.1922288e-06
  8.4855128e-03
  2.8692211e-05
  2.3363930e-01
  1.3029874e-04
  2.8936676e-04
  8.0059085e-04
  6.0258084e-05
  7.2437717e-05
 -6.4676140e-05
 -2.7478304e-06
  1.9027892e-03
 -2.2497376e-05
 -5.1341404e-04
 -4.0039886e-04
 -2.6445609e-04
  1.7429846e-04
  2.9524483e-04
  7.0439153e-03
 -2.8299000e-06
  9.9900528e-05
  2.7460055e-05
  6.6423017e-05
  5.2151104e-06
 -2.0248438e-01
  2.0398729e+00
  1.9590799e-02
 -1.3118477e+00
  1.0192908e+00
 -2.4417606e-05
 -2.8927589e-04
  9.3928486e-02
 -1.5581498e-01
  7.2470665e-02
 -5.1586139e-05
 -1.5546419e-05
  2.9704711e-01
 -1.6395617e-01
  3.8524385e-04
  4.1334468e-05
  5.9010981e-05
  2.9583848e-01
  1.9270504e-01
 -2.1598589e-02
  2.6603886e-05
  1.1857354e-06
  2.5424261e-02
  4.7224802e-01
  3.1135115e-01
  8.3326813e-05
  2.4394049e-05
 -2.3697036e-04
 -1.2034894e-04
 -1.3136508e-01
 -3.1565043e-01
 -2.7747727e-05
 -9.1188587e-05
 -5.7035537e-05
  1.2642918e-04
  2.2933279e-04
  1.0413172e-05
 -4.2727293e-04
 -7.7101809e-05
 -2.5593914e-04
 -2.1696377e-04
  4.5750171e-06
 -1.5264834e-04
  2.9494226e-04
 -7.2602706e-05
 -9.2606540e-05
  1.0025400e-04
 -9.6396187e-05
 -2.3860994e-04
  4.7319354e-05
 -9.8887438e-05
 -4.5932156e-05
 -4.8251128e-05
  3.8968603e-05
 -3.3220244e-04
 -2.5812942e-05
  4.0520012e-04
 -5.2587759e-05
  3.1588253e-05
 -1.1664981e-04
 -2.8821780e-05
  5.1664494e-05
 -4.0837233e-05
 -3.0503865e-05
 -2.8146334e-05
 -9.0732326e-05
  2.0403419e-05
 -7.5865682e-05
 -2.2156248e-05
  4.2998556e-05
  5.6017019e-05
 -2.5072337e-05
  8.0383783e-05
  2.0671276e-05
 -2.6492200e-05
 -3.2878375e-05
 -2.0909594e-05
  4.6575901e-06
 -6.0173286e-05
  2.4117842e-04
 -3.4922774e-05
 -4.8066629e-04
 -4.9666476e-05
  1.9132301e-04
 -5.7429530e-05
  6.5599081e-05
  3.8126357e-06
 -3.1939163e-04
  3.3924713e-05
 -1.2267666e-04
 -1.0540201e-03
 -8.8461304e-05
  7.8348439e-06
 -6.0044300e-07
  2.6959502e-05
  1.3710042e-04
  2.2009002e-04
  5.4263670e-05
 -1.2022756e-05
 -1.3426520e-04
  1.7893455e-05
 -1.5312564e-01
  1.7654184e-04
 -3.6458732e-04
 -9.9602519e-05
  3.9293867e-04
 -1.7818490e-04
 -1.3313370e-04
  2.6224798e-04
  7.5947100e-05
 -3.0442208e-05
  1.0874585e-05
 -1.4072126e-05
 -1.9499029e-04
  5.0372084e-05
  2.0843219e-04
  3.8653812e-05
 -5.8879337e-05
  5.8870046e-05
 -5.5077158e-05
  2.2765149e-05
 -1.5845973e-04
  2.1716637e-06
 -3.5406651e-07
 -2.7395232e-04
 -7.2794314e-06
  1.8529818e-05
 -2.8537199e-05
 -1.6975579e-05
  8.8312227e-05
  4.8680187e-05
  2.6682616e-07
  7.1975766e-05
  3.6894773e-05
  1.5815139e-04
 -5.4587956e-05
 -1.4641176e-05
  9.4695151e-06
  2.3567636e-05
  7.3805822e-05
  6.5654334e-05
 -1.5485552e-05
  3.5474335e-05
  1.5796084e-04
 -2.0262621e-04
 -7.9047357e-05
 -4.5811092e-05
 -6.3325047e-06
  7.7546727e-05
  5.4097372e-06
  7.9484314e-01
  9.4339383e-01
  1.2553704e-04
 -2.0282109e-01
 -1.1172142e+00
  5.6591017e-07
 -1.2639131e-04
  1.0775903e-02
 -6.3796723e-01
 -5.8106095e-01
 -5.5272194e-05
  1.9474776e-04
  2.2527519e-01
 -2.6863241e-01
  8.6911388e-02
 -6.7443048e-05
 -6.6447671e-04
  3.9651182e-01
  4.5526218e-01
 -5.0270680e-02
  9.4389492e-05
  5.5029559e-06
  9.8011019e-03
  3.4332237e-01
  4.2723492e-01
 -1.0019990e-04
 -1.6584643e-04
  1.9405545e-04
  4.6221128e-05
 -4.2869661e-02
  9.8397803e-05
  1.1605935e-04
  6.6017070e-05
  9.0046262e-05
  9.8641096e-05
 -1.9203722e-05
  5.4289598e-05
 -1.9176516e-06
  8.5324493e-05
 -5.5109176e-05
 -1.3372477e-04
  1.2420237e-04
 -5.1798525e-05
 -5.9755886e-05
  2.7743122e-04
  5.7672532e-05
 -1.5229894e-05
 -4.6839526e-05
  1.5822061e-05
 -4.2393426e-06
  3.7881557e-05
  3.9845283e-05
  1.1740894e-04
  1.0834204e-04
 -1.8446420e-04
  4.5063414e-05
  7.0438567e-05
 -5.0744329e-05
 -5.0604333e-05
 -1.3687419e-04
 -1.3712087e+00
 -3.4719449e-02
 -2.1328988e-05
  5.4032596e-05
  1.1216059e-01
  8.4857027e-05
  7.6564320e-05
  1.3741245e-04
  2.0397583e-02
  2.5832650e-01
  3.4499073e-05
 -9.1472226e-05
 -1.4678021e-04
  1.2602507e-04
 -5.6362282e-03
 -5.8984711e-05
  1.1492868e-04
 -1.2145754e-03
 -1.5017194e-04
  3.6168152e-01
  5.3211517e-04
  5.7384786e-06
 -1.3874409e-04
 -2.7436318e-02
 -3.6100354e-02
  1.2401390e-05
  4.3068503e-05
 -9.9662357e-06
  3.6579732e-07
  2.8733490e-04
  2.6190797e-05
  1.5161218e-04
  1.1209815e-04
 -1.1605662e-05
  6.9422538e-05
 -2.3361607e-05
 -8.1080951e-05
 -6.4805485e-05
  3.5230627e-05
  1.0375661e-04
 -1.7976907e-05
 -2.2929615e-05
 -5.0208229e-07
  1.0679395e-05
  4.5248700e-04
 -1.9738438e-04
 -6.5008389e-05
 -2.4596771e-05
  3.4840119e-05
  1.0004989e-04
  3.2800465e-04
  7.6383934e-05
 -3.1794516e-05
  1.0974016e-04
 -8.9379180e-05
 -3.4196582e-05
  6.2128856e-05
 -1.1783033e-04
  1.0148661e-04
  8.2045517e-05
  7.4889243e-01
 -6.3334143e-01
 -2.8021273e-01
  2.6776710e+00
 -3.3200035e+00
  6.7648914e-05
 -2.4670228e-05
  1.5662667e-01
 -3.5884254e-02
  2.1220040e-01
 -7.9212710e-05
  3.1936520e-06
  7.3682299e-05
 -4.0371832e-02
 -4.7666203e-05
 -7.6455821e-05
 -7.2310206e-05
  1.1944740e-01
  2.2545671e-02
 -1.3062799e-01
  6.5023109e-05
 -2.1624471e-04
  4.5646582e-02
  3.2203019e-01
  3.1996790e-01
 -8.0537193e-06
  7.3376700e-06
  1.2366497e-04
  1.0022167e-04
  1.1082845e-04
 -2.6346824e+00
 -9.3089491e-01
  1.2551026e+00
  1.2833873e+00
  1.0884181e-01
  9.8251357e-06
  8.2117738e-05
  7.1486749e-05
  1.3386092e-01
  6.3136899e-01
  3.4481793e-05
 -1.1660562e-04
 -6.0026079e-02
 -3.6886067e-05
 -1.4341578e-01
 -2.1440474e-05
  1.2488043e-05
 -1.1391035e-01
 -1.0718206e-01
  3.1686794e-02
  1.8143510e-04
  8.8468507e-05
 -1.1446469e-04
 -2.9920781e-01
 -6.8229064e-02
 -2.2550765e-05
 -2.3539246e-04
 -1.2751481e-04
  7.3187475e-05
 -1.2476072e-05
  5.7478734e-05
  8.0980835e-06
  6.4615815e-06
  3.1255306e-05
 -6.3602987e-05
 -5.4618333e-05
 -3.2474876e-05
  4.5760575e-05
  2.2711308e-04
  8.5378546e-05
 -7.2678500e-05
  2.2416275e-04
 -1.9555882e-05
  1.4965853e-04
 -1.2717342e-04
  5.3535179e-05
 -6.7226516e-05
  5.3704123e-05
 -1.6828487e-04
  9.4734205e-06
 -1.0706123e-04
 -1.9186405e-04
  1.0809624e-04
  4.1272948e-04
 -8.4329164e-05
 -1.3119080e-04
  2.4226212e-05
 -6.2733801e-05
  1.5624111e-04
  1.4662072e-05
  2.2376989e-04
 -7.8088080e-05
 -4.3269341e-05
  1.7407238e-04
  1.0964594e-04
 -2.1978323e-05
  1.9680681e-05
 -3.2467946e-05
  1.1991089e-04
  1.5231545e-04
  3.8452588e-05
 -1.5718298e-04
  4.7236629e-04
  3.8367641e-04
  9.1211386e-06
  2.6425068e-05
  4.2406935e-04
  6.6841181e-07
  5.6763907e-05
  8.7562446e-05
  8.3128734e-06
  2.5275620e-04
 -2.7531900e-05
 -6.8293475e-06
 -9.1294751e-05
  1.3200862e-04
 -1.4478053e-04
 -4.3159540e-05
  6.0229755e-05
 -5.6174791e-05
  1.0462689e-04
 -1.2216721e-04
  1.8741457e-05
  7.5433396e-05
 -9.5602707e-05
 -5.9456204e-05
 -4.2722804e-05
  4.2313806e-04
 -9.2609744e-06
 -3.5726269e-05
 -3.2539442e-04
  1.1006265e-04
 -4.5898254e-05
 -4.0884701e-05
  3.6414778e-05
 -5.2708815e-06
  3.2311818e-05
  7.3607844e-05
  7.3152216e-05
  2.3920443e-04
 -2.2176117e-05
  2.1319388e-04
  3.9936272e-06
  1.8813407e-05
  9.9338853e-05
 -6.2360291e-06
 -2.4394307e-05
 -3.5488233e-04
 -2.5475849e-04
 -4.1244053e-05
 -2.8663811e-01
 -4.7548521e-01
 -2.2953727e-04
 -1.3902801e-05
  1.3754091e-01
  6.5220360e-05
 -4.8099279e-05
 -5.9231348e-02
  1.2021531e-02
 -8.0751747e-02
  5.8152033e-05
 -6.1776077e-06
 -2.2307778e-04
  3.7031082e-04
  9.0586818e-06
  1.6425907e-05
 -4.0614668e-05
 -7.5933933e-02
  2.4934572e-05
  4.9723558e-02
 -2.8027525e-05
 -7.6513461e-06
 -1.0332137e-03
 -5.6501806e-02
 -2.6422475e-02
  1.6507730e-04
 -2.7845774e-05
  7.8391000e-05
  5.2696374e-05
  4.6227663e-04
  1.2934780e-04
 -4.1662497e-05
  1.5989457e-05
  3.0829426e-04
  8.4205340e-06
 -8.0584949e-05
 -5.3954143e-05
 -1.6060554e-04
  1.0356871e-04
  5.0488259e-05
 -1.6761027e-04
 -8.7599674e-06
 -2.9126229e-05
 -4.7958627e-05
  4.8017341e-06
 -1.5642832e-05
  4.5326451e-05
  5.1323728e-05
 -1.5156677e-05
  2.3564128e-02
  2.5688592e-04
 -1.0201694e-04
 -1.6964648e-04
 -1.0101056e-04
  1.7578753e-04
 -6.9917747e-05
 -5.9423364e-06
 -2.1857374e-04
  9.8958872e-06
  3.5651863e-04
 -6.6862623e-05
 -6.1690575e-05
  1.0839383e-04
  1.4168461e-04
  2.3181748e-04
 -1.7741595e-04
 -2.8026941e-05
 -5.2464326e-05
  2.2138995e-05
 -1.5940446e-02
 -2.4946992e-05
 -3.8104740e-04
  1.3330785e-05
 -2.7623581e-04
 -1.2682840e-06
  1.1737608e-04
 -9.3133400e-05
 -1.3788452e-04
  4.3939981e-05
  1.1084612e-05
 -1.5256745e-05
 -1.0753294e-04
  1.9225308e-05
  1.4780527e-04
 -7.1470306e-05
 -4.3697040e-05
 -3.6987115e-06
 -5.5647888e-05
 -1.1138003e-05
  1.6553504e-05
 -1.8199275e-01
  1.7856570e-01
  4.6047964e-05
  3.2919316e-04
  2.4550399e-01
  2.6523709e-04
 -2.0005976e-04
 -6.7622022e-05
 -2.6650097e-02
  5.8616108e-01
  9.4245712e-05
 -1.2732657e-04
 -1.9695206e-05
 -1.1308948e-05
 -9.5216514e-05
 -4.6361951e-04
 -9.4125251e-05
 -7.0221790e-06
  1.0322349e-04
 -9.7847478e-05
 -1.0602894e-04
 -8.3965118e-05
  1.4446944e-04
  1.9537238e-04
 -9.7144832e-05
 -2.1372802e-05
  1.0863051e-04
  4.3683955e-05
 -1.1764398e-04
 -4.4105505e-05
 -1.1364170e-04
  3.5407440e-05
  8.0461919e-05
  5.4700435e-03
  9.9694178e-02
 -9.3774579e-05
 -1.4213816e-04
  1.2833779e-04
  4.6097918e-04
 -3.2401404e-05
  2.3798611e-04
  7.1503266e-05
  4.8806171e-05
  1.9827412e-04
  2.6398418e-05
  7.7529498e-05
  6.3374857e-05
  5.3960353e-05
 -1.0521273e-04
  1.9078639e-04
  1.2400548e-04
  7.1906732e-05
 -9.0450660e-05
 -1.4579647e-04
  3.8619615e-05
  3.3093602e-05
 -5.0391363e-06
 -1.1878124e-04
  1.3820025e-04
 -5.4991956e-06
 -1.8538948e-04
 -1.6878759e-04
  1.1032068e-04
 -2.5214813e-05
  1.1736047e-04
  6.2816442e-05
 -2.3399119e-04
 -9.1677342e-05
  7.2385475e-02
  3.8623625e-01
  1.8846598e-05
 -3.0026352e-04
  2.2297832e-05
  7.8020254e-05
 -9.2985876e-02
  6.6271670e-05
  3.4888667e-06
  6.8564783e-05
  9.3966455e-06
  3.1650194e-05
 -6.4003354e-05
  1.1676957e-04
  5.2386672e-06
 -8.4636078e-05
 -8.7416767e-05
 -1.1500442e-04
 -1.1674676e-04
  2.4339280e-04
 -1.6102321e-04
  1.3719373e-04
  1.4673613e-04
  6.5866225e-05
  5.7366702e-05
 -2.0998541e-05
 -3.6538877e-05
  5.8094767e-05
 -1.9020392e-04
  1.2225581e-05
  9.5135314e-05
  2.8497550e-05
  4.7117352e-04
  1.8149038e-06
 -5.5167104e-05
  9.6799478e-05
  6.3975931e-05
  3.8699080e-05
  5.3765782e-04
  1.8782768e-04
 -1.4271196e-04
 -7.3696159e-05
 -1.8247093e-06
 -5.8335048e-04
 -6.1061342e-05
 -3.2098567e-05
  5.1594657e-06
 -2.7339005e-05
  8.3356044e-06
  8.7333308e-07
 -9.8818149e-05
  4.0897423e-05
  4.9932763e-01
  2.6851794e-01
 -4.4182560e-04
  1.6783601e-01
 -2.2893003e-04
  1.1351231e-04
  1.2209393e-01
 -3.3090487e-01
 -8.2832098e-01
  9.1374320e-01
 -2.1934490e-01
  7.4840478e-05
 -1.8441781e-01
  7.8293565e-04
 -2.2879145e-01
  3.5700959e-01
  7.0942752e-02
  4.4521862e-01
  1.0076988e+00
  5.2119084e-02
 -1.5622618e-04
  1.4464742e-04
  1.0293804e-01
 -5.4409862e-01
 -5.0733262e-05
  2.8606781e-01
  4.9008468e-01
  3.0476758e-01
  4.6553048e-01
 -3.2344364e-05
 -4.4600704e-01
  1.8075250e+00
 -1.4348951e-04
  1.0755832e+00
 -4.0038640e-06
  1.4672129e-04
 -8.8703281e-01
 -1.1751349e+00
  1.6731485e+00
  3.0243342e+00
 -4.2605975e-01
  5.8401674e-05
 -2.7034840e-01
  1.2745782e-05
  2.2315915e+00
  2.6374584e-01
 -1.3558909e+00
  3.9464203e-01
  2.7906244e+00
 -3.3709652e+00
 -8.5341169e-05
 -1.2882383e-05
  1.6054579e-04
 -1.4758487e+00
 -3.0475439e-04
 -2.6884910e-01
  1.0839450e+00
 -2.9992366e-01
 -6.2666744e-01
 -9.6470430e-05
  3.1567517e-05
 -1.6668357e-04
  9.8651639e-05
  5.6291974e-05
 -9.1388938e-05
  8.7359454e-05
  2.7427208e-05
  6.6391833e-05
 -2.6843627e-04
 -2.1542835e-05
  3.4149805e-05
 -3.1683355e-06
  4.8041475e-04
 -2.8424995e-05
  1.2526043e-04
 -5.0742201e-06
 -4.6129095e-05
 -1.8124862e-04
  1.1253446e-04
  9.1327252e-05
 -1.6230799e-04
  5.2206789e-05
 -2.2366433e-04
  5.7763484e-04
 -9.1833594e-05
 -2.4785029e-04
 -9.6379037e-05
  1.5817213e-04
  1.3888076e-04
 -1.3048864e-05
 -4.0423962e-01
  1.6496594e+00
  2.0956404e+00
 -5.8073697e+00
  2.2758317e+00
 -2.1070380e-04
 -5.5720639e-01
  1.5705471e-01
  3.9671806e-05
 -3.3215055e-01
  2.0340486e-01
 -2.9564491e-01
  1.7833948e-03
  9.7046703e-01
  3.5604582e-05
  5.6309283e-01
 -2.7572319e-01
 -4.6035859e-01
 -4.3226463e-01
  3.0838445e-04
 -3.2890302e-01
  1.9799363e-02
 -2.7030173e-01
  4.3797597e-01
 -5.7869114e-05
  2.3966009e-05
 -2.9512126e-02
  1.2052023e-05
  4.3063704e-02
 -7.8323474e-06
  1.3666921e+00
 -2.3739612e-01
 -3.4883630e-01
 -3.7963873e-01
 -1.8294196e-01
 -8.3383558e-05
 -8.8640691e-06
  3.3665681e-01
 -3.3991400e-03
 -1.3252008e-03
 -1.6416429e-01
 -2.2194362e-01
 -3.5037272e-05
 -4.3362834e-02
 -6.0570645e-05
 -1.7326307e-02
 -2.8905534e-04
 -6.0954844e-03
  4.2619109e-02
  1.1186611e-04
 -1.4840578e-01
  1.5817550e-01
 -5.5248174e-04
  1.8571170e-01
 -8.5877324e-04
  1.3779173e-05
  2.7568532e-05
 -4.0197501e-05
  7.9023704e-04
  9.8403852e-06
  4.1892115e-04
  2.3301487e-01
 -2.8710693e-07
  4.4742908e-02
 -3.1322476e-01
 -1.7012266e-03
 -3.4944993e-01
 -2.3090826e-01
 -7.0757955e-01
  2.1147661e-02
  1.4443138e-04
  2.2301856e-06
 -1.6740683e-04
  1.6617752e-03
  2.2598442e-04
 -1.0078421e-04
 -2.2310323e-04
  3.2071344e-04
 -1.1575288e-01
  1.0544800e-05
  3.2994139e-01
  2.4698206e-04
  1.2520934e-04
  2.0964153e-03
 -2.2410230e-05
 -1.3657998e-04
  2.8646656e-04
  1.8519570e-06
 -2.4707543e-04
  7.6277371e-05
 -7.6034546e-01
 -1.2500970e+00
  2.4605026e+00
 -2.3113565e-01
  7.3154855e-01
 -9.0253145e-02
  1.4792219e-02
 -1.9946296e-05
 -2.6760733e-01
 -1.9382487e-01
 -1.3820998e-01
 -2.6909977e-01
 -6.6663213e-02
 -1.0271157e-01
 -7.3781931e-03
 -1.6205728e-01
 -1.5880798e-01
 -1.5913237e-02
  5.6165105e-01
  1.6214566e-04
 -7.6023273e-02
  9.7870291e-04
  6.1105566e-05
  4.5547608e-02
 -6.7023225e-03
  5.8362199e-05
  3.9767354e-05
 -6.7474466e-05
  4.8734705e-04
 -4.2496427e-05
 -1.5096767e+00
  3.3172767e+00
 -3.1698987e-01
 -2.1954362e+00
  4.0044847e-01
  7.6392695e-02
 -1.1403839e-01
 -2.2238389e-02
 -2.8331330e-04
  3.8967240e-01
  5.6086957e-01
  6.7501330e-01
  7.3597836e-01
  3.0548385e-01
  4.0123534e-01
  1.7922322e-01
  1.5474927e-01
  1.8877655e-01
 -2.8559420e-01
  1.3215978e-01
  9.8305160e-01
 -1.0342943e-01
  8.0715662e-01
 -5.8281790e-02
  6.8031847e-01
 -8.0067274e-04
  1.2761796e-01
 -2.5200460e-04
 -1.0475565e-03
 -1.9322218e-04
  6.9927983e-02
  1.1033955e-04
 -7.2545787e-05
 -2.9189359e-05
  2.1389156e-05
  1.4401344e-05
 -5.8618247e-05
  1.7443925e-05
 -4.6359488e-05
 -2.7205908e-05
 -5.3695626e-06
 -7.7247591e-05
  1.0630109e-04
 -7.6884324e-05
 -1.6489872e-04
  6.2933548e-05
 -9.4553012e-05
 -1.9938210e-05
 -1.4499018e-01
  1.8660209e-04
  9.5492560e-06
  4.5089539e-05
 -1.0118226e-05
 -4.6355813e-04
 -1.0801620e-04
  2.7022985e-05
 -1.6836739e-04
 -1.4563807e-04
 -9.1931237e-05
 -1.6901418e-05
  1.5976570e+00
  1.7735279e-01
  9.6234632e-01
 -7.3893899e-01
  1.3744434e+00
 -6.0745757e-02
  2.6345187e-01
  2.9112247e-01
 -1.7621927e-01
 -3.3109805e-01
 -1.4327110e-01
 -3.8265395e-01
  3.3831541e-04
 -1.8702057e-04
 -8.4851338e-03
 -9.0671435e-02
 -1.5479261e-04
  1.0841925e-01
  1.4827371e-01
  1.4095618e-03
 -3.0390364e-01
  7.5001097e-01
 -6.3896608e-01
  3.4055808e-03
 -2.7011758e-01
  6.5498178e-05
  6.5281703e-05
 -2.2429956e-06
  1.8321173e-04
  4.6673985e-04
  1.8655986e-05
 -1.0434465e-04
  1.5409256e-04
 -1.6519424e-04
  4.3674216e-05
  2.5043397e-05
 -1.3612027e-04
  4.0174735e-05
  1.1135340e-04
 -1.1792369e-05
  7.7966222e-05
  1.8497425e-04
 -3.2214917e-05
 -5.4870063e-05
  6.5880602e-05
 -3.1062146e-04
 -1.7281619e-04
 -4.6955167e-05
  1.8067233e-04
  3.8724080e-05
 -5.6458925e-05
 -6.8525260e-05
  1.3782824e-06
 -1.9385037e-05
  1.2622448e-04
 -8.7332599e-05
 -1.7437225e-05
 -4.8516062e-04
 -2.3465195e-04
  1.0339973e-05
 -3.2381402e-05
 -3.2287941e-04
  3.0175820e-01
 -2.7336280e-05
 -4.7964309e-04
  9.8736091e-05
  1.6062014e-04
  3.0603981e-06
  1.0320784e-04
 -9.4125586e-05
 -3.5306162e-05
  3.5018318e-06
  2.5061288e-05
 -2.8699788e-04
  3.0094167e-05
  5.8477948e-05
 -9.9908415e-05
  2.0904515e-04
 -4.0643837e-04
  2.0126759e-05
 -1.2564086e-05
  1.7435652e-05
 -1.2753098e-05
  5.6680833e-06
 -3.4025485e-05
  5.0343002e-05
 -2.2290906e-04
 -7.8640769e-05
 -7.8435851e-06
 -2.0130332e-05
 -5.5405211e-01
  2.4856410e+00
  5.3353272e-03
 -2.2121091e-01
  5.3530923e-05
  1.5893891e-05
 -1.3621808e-04
 -2.6892097e-04
 -3.8143268e-04
  8.1974296e-03
  5.1434567e-05
  9.8545723e-05
 -5.6127941e-05
  1.0739721e-05
  2.6655149e-02
  3.3734313e-01
  4.3832220e-02
  4.1905537e-02
  4.6793744e-01
 -6.0004159e-04
  8.2529831e-01
 -1.2063227e-04
 -5.3583585e-06
  1.9005875e-04
  7.4203588e-02
  2.8478920e-05
  4.5464962e-04
 -8.7938381e-05
  6.1169623e-05
  9.9923658e-05
 -5.6664430e-05
  9.8877768e-05
 -2.7324155e-04
 -1.1165554e-04
 -1.1362607e-04
  5.7882091e-05
  1.7746247e-04
  7.0568247e-05
  6.9995099e-06
 -1.0512713e-05
  1.3802161e-04
  5.9929549e-05
  5.1332096e-05
  6.1727674e-06
  4.4368793e-05
 -2.0649268e-04
  1.8745939e-04
  2.7818480e-04
 -9.9123172e-06
 -4.0692379e-05
 -1.3895294e-04
  1.5546124e-04
 -9.1461632e-05
 -1.0374748e-05
  4.2020106e-06
 -9.5144042e-06
 -3.9512917e-05
  2.6579512e-05
 -2.6882572e-05
  2.1168777e-05
 -2.7649966e-04
  3.9600505e-05
  5.4668766e-03
  3.3220189e-04
  1.5009046e-04
  5.9397546e-05
  2.5911129e-05
  1.2588164e-05
 -6.1798943e-05
  1.3096728e-04
 -2.3698605e-05
  2.6997905e-05
  1.1878344e-04
  2.3746447e-06
 -1.6783833e-04
 -5.4763779e-05
  2.5798743e-05
  9.5459342e-05
  1.2788665e-04
  4.0163868e-04
  2.3892939e-05
 -4.1039162e-05
 -4.8283880e-05
  2.7645400e-04
  7.2475013e-05
  1.3386601e-04
  3.3167680e-04
  1.6995094e-04
  1.6553699e-04
 -1.5218133e-05
 -2.0739005e-04
  6.8146037e-06
 -2.3346221e-04
 -1.3908208e-04
 -1.9896815e-04
 -8.8247551e-05
  6.3562744e-05
 -6.4725878e-05
  4.4652101e-05
 -8.6197928e-05
 -3.0213238e-05
  1.5987145e-05
 -4.5249934e-04
  2.4210691e-05
 -1.7083483e-05
 -1.4866270e-04
 -6.5451328e-05
 -5.9609470e-04
  4.9000245e-02
  2.0144236e-05
  6.7035870e-07
 -3.4063694e-05
  6.1188555e-05
 -6.1052422e-05
  5.6078363e-05
  4.6654340e-04
 -2.2715791e-03
 -2.0010630e-06
  5.2993608e-05
  6.8780020e-05
  4.9122369e-05
 -5.3485819e-06
 -2.2866251e-01
 -4.1315126e-01
 -1.4198290e-01
 -5.9624374e-05
 -1.8901010e-04
  1.9779097e-04
  8.9083071e-05
  1.0259963e-04
 -3.0396453e-05
 -2.5824482e-05
 -3.3502078e-05
 -2.7365744e-04
 -1.5230510e-04
  1.9689517e-01
 -1.2963243e-05
 -9.1910711e-05
 -4.1091335e-01
  9.3138151e-05
  3.4580640e-05
 -6.3974835e-06
 -6.8466393e-06
 -6.9562389e-05
 -7.4137992e-05
 -1.1373022e-06
 -2.4385030e-05
  1.2432259e-04
  1.2628376e-04
  2.7912679e-06
  5.7405501e-05
 -1.1366080e-04
  1.9184183e-04
 -1.1318013e-04
 -1.1969546e-04
  5.2729687e-05
 -1.1620548e-04
 -1.4606958e-04
  1.3960840e-04
 -4.8488677e-05
 -4.1085583e-05
  1.7133582e-04
 -6.2877935e-04
 -2.5359457e-06
  7.1595759e-06
  6.9762384e-05
  2.2043401e-04
 -8.7421700e-05
 -5.8430036e-05
 -3.9750299e-05
  3.7274891e-05
  2.9113173e-05
 -1.6007160e-05
  1.7343078e-05
 -1.4826440e-04
 -4.0142099e-06
  1.4339964e-04
  1.0274229e-04
  2.8803617e-05
  3.8658698e-05
  5.0817680e-01
 -8.2321209e-01
  1.2333466e+00
 -4.6969517e-04
 -4.6420690e-01
 -1.2361349e-02
  7.5515014e-01
  7.9758029e-05
 -5.8564823e-02
 -1.3513003e-01
 -1.0119259e-05
 -3.6325532e-01
  1.3872512e-06
 -1.6780971e-02
 -1.5217518e-04
 -2.1903841e-03
 -3.8002266e-04
  7.3485200e-05
  4.1599625e-01
 -2.7621866e-04
 -2.4913528e-04
  1.2858224e-01
 -1.0244179e-04
  8.5603207e-02
  2.9620851e-04
  1.9314175e-06
 -4.5073029e-05
 -8.6857523e-05
  1.1096073e-04
  2.8726705e-05
 -1.5710541e-06
 -1.1090641e-05
 -1.7297569e-05
  3.3355820e-05
  1.0192199e-05
 -3.3637731e-05
 -7.1253024e-05
  5.8643003e-05
  5.0337490e-05
 -6.1860953e-07
  1.7341238e-04
  5.7851521e-05
  2.7451464e-05
 -9.9467870e-05
  1.7471038e-04
 -6.6892034e-04
  6.7087320e-05
  5.5067433e-04
 -1.8315617e-04
 -8.5841260e-05
  1.0507931e-04
  1.1554644e-06
  1.1221790e-05
  1.1822533e-04
  1.7005258e-04
  3.3794378e-05
  3.5752112e-04
  1.2674926e-04
  2.2250015e-05
  6.3223757e-05
  5.2604701e-05
 -1.8560413e-04
  5.3567597e-05
  1.6595592e-04
 -7.4302125e-06
  2.1606838e-05
  1.8160212e-04
 -6.4489497e-05
 -7.2431561e-05
 -1.1524516e-03
  3.3107084e-05
  2.7066420e-04
 -1.4654198e-05
 -3.1916818e-05
 -7.5457509e-05
 -7.5332443e-03
 -1.3718169e-04
  1.4705134e-04
  5.9586391e-06
  1.1382341e-04
 -1.3690392e-04
 -1.0656241e-05
  1.2250550e-05
 -9.0658923e-06
  2.4140047e-05
  1.6029268e-04
 -6.4815860e-05
 -2.1662700e-06
  7.7363824e-05
 -1.9356619e-04
 -1.5236615e-01
  3.2068696e-04
 -1.2882255e-04
 -2.0191559e-05
 -1.6796275e-04
 -8.4283784e-05
  2.8442248e-04
 -1.0814262e-04
  5.4900232e-05
  6.1448896e-05
  2.8693265e-05
  4.4314009e-05
 -3.8088439e-04
 -6.7722656e-05
 -3.6481553e-05
  3.3694305e-02
 -5.5780811e-06
  2.5516503e-05
  1.4387273e-04
 -4.8155347e-05
  2.0639501e-04
 -7.2687973e-05
  5.3554686e-05
 -4.9670857e-06
  8.8791880e-05
 -1.1213916e-04
 -7.3713236e-05
  2.1155771e-05
 -2.6560761e-04
  3.8618102e-05
 -3.2439071e-04
 -1.6116832e-05
 -5.9528644e-05
 -1.8515153e-04
 -1.5456791e-04
 -1.4221498e-04
  1.9928341e-04
  4.7626614e-05
 -5.6691788e-04
  2.8146491e-05
 -3.7485812e-04
  3.9188902e-07
  5.4776341e-05
  7.3483607e-05
 -1.2753862e-04
  4.5408447e-05
  1.1211142e-04
 -2.8235010e-05
  5.6667643e-05
 -1.1061068e-05
  3.1194952e-05
 -2.1071866e-05
 -3.0707454e-04
  4.6102807e-05
  7.8107849e-05
  1.4244543e-05
 -2.0675088e-04
  2.5725190e-05
 -2.8899985e-05
  3.4558785e-04
  1.1719505e-04
 -2.0282176e-05
 -7.2412186e-05
  1.3021815e-04
 -1.2164094e-05
 -1.7666564e-04
  3.4647580e-04
 -9.0956913e-05
  1.5544598e-05
  1.0266739e-05
  4.7987248e-07
 -3.2818636e-05
  3.1460364e-05
  7.6259370e-05
 -1.4326893e-04
 -2.6526820e-04
  1.3668581e-04
  2.2960884e-04
  2.4510118e-05
 -1.3782989e-04
  1.5967742e-05
 -6.1296065e-05
 -3.2501400e-04
  2.3377177e-05
  6.9076654e-05
  1.1937745e-04
 -1.6533355e-05
 -2.9118987e-06
  1.4883267e-05
  1.0086125e-04
  9.9281177e-02
  9.7529292e-01
  1.4053282e-01
  2.7326530e-01
  3.8288271e-01
  2.1567880e-01
  2.5025633e-01
 -1.9453186e-01
  2.1604369e-03
  3.0738670e-01
  4.8853701e-01
  3.2873979e-01
 -2.7573813e-04
 -2.7142948e-04
  1.8049495e-02
  8.2626142e-02
  3.0604237e-01
  3.4060910e-02
  1.0926915e-02
 -2.0321258e-05
  9.8471588e-01
 -1.6185880e-04
  8.9501795e-05
 -9.8994244e-03
  6.0402513e-03
 -1.4926329e-04
 -3.6987884e-05
 -3.1966742e-05
 -8.2699076e-04
  2.4088264e-05
 -3.3854664e-04
 -1.4696522e-04
 -6.9297501e-05
 -1.5230845e-04
  2.4299457e-05
  1.3371324e-05
 -1.0614397e-04
  3.5252753e-05
  1.4359101e-05
  6.3400876e-05
 -1.0300014e-04
 -7.9103178e-05
 -2.7255059e-04
  1.7864449e-04
  4.4736636e-05
  9.3939234e-05
 -3.1974032e-05
 -6.0774848e-05
  6.0736261e-06
  7.0250819e-05
  1.1562236e-04
 -1.1164738e-04
 -1.7107261e-05
  9.8132638e-05
 -6.9630318e-05
  1.1846262e-04
 -1.1759002e-04
 -5.4167598e-05
 -2.0411322e-04
 -9.4694646e-05
  1.3534592e-02
 -1.1977950e+00
 -6.8671060e-01
 -1.8681189e-04
 -8.9530134e-01
  2.2561726e-04
 -1.0374094e+00
 -6.0090650e-05
  6.1983004e-04
 -5.9830900e-02
  1.4459805e-04
 -4.3722216e-04
 -1.2867012e-04
  1.9999710e-05
 -1.2754494e-05
 -8.6346895e-01
 -1.3022553e-04
 -6.2993741e-01
 -3.9857423e-01
  4.2774733e-05
 -3.5805923e-01
 -1.1173619e-03
 -1.1921179e-04
 -3.4711131e-01
 -3.5786149e-04
 -1.8463967e-05
  2.0934722e-05
  1.0624890e-05
  6.1186453e-05
  9.5777425e-05
  6.1202591e-05
 -1.0127091e-04
 -7.3220632e-05
  1.5920686e-04
 -2.6830399e-05
  6.7812231e-05
  1.8584991e-05
 -9.5399573e-06
 -4.4376233e-05
  1.0448915e-04
 -9.7987777e-07
  5.6927078e-05
  4.2259533e-05
  5.5152400e-06
  9.6329612e-05
 -5.5888089e-05
  1.3919699e-04
 -1.0756677e-04
  1.1907143e-05
  2.6199787e-05
  3.6501099e-04
 -1.0745080e-05
 -4.1254345e-05
 -4.6450630e-05
  3.1117474e-05
  3.8906722e-04
  2.7913135e-04
 -5.6262052e-06
  1.3424281e-04
  1.5770427e-05
  7.2883970e-01
  6.6917759e-01
 -4.5593497e-01
  3.3349567e-04
  3.7088209e-01
  1.4583048e-04
 -1.0897865e-04
  3.0901745e-05
  2.4238394e-05
  3.0413801e-03
  1.5236645e-04
  4.6382676e-04
 -7.3204415e-06
  8.9618639e-05
  6.5314998e-05
  6.5700307e-02
  3.3120808e-04
 -3.6396852e-06
  6.6969255e-03
 -1.3179993e-04
  1.4840257e-01
 -1.3463409e-04
 -3.8311899e-07
 -8.2803990e-06
  7.4777767e-05
 -8.5308457e-05
  1.3207301e-05
 -3.6568905e-05
 -2.1646675e-04
  5.1273862e-05
  9.4104296e-01
 -9.7786680e-02
  2.1523610e-01
 -6.4582890e-01
 -5.3227536e-02
 -3.2160518e-05
 -6.2295476e-05
  7.6326489e-02
  6.0995074e-04
 -3.8140952e-03
 -1.7413776e-01
 -5.1898029e-02
  3.0006736e-04
 -1.0956860e-02
  9.5069554e-06
 -5.2765231e-03
  4.4786693e-06
 -1.5436992e-03
  1.8354220e-03
 -5.4442069e-05
 -6.0925130e-03
  2.7835597e-03
 -6.1845509e-05
  1.2243742e-01
 -1.7533288e-04
  1.4294144e-04
 -1.0006056e-03
 -1.2045371e-05
  6.0147526e-05
  2.5322910e-05
  9.7781897e-01
  2.3985581e+00
  9.5080596e-01
 -2.7821274e+00
  3.5810449e+00
 -1.8463557e-04
 -1.5834437e-01
  1.6298288e+00
 -5.4174215e-02
 -1.2084740e-01
 -1.1248393e-04
 -4.7201267e-01
 -1.0853421e-04
  3.9250086e-04
 -7.0388937e-01
 -2.6369791e-02
 -2.4851680e-01
  3.3799618e-01
  8.6787820e-01
  5.0105709e-03
 -7.5714713e-01
  3.1764849e-04
 -2.4080302e-01
  1.8858378e+00
 -2.1392496e-01
  8.6060844e-02
 -2.6222774e-01
  1.5378508e-04
  4.7519320e-01
  3.4044374e-04
 -1.5043265e-04
 -1.2621653e-04
 -2.4867742e-05
  6.7238783e-05
  1.5725433e-05
 -9.7647811e-05
  9.6341046e-06
 -5.2873045e-05
 -1.4473050e-04
  6.0373419e-05
 -7.4673633e-05
 -6.6264773e-05
  1.0645184e-04
 -1.5662861e-04
 -1.4771009e-05
 -6.4782769e-05
 -4.8223360e-06
  5.6761066e-05
  6.0665775e-06
  1.5677197e-04
 -2.5852356e-04
  3.1737392e-05
 -2.5641562e-03
  1.7519949e-06
 -1.7756042e-04
  1.4607058e-04
 -1.1353174e-04
  1.3870798e-04
 -3.3321194e-05
  2.0466005e-05
 -4.0205072e-05
  1.6689457e-02
  1.5138240e-01
 -6.8933719e-01
  2.6259682e-01
  5.1061654e-01
 -3.3271248e-03
  2.7791703e-01
  9.4745355e-06
 -4.7693848e-05
  7.1466094e-01
 -1.7597355e-05
 -1.4982836e-01
 -5.2273554e-05
  1.2293005e-03
 -2.3127998e-04
 -8.9594401e-02
 -1.6628173e-05
  4.6691319e-01
 -5.2314520e-01
  4.3408665e-05
  6.7315254e-05
  1.9767351e-01
  5.7232165e-04
 -5.1477146e-01
 -2.7073306e-04
  4.6951437e-01
 -4.9978805e-01
 -3.2166329e-01
  2.3625742e-01
 -7.7154567e-05
 -2.8219237e+00
 -1.5648481e+00
  2.0129697e+00
 -1.5046332e+00
  3.0171635e+00
 -2.0360826e-04
 -2.0379965e+00
  8.4494612e-05
 -4.7713530e-01
  1.5843807e+00
 -4.9903545e-05
  7.2354305e-05
  3.6623655e-04
 -2.9777122e-01
 -4.0449526e-05
 -2.1933417e+00
  1.1692858e-04
 -6.4648473e-01
  6.5089822e-01
  6.0080209e-05
 -9.9481862e-05
  1.7258325e+00
  9.6120231e-05
 -1.2150623e+00
 -1.5935667e-04
  1.0685713e+00
 -3.0342400e+00
 -3.1256468e+00
 -4.2871445e-01
  1.8301028e-01
 -3.4244886e-01
 -2.0419498e-04
 -1.5191486e-01
  4.5343491e-01
  4.2196049e-04
  3.2590583e-02
  2.8355398e-06
 -8.6841002e-02
 -6.1295706e-01
 -8.9634814e-05
 -1.8566703e-02
 -4.8490670e-05
 -1.1840075e+00
 -5.5161894e-05
  1.4454835e-04
 -6.2517529e-06
  1.3714041e-04
  1.9683160e-02
 -1.2241744e-03
 -2.4654402e-05
 -3.1374229e-04
  5.1577328e-05
 -5.2503147e-03
  9.9348435e-06
  8.3152852e-05
  3.2728410e-04
  1.4026022e-04
  4.6023379e-05
  1.3628148e-04
  1.8135433e-05
  1.5465266e+00
 -5.7273929e-04
  3.1997510e-03
  5.4687389e-05
  3.3229318e-01
  1.2205669e+00
 -6.8098365e-04
  4.1107400e-03
 -2.6403901e-01
  7.4050188e-02
  9.9640014e-03
  2.2166211e-02
 -1.8317337e-01
 -6.6945016e-01
 -1.8802275e-01
  5.4276067e-01
 -1.6321516e-01
  4.2579886e-01
 -5.5075105e-04
 -1.9172625e-01
 -6.4134430e-05
 -2.6938519e-01
 -7.3170013e-05
 -1.4502891e+00
 -8.8168278e-02
 -2.6378542e-04
  7.9540134e-04
  6.2049991e-01
 -1.2401076e-01
  1.7189491e-04
  1.2330462e-04
 -1.6007639e-04
  3.2326209e-04
 -2.3178292e-04
  2.9562894e-05
  2.3178232e-05
 -1.4345360e-04
 -1.1704181e-04
 -7.6596283e-05
 -5.1265197e-06
  1.4572031e-05
  1.2926430e-04
  5.8319412e-05
 -2.9262234e-05
  5.3426120e-05
 -9.6446580e-05
 -5.6232901e-05
 -2.8624106e-04
  3.6366400e-04
 -3.4958205e-06
 -2.0427030e-04
 -5.3945576e-05
 -2.5790107e-05
 -6.2895982e-05
  5.3802778e-05
  7.3350442e-05
 -3.7240956e-05
 -2.3445381e-04
  2.2339418e-04
 -2.5714721e-04
 -7.9264835e-05
 -1.1424505e-04
  2.9735747e-05
 -1.6404572e-05
  8.3819526e-05
  1.9629439e-05
  1.8543293e-05
  6.8543173e-05
 -5.6017012e-05
 -6.3728534e-05
  1.5168768e-04
 -6.1829240e-05
  6.6927473e-06
  3.6799087e-05
  2.5276796e-04
 -2.2191893e-04
 -2.6241134e-04
 -4.3776258e-06
 -1.3288890e-06
  1.4057601e-04
  6.4663007e-05
 -1.4351523e-06
  9.3233517e-05
  1.1085270e-05
 -1.1056177e-04
  1.2089061e-05
 -1.0027695e-04
 -1.0326083e-04
 -4.0082781e-05
 -1.1225395e-01
 -1.4917696e-01
  2.0198604e-01
  8.6698365e-01
  5.4709474e-04
 -1.0132927e+00
  8.7923579e-02
 -1.0834382e-01
  5.1747638e-01
 -6.3826138e-01
  4.0323742e-02
  1.3323567e+00
  6.3348435e-02
 -4.4822252e-01
 -3.9953626e-05
  6.0236001e-05
  3.8701681e-05
 -1.2159053e+00
 -6.8897396e-01
 -1.5989917e-05
 -1.3913670e-01
 -3.3291726e-05
 -6.9414660e-02
  1.8430386e-02
 -3.4503057e-03
 -3.0236747e-02
 -6.0484204e-02
  1.3605915e-01
  1.6026428e+00
 -2.5736196e-03
 -7.0446215e-05
 -1.5458655e-01
 -1.0878977e-04
 -3.2031990e-04
  2.4396964e-05
  6.5602981e-05
  1.0902689e-04
  2.1870615e-05
 -4.1119136e-05
 -1.3963747e-05
 -1.4696982e-04
  3.9853033e-04
  1.1415339e-04
  1.6146083e-04
 -1.6777788e-04
  8.3597508e-05
 -1.4708357e-04
 -6.2616373e-04
  8.6699001e-05
 -2.7815084e-04
  1.8885345e-05
 -3.1655416e-04
 -1.6071324e-04
 -1.8682997e-05
 -9.0100650e-05
 -1.9508665e-05
 -4.5868271e-04
  1.1524596e-04
  3.1025840e-05
 -1.0516085e-06
  9.2703904e-06
 -5.4172164e-01
 -1.4348798e-04
  2.1538709e-04
  7.7027224e-05
  2.5213566e-01
 -1.1545170e-04
 -8.2012004e-05
  1.0868482e-01
  2.7196904e-05
 -1.8367318e-04
  6.3231681e-05
 -6.3383501e-05
  1.4483061e-01
 -1.6674426e-04
  7.9143218e-05
  1.4562812e-04
 -8.6614484e-04
  1.6751516e-01
  2.0245834e-05
 -1.2534932e-04
  4.5085500e-05
  1.7659825e-04
 -1.3967133e-04
  4.8157576e-06
  2.8873706e-05
  5.2993710e-05
  4.6932608e-05
  4.9762621e-06
  8.1065977e-05
  2.0206099e+00
  8.7159890e-01
 -3.3309439e-01
 -1.5885347e+00
  2.9227097e+00
 -4.7244325e-01
  5.9018239e-02
 -4.2237324e-01
 -4.2720851e-03
 -5.3367566e-02
  1.2048644e+00
  8.0466494e-02
 -6.6374332e-01
  9.2386037e-01
  1.1108969e+00
  1.3108136e-01
 -2.6496563e+00
 -7.4008256e-01
  7.8015810e-01
  1.2917966e-01
  4.7231090e-01
 -1.2035458e-04
  4.3370736e-01
  1.1349096e+00
 -3.0605621e-05
 -8.2202331e-04
 -2.4369140e-01
 -2.5555584e-01
 -6.4161831e-01
 -2.3078047e-02
 -8.5278213e-01
 -1.3374593e+00
 -9.8777950e-01
  9.4775599e-01
 -9.2189020e-01
 -1.0334028e-01
 -1.8234587e-01
 -8.1370808e-02
  1.4094423e+00
 -7.3432642e-01
 -6.0793847e-01
  2.2066264e+00
 -1.7084083e-02
  2.5095797e-01
 -3.8082622e-02
 -3.7008253e-01
 -4.1247037e-01
  4.3114474e-01
 -1.3924043e-01
 -3.0457804e-01
 -1.8471050e+00
  3.3408925e-01
 -1.3430828e+00
 -1.3347338e+00
 -5.9145647e-01
  6.1983192e-01
 -1.6094476e-01
  1.8683718e-01
 -1.0835716e+00
  5.1727152e-01
  1.6088468e+00
 -2.2386281e-01
 -3.0697431e-04
  9.3158424e-01
  1.0606211e+00
 -2.7029318e-01
  1.8759365e-01
  1.8827561e-01
 -5.9483254e-01
  2.0028213e-01
 -5.4335290e-01
  1.4735239e+00
  9.0485972e-01
 -2.3705636e-01
  2.0090729e-01
 -1.0014627e+00
  3.3946019e-01
  3.4733039e-01
 -4.0940878e-01
  1.7300044e+00
  3.8458431e-01
 -6.8297905e-01
  2.7893719e-01
  1.3975886e+00
  1.0904412e+00
 -1.4756675e-01
  8.7917334e-01
 -5.3762130e-02
  1.4456390e+00
 -4.7343761e-05
 -5.1802272e-01
  2.0065207e-02
 -8.3236519e-05
 -2.3018679e-01
  1.5475620e+00
 -6.3094395e-01
  7.4077952e-01
  9.9982411e-01
  5.1128012e-01
 -6.3957262e-01
  1.0676757e+00
 -4.1323528e-02
  4.7680998e-01
 -1.9963014e-01
  2.9665634e-01
  1.0110887e-01
  1.1945519e-01
  8.0616647e-01
 -4.5274293e-01
  8.1004298e-01
  9.0775581e-04
 -2.4502905e-04
  1.9636078e-01
 -4.0681234e-01
  3.0554885e-01
  7.4795452e-03
  2.0534325e-04
 -4.2150803e-02
 -4.4511206e-02
  2.0270857e-01
 -6.0504861e-04
 -7.3213669e-05
 -3.2348011e-04
  3.8967552e-05
 -2.5369215e-04
  1.6471581e-04
 -3.6249647e-05
  2.1433196e-05
  9.8178789e-06
 -1.8611118e-04
 -4.0672135e-06
 -3.0395015e-05
  6.1888706e-05
 -2.2404215e-04
  1.4971972e-04
 -2.9591742e-05
 -7.4838761e-05
 -3.4633769e-05
 -1.9346689e-06
  6.2360886e-07
  7.1699011e-05
 -7.3976116e-05
 -5.5677596e-05
  1.8563397e-04
  2.2139651e-04
 -3.2558420e-04
 -1.9471716e-05
  6.9227055e-05
 -1.8162918e-06
 -3.9267710e-05
  3.5639298e-01
  1.1198449e+00
  1.7987965e-02
 -6.0168165e-01
 -2.4992644e-04
  1.1513226e-01
  1.5487401e-01
 -6.1721879e-01
  1.2764385e-01
 -2.2477473e-04
 -6.1059064e-01
  1.1631574e-04
  1.8201073e-01
 -1.2903984e+00
  1.3201925e-04
  1.3357746e-05
  1.5629175e-01
 -2.1041062e-05
  6.4799619e-01
  6.3870342e-05
  3.4595207e-05
  9.1266311e-06
  4.5803350e-05
 -3.5054443e-05
 -2.4268820e-05
 -2.4741617e-04
  9.4634580e-04
  3.8787392e-05
 -3.7326854e-01
 -6.6526933e-05
  2.2631666e-01
 -7.1363038e-01
 -8.8036519e-01
  2.8274112e+00
  6.2609293e-02
 -3.0749956e-01
  1.1434704e-01
 -4.6932024e-01
  1.0169055e+00
  1.0748409e-01
  1.2589649e+00
  1.0821207e+00
 -8.0722952e-01
  2.3007433e+00
 -2.3835355e-01
 -4.5468926e-02
  3.1150177e-01
  2.7765736e-01
  8.4066719e-01
  1.1568999e-01
  6.0881793e-01
 -5.7363713e-06
  2.1090603e-03
 -2.4440560e-01
  5.1529294e-01
  2.8554657e-01
  1.9525204e-02
 -2.7904066e-03
  5.3582434e-03
 -3.4712771e-01
 -9.7238556e-02
 -1.0226613e-02
  7.6380149e-02
 -1.2177844e+00
 -8.8904460e-05
 -5.0991073e-02
 -4.2683180e-02
  5.2314860e-01
 -2.5522333e-01
  1.1980031e+00
  2.2928202e-01
 -1.1162979e-04
 -1.3886334e-02
 -1.2318066e+00
  1.0545651e+00
 -8.7680353e-05
 -9.8611701e-05
  3.1955965e-06
  1.1256804e+00
  4.4369173e-01
  4.3744581e-05
  5.4018368e-04
  3.5916842e-04
  3.9795056e-02
  6.1970986e-06
  9.9455483e-02
 -9.8495788e-05
 -1.0592440e-05
 -8.1199169e-02
  6.9306421e-01
  1.2528650e+00
  6.3047189e-01
  1.1867224e+00
  7.7682307e-05
 -1.5840144e-01
  9.3955696e-01
 -1.1739881e-01
 -5.7286471e-01
  9.6243098e-03
  2.7057290e-01
  6.5781265e-01
 -2.5952032e-01
 -2.7140912e-01
  9.2317772e-01
  1.3764600e+00
 -2.5021988e-03
  1.4969474e-05
  1.6514436e-05
 -2.1813938e-01
 -2.3839275e-05
 -3.9522336e-05
 -1.3743770e-04
  1.4433693e-04
  3.5712268e-04
  9.0651563e-05
  3.4062311e-01
  1.3611992e-04
 -1.3637314e-04
 -1.1150845e+00
  4.9764134e-02
  4.0889554e-05
 -4.0514929e-05
  1.2337275e-05
  2.0083078e-06
 -1.6135938e-05
 -3.4388831e-05
 -9.5289972e-05
 -1.6415661e-04
 -1.3055901e-04
  1.0913916e-04
 -5.5603800e-07
  3.1998276e-05
 -1.6272298e-04
  1.4445175e-04
 -4.4241420e-05
  2.4589075e-04
 -8.7260836e-05
  1.1650063e-04
  1.5768070e-05
  1.6313215e-04
 -2.2178251e-04
  3.7408445e-05
 -2.3494421e-04
 -9.8717319e-05
  1.5981013e-05
  1.8033842e-04
  2.9036693e-05
  1.8511253e-05
  6.3963285e-05
  2.1651955e-04
 -5.1784212e-07
 -2.0420883e-04
  2.7166219e-08
  4.7393860e-05
  4.2346473e-05
 -5.0951618e-05
  7.6023760e-05
  1.1486570e-04
  1.3676457e-04
 -5.1811883e-05
  7.5931512e-06
  5.7011719e-05
  4.8353817e-05
 -1.7073420e-05
  6.0789083e-05
 -3.5263765e-05
 -8.6765773e-05
 -1.8653356e-05
 -4.4262433e-06
  7.5047610e-06
 -1.4296932e-04
  1.0060029e-04
  7.8929013e-05
 -1.9642262e-04
 -2.2166883e-05
 -2.6371945e-05
 -1.8321192e-04
 -1.5742492e-04
 -1.8553999e-04
 -1.6737520e-05
 -2.4980615e-01
  4.0733634e-05
  3.9467246e-05
  2.2370018e-01
  5.0245526e-05
  2.8551185e-01
 -9.4287112e-05
 -1.2957222e-04
  1.2063611e-01
  5.2165970e-02
  6.8252593e-05
  4.6069328e-02
 -9.0753776e-05
  8.9553112e-01
 -8.1379476e-05
 -3.3056895e-05
  6.2392712e-05
 -6.4920125e-05
  2.0991598e-01
 -9.5794778e-05
 -2.0498199e-04
  2.7223697e-04
 -9.5798436e-04
  4.3506344e-04
 -9.9390418e-05
 -3.0444126e-04
  1.4775894e-04
 -1.1909402e-05
  7.7088532e-04
  2.8374672e-05
 -3.3222994e-01
  4.9819088e-01
  1.0242078e-04
  1.2438521e-01
 -2.7307904e-01
  1.1939010e-04
 -1.7933511e-03
  1.4475270e-01
  1.0051330e+00
  4.3484783e-01
  3.2487485e-05
  2.7396962e-01
 -3.2724667e-05
  1.4535112e+00
  2.2023962e-05
  6.0060549e-05
  3.9044949e-06
  2.0717332e-04
 -1.1172744e-02
  6.4973283e-05
  9.3959577e-05
 -2.2292930e-05
 -7.7633777e-05
  1.0965263e-04
 -1.1467857e-04
 -3.8049646e-05
 -2.2863263e-04
 -6.6199595e-05
  3.0694271e-06
  3.3081942e-06
  7.9299265e-05
  1.0799578e-02
  7.7585137e-05
 -5.9755883e-05
  8.6823100e-05
  1.0657166e-04
  3.7128684e-05
 -3.0665850e-04
  1.8086327e-04
 -7.2117356e-05
  1.7670129e-05
 -6.2397892e-05
 -2.4275168e-05
 -1.1144060e-04
  1.9627257e-04
 -7.4810865e-05
  2.3956569e-05
  1.9503950e-01
 -1.3637982e-04
 -1.4206964e-04
  5.0668888e-05
 -1.6288213e-04
 -9.5241103e-06
  1.4703664e-04
  8.5648899e-05
 -9.0697358e-06
 -8.9510264e-05
 -1.7601743e-06
 -3.8001520e-04
  1.0217448e-04
  1.8460858e+00
  8.6831278e-01
  8.0982156e-02
 -9.0207845e-02
 -3.4171651e-05
  4.0718791e-01
  4.1924509e-01
 -7.1745509e-01
  1.2970646e-01
  3.1575955e-02
  4.7695290e-04
 -1.1686586e-04
  1.0182825e+00
 -9.8691034e-01
  4.1416436e-03
  1.1050528e-04
  2.2453444e-01
  9.3958423e-02
  5.6714412e-02
  3.8684177e-01
  7.5885044e-05
 -5.5051141e-04
  1.8361381e-04
 -2.8082800e-01
  4.2068306e-05
 -1.6446678e-04
  7.8694299e-02
 -6.6467613e-04
  1.0806879e-04
 -5.0222294e-05
 -1.1243229e-03
 -1.2945434e+00
 -1.7129024e-03
  1.3498212e+00
  3.8340293e-02
  2.1832807e-02
  1.3627188e-05
 -6.4471781e-01
 -1.3550084e+00
  4.7929087e-01
 -9.5907724e-01
 -2.7249469e-05
 -5.3407317e-01
  1.8150574e+00
 -5.1134986e-01
 -8.9694999e-02
 -1.0557512e-04
 -3.8234138e-01
  5.8439165e-01
 -1.8419790e-04
 -4.5496519e-03
 -3.7452695e-04
 -5.7460576e-02
 -1.5119031e-04
  1.1831994e-05
 -2.7630240e-02
  1.8544710e-05
  4.4230386e-05
  1.6371861e-01
 -9.8573178e-02
 -2.0909939e+00
  8.5756123e-01
 -8.5205838e-06
  2.4356406e+00
  6.3406426e-01
  2.2518942e-01
  8.8608879e-01
  9.7307451e-02
  3.0940720e-01
 -3.5748467e-01
 -5.4321070e-03
  2.2539093e+00
  1.2061074e-01
  1.4476449e+00
 -4.5060457e-04
  6.6690302e-01
  8.2159173e-03
 -4.3791145e-01
  9.4245714e-01
  4.8792252e-01
 -4.2952958e-02
  6.1055129e-05
 -2.3717543e-03
  2.9511502e-01
 -2.6547135e-05
 -1.4893997e-05
 -4.4955453e-01
  1.3147238e-01
 -9.5195472e-02
  3.8071076e-04
  1.0861776e-04
 -1.0414788e-04
  7.0711329e-05
  7.3186668e-05
  4.0593826e-05
  2.1344975e-04
 -5.2531628e-05
  1.4247213e-04
  1.3903192e-04
 -3.6367241e-05
  6.1416122e-06
  4.9628940e-04
 -2.4231342e-05
  7.9039849e-02
  1.8582576e-05
  8.0580485e-06
  6.3205611e-05
  1.1113171e-04
  2.2094409e-05
  1.2518553e-05
  6.1930179e-05
  3.4284018e-05
  8.0754035e-05
 -6.1786603e-05
 -7.2370194e-06
  9.6710915e-05
  3.9265943e-03
  2.4697963e-05
  1.1324566e-04
 -4.7512737e-04
  8.6874321e-02
 -2.0611264e-01
  8.4655177e-05
 -1.1923876e+00
  6.2853050e-01
 -3.8819870e-03
 -1.4580189e+00
  2.3882641e-01
  2.4902771e-01
 -1.1053126e-01
 -1.2198066e-01
  1.3700788e-01
 -6.6797799e-01
  6.6374117e-01
 -1.6475341e-04
 -8.4138519e-05
 -1.5073144e-01
  8.8006891e-06
 -2.2743706e-01
 -1.0005083e-05
  3.6050443e-02
  1.0859221e-04
  3.7256407e-03
 -1.2736226e-04
  1.2896325e-03
  1.1722768e-04
 -6.5626671e-05
 -4.6803910e-04
 -5.5296922e-01
  2.1657990e-03
 -3.5398015e-01
  1.3391179e-01
 -9.5191756e-03
  1.7591779e-01
 -1.3634707e-01
 -9.5075542e-01
 -7.3020003e-04
  9.7628221e-02
  9.6256661e-01
  3.4621667e-02
  5.7481319e-01
  1.1676632e+00
  3.2891245e-03
 -2.9366589e-01
  1.3767491e-04
  1.6058011e-04
 -1.1836990e-04
 -4.9787711e-02
  7.5032465e-02
 -3.1878950e-05
 -7.2206549e-02
  5.7735754e-04
 -8.7937701e-04
  7.7954459e-01
  1.6492684e-05
 -2.4342412e-02
 -2.6712739e-01
  4.1950011e-04
  3.5684249e-01
 -1.9791166e-04
  1.3993033e-05
 -5.7941175e-04
 -5.8204405e-05
 -2.1310514e-07
 -4.3585958e-05
 -3.3262631e-06
 -5.2625961e-05
  5.8785325e-04
 -5.2433810e-05
 -5.2703523e-05
 -5.0097933e-05
  2.7378698e-04
 -1.3007408e-05
  4.5318036e-05
  6.8544039e-05
  1.7443763e-05
  6.4559143e-05
  5.0155519e-05
  3.0410729e-05
  5.7772422e-06
  3.5193229e-06
  1.1770576e-06
  1.4502702e-04
  7.0745693e-05
  8.6418167e-06
 -1.8506883e-04
 -4.6850426e-05
  1.3381961e-05
  1.5105837e-04
  8.0136713e-05
 -1.1743334e-04
  1.3255291e-05
  1.0811791e-06
 -2.2796787e-05
 -8.7693316e-04
  1.2791646e-05
 -5.2781765e-05
 -4.9962394e-04
 -6.1262770e-05
 -4.9385886e-05
  1.6855462e-04
  1.8117786e-04
 -2.6524988e-06
  9.5271076e-05
 -1.4746272e-05
 -5.1567618e-05
  1.0414136e-04
 -3.6385783e-05
  9.5290644e-04
  1.0544248e-04
  1.7718547e-04
 -1.1511248e-05
  9.0248386e-07
 -5.7695095e-05
  5.2557811e-05
  1.6878723e-05
 -3.6992755e-05
  1.4468305e-06
  2.0368792e-04
 -1.8400709e-04
 -1.6769025e-01
 -7.0459318e-01
 -1.2605472e-01
 -5.2207088e-01
  1.4472871e-04
 -1.6268940e-01
 -6.5384673e-05
 -3.0957221e-04
  8.0115020e-02
  5.9366900e-01
 -2.4197889e-05
 -1.0669240e-01
 -7.6760161e-01
  5.3932416e-01
 -6.0596347e-01
  1.3784660e-04
 -1.9230507e-04
 -2.2091252e-01
  5.6322795e-01
 -4.2778898e-05
 -1.5278161e-01
  6.0541829e-04
 -1.1696763e-03
  6.1722625e-05
 -9.2372124e-05
 -2.7797036e-03
 -1.5530743e-01
 -6.2149949e-05
 -2.7098817e-05
 -5.1064646e-05
  5.7088828e-01
  1.1419932e+00
  1.5645019e-04
 -2.6092192e-04
 -3.5081723e-01
 -5.3378633e-05
  5.9449107e-05
 -8.4121972e-01
 -5.7323910e-03
  3.6354262e-01
  1.1854624e+00
  5.5552086e-05
 -2.8481659e-01
  6.0961133e-01
  1.0004053e+00
  1.3606254e+00
 -5.4044063e-05
 -5.7886326e-05
 -5.2721715e-01
  1.2186890e-02
  1.4679811e-05
 -4.9274480e-01
 -6.4155382e-01
  3.1317136e-01
  1.7170923e-05
 -4.8141995e-01
 -1.8305533e-01
 -1.9964317e-04
 -6.1148749e-06
  1.8685590e-01
  8.4922165e-01
 -9.1036510e-01
  8.5505553e-02
 -1.0046855e-04
 -7.6515126e-01
 -1.5118535e-01
 -3.6838210e-01
  2.4513648e+00
 -2.0565915e+00
  1.8344433e+00
  1.9280702e+00
  1.6409259e-04
  5.4514247e-01
  1.8394351e+00
  7.7292424e-01
  5.1737177e-01
  5.4004460e-05
  2.7452894e-05
 -7.1761954e-01
 -3.8586250e-01
  3.5354775e-01
  6.3276076e-01
 -5.1540637e-01
 -1.5099982e+00
  1.8344769e-01
  8.1740898e-01
 -9.1576594e-01
  8.9630514e-05
 -1.2522365e-01
 -7.4244654e-01
 -3.4737868e+00
  8.6156279e-01
  3.3450088e-01
 -6.3199878e-01
  5.3705204e-01
 -6.7663282e-01
 -6.2113434e-01
 -1.3493481e+00
  6.9281727e-01
  6.2400516e-02
  7.3579055e-01
  1.0107528e-01
 -7.4020356e-02
  3.9979976e-05
  1.3470747e-04
  6.4658731e-02
 -2.0818277e-01
 -7.4457844e-06
  1.2560984e+00
 -1.9107238e+00
 -8.0840427e-01
  1.1579707e+00
  6.5932900e-01
  6.7430399e-02
 -1.5240312e-01
  1.0572505e+00
  6.3872802e-01
 -1.1565818e+00
 -2.4030522e-01
  1.9895791e-01
 -2.2527008e+00
  1.8853581e-01
  8.3654553e-01
 -1.0496191e+00
  6.1448479e-01
 -4.1568944e-01
 -1.4358273e-01
  1.1780636e+00
  1.1951169e+00
 -8.2071632e-02
 -2.6949540e-02
 -2.7111220e-01
  1.5017303e+00
 -1.1652430e+00
 -1.0062763e-01
  1.8784825e+00
 -1.2806853e+00
 -2.4873345e+00
  1.7127885e+00
  2.4524605e-01
 -5.7397848e-01
  1.5138831e+00
 -9.4211286e-01
  7.5620502e-01
  8.7848145e-01
  2.9967632e-02
 -5.6604975e-01
  2.1686688e-01
  4.7190374e-01
  8.2564890e-01
 -1.6524087e+00
 -7.8225982e-01
 -1.6791104e-01
 -2.1495521e+00
  1.1194218e+00
 -8.2278341e-01
 -1.6637213e+00
  2.5116715e-03
 -2.0338560e-02
  4.3869907e-01
 -1.4161371e+00
 -2.6819756e-02
 -1.3798385e+00
  5.3426653e-01
  8.7941951e-01
 -3.7159145e-01
  3.3101942e-02
 -5.9745845e-04
  2.6216261e+00
  3.1580138e-01
  5.3941011e-01
  8.3327174e-01
 -6.1784828e-01
 -5.5246514e-01
  4.0264052e-01
 -4.3163881e-01
 -2.9899933e+00
 -2.7178979e-01
 -1.4568001e+00
  5.0885701e-01
  1.3238820e+00
  1.5779426e-04
  7.6754768e-05
  4.8001722e-05
  5.5182445e-05
 -9.7344860e-02
  1.0089704e+00
 -6.6537018e-07
  4.6073135e-05
  3.9305741e-01
 -4.9926215e-01
 -1.0959023e-01
  3.2436013e-01
 -1.0618030e-01
 -5.6674540e-01
  2.8684086e-01
  2.2527304e-01
  3.7677348e-01
  1.2418780e-03
 -2.2221138e-01
 -8.4600593e-05
  1.4959898e+00
 -1.2193308e+00
 -2.8671587e+00
  6.8456179e-01
 -2.9407939e-01
  3.8134092e-01
  1.1565042e-01
  1.4656817e-04
  2.1975071e-05
 -1.0916893e+00
  2.5903818e-03
  3.5706491e-04
  2.4586480e+00
  4.2413425e-04
  1.4463685e-01
  8.0209154e-01
 -4.1742012e-01
  3.9654336e-05
  5.9996188e-01
 -8.8909850e-02
 -6.6879100e-01
  1.5864261e+00
  3.3658335e-01
  3.6203864e-01
  7.0192844e-01
 -8.9160156e-01
 -3.3752537e-01
  1.7572585e-01
 -6.0149837e-01
 -3.3802946e+00
 -6.1707992e-02
  5.9850448e-01
  1.7613780e-05
 -1.9954820e-01
 -2.4864903e-01
 -1.7006594e-01
  1.1364022e+00
  1.0809308e-01
  2.7190199e-01
  2.7141020e-01
  4.9263510e-01
  2.0876288e-01
  1.6359224e+00
 -2.2203000e-01
  5.7025379e-01
  2.3180972e-01
 -1.7118613e+00
 -2.4045792e+00
  1.7963841e+00
  8.2288390e-01
  1.2265013e+00
 -3.1198254e-02
 -6.5293187e-01
  5.2033446e-04
 -2.4740016e-01
 -9.3948692e-02
  1.3375117e+00
  9.7371131e-01
  2.1041211e-02
 -2.9091060e-02
 -7.2009873e-01
 -1.3347637e-04
  2.7899214e-05
 -1.5209536e-05
 -2.1885255e-01
 -1.4148277e-05
  1.1961112e-01
 -1.4948049e-05
  9.9939491e-05
  5.3681502e-05
  4.1015828e-05
  2.6563089e-04
 -5.8516618e-03
  1.0958729e+00
  3.3022335e-01
 -9.2167455e-01
  6.4783019e-04
 -1.8292991e-04
 -1.0384096e+00
 -1.1987992e-01
  1.9381189e-04
 -2.0289842e-04
 -1.4914014e+00
 -4.1288364e-01
 -1.0038530e+00
  5.2600425e-01
  2.8539842e-05
  1.0476912e+00
 -8.2768552e-04
 -3.1916713e-04
  3.6410898e-01
 -1.8516066e-02
 -6.6791916e-01
  2.1894019e+00
 -1.5535670e-05
  6.3816825e-04
 -6.2610501e-01
  3.5866909e-04
  6.6478198e-05
 -6.3871957e-02
  4.1398457e-01
  5.6419808e-01
  1.1740621e+00
  5.6434645e-05
  3.5265726e-01
 -8.5360117e-02
 -1.2517518e-01
  4.7927614e-02
 -4.4136126e-05
  1.4923961e+00
  4.1533314e-02
  7.6909357e-01
  1.5258734e+00
  6.2309882e-05
  1.3735010e-06
 -1.6585554e-03
 -1.3222243e-04
  3.9955745e-03
 -1.6955785e+00
 -1.4580437e+00
  3.6600184e-01
 -5.1034397e-07
  1.8770198e-04
  1.3988544e+00
  1.3456983e-04
  2.1037360e-05
  4.8199170e-05
 -1.0867047e-01
  8.3402924e-02
  3.9906725e-01
 -3.7306678e-01
 -1.4400244e-04
  1.3852960e-01
  6.6499096e-01
  1.1302255e+00
 -1.2453469e+00
  1.0593625e+00
  5.7222611e-01
 -1.6323563e+00
 -9.1934383e-01
  1.0040572e+00
  1.1692871e+00
  2.4140307e-05
  9.6070528e-02
 -1.9380372e-05
  1.6091371e+00
  2.6580045e-04
 -2.5989718e+00
  4.6793771e-01
  3.9411193e-01
 -3.8497873e-02
  1.9230354e-01
  8.7245967e-04
 -2.8987601e-01
 -2.2629571e+00
  4.6920678e-01
  8.8944465e-01
 -1.5225263e+00
  2.9901814e-01
  4.1592267e-01
  5.0907922e-01
  1.0342512e+00
  4.8999660e-02
  2.2459021e+00
  2.1247809e+00
 -2.4523348e-02
  7.8272557e-01
  1.3508701e+00
 -1.4608157e+00
  1.3354655e-03
  4.5514420e-01
  3.6649993e-01
  5.2901703e-01
  9.9355716e-01
 -1.1639850e+00
  3.6604271e+00
  4.3563116e-01
 -2.9213681e+00
  4.5615491e-02
  9.7423117e-06
 -8.2144046e-01
 -9.0254146e-01
 -5.1605958e-01
 -1.9251037e+00
 -1.8485382e-01
  8.9105225e-01
 -5.9064955e-01
  5.4438645e-01
  1.4188194e+00
  1.0066656e+00
  2.8813598e-01
  1.2115347e+00
 -1.2987530e-01
 -1.3313167e+00
  5.6274122e-01
 -2.1006928e-01
  2.1087319e-01
  9.0421897e-01
 -3.3663952e-01
  1.7169228e+00
 -3.5139707e-01
  4.4881311e-01
  6.2749267e-01
  5.2473503e-01
 -1.8570610e+00
 -2.7300151e-02
  1.9521186e-04
 -3.1141958e-01
  1.2947726e+00
  1.8438587e+00
  1.0969988e+00
  8.5610908e-01
  8.3260059e-01
 -3.8830382e-01
 -1.4827955e+00
 -6.7644364e-01
  7.5748372e-01
 -1.6995989e+00
 -7.4060363e-01
 -1.9054605e-01
 -2.6474376e+00
 -3.3128801e-01
 -1.5639795e-02
 -2.0047610e-01
 -6.5440255e-01
 -5.8562809e-04
 -8.6628026e-01
 -2.0658261e-04
  1.2181911e+00
 -2.2394359e-02
 -2.5190675e-04
  9.9892586e-01
  3.6469093e-01
  1.9399896e-01
 -3.7021749e-02
  7.5133574e-01
 -4.1731419e-03
 -2.9327559e-01
  1.3711152e+00
 -1.6397914e-01
 -1.7360641e+00
 -2.1372056e+00
 -1.1774297e+00
  1.5473804e+00
  3.2850236e-01
 -2.6983469e+00
  1.3670505e+00
 -5.3626543e-01
 -2.1137767e+00
  8.7092197e-01
 -9.2369366e-01
 -1.2864591e+00
 -6.7432947e-02
  1.2926726e-01
 -4.9129435e-01
  1.3815306e+00
  1.2320818e+00
  4.6424353e-03
  1.3916056e+00
 -7.3098701e-01
  2.2469841e-01
 -1.0590161e-01
  5.1348633e-01
 -2.1741492e-01
 -1.4771235e+00
 -2.3380892e-01
 -8.2353568e-01
  6.3466275e-01
 -7.4267650e-01
 -1.2065008e+00
 -1.8734975e+00
 -1.6637890e+00
 -2.8203952e+00
 -1.0951000e+00
 -1.2894763e+00
 -1.0779411e-01
  1.4942082e+00
 -5.7275391e-01
 -1.0328882e+00
 -7.0399857e-01
 -6.8813223e-01
 -1.6791105e+00
 -1.8288211e+00
  7.5766850e-01
  1.1252807e+00
 -9.7633296e-01
 -3.8851419e-01
 -1.1356368e+00
  1.4402303e+00
 -1.1560974e+00
 -5.5379081e-01
  6.4031506e-01
  1.2569456e+00
  1.0731807e+00
 -1.2220861e+00
  3.9698567e-05
  8.5646803e-05
  8.0984946e-06
  1.5012872e+00
 -2.8562892e-04
 -1.6697704e+00
 -3.8281217e-01
 -1.3762727e+00
 -5.5483434e-02
  4.9188136e-05
 -5.0908689e-05
 -2.3342615e-04
 -1.9596843e-08
 -2.9302345e-04
 -5.8949769e-01
 -4.7564428e-04
 -1.0548838e+00
 -4.7140270e-06
  5.7192119e-05
  2.2446441e-04
  3.1977808e-05
  1.0822738e+00
  2.1030231e-04
  3.1335640e-01
  7.5290191e-01
  4.5669594e-01
 -1.7386463e+00
  4.4532037e-05
 -6.1947567e-04
  1.9301966e-04
  5.7187200e-01
  7.6655497e-06
  2.4214795e-01
 -1.1863875e+00
  6.2915593e-01
 -8.6442590e-01
  8.2111059e-05
 -8.1886819e-06
 -1.0711524e-04
  9.0633337e-05
  2.1687087e-05
 -8.2746673e-01
  1.4558988e+00
 -2.1603366e-02
 -1.0891477e+00
  3.5405567e-06
  2.6131392e-04
  1.5819661e-04
  1.5699124e+00
  3.4233730e-05
 -5.5381316e-01
  6.7621756e-01
  9.1854364e-01
 -1.1241421e+00
 -3.1327410e-05
 -6.9248204e-06
  7.5111617e-05
  9.3917970e-06
 -2.2314431e-05
 -4.3945450e-02
  2.2301985e-01
 -1.5679309e+00
 -5.7617283e-01
 -1.3474490e-04
 -6.2857376e-05
 -4.1339001e-05
  1.3185111e+00
 -2.9187606e-06
 -7.3799856e-02
  2.0337343e-01
 -5.0751414e-02
  4.7612610e-01
  1.8328323e-05
  3.3579347e-06
 -5.8505982e-05
  3.1148103e-01
  1.2261812e-04
 -3.6521104e-01
  7.7442724e-01
  7.1071678e-01
 -2.4203220e-01
  1.1508370e-05
  2.7820171e-05
  1.4444508e-05
  1.2963735e-04
  5.5783530e-05
  9.8287120e-02
 -1.1532702e+00
  1.4754574e+00
 -3.8603459e-02
  2.2357468e-05
  2.8677910e-05
 -2.8118215e-04
  1.4216831e-05
  2.0900814e-04
  2.2789172e-04
  8.8206907e-06
  5.8110267e-01
 -1.6234993e-04
  1.2225071e-04
  1.2324071e-04
 -8.0566439e-05
  2.2255590e-04
 -6.6755019e-05
  8.7402952e-01
 -6.7931849e-01
  1.1648167e+00
 -1.1770767e+00
  1.8935512e-05
  5.1668474e-05
  1.8250277e-06
  8.3652900e-05
  5.6906716e-05
  3.2118708e-01
  3.0532042e-02
 -1.2825338e+00
 -3.3970261e-01
 -2.7520502e-02
 -7.6702563e-06
 -1.3139531e-04
  1.2142856e-03
  7.6134938e-06
  1.1016580e+00
 -3.3698857e-02
  1.3527696e-01
  1.4154115e+00
 -1.5468472e-04
 -2.0567102e-05
 -2.5467598e-05
 -9.2890055e-05
  3.9505663e-05
  8.4562862e-01
  4.7351566e-01
  2.2294650e+00
 -6.7395020e-01
 -6.2503020e-04
  8.4367799e-05
 -1.9890749e-05
  9.1670132e-05
 -8.5090694e-05
  1.1623238e-01
 -1.1969560e-01
  1.4583607e-01
 -2.5484407e-01
  7.3699492e-05
  1.0886677e-04
  4.0541559e-05
 -1.9606462e-06
 -5.8032027e-05
  1.9359806e+00
 -6.5026022e-02
  3.9203766e-01
  7.5099075e-01
 -9.0975715e-05
  2.1884695e-04
  8.2286693e-05
  3.2602184e-05
 -7.4268690e-05
  8.5695282e-02
  4.5225254e-01
 -5.6435502e-01
  5.0748312e-01
 -4.1081103e-06
  1.8047818e-05
 -5.5872285e-01
 -4.7723267e-02
  6.4625265e-06
  3.9354587e-01
  1.8177034e-01
 -6.7082816e-01
 -5.6981975e-01
 -4.8091719e-05
 -1.3101651e-04
 -1.0078280e-03
 -4.3220016e-01
 -4.0704286e-05
  2.1325002e+00
 -2.1981391e-04
 -3.5827923e-06
  3.5273816e-04
  1.6311609e-05
 -6.0347724e-04
 -1.9326572e-01
 -4.7406982e-05
 -3.8039401e-05
 -4.7614145e-01
  1.7877005e-01
 -2.5077488e+00
 -9.4499551e-02
  3.9248362e-06
  1.1138886e-05
 -5.8952278e-01
 -1.9013385e-04
  4.4603607e-06
 -3.4807086e-02
  1.1418525e-01
  2.7472353e-01
  1.3281420e-04
  4.1990232e-05
 -7.1874342e-04
  1.0533524e-03
 -5.9901100e-05
 -4.5078355e-05
 -1.0221426e+00
  2.3894373e-01
 -5.1010764e-01
 -1.6669387e+00
 -6.1989078e-05
 -1.5714859e-04
 -4.8849192e-01
 -1.3100028e-01
 -1.0611774e-05
  6.5768816e-02
  2.2117299e-01
  8.1738257e-01
 -8.8088256e-01
 -2.4605033e-05
 -1.6486106e-04
  7.1169580e-03
  3.6147339e-04
 -6.5662903e-06
  1.2683642e+00
  1.2361019e+00
 -1.6484258e-01
 -5.6005585e-01
  1.7428161e-05
 -5.1498049e-05
 -8.2217258e-01
 -2.5598127e-01
  2.6613401e-05
  3.7120554e-01
  4.2208463e-01
 -2.1043351e+00
 -1.6011418e+00
  1.1593958e-04
 -8.6417378e-05
  1.7020725e-01
 -1.2821660e-04
  3.5003726e-05
 -3.9885691e-01
  1.2575814e-01
  6.1553061e-01
 -8.9417851e-01
  3.1907342e-02
  5.7359225e-01
 -8.6999327e-01
 -1.8465067e-01
  5.3566696e-06
  4.8129320e-01
  7.0142943e-01
  1.0803963e+00
 -7.8866976e-01
 -3.3301785e-05
  7.3913012e-05
 -2.3637025e-05
  2.1452222e-04
  1.0400199e-03
 -2.1014479e-01
  3.0661351e-05
  6.4203244e-01
  4.5200580e-04
  1.1756225e-02
  5.6436849e-01
 -5.6850177e-01
 -5.8680582e-03
 -7.7564946e-05
 -1.2187481e+00
  2.2868276e-02
 -2.9486746e-01
 -7.0535100e-01
  1.6882044e-05
  4.6223202e-05
 -9.9647909e-01
 -5.6111727e-05
 -7.3873962e-05
  9.3963188e-01
  4.2541146e-02
  8.6191303e-01
  1.0660045e+00
  4.7657639e-03
  2.5243768e-01
  1.8048821e-01
 -2.3674394e-04
 -1.8183022e-05
 -2.2636166e-02
  8.2995343e-01
  5.3736562e-01
  5.3234643e-01
 -9.2623173e-05
  1.1063443e-01
  2.9164794e-01
 -3.2836548e-03
  3.6213267e-05
 -2.0319781e+00
 -1.3390730e-01
  1.8246920e+00
 -6.6849875e-01
  7.7094702e-04
  1.0207461e-04
 -3.9556947e-02
 -2.6704278e-04
  1.1799682e-04
 -1.8109055e+00
  2.8485405e-01
  1.3733903e+00
 -6.0168421e-01
  1.7639757e-05
  3.9633593e-01
 -8.3472902e-01
 -4.4174879e-04
 -1.4429125e-04
 -1.9391008e-01
  4.3077341e-01
 -2.1404989e-01
  2.3360096e-01
  3.4369412e-04
  3.2177874e-01
 -4.2997134e-01
 -7.8089681e-04
  2.3260825e-05
 -6.2207007e-01
  4.3832040e-01
 -3.7822583e-01
  6.0606333e-03
 -5.8177011e-05
  7.9732607e-05
 -9.6769631e-01
  6.8186589e-02
  1.2466758e-04
 -1.0655005e+00
  9.4757539e-01
  8.4807718e-01
 -8.1881207e-01
  1.1345415e-04
 -2.7300007e-04
  2.1477415e-04
 -7.0789138e-05
  1.3711429e-04
 -5.9385993e-02
  9.5492041e-01
 -2.5756569e+00
 -8.8034161e-05
 -2.8894579e-05
  9.9727104e-06
 -1.6408492e+00
  8.8396437e-02
 -8.8724679e-05
 -7.2304821e-01
  8.4354736e-02
  8.8760518e-02
  7.6515710e-01
  3.8958552e-01
  1.2327124e-04
 -1.0529980e-01
  2.2114343e-04
  2.8060103e-06
 -1.0067836e+00
  1.1374397e+00
 -2.1162641e-01
 -9.4314367e-01
 -7.9728656e-05
  8.6102495e-04
 -4.6500385e-01
  1.7551633e-02
 -9.3676659e-05
 -1.1987690e+00
 -4.9941579e-01
 -8.9881092e-01
  2.1545759e-01
 -1.9659442e-06
 -3.1998323e-05
 -4.9831784e-01
  1.6532392e-04
 -6.2451181e-05
  6.0463351e-01
  2.0206909e-01
  7.7280343e-01
  5.1356190e-01
  7.8261015e-05
  2.2638094e-04
  8.5866013e-06
 -7.5312542e-05
 -9.3032795e-05
 -1.6019741e-01
  1.8289897e+00
 -1.7770454e+00
  5.1609665e-01
  2.3836068e-05
  3.3925124e-05
 -4.4440463e-01
  2.3359990e-04
  9.0097346e-05
  8.0822684e-02
 -7.3625788e-02
  2.8678698e-02
 -2.7793124e-01
 -1.8142101e-04
  5.3337822e-05
 -4.5406312e-01
  1.2311129e-03
  1.6193450e-04
  8.6430585e-01
  2.0964365e-01
 -6.3630915e-01
 -5.8079594e-01
  1.2413758e-02
  1.2413758e-02
  1.2413758e-02
  1.2413758e-02
  1.2413758e-02
  6.7241365e-01
  6.7241365e-01
  6.7241365e-01
  6.7241365e-01
  6.7241365e-01
  1.4738771e-01
  1.4738771e-01
  1.4738771e-01
  1.4738771e-01
  1.4738771e-01
  1.0924964e-01
  1.0924964e-01
  1.0924964e-01
  1.0924964e-01
  1.0924964e-01
  1.6452778e-02
  1.6452778e-02
  1.6452778e-02
  1.6452778e-02
  1.6452778e-02
  1.8038879e-01
  1.8038879e-01
  1.8038879e-01
  1.8038879e-01
  1.8038879e-01
