nep4 3 Ba Zr S 
cutoff 8 4 150 20
n_max 4 4
basis_size 8 8
l_max 4 2 0
ANN 30 0
  1.6740772e-06
 -3.7617820e-06
 -6.4444584e-06
  1.5999876e-06
  2.6525575e-07
  1.2121671e-05
  8.3698615e-06
  2.2213112e-06
  2.5753609e-06
 -1.2780268e-04
 -4.6567411e-06
  3.3946391e-05
 -5.3983808e-06
  6.1088031e-05
  1.9686426e-05
  3.8525199e-05
 -1.6598660e-06
  7.3163724e-06
 -9.7764987e-06
 -2.3170915e-05
  3.2100725e-06
  6.6558518e-06
 -5.9168298e-07
 -7.5695116e-06
  1.9492441e-08
  1.2942871e-04
  3.2879718e-05
  5.8587621e-06
  4.7957669e-06
 -6.0622519e-06
  8.3129960e-01
  6.5510726e-01
 -3.9393846e-05
  4.7252881e-05
 -1.7186848e+00
  1.3113493e-05
  3.3235847e-07
  1.8596992e-02
 -6.0382575e-01
  1.4439453e+00
 -2.2307342e-05
 -3.1897285e-05
  6.1662856e-02
 -5.5902042e-06
  4.7668608e-04
  2.7042233e-05
 -2.1930722e-05
  3.1684300e-01
  2.9936556e-02
 -2.4835081e-01
 -1.1446939e-06
  5.4570573e-06
  4.6658963e-02
  3.0594018e-01
  3.4869656e-01
  1.6262626e-05
 -6.7566998e-06
 -1.6354839e-05
 -3.8885937e-05
 -5.7882271e-06
  4.8146571e-06
  3.3510030e-05
  7.9687110e-05
 -4.7939975e-06
  3.2173689e-06
  4.8029229e-05
  1.1237908e-05
 -1.7134902e-05
  5.3072901e-04
  1.0084945e-05
 -7.2298631e-06
  2.3137321e-05
  1.3807889e-06
 -2.7222948e-05
  8.7009284e-06
  3.9674137e-06
 -4.0615378e-06
 -1.9171200e-04
 -3.8788153e-06
  4.1282942e-06
 -4.6344892e-05
  7.7157838e-06
  4.5987717e-06
 -1.6261496e-05
  6.2174131e-06
 -3.6986301e-06
 -4.1108224e-06
  9.5732557e-06
 -2.0950672e-06
  8.7813050e-06
  6.7448759e-01
  2.3157141e-01
  4.6658602e-06
  1.9965555e-06
  6.9939338e-06
 -6.8955255e-06
 -7.1058621e-06
  3.2130254e-05
  2.6991390e-06
 -5.0419301e-01
 -6.0432953e-06
 -8.8429942e-07
  1.6279748e-05
  1.3869345e-06
  1.8909313e-05
 -3.4843262e-05
  4.6555942e-05
  1.2921165e-05
  3.8858666e-06
 -8.0632241e-03
 -1.0455576e-05
 -6.8343024e-06
  8.8095403e-05
  2.5242938e-05
  6.6698551e-02
 -1.4658770e-05
  2.3011162e-04
 -4.5110969e-06
  2.1194672e-04
  9.1907626e-05
  2.4139356e-06
 -8.3624227e-06
  4.7225049e-06
  1.3802473e-06
  3.2985990e-05
  7.3876399e-06
  3.4513621e-06
 -2.6162284e-05
 -1.1818752e-07
  1.4598451e-05
 -4.6525522e-05
  4.9520877e-05
 -2.2478331e-05
  1.5886342e-04
 -1.8310788e-05
  8.5074898e-06
  1.3438093e-05
  5.3777562e-06
 -7.6121100e-06
 -1.8036153e-05
  4.0797513e-06
  1.7277440e-05
  1.2945439e-06
 -5.5231951e-04
 -1.0989469e-06
  8.2831096e-04
  5.4967135e-05
  6.5112781e-06
 -8.7212848e-06
 -3.3752214e-05
 -6.3041909e-05
  8.7204644e-06
 -4.6215428e-05
 -4.4042154e-06
 -1.5344267e-05
 -9.2136970e-06
 -1.1493370e-06
 -2.0250682e-06
  8.5849551e-06
  3.4369350e-05
 -2.8771369e-04
  1.0334700e-06
  4.2626866e-07
 -2.6028122e-06
 -3.7222687e-06
  2.2932016e-05
 -3.3512608e-06
  2.4517314e-05
  8.4197818e-06
 -8.0822556e-06
  6.0012580e-06
  1.4611438e-06
 -1.5876290e-07
 -2.5403200e-04
 -3.7548496e-06
 -4.2160667e-05
  5.9299182e-06
  4.5611403e-05
 -1.8382509e-05
  3.3118188e-06
 -1.9323081e+00
 -4.2012776e-04
  8.1222670e-06
  2.1649380e-06
  5.8652306e-01
  5.5744144e-06
  1.3429023e-05
  3.8727803e-06
  4.5623537e-02
  3.4221393e-05
  2.4123932e-07
  2.2874815e-06
 -1.6027496e-05
  4.3898748e-05
 -3.0726187e-05
 -1.5049925e-05
 -1.9182966e-05
 -3.5874911e-07
  2.3110217e-06
  1.2895804e-06
  5.6107401e-06
 -1.9663812e-05
 -2.1216828e-04
 -1.6807639e-05
 -4.2656189e-05
  3.8933908e-06
  6.0994143e-06
 -7.1456418e-07
 -5.3345507e-06
 -3.1444154e-06
 -5.6007797e-01
 -7.8053035e-02
  2.3352441e-05
 -5.3519903e-05
  4.8061594e-01
  8.7322642e-06
  2.0820320e-05
 -2.6770616e-05
  7.2388791e-02
 -3.7750196e-01
 -1.0474306e-04
 -4.7635222e-06
 -5.9515005e-04
  1.4574497e-06
 -6.8818247e-07
 -1.5707130e-05
  9.9412799e-05
 -5.0142029e-05
 -2.6200819e-04
  2.7451109e-02
  1.5378544e-04
 -2.8160875e-05
 -7.8618359e-06
 -4.5964639e-06
 -1.5445699e-03
 -6.1884243e-06
  1.6478780e-06
  1.4855093e-05
  3.0694646e-05
  8.6202694e-04
  1.6705093e-01
  9.1554255e-05
 -1.8381659e-05
  1.2285488e-04
 -4.5786569e-06
 -5.5103551e-06
  4.4498979e-06
  1.1437000e-04
 -3.8073863e-06
  2.4498199e-01
  7.6762581e-06
 -1.1708960e-06
  5.8352252e-06
  1.0527909e-07
  2.0297884e-04
  2.4857891e-05
  2.3298918e-07
  1.4687259e-05
  6.8775722e-07
 -2.9466266e-04
 -3.9422093e-06
 -1.5366154e-06
  1.5942624e-04
  2.2067250e-04
  1.6289132e-02
  2.7226273e-05
 -8.4482117e-06
 -1.0503507e-07
 -4.9262974e-07
 -5.2915011e-06
 -2.0107874e-01
  2.0399179e+00
 -1.3667780e-05
 -1.3155625e+00
  1.0192182e+00
 -2.1652444e-05
 -2.6822925e-06
  1.0750660e-01
 -1.5394841e-01
  7.6000556e-02
  4.2399597e-06
 -4.3138571e-06
  2.6337275e-01
 -1.0672674e-01
  1.3662287e-03
 -1.7540311e-05
 -1.4166006e-05
  3.9653218e-01
  1.9536902e-01
 -1.2437930e-02
  1.6362039e-05
  1.4435140e-05
  1.3749188e-01
  4.5919579e-01
  3.1343937e-01
 -1.7973740e-04
  3.7478014e-05
 -1.3064992e-05
 -4.6944544e-05
 -1.2518652e-01
 -3.1553259e-01
  1.2414621e-05
 -3.1605960e-05
 -4.7933594e-07
 -1.5955221e-06
  1.4024261e-06
 -2.5767904e-06
  6.4074413e-08
  5.8526643e-06
  1.3067727e-06
  2.8000586e-06
  8.4738076e-06
  5.0962146e-05
  1.5811811e-05
 -6.4724868e-06
 -2.9830264e-06
  1.2389769e-05
  1.2735900e-06
 -1.3082862e-04
  3.6744445e-06
  1.7741936e-06
  3.5508290e-06
 -2.9682240e-06
  9.5773812e-06
 -2.9354083e-05
 -8.7068693e-06
 -2.1017768e-05
 -5.2825602e-05
  6.3541971e-05
  2.7727378e-06
 -3.3815541e-05
  5.8320416e-06
 -5.1573020e-06
  9.1490659e-07
  6.1252162e-05
 -2.7612348e-06
  1.4399069e-05
 -6.4090862e-05
 -2.1648677e-06
 -1.0831410e-05
 -1.7122653e-05
 -1.0674512e-06
  4.0874758e-07
 -5.8873293e-06
  1.1275110e-05
  2.7560329e-05
 -1.0447039e-05
 -1.5422307e-05
 -2.8954785e-06
 -1.9470453e-06
 -9.8870105e-06
  3.2902276e-06
  3.4314705e-04
  1.9743733e-04
 -9.0994390e-06
  6.0316819e-05
  6.5539166e-07
 -2.7453157e-04
 -1.9895051e-05
  4.5700376e-06
 -1.7514340e-04
 -9.3664945e-05
  1.7994005e-05
  9.1696029e-06
 -1.3081849e-05
  5.7393690e-06
  1.6980393e-05
  1.3051566e-06
  3.1221693e-06
 -9.5152615e-07
 -3.2299296e-05
 -3.3876080e-05
  3.8650392e-06
  2.7045578e-06
 -4.6782650e-05
  5.4451452e-06
 -1.3206007e-06
 -4.0041168e-06
  1.7421464e-05
  4.8172174e-06
  6.6497225e-05
  3.1420102e-05
  8.6520404e-06
 -2.2942708e-05
  7.3945007e-06
  3.0621013e-06
 -7.0023630e-06
  1.0592945e-06
 -2.2926808e-05
  6.7922621e-05
 -1.0292599e-05
  1.7776028e-08
  5.7924073e-05
 -2.0335747e-06
 -2.8501916e-05
  1.0084219e-05
 -1.1233311e-05
  5.2583828e-06
  1.3824804e-05
  3.8777573e-05
 -2.0345788e-06
  8.0809951e-07
  2.1171436e-05
  2.1965293e-06
 -1.6302640e-05
 -6.5233512e-06
 -3.6683914e-06
  5.3838080e-06
 -1.0715309e-05
  3.9033443e-05
  4.2387478e-06
  7.6944398e-06
  2.9199504e-05
  6.7000219e-06
 -1.3442495e-05
  8.8232059e-07
 -1.4835453e-08
  3.3301692e-06
 -7.3985539e-06
 -2.4479225e-06
  7.9596698e-01
  9.4339329e-01
 -7.0840047e-06
 -1.8342049e-01
 -1.1119064e+00
 -3.8416538e-06
 -3.8221292e-06
  1.0628274e-02
 -6.4781797e-01
 -5.5999261e-01
 -1.3653087e-05
 -2.0222487e-04
  1.5231282e-01
 -2.6831266e-01
  9.1214426e-02
  8.6204210e-07
 -6.6677056e-04
  3.8133627e-01
  3.4383944e-01
 -8.1030168e-02
 -1.4039329e-05
  5.3698823e-06
  2.2631343e-02
  3.2267976e-01
  4.3259245e-01
 -1.4020093e-05
  1.1599916e-05
 -6.7424371e-06
 -5.1574010e-05
 -1.6011081e-03
  1.8656208e-05
 -8.2801571e-06
  3.9497067e-05
  2.2998120e-05
  3.4730383e-05
  7.0906520e-07
  7.3254118e-06
  1.6251070e-05
 -2.0069339e-05
  9.2779641e-07
  1.9760851e-06
 -1.7469260e-06
 -5.7481766e-06
 -1.4356995e-05
  7.6128977e-06
  7.3928086e-06
  4.5917642e-07
 -1.1504601e-05
  5.4726870e-06
  1.9391697e-04
 -1.7011947e-05
  5.0490451e-07
  4.1589738e-05
  5.0967342e-06
 -8.7396083e-06
  1.9296701e-06
 -1.9937008e-05
 -1.5795350e-06
 -5.0399540e-06
 -5.9681151e-06
 -1.3571925e+00
 -2.7921549e-05
 -1.5837211e-05
 -7.0423471e-07
  1.1182143e-01
 -3.0179845e-06
 -2.3472078e-06
  1.3938847e-04
  2.5070522e-02
  2.3891400e-01
 -8.7200027e-07
 -8.0985892e-06
 -8.3723076e-04
  3.1400272e-05
 -5.6595989e-03
 -2.3645807e-06
  1.3588765e-05
 -5.4684328e-03
 -7.7200086e-05
  3.3001134e-01
  1.0636586e-04
  2.6855844e-07
 -1.2872745e-04
 -2.5461746e-02
 -6.0056414e-02
  5.0897015e-06
 -2.4968958e-06
  1.9716887e-05
  5.9810341e-06
 -1.3324210e-06
  3.7770154e-05
  3.4148808e-05
 -3.4115521e-06
  6.4120841e-06
 -1.8674411e-05
  1.2438242e-07
  8.4587754e-07
 -9.0258953e-07
 -8.1410772e-06
  1.8003431e-05
 -4.1126596e-06
 -3.9323062e-05
 -2.5206350e-06
 -1.1124229e-05
  4.5255336e-04
 -1.9060670e-04
 -3.7073191e-06
  1.6879480e-05
 -9.1999846e-06
 -4.8108865e-07
 -8.1626871e-07
  7.6740407e-06
 -3.1942262e-05
  1.0475700e-04
 -6.8847689e-06
 -7.6281476e-06
  1.4834087e-05
 -1.1014867e-05
  1.5175820e-05
  2.4668165e-05
  7.4880904e-01
 -6.4786041e-01
 -2.8023773e-01
  2.7057753e+00
 -3.3549824e+00
 -4.6189074e-05
 -5.3235276e-06
  1.1949586e-01
 -3.6100563e-02
  2.1209945e-01
 -4.3625241e-06
  5.9748359e-06
 -4.9114051e-06
 -2.1916030e-02
 -1.2566203e-05
 -4.5857178e-05
 -1.1266946e-04
  1.7578530e-01
  2.7743334e-02
 -1.3061528e-01
 -2.0383108e-05
 -2.9082460e-06
  5.3830154e-02
  2.9604372e-01
  3.3473355e-01
 -3.0580559e-06
  1.5629119e-08
 -1.7442620e-05
  2.4068963e-06
 -9.9417535e-05
 -2.6347487e+00
 -8.7209493e-01
  3.3642923e-06
  1.2833972e+00
  1.0648742e-01
  7.9281915e-07
  1.8158242e-05
  7.1109294e-05
  1.5038899e-01
  6.0626322e-01
 -1.1863002e-05
  7.1213066e-07
 -1.2131092e-01
 -5.2129715e-05
 -1.7631213e-01
  1.5566320e-05
 -5.4562810e-05
 -1.3300946e-01
 -1.2172028e-01
  3.1686734e-02
  2.5142085e-06
 -4.9236387e-06
 -1.6235467e-02
 -3.7301970e-01
 -6.8474777e-02
 -1.0975674e-06
 -1.4548790e-06
 -2.0326010e-05
  2.5487412e-05
  6.2181248e-04
  5.2552859e-05
 -7.3954612e-07
  1.6225076e-05
 -3.3172191e-06
  9.0932610e-07
  2.1229003e-05
  3.8032158e-05
 -5.8509986e-06
  1.2032875e-06
  8.4513404e-06
 -1.8419559e-06
 -5.4402844e-06
  3.3833192e-05
  3.3669271e-06
 -2.5353775e-06
 -2.1472752e-06
  6.1575429e-06
  3.3058459e-06
  2.9657178e-05
  1.0272875e-05
 -1.6286388e-07
  1.4218452e-06
 -8.9541390e-06
  2.8300568e-05
  1.2139097e-05
 -2.4838782e-06
 -2.5000094e-05
  1.1326827e-05
  3.0498807e-06
  4.2507186e-06
  4.9732189e-06
 -1.0741548e-05
 -9.3194776e-06
  2.1498936e-09
  4.6417957e-05
  1.4492683e-05
  9.8490837e-06
 -7.8247167e-06
 -3.4176945e-05
  3.5944156e-06
 -1.1954639e-05
 -8.7818917e-06
 -2.2942571e-05
 -4.1310936e-06
  6.7837755e-05
  1.1839789e-05
  2.8548457e-06
 -4.0904024e-06
 -7.6596652e-06
 -1.8751511e-05
  4.8689724e-08
 -3.0938736e-06
  8.4298645e-06
  6.8137247e-06
 -2.5619786e-06
 -4.2503029e-06
  6.4788969e-06
  1.8522789e-07
  6.2361505e-06
 -1.1841787e-05
  3.4430377e-05
  6.2838208e-06
  8.3213381e-06
 -3.0894735e-06
  1.0808885e-05
 -3.0221338e-05
  8.9625217e-05
 -6.6305684e-06
 -1.6802343e-05
 -1.9231828e-05
 -3.2050547e-04
  5.9197055e-06
  1.9939129e-05
 -4.6370914e-08
  2.1470221e-06
  4.5349714e-07
  3.7765476e-05
 -1.2437670e-05
  6.4354208e-05
  4.2755441e-06
  7.8188413e-07
 -3.8849821e-06
 -7.4949921e-06
 -3.0810741e-06
  2.5386159e-06
  4.6975197e-06
  1.0279542e-06
 -2.8475767e-04
 -3.1516483e-06
 -6.4738623e-07
 -2.0600392e-01
 -3.2579696e-01
 -7.2841794e-06
  6.2305538e-05
  1.3631448e-01
  1.1510335e-05
  1.4559392e-06
 -5.8612373e-02
  1.0959847e-03
 -6.7464307e-02
  6.8145382e-05
  7.2320490e-06
 -2.1313256e-04
  1.2525781e-05
 -1.9121297e-08
  1.3745876e-05
  2.0754110e-06
 -7.6358296e-02
  3.5449193e-05
  1.7583836e-02
  1.6762007e-05
 -5.7064198e-09
 -1.0805738e-03
 -3.6917019e-04
 -2.9662210e-02
 -8.6244963e-06
  1.1994517e-05
 -8.2106351e-07
  5.1912815e-05
  3.4611974e-05
  1.3305368e-04
 -3.4854094e-07
  1.2914325e-05
  3.3727402e-04
 -1.6858181e-07
  8.3081522e-06
 -2.7926128e-06
  6.3194188e-06
  4.9101959e-06
 -2.6973494e-05
 -9.4102979e-05
 -1.3325282e-05
  1.8273402e-06
 -3.7989346e-05
 -6.9243646e-07
  2.3907507e-05
  2.5596881e-05
 -1.3567774e-05
  1.2134277e-04
  2.3559649e-02
 -1.1570877e-05
 -1.0981734e-05
 -6.9127207e-05
 -9.7274038e-05
  3.8945665e-05
 -3.1680318e-07
  2.0020586e-06
 -7.0784658e-06
  6.9382634e-07
  3.7167102e-04
  1.4338206e-05
  8.6129803e-06
  3.1808118e-05
 -1.8509735e-06
  1.8560915e-05
 -5.2568480e-06
 -2.9621626e-05
  3.6684194e-06
  1.1315825e-05
 -2.6825559e-05
 -4.4848498e-06
 -3.2977620e-04
  3.1109517e-05
 -2.7979616e-04
 -8.4425756e-06
 -3.2740522e-07
 -2.5880684e-06
  3.7858742e-06
  5.0437564e-05
  1.9835340e-06
  2.7254885e-06
  2.5858324e-05
 -1.3522568e-06
  4.0087484e-06
  8.6344062e-07
 -1.2548448e-05
 -9.6985059e-07
  1.3632294e-05
 -8.0873127e-07
 -7.9019619e-06
  5.6028301e-05
  1.7284276e-01
  6.8438345e-07
  9.1311440e-06
 -1.3548180e-02
  2.0232460e-06
 -1.1811049e-06
  8.4646243e-05
 -3.2223500e-02
  5.7268625e-01
  4.8640268e-06
 -1.2901173e-05
  5.8737623e-05
  2.5130978e-05
 -1.3180497e-05
 -1.3875839e-05
 -7.0736351e-06
  9.3792232e-06
  9.3715144e-06
 -8.2516272e-06
 -6.3879975e-06
  4.2758525e-06
  1.2242695e-04
  1.8798639e-05
  2.7300355e-05
  3.6410966e-06
 -3.2465762e-06
  9.3307302e-05
 -4.8817292e-06
  2.0124476e-06
 -2.5290371e-06
  5.7339626e-06
 -7.4264390e-06
  3.3264896e-06
  8.4186308e-02
  2.6766088e-06
 -1.2011847e-05
  1.3832806e-05
 -4.1220769e-06
  1.3262361e-05
 -3.0655076e-06
 -1.2566005e-04
 -1.1226567e-05
 -1.6102676e-05
  6.0310804e-06
 -3.4319546e-06
 -5.9635988e-07
 -2.3817156e-06
  1.8710855e-06
 -2.6766718e-06
 -3.9944371e-05
  1.4590723e-05
 -1.6527930e-06
 -7.1357925e-07
  3.0101382e-06
 -5.6564118e-06
 -2.3413970e-05
  3.0838171e-05
 -1.2412995e-06
 -2.3427043e-05
 -1.9227911e-04
  7.4451845e-07
 -3.8892899e-06
 -5.0311310e-06
  8.0874495e-05
  8.0936970e-06
 -1.5538773e-05
  3.0459848e-06
  2.3287103e-05
  3.6933881e-01
  4.1334359e-05
  4.8564066e-06
  2.7521555e-05
  2.9071174e-05
 -9.3028761e-02
  7.3323172e-05
 -5.9430363e-06
 -5.5003278e-07
  5.0022586e-06
 -3.4114053e-06
 -7.5731668e-06
  1.1880603e-04
  3.2822275e-06
  1.8617596e-06
 -1.0557930e-05
 -5.1948355e-05
 -2.8093423e-06
  1.2058988e-05
 -5.0848971e-06
  7.8790945e-06
 -6.6608095e-06
  2.0135444e-06
  1.1672360e-05
  2.0111616e-05
  6.4590977e-06
  2.6803907e-06
  9.3873878e-06
  1.7129553e-06
  7.0457995e-06
 -5.8228383e-05
  4.7251658e-04
  5.1976029e-05
 -8.6091486e-06
  8.3207506e-06
  7.1223940e-07
 -4.1909989e-05
  1.5649245e-04
 -2.3928804e-05
 -8.7237486e-06
  2.4279847e-05
  2.5790147e-05
  1.4662456e-05
 -1.3822830e-05
  5.8753453e-06
 -2.0438883e-06
  2.2247712e-06
 -7.0275296e-06
  4.1885337e-06
  1.4204844e-06
 -2.4926074e-05
 -1.5629743e-05
  2.6625115e-01
 -6.1834883e-04
  1.6778627e-01
 -1.5524863e-07
 -6.2740395e-07
  1.2102183e-01
 -3.2962212e-01
 -8.2390696e-01
  9.1363692e-01
 -2.6417172e-05
 -2.4521062e-06
 -1.6652401e-01
 -1.0853047e-05
 -2.2759226e-01
 -8.0159089e-07
  6.9417074e-02
  1.4421453e-01
  1.0097951e+00
  5.6819700e-02
 -2.2212444e-06
  7.5341495e-06
 -5.3757421e-06
 -5.1969874e-01
 -2.6703661e-05
  1.4623760e-05
  4.4702217e-01
 -3.3860576e-07
  4.4389558e-01
 -7.6995984e-06
 -8.3221512e-06
  1.8106166e+00
  4.6677246e-06
  1.0735441e+00
 -8.6959535e-06
  3.6087516e-05
 -8.8936478e-01
 -9.3865031e-01
  1.6671691e+00
  2.9751756e+00
 -9.1711342e-02
  1.2794630e-05
 -2.7010763e-01
 -1.1087908e-06
  2.1794267e+00
 -9.0250242e-06
 -1.2275035e+00
  3.8579503e-01
  2.7944696e+00
 -3.3435943e+00
 -2.6065520e-06
 -5.0698105e-05
 -1.7350205e-05
 -1.3093807e+00
  3.6587193e-05
 -3.1238575e-05
  1.0418203e+00
  1.4383671e-05
 -6.2460947e-01
  1.8987404e-07
  1.1871084e-04
  6.6139273e-06
 -6.4110986e-06
  1.1736166e-05
  5.5304918e-06
  5.6780327e-06
 -4.1657618e-06
 -2.4797594e-06
 -7.8488220e-06
  5.6062549e-06
  2.9032994e-06
 -1.8296525e-05
  2.4855524e-06
 -1.0088685e-05
  6.8436780e-06
  2.3381151e-06
 -1.5107204e-05
 -1.7572941e-04
 -1.1215540e-05
 -2.0227931e-07
  4.1828716e-06
 -1.9480309e-05
  3.5161309e-05
  4.8231278e-04
 -1.2484491e-06
 -4.5190151e-05
 -1.8114025e-04
 -3.0995132e-06
  1.9075113e-05
 -1.4785962e-05
 -4.0423343e-01
  1.6588851e+00
  2.0817485e+00
 -5.2418890e+00
  2.2544453e+00
 -6.2047300e-04
 -5.5592251e-01
  1.9688210e-01
  1.3532181e-04
 -3.1393558e-01
  8.5653372e-02
 -3.7749454e-01
  2.0171565e-03
  8.5430807e-01
  1.1790909e-05
  5.1153690e-01
 -2.7434054e-01
 -2.8323984e-01
 -4.3208891e-01
  4.0740797e-06
 -3.2980743e-01
  1.0982954e-05
 -2.6888192e-01
  4.3795779e-01
 -2.1062633e-06
  8.6819600e-05
 -2.8769860e-02
  1.4496273e-06
  3.4280464e-02
  8.7194503e-06
  1.1269704e+00
 -2.7560762e-01
 -3.4846923e-01
 -2.3940371e-01
 -1.5502243e-01
 -2.0444111e-06
 -3.6601798e-04
  3.0607659e-01
 -3.5353817e-06
 -5.9907103e-04
 -8.8855237e-02
 -1.8648948e-01
 -2.1881400e-05
 -4.3360397e-02
 -7.3011997e-06
 -5.7585761e-02
 -8.1443604e-06
 -6.0554519e-03
  4.2620026e-02
 -2.0122472e-05
 -1.3925423e-01
  1.4989306e-01
  7.4634868e-06
  1.8451045e-01
 -9.2108466e-04
  1.5512049e-05
 -1.8975561e-04
  5.3594890e-06
  1.4114882e-05
  1.1066139e-05
 -3.1754531e-05
  2.1550275e-01
 -4.5368824e-06
  4.4659384e-02
 -3.1321818e-01
 -1.7009621e-03
 -3.4593311e-01
 -5.1494159e-02
 -6.4244568e-01
  6.9037289e-04
  2.6854611e-04
  5.1590101e-05
 -3.1674706e-05
  1.8163120e-03
 -3.2971380e-05
 -9.0420559e-05
 -6.1106862e-04
  1.0687517e-04
 -2.0289527e-01
  1.8082190e-05
  3.3519641e-01
  3.3627803e-04
  1.6468970e-05
  2.4436496e-04
 -3.0251363e-07
  3.9855368e-06
  2.0732925e-05
 -8.9026153e-06
 -2.2914643e-04
  1.6813539e-05
 -4.8328635e-01
 -1.2490782e+00
  2.3805809e+00
 -2.3110244e-01
  6.6157532e-01
 -7.9055190e-02
 -1.5069760e-03
  3.3323019e-04
 -2.4562585e-01
 -1.4829080e-01
 -1.2675789e-01
 -1.1841851e-01
 -6.6112250e-02
 -1.0339593e-01
 -7.4665602e-03
 -1.6667651e-01
 -1.5880190e-01
 -1.4954144e-02
  5.5446500e-01
 -3.9390456e-05
 -2.3816258e-02
 -1.7363728e-06
  1.6206703e-06
  4.8150785e-02
 -5.5865287e-03
  2.7017149e-05
  1.4614174e-05
 -8.2623024e-05
  1.1384999e-05
  1.9553436e-05
 -1.5074875e+00
  3.3348680e+00
 -3.1698981e-01
 -2.1951673e+00
  4.0044054e-01
  7.6385409e-02
 -9.3655020e-02
 -2.3325352e-02
 -2.7526221e-03
  3.6954394e-01
  5.6118172e-01
  6.4565527e-01
  6.6629809e-01
  2.8691071e-01
  4.0119690e-01
  1.8481037e-01
  1.5685454e-01
  1.9480495e-01
 -2.6502344e-01
  1.1886885e-01
  9.8554987e-01
 -1.0311792e-01
  7.5623226e-01
 -5.8430076e-02
  6.8351555e-01
 -6.6481199e-04
  1.4898825e-01
  2.4243343e-05
 -3.3408987e-06
 -1.4944830e-04
 -2.4558685e-05
  1.1678037e-05
  5.2513833e-06
 -2.0073716e-05
  1.5003056e-05
 -1.0807276e-05
  4.3047830e-06
 -1.8877390e-06
  1.9347497e-04
  7.4084951e-06
 -2.3250166e-07
 -2.3184630e-06
  1.9238627e-05
  5.3130776e-07
  1.0932762e-05
  9.7928842e-06
  1.6681335e-05
 -4.0181014e-05
 -1.1036306e-01
  1.8498497e-04
 -5.7241596e-07
  4.3221366e-06
  2.0311018e-06
  4.7671168e-07
  1.2935899e-05
  1.2460776e-05
 -9.4746514e-07
  1.6460619e-05
 -3.9280362e-06
  1.1363038e-05
  1.5699165e+00
 -8.1350580e-03
  9.6220440e-01
 -7.0440525e-01
  1.3629109e+00
  4.4800130e-05
  2.4869800e-01
  2.9156154e-01
 -1.7573087e-01
 -2.7167642e-01
 -1.5730720e-02
 -3.3595306e-01
 -1.2315771e-06
 -1.0059260e-04
 -6.1600789e-05
 -1.0123509e-01
 -2.0810843e-05
  1.0570873e-01
  1.3642281e-01
  6.6407492e-06
 -3.0024624e-01
  7.0564002e-01
 -5.6150198e-01
  1.5774198e-02
 -2.7166012e-01
 -9.0156418e-06
 -3.0220982e-03
 -2.1432170e-05
  2.7809723e-05
  6.9073882e-05
  4.9091227e-06
  2.3750404e-06
 -1.6524978e-06
  8.7582748e-06
 -4.4306626e-06
  1.1144884e-05
 -1.2909887e-06
  2.4196547e-06
 -4.3945101e-06
  9.1597412e-06
  8.0849648e-05
 -3.7553833e-05
 -7.0793044e-06
 -1.0130911e-05
 -1.3279645e-05
  8.6714244e-06
  1.5661268e-06
  3.8694343e-06
 -1.8822720e-05
 -9.6042168e-06
  4.6905297e-06
  1.0661619e-05
  2.0455603e-07
 -4.4906381e-05
 -9.2201199e-06
  1.6917333e-05
 -4.1818079e-05
 -1.1575269e-04
  7.1612294e-06
  1.8717286e-05
 -4.3384807e-05
  1.1571108e-05
  2.9781267e-02
  2.7762655e-05
 -2.0080543e-05
 -5.5282385e-07
  1.6473660e-04
 -2.2794563e-06
  2.6765119e-05
 -1.4341262e-04
  7.0807029e-05
  1.4071684e-05
  3.7071304e-06
 -3.1709822e-06
  2.9236902e-05
 -1.0400162e-05
 -1.4781196e-05
  1.2076904e-05
 -4.3849600e-04
  2.2755321e-05
  3.2184435e-05
 -2.5709977e-07
  2.0643907e-05
  9.2834953e-06
  1.7483893e-06
 -2.2290489e-05
 -5.0201680e-07
 -2.4682599e-06
 -1.2604139e-05
 -9.1750853e-06
 -4.1907898e-01
  2.2354195e+00
  1.3428255e-02
 -1.8448865e-01
  5.9081394e-05
  1.8450542e-06
  3.7119977e-04
 -2.6963340e-04
 -1.0366687e-02
  1.0024328e-02
  9.0786261e-06
 -6.7857377e-07
  1.8992909e-06
 -2.2012514e-06
  1.3536327e-02
  3.5637209e-01
  3.9311498e-02
  4.2049520e-02
  4.6131051e-01
 -5.3477444e-04
  8.2003075e-01
  7.6207955e-04
  2.2999496e-04
 -6.2506983e-06
  8.0578297e-02
 -1.2824595e-06
  6.7119117e-07
  1.0468742e-04
 -1.0850202e-06
  1.4984881e-04
 -8.3294126e-06
 -3.9662909e-06
 -1.7266660e-06
 -1.0913639e-07
 -2.1036908e-06
 -1.5439593e-05
 -1.1288442e-06
  4.6158944e-05
  5.6448334e-06
 -4.4938013e-05
 -4.5298561e-06
  1.5130419e-06
  1.5473906e-05
  2.8546486e-07
  4.0348878e-06
  7.4249806e-06
  1.1608949e-04
  1.0826818e-05
 -2.1721165e-05
 -6.3088000e-06
 -2.0092917e-05
 -1.0107166e-05
  1.9352046e-06
 -9.9720237e-06
  6.5102636e-06
 -9.0217691e-06
  2.5919884e-05
  3.5139881e-05
  2.2987892e-06
 -1.1022853e-05
 -2.2892846e-04
 -3.9661478e-05
  4.2330204e-05
  3.1705454e-04
  3.8210692e-07
 -3.2187228e-07
 -2.5928633e-05
  1.7652539e-05
  9.1883485e-06
  1.8030239e-04
  7.1794716e-06
  3.9861707e-06
  1.7801337e-07
 -5.5969245e-05
 -1.6321837e-04
  1.2302766e-05
  2.6990394e-06
  8.1625158e-06
 -9.5502717e-09
  2.2208877e-05
  5.2911155e-06
 -2.6971002e-05
 -1.0443164e-05
 -5.9211807e-06
  1.4247628e-05
  7.5875987e-06
 -1.4958500e-06
  2.2242475e-05
  4.0690461e-06
  1.5136149e-05
  1.9826346e-05
 -1.3642285e-04
 -2.2350429e-04
  1.4846913e-05
  2.4061139e-06
  3.0125641e-06
 -1.0878964e-05
 -5.7909961e-06
 -9.7060529e-06
 -1.5521977e-05
 -1.2223050e-04
 -7.5675216e-06
 -2.9535586e-04
 -4.0597065e-06
  1.6951427e-07
 -2.5481349e-06
 -1.0563700e-05
  1.0796359e-05
  1.0440526e-05
  9.8648779e-06
  4.7069165e-07
 -6.6193759e-05
 -4.2115757e-06
  9.0304329e-06
 -9.2364115e-07
  7.4214581e-06
 -2.2600461e-03
 -4.0951378e-05
  7.9819483e-06
 -1.1090310e-05
  4.0784093e-06
 -8.2848364e-06
  4.9083278e-06
 -5.2270254e-05
 -8.1068238e-06
  2.1609221e-06
 -4.1048075e-05
  1.1836806e-05
  9.4853322e-06
  1.0184765e-04
  2.2771457e-05
 -1.1881345e-04
 -2.3862194e-05
 -1.1082080e-05
 -8.9130026e-06
 -2.9733083e-06
 -1.0559298e-05
  1.4892251e-05
 -2.5113761e-05
 -2.0396914e-05
 -5.7324714e-06
 -1.9065621e-05
  9.7375887e-06
  1.5956461e-05
  1.4261592e-05
  1.4833295e-06
 -2.1820288e-06
 -3.1499938e-05
  3.2246526e-06
 -2.1098367e-05
 -2.3915397e-06
  6.6352573e-06
  1.6808934e-05
 -4.0355721e-06
 -7.0386450e-06
  1.2496089e-05
 -3.3929707e-06
 -1.0300728e-04
 -3.4637253e-06
 -1.1561324e-05
 -1.6622249e-05
  1.6395851e-04
 -1.7149019e-06
  8.4763597e-06
 -4.6579044e-06
 -1.2112363e-05
  4.4815642e-06
  6.8663853e-06
 -5.8950613e-06
  1.6255791e-06
  1.5461982e-06
 -6.9701406e-07
 -1.6278109e-05
 -4.6010591e-06
 -4.0023820e-06
 -2.4210563e-06
  2.5125807e-06
 -1.8498473e-06
  1.1855867e-05
 -6.5447841e-07
  4.9672028e-01
 -8.3509064e-01
  1.2152208e+00
 -3.8849980e-06
 -4.6431828e-01
 -1.9284613e-02
  7.5036514e-01
  2.5922966e-03
 -6.9478832e-02
 -1.2747490e-01
 -2.0406717e-03
 -3.6391422e-01
 -8.7774688e-06
 -6.8455435e-02
  1.7646680e-05
 -2.1794231e-03
 -2.1045722e-04
 -7.0330854e-05
  4.1601270e-01
 -2.7493186e-06
  9.9435769e-05
  1.1127069e-01
 -1.1487590e-04
  1.2012234e-01
  6.8055128e-06
 -1.3909753e-06
 -2.3759050e-05
 -2.6078535e-05
  4.4056647e-05
  6.9876996e-06
  2.3938781e-05
 -8.8432802e-07
 -2.7313101e-06
 -5.0971930e-06
  2.7565629e-06
  2.4030462e-06
  1.0862980e-05
  4.3654768e-07
  1.8345171e-06
 -6.2251688e-06
  1.7905408e-05
  3.2450309e-05
 -6.4727983e-06
 -1.3926404e-05
  1.9133104e-06
  1.1879967e-05
  2.0431353e-06
  6.1640644e-04
  6.1871033e-06
 -8.7247172e-05
  1.4031445e-05
 -5.3833941e-05
  1.3571536e-05
 -5.1054767e-06
 -2.4835566e-05
 -1.7624250e-05
  1.4518922e-04
 -2.1160383e-06
 -8.5167019e-05
 -1.2994280e-05
  1.0413846e-06
  3.8829707e-08
  1.9169969e-05
  1.6775882e-04
  4.0894652e-06
 -2.0634277e-06
  1.4347399e-06
  4.0985392e-06
 -1.1509558e-05
  1.5075552e-06
  2.7891840e-06
 -1.3904832e-05
  1.6863854e-05
 -7.7620410e-07
 -1.4842400e-05
  2.7209986e-05
 -2.3614952e-05
 -3.4434897e-06
  2.4768806e-06
 -8.6661981e-07
  6.9201687e-06
 -5.4585371e-06
  6.6891307e-06
  5.1885538e-05
 -1.2127261e-05
  2.7279846e-06
  8.0148066e-06
 -9.7989841e-06
  2.2080037e-06
 -6.6633920e-06
 -1.5230387e-01
  1.5741045e-05
 -4.7313824e-06
  2.1054136e-04
 -6.6445659e-06
 -6.9774119e-06
  1.4963057e-05
 -2.9004475e-05
  1.3103803e-04
  2.8150575e-07
  6.4749165e-06
  1.2907310e-06
  1.1431856e-05
 -3.8428002e-08
  3.8250205e-06
  1.6104091e-02
  9.1956745e-06
 -1.5046893e-06
  1.3987457e-06
  1.5723395e-05
 -1.5613992e-06
  1.6515014e-05
  3.3603479e-05
 -9.3791095e-06
  9.3020673e-05
 -1.1543762e-04
  2.1855935e-06
 -2.5512766e-06
 -4.1934178e-04
  4.8593988e-06
 -2.8059343e-05
  2.0003697e-06
  5.4694834e-07
  1.1378616e-05
 -7.1913846e-06
 -7.7929699e-06
 -3.2971911e-05
 -3.2108545e-07
 -2.0530802e-05
 -1.2772000e-05
 -1.3249462e-04
 -1.0012405e-05
  5.9965428e-06
  2.3024049e-06
 -2.2697581e-04
 -6.2308382e-06
  2.5417426e-06
 -7.5688777e-06
 -2.1803526e-05
  1.2992349e-07
  1.2299900e-05
 -5.8788255e-06
 -8.0532946e-06
  6.4028836e-06
 -4.6686500e-06
 -1.5255383e-05
  1.6772992e-05
 -2.3019641e-06
  4.3345999e-06
  3.1677485e-04
  8.3077121e-06
 -7.9780466e-06
 -7.3717291e-07
  2.1643443e-06
  1.8077884e-06
 -1.4654963e-05
 -2.9763135e-06
 -2.2649336e-05
 -6.6007509e-05
 -7.2057883e-06
 -9.2184672e-07
  6.2992711e-07
  4.6346713e-06
  3.0140505e-05
 -1.7994655e-05
 -3.1811411e-05
  7.9319783e-05
 -1.4788916e-05
 -1.6328558e-07
 -1.3286455e-05
  6.3857880e-07
  8.4794301e-05
  3.9582419e-06
  7.9765941e-06
 -1.1190251e-06
  1.8845207e-06
 -3.0714313e-05
  1.6947666e-05
 -6.3355628e-06
 -9.8264400e-06
  3.9277878e-02
  9.5526737e-01
  7.1371317e-02
  2.4108231e-01
  3.7541565e-01
  2.1566667e-01
  2.5011328e-01
 -1.7192036e-01
  3.1456858e-04
  2.8436515e-01
  4.8114517e-01
  2.6219890e-01
 -1.0369441e-04
 -3.7794605e-05
 -1.2928956e-06
  1.7250353e-01
  1.9394140e-01
  6.4769305e-02
  1.2466567e-02
  1.6826247e-04
  9.7906995e-01
 -1.1171702e-04
  8.8677058e-05
 -9.9127116e-03
  9.7007788e-04
 -2.6735343e-05
  8.6394728e-05
 -1.4730797e-05
 -8.6264167e-04
 -4.4830904e-06
  6.3060284e-06
 -1.4019880e-04
 -4.4587132e-06
  1.3974120e-05
  7.6343440e-06
 -8.6998307e-06
 -1.9850422e-05
 -1.4656258e-06
  3.6357051e-07
  3.2229975e-06
  4.0278755e-06
 -1.5162494e-05
 -2.7787257e-05
 -6.8343434e-07
 -1.1170802e-06
  3.1062755e-06
 -1.3642708e-06
 -1.4609780e-07
  1.1490893e-05
 -5.5341847e-05
  2.1129401e-04
  5.1762854e-06
  5.7104353e-06
  8.9470130e-05
  2.3427594e-06
  2.7169237e-06
  1.8681193e-06
  4.3329433e-06
  4.1948633e-06
 -4.3716664e-05
 -7.8189565e-05
 -1.1540818e+00
 -6.8672287e-01
  1.0604953e-06
 -8.9530241e-01
  5.1327474e-06
 -1.0374459e+00
 -9.0424572e-07
  6.5989061e-03
 -5.7491601e-02
  4.3859083e-05
 -7.0755359e-06
 -3.6012013e-06
 -8.7100498e-06
  9.3905510e-07
 -7.9703063e-01
 -6.3661291e-06
 -6.2020636e-01
 -3.9858007e-01
  7.9738609e-05
 -3.6448333e-01
 -1.1107846e-03
 -1.7770501e-05
 -3.3591250e-01
 -2.1930125e-03
  1.0570531e-06
 -2.4949799e-05
  8.4187095e-06
  2.9133564e-06
 -8.4289886e-06
 -2.8973868e-06
 -1.3140479e-05
 -1.4487141e-05
 -6.0968468e-05
 -1.4029213e-05
 -6.0553730e-06
 -1.3930426e-06
 -2.2672793e-05
  1.4519812e-06
 -2.3768860e-05
 -5.0773024e-06
 -7.1584386e-06
 -4.8212478e-06
  2.1639329e-05
  1.3658857e-05
 -8.0876413e-07
 -6.1180850e-05
  1.0524021e-05
  1.1819441e-04
 -2.8121689e-05
  2.7670626e-06
  4.0841271e-05
  1.6089798e-05
 -2.1698996e-05
 -2.8931805e-05
 -7.7987737e-05
  6.7807823e-06
  7.2230250e-06
  4.8442627e-05
 -5.0443628e-06
  7.2363544e-01
  5.1247030e-01
 -3.5046402e-01
  2.1088226e-05
  3.7089014e-01
  7.9802274e-05
 -2.9056429e-05
 -1.2924264e-05
 -1.5320469e-05
  3.1047857e-03
  4.6399359e-06
 -7.8130824e-06
  5.2232954e-06
 -1.9443144e-04
  3.7313846e-06
  9.1735482e-02
  3.0328185e-04
  7.4106596e-05
  9.4051473e-03
  2.5448593e-04
  1.0707219e-02
 -8.4536259e-06
 -2.9063015e-06
 -7.9252874e-04
  1.0676881e-04
 -8.1545559e-06
  1.2883669e-05
 -3.9346414e-05
  6.1080596e-06
 -2.0948485e-06
  9.2574781e-01
 -2.2206618e-01
  7.0566088e-02
 -1.9034920e-05
 -5.3004280e-02
  4.7563841e-05
  1.2147301e-03
  7.9307035e-02
  3.6723487e-04
 -3.0923851e-03
 -2.2004832e-01
 -1.5631449e-01
  3.0488599e-04
 -3.0671682e-02
 -7.2094468e-07
 -2.6025962e-05
 -2.3218158e-06
 -4.1910330e-06
  1.8857524e-03
 -3.3822480e-06
 -6.0791178e-03
  4.9567775e-06
  2.5182619e-06
  9.5878877e-02
 -6.7884429e-07
  1.0493931e-05
  3.5786063e-06
  1.3175409e-05
  2.5793635e-05
 -2.1041260e-05
  9.7768092e-01
  2.4038193e+00
  9.4600546e-01
 -2.7792318e+00
  3.5810449e+00
 -2.0133357e-05
 -1.0122005e-01
  1.6218723e+00
 -5.4413181e-02
 -1.2972872e-01
  9.6002404e-06
 -4.8042724e-01
  6.2704657e-04
  1.3404767e-04
 -7.0386404e-01
 -2.6490234e-02
 -2.4947400e-01
  2.3124310e-01
  8.4208447e-01
 -2.5854082e-05
 -7.4771088e-01
  8.6518476e-06
 -2.4215683e-01
  1.8320333e+00
 -2.1397154e-01
  5.6991059e-02
 -2.8849706e-01
 -1.7793651e-05
  4.7890928e-01
  1.8843482e-04
 -3.9396979e-05
  3.2724779e-06
 -1.7744229e-05
  6.6748507e-05
  1.0490460e-05
  1.0314547e-05
  2.0080852e-05
  5.3023181e-05
 -9.0579269e-06
  9.7709553e-06
 -7.2083349e-05
 -3.8574515e-05
 -1.9321522e-05
  5.1480424e-06
 -5.8352252e-06
  1.3138692e-05
 -2.5220046e-05
  3.2685697e-05
 -1.8839693e-05
  1.1649756e-04
 -4.1029056e-05
  1.8055616e-05
 -2.5206194e-03
  5.1720002e-05
 -4.4177235e-05
  2.0323045e-05
 -1.0876201e-05
  4.1361527e-06
 -3.6795529e-06
 -2.1002058e-06
 -8.3863288e-06
  1.0501834e-02
  1.5454227e-01
 -6.8929720e-01
  2.0086728e-01
  5.1060212e-01
 -2.7671305e-07
  2.7634951e-01
 -2.3221163e-07
  4.6369869e-06
  6.8415928e-01
  5.8052518e-07
 -1.4973915e-01
  5.4935945e-06
  7.7761873e-03
  1.1040050e-05
 -5.0396714e-02
 -8.5344345e-06
 -5.7703669e-06
 -2.4458525e-01
 -2.6517801e-06
  1.0204388e-06
  1.9731186e-01
  1.7321123e-05
 -5.1477027e-01
  9.5310834e-06
  4.6950680e-01
 -4.3879014e-01
 -3.1201026e-01
  1.7312631e-03
 -7.5845550e-05
 -3.2466989e+00
 -1.5025842e+00
  1.8922822e+00
 -1.4267792e+00
  3.3759346e+00
  5.8654900e-06
 -2.0288239e+00
 -4.2137881e-06
 -5.2399948e-05
  1.5845416e+00
 -9.8500323e-06
 -1.1935602e-05
 -2.2593811e-05
 -2.9136717e-01
  1.6246024e-05
 -2.1931214e+00
 -3.2461262e-06
 -4.8108961e-07
  2.8617758e-01
 -2.8716615e-06
  1.4707642e-05
  1.6523325e+00
  1.2186962e-04
 -1.2250984e+00
 -5.8708088e-06
  1.0685714e+00
 -1.5192537e+00
 -3.1263287e+00
 -4.2871180e-01
  1.2322568e-01
 -3.4250450e-01
 -3.3982196e-05
 -1.5663987e-01
  4.7094068e-01
  1.2034217e-03
  5.3647883e-02
 -1.5597381e-06
 -1.1225591e-01
 -6.1910415e-01
  1.0312695e-07
  4.2835552e-05
  1.3286945e-05
 -1.1416887e+00
 -7.3473793e-06
  1.4171459e-05
  1.1608895e-05
  2.7370095e-05
  2.3931623e-02
 -5.2996049e-05
  2.7856304e-05
 -6.2908898e-06
 -4.8106408e-06
 -5.2849177e-06
  4.3626078e-05
  5.4985367e-06
  8.2827013e-05
  2.1123942e-05
 -6.9319183e-05
 -2.2642607e-05
  7.2222638e-06
  1.5467780e+00
 -1.4526952e-03
  1.0266262e-03
  3.2749362e-05
  2.8227028e-01
  1.2170854e+00
  2.5880094e-05
  5.7965522e-03
 -2.4506253e-01
  3.7528336e-02
 -3.4821897e-03
  2.1103712e-02
 -1.8788759e-01
 -6.0165936e-01
 -2.4597383e-01
  5.4277259e-01
 -1.6322525e-01
  4.2577115e-01
 -5.5735993e-05
 -9.1707252e-02
 -2.5829501e-04
 -2.7930230e-01
  5.5935237e-07
 -3.1340790e-01
 -6.9539845e-02
 -4.9363483e-05
  7.1903714e-04
  6.7184615e-01
 -1.9493319e-01
  9.8476194e-06
  4.6557983e-05
  4.9443333e-06
 -3.5535752e-05
 -3.6340094e-05
  2.7969756e-05
  2.1599433e-06
 -3.9083483e-05
  2.2361523e-06
  9.7311768e-06
  1.1366124e-06
  1.5599469e-05
  9.4454961e-05
  6.7524888e-05
 -3.0238842e-05
  3.0621315e-05
  7.6495184e-07
  2.4362211e-07
 -2.2434220e-05
 -3.2041073e-05
 -2.0740732e-05
  3.2497763e-05
 -5.6903405e-05
 -1.6658036e-05
  1.0388500e-05
  4.2811919e-07
 -3.4279110e-06
 -3.5920006e-05
 -2.1343205e-05
  3.1476748e-06
 -3.4022327e-05
  1.4381784e-05
 -1.9247955e-06
 -2.5593703e-05
 -1.7041366e-06
 -2.0867576e-06
  9.0548310e-06
 -4.8156212e-06
  4.4469642e-05
 -6.1927390e-06
  8.6113614e-06
 -1.2768062e-05
 -4.1144063e-05
 -4.4331355e-05
  2.8812889e-05
 -4.2540531e-05
 -9.8242890e-06
 -6.8235058e-05
  4.7420322e-06
 -5.3125473e-06
 -4.8953466e-06
 -3.8783887e-07
  1.1696062e-05
  2.8287410e-05
  6.7404540e-06
 -2.8678563e-05
 -5.4562320e-06
  8.7430008e-06
 -2.5265545e-05
 -1.2058580e-05
 -2.0182607e-01
 -1.5946802e-01
  1.8248889e-01
  8.6741555e-01
  1.3061152e-03
 -1.0129927e+00
  8.8006526e-02
 -1.0791159e-01
  5.1685780e-01
 -5.6018060e-01
  4.1561689e-02
  7.5335383e-01
  8.1902921e-02
 -4.5473358e-01
 -1.2442761e-06
  3.2391697e-06
  3.8773727e-04
 -1.2133603e+00
 -6.8864536e-01
  5.8907185e-06
 -1.4489132e-01
 -3.9707502e-06
 -2.2762297e-01
 -1.4539064e-05
 -3.1286374e-02
 -6.5931461e-05
 -6.2007431e-02
  1.6770656e-01
  1.6128337e+00
 -2.5676719e-03
 -3.2491273e-05
 -6.0504237e-05
 -4.2749376e-05
 -5.3950903e-06
 -2.3772081e-05
 -1.1821769e-04
  2.9700972e-05
  7.1187496e-05
 -3.2291662e-06
  4.6855745e-05
 -2.3987061e-05
 -1.3628364e-05
  3.4643355e-05
  1.5068422e-04
  1.4531259e-04
  7.1070623e-05
 -2.3716622e-05
 -5.1146135e-04
 -4.2567590e-06
  1.6499766e-06
 -2.2154223e-05
  3.1576794e-05
  2.5307259e-05
  8.1361744e-05
 -6.9300921e-05
  5.1162868e-07
 -1.2797560e-06
  1.3617963e-05
  2.8678736e-05
 -6.0442080e-06
 -1.3861248e-05
 -5.2801150e-01
 -3.7031758e-05
 -9.6397762e-06
 -3.2131895e-05
  7.3544393e-06
  4.5019060e-06
  1.3862211e-05
 -3.9764632e-06
  2.4333867e-05
  1.9283398e-05
 -7.8580615e-06
 -6.7457113e-06
  1.4174037e-01
 -2.9641555e-05
 -7.1130466e-06
 -2.2515575e-05
 -1.0543476e-03
  1.5141895e-01
  1.1808695e-05
 -2.8986125e-05
  5.0904342e-05
 -3.5087640e-05
  5.8296024e-05
  1.2856643e-05
  1.2478167e-05
 -4.7644651e-05
  6.2565741e-05
  1.6825519e-05
  1.2145544e-05
  2.0210423e+00
  8.7567806e-01
 -3.7195107e-01
 -1.5899359e+00
  2.9484982e+00
 -3.9147162e-01
  6.3091211e-02
 -4.2240018e-01
  7.2863229e-02
 -3.9103743e-02
  1.2022640e+00
  8.1044056e-02
 -6.4172953e-01
  8.4356904e-01
  1.0962150e+00
  1.2823950e-01
 -2.5674379e+00
 -7.4094445e-01
  7.1724087e-01
  1.3082759e-01
  2.9466933e-01
  3.0105496e-06
  4.6439764e-01
  9.5937085e-01
  3.0986968e-05
 -1.0510034e-05
 -4.4639143e-01
 -2.2479297e-01
 -6.7642975e-01
 -1.0087273e-01
 -8.5277611e-01
 -1.3375694e+00
 -9.8765761e-01
  9.4758499e-01
 -9.2164779e-01
 -7.3338807e-02
 -1.7466725e-01
 -8.4169529e-02
  1.4062761e+00
 -7.3423773e-01
 -5.8512926e-01
  2.2063906e+00
 -4.6445485e-02
  2.4632616e-01
 -3.8022354e-02
 -3.7005675e-01
 -3.9615571e-01
  4.2066920e-01
 -1.3900577e-01
 -2.9582515e-01
 -1.8452553e+00
  2.9037294e-01
 -1.2013109e+00
 -1.2111268e+00
 -6.0072488e-01
  6.1252195e-01
 -1.9789332e-01
  1.9379431e-01
 -1.0835652e+00
  4.7351781e-01
  1.5903367e+00
 -2.2911626e-01
 -2.0289623e-05
  1.0043896e+00
  1.0809367e+00
 -2.7154246e-01
  1.8952088e-01
  1.7712399e-01
 -5.8554763e-01
  2.0032489e-01
 -5.8831227e-01
  1.4015741e+00
  8.9053619e-01
 -2.3602374e-01
  2.2133414e-01
 -9.1595620e-01
  4.0527329e-01
  1.6341878e-01
 -4.2442527e-01
  1.7129120e+00
  3.0563590e-01
 -5.1980978e-01
  3.7660652e-01
  1.3677768e+00
  1.1305752e+00
 -1.3377703e-02
  8.8535833e-01
 -1.5112723e-02
  1.4454459e+00
 -3.2332300e-05
 -5.3811818e-01
  2.3263447e-02
  1.1388217e-02
 -2.1225734e-01
  1.4640017e+00
 -6.7872679e-01
  7.4071163e-01
  9.8345339e-01
  5.1123679e-01
 -5.7946634e-01
  1.0653111e+00
 -4.0928982e-02
  3.9138767e-01
 -2.0692351e-01
  2.9743922e-01
  9.1118962e-02
  1.3791671e-01
  7.8524679e-01
 -4.5615414e-01
  7.8005695e-01
  9.0631156e-04
 -1.1376677e-04
  2.0662689e-01
 -4.1173759e-01
  5.3669059e-01
  1.1283153e-04
  2.5126594e-04
  2.0002361e-05
 -7.9182081e-02
  2.0584945e-01
 -2.9754456e-06
 -3.3883248e-06
 -2.5460993e-05
 -2.1711570e-05
 -4.6229336e-05
  3.2524298e-05
 -2.0509162e-05
  9.0756294e-06
  1.9791018e-05
 -2.6161542e-05
 -2.1617108e-05
  7.8492276e-06
  1.8572506e-05
 -7.4888767e-06
  1.8689092e-04
  1.2389670e-05
  1.2129050e-05
 -7.1738241e-06
 -2.5899401e-06
 -3.6108308e-06
  2.2565825e-06
  6.5766508e-06
  3.6192447e-05
 -2.7478722e-04
 -3.0084537e-05
  9.2176551e-06
  6.6066526e-08
 -2.3524170e-05
  9.4664119e-06
  4.8587463e-06
  2.5886965e-01
  1.1198378e+00
  8.4822583e-05
 -1.2476040e-01
 -1.6503144e-04
  1.0852978e-01
  7.1728237e-02
 -5.6444633e-01
  1.3501740e-01
 -7.2652495e-07
 -9.0089325e-06
  1.4894083e-04
  1.8196461e-01
 -1.2896681e+00
 -3.2824713e-07
 -5.5929254e-06
  1.5627962e-01
  1.4358516e-06
  4.8555985e-01
  1.6041885e-07
  3.8242804e-05
  3.9532451e-06
  5.8963378e-05
 -1.3911225e-06
  4.0511048e-05
 -1.3799750e-05
  4.8470500e-04
 -1.2624843e-05
 -3.0249822e-01
 -3.0010869e-04
  2.7623573e-01
 -7.1265757e-01
 -8.0389589e-01
  2.8274124e+00
  3.7027471e-02
 -3.0656105e-01
  7.2287351e-02
 -4.2868584e-01
  1.0185089e+00
  9.2463501e-02
  1.0457835e+00
  1.0912658e+00
 -7.5356168e-01
  2.3021243e+00
 -2.5619924e-01
 -9.4102815e-02
  3.1720704e-01
  2.5300708e-01
  8.2640809e-01
  1.2064556e-01
  5.7481205e-01
  6.0295733e-06
  2.0089932e-03
 -2.4440946e-01
  4.7366807e-01
  2.8537068e-01
  6.6956669e-02
 -5.4937482e-02
  5.3560850e-03
 -3.0384353e-01
 -1.7740690e-03
  2.3451014e-03
  1.2767927e-01
 -1.2948283e+00
 -1.1155757e-04
 -4.7531292e-02
 -4.2694464e-02
  5.1616323e-01
 -2.0798920e-01
  1.1885376e+00
  1.1729027e-01
 -1.8694822e-04
 -1.2582362e-02
 -1.1919739e+00
  1.0524015e+00
  3.4187647e-06
  1.2481328e-05
  6.8069246e-05
  1.1209013e+00
  2.9989412e-01
  5.9890426e-06
 -4.7384074e-06
  2.0327630e-04
 -1.4885202e-05
  6.6129264e-04
  1.0092612e-01
  7.8617966e-05
 -2.3452664e-04
 -8.0177583e-02
  5.6295520e-01
  8.1778812e-01
  6.3107568e-01
  1.0703948e+00
  4.8630767e-07
 -1.8859066e-01
  9.3954629e-01
 -1.1527030e-01
 -5.4490483e-01
  3.9115701e-02
  2.5653762e-01
  6.5640879e-01
 -2.4320795e-01
  4.4109664e-05
  9.1066277e-01
  1.3527212e+00
 -3.1673328e-03
 -4.9921688e-08
  7.1049079e-05
 -2.0411903e-01
 -5.2910300e-06
 -1.9774900e-05
  3.7163002e-06
  1.2019490e-05
 -2.8702520e-06
  7.7712648e-05
  2.8821081e-01
  2.0588817e-05
 -1.3911769e-05
 -1.0760638e+00
  1.5859072e-01
  1.0169787e-05
 -9.4851144e-05
  4.2575357e-06
  2.3256434e-05
 -2.1466221e-05
 -1.7636728e-05
 -2.3730545e-05
 -2.3427567e-05
 -1.3534313e-04
  7.5118901e-06
 -2.8055802e-06
 -6.3899970e-05
  6.2721756e-06
  6.5932181e-05
 -2.8624931e-06
 -1.3329103e-04
 -9.3239369e-06
 -1.8414485e-07
  3.6087571e-05
  1.6321818e-04
  2.4586276e-05
  1.6745633e-05
  5.5855158e-05
  1.3211776e-05
  8.4137619e-06
 -4.5808432e-05
 -3.5512603e-05
  1.4541049e-05
  1.9695210e-05
 -3.5105384e-06
 -1.7870554e-05
  8.4600679e-06
  2.6938125e-05
 -2.6530925e-05
  1.7792518e-05
  4.5881101e-05
 -3.2253029e-05
 -1.8883009e-05
  2.4749477e-05
 -2.2402861e-05
  4.2067811e-07
  8.9808411e-05
  1.3912463e-05
 -1.1773204e-05
  2.3519429e-05
  3.0192921e-05
  1.7243308e-05
 -2.8074880e-06
  6.7764064e-05
  6.8634185e-06
 -1.4526230e-04
 -4.1820473e-05
 -7.5366711e-06
 -1.6778846e-04
 -1.9215213e-05
  1.5781530e-06
  3.7251681e-05
 -6.5840050e-06
 -1.8973145e-04
 -5.7399784e-06
 -2.3106588e-01
 -5.9711838e-05
  3.5445917e-06
  2.2310121e-01
 -9.1875763e-06
  2.6258054e-01
  2.1124257e-05
 -5.9061742e-05
  1.1755838e-01
  1.5846018e-06
 -2.7127139e-06
  4.1953932e-05
  1.5113877e-06
  8.9479560e-01
 -2.4545414e-05
 -4.1999116e-05
 -3.9668639e-06
 -5.7982965e-05
  1.6878623e-01
  4.9183399e-07
 -1.8612362e-04
  3.1873962e-04
 -9.7648695e-04
  4.3609721e-04
 -1.8150416e-04
  4.2949800e-06
 -1.0582570e-03
 -8.6309346e-06
  2.4931603e-03
  9.0090660e-05
 -1.7799108e-01
  4.9766150e-01
 -3.0402289e-05
  4.1049611e-06
 -2.6959467e-01
 -1.4844805e-06
 -2.9580933e-03
  1.3331005e-01
  1.0048331e+00
  4.3325076e-01
  1.2573337e-06
  2.7216750e-01
 -1.4111019e-05
  1.2368491e+00
 -1.3129756e-05
 -2.3379940e-05
 -3.2251541e-05
 -1.8305424e-05
 -1.0678067e-02
  1.5436248e-05
 -1.9967521e-05
  2.9246232e-05
 -7.4742311e-05
  8.4819105e-05
 -5.8016911e-05
  7.1849357e-08
 -5.4948134e-05
 -5.5301252e-06
 -5.9019412e-06
  2.7187896e-05
  2.5860942e-04
  1.0792986e-02
 -2.4262363e-07
 -4.8503571e-06
  9.6997464e-06
  3.9723022e-06
  2.3157203e-05
  9.2753198e-06
  2.1861094e-06
  3.3156020e-06
 -5.4449870e-06
  2.4549670e-05
 -2.9355000e-05
  9.8532576e-07
 -1.6651902e-09
  1.2701690e-05
  1.6496922e-07
  9.0043886e-06
  2.6295365e-05
 -2.4258594e-05
  2.8020055e-05
  9.4488814e-06
 -1.7756548e-07
  2.5576664e-06
 -1.0948495e-05
 -1.9845385e-05
 -1.4644340e-05
 -4.8281809e-06
  3.3440381e-06
 -1.0306804e-05
  1.8455741e+00
  8.6858058e-01
  8.0342948e-02
 -2.2189307e-01
 -9.5949844e-03
  3.6484304e-01
  4.1923779e-01
 -7.0847434e-01
  1.3429107e-01
 -7.7500583e-05
  2.3315065e-06
 -9.9654928e-05
  1.0150491e+00
 -9.5123851e-01
  4.1392110e-03
  2.8221495e-05
  2.1781443e-01
  3.8412292e-02
  5.8657207e-02
  3.8189623e-01
 -1.5151393e-05
  1.5974312e-05
 -1.3509376e-05
 -2.8082079e-01
  3.6101283e-05
 -1.6436970e-04
  1.0057699e-01
 -3.6344604e-04
  1.6759470e-05
  5.8359537e-06
 -1.2012958e-01
 -1.2944800e+00
 -2.0020709e-03
  1.2985754e+00
  1.3389660e-01
  1.3316040e-01
 -5.2486384e-06
 -6.3328862e-01
 -1.2596905e+00
  4.0773210e-01
 -5.5766940e-01
  1.3361443e-05
 -5.1130414e-01
  1.8120754e+00
 -2.3185720e-01
 -8.7513119e-02
  4.1259540e-05
 -4.4518265e-01
  5.5787987e-01
  9.3693970e-08
 -4.4879140e-03
 -4.4004913e-04
 -1.7390365e-02
  4.8047746e-06
 -7.1340546e-05
 -2.6263531e-02
 -1.1439010e-04
  2.4363688e-05
  1.0554184e-01
 -3.2184540e-05
 -2.0944383e+00
  7.8629023e-01
 -5.1108568e-06
  2.4359102e+00
  1.8238649e-02
  2.1993501e-01
  7.7137285e-01
  1.2548523e-01
  3.1113717e-01
 -2.6144117e-01
 -1.6504090e-02
  2.2486558e+00
  1.2953110e-01
  1.4494879e+00
 -1.3951464e-04
  6.6698676e-01
  1.6543241e-01
 -4.8364472e-01
  8.9079893e-01
  6.4412642e-01
 -1.2235267e-01
 -2.1769295e-06
 -2.3652592e-03
  2.5259498e-01
 -1.3342751e-06
 -1.1647351e-05
 -3.8775170e-01
  2.6372916e-01
 -9.5066592e-02
 -8.4503617e-06
  5.6461471e-05
 -6.4088404e-06
 -1.6702674e-06
  2.6860118e-05
  3.2234093e-05
 -9.9224576e-07
 -8.4611315e-07
 -1.4633091e-05
  5.5824544e-06
  1.4518181e-05
  6.2613417e-06
  2.2694378e-05
 -1.5257288e-05
 -4.3926302e-05
  3.5230744e-06
 -2.5904524e-06
  4.4766939e-06
  1.1361395e-04
 -6.7148801e-05
 -9.3944527e-06
 -2.0473102e-05
  2.3616931e-05
 -8.5144438e-06
  1.7646498e-05
  7.0260896e-08
  5.3981079e-05
  3.9490792e-03
 -2.0237987e-05
 -8.4130006e-06
 -1.2278992e-05
  8.7159671e-02
 -2.0613641e-01
  6.2521658e-06
 -1.1299607e+00
  7.1548897e-01
 -3.8750912e-03
 -1.3761629e+00
  2.3757239e-01
  2.4902818e-01
 -1.1131439e-01
 -9.2525043e-02
  1.2446716e-01
 -5.4669905e-01
  6.5328217e-01
  3.9493465e-05
 -6.9349131e-05
 -1.1899636e-01
  8.4746553e-06
 -2.2129519e-01
 -3.9150073e-06
  6.1810417e-05
  8.7844783e-06
  1.5971690e-01
 -5.9793410e-06
  6.7386210e-02
  2.8202845e-05
  1.4525261e-06
 -1.6161488e-05
 -6.0681629e-01
  3.5510190e-02
 -3.9212498e-01
  1.3238068e-01
 -8.4018381e-03
  1.7592730e-01
 -1.0731073e-01
 -9.5027149e-01
 -1.3627035e-02
  1.7704710e-01
  9.5979851e-01
  2.6790509e-02
  4.6971044e-01
  9.5810449e-01
  2.6051616e-03
 -2.9253131e-01
 -3.3001346e-05
  7.0554212e-05
 -1.5076618e-04
 -1.5467747e-01
  5.3022239e-02
  4.3314362e-06
 -6.9675118e-02
 -6.7494439e-06
 -6.1134971e-04
  5.7014811e-01
  1.3281171e-05
  3.5609486e-05
 -3.4723115e-01
  4.3555679e-05
  3.5574022e-01
 -1.3354849e-05
  1.5006105e-05
  3.9319078e-05
  1.2008004e-05
  3.1962427e-05
 -4.2362182e-05
  8.7148046e-06
 -6.5711014e-05
 -1.4411195e-05
 -2.5373949e-05
 -3.3925062e-05
 -9.1431521e-06
 -1.3058775e-05
 -7.2732764e-06
  1.0547315e-04
  2.7705348e-06
 -1.2100795e-05
  3.1108327e-06
 -2.6005134e-06
  3.5341476e-05
  8.2186134e-06
 -3.6125839e-06
 -2.3409905e-06
  1.1789287e-04
  3.8046088e-05
  9.7666816e-06
  4.8522474e-05
 -3.5393723e-06
  3.8306924e-05
 -1.0527354e-05
 -4.9358205e-06
  9.6207737e-07
 -9.6292551e-06
 -3.3634108e-06
  3.3654393e-05
 -1.1122710e-05
  5.7494408e-06
  4.7276289e-06
 -5.0052634e-04
  7.5286139e-06
  2.0386744e-05
  1.2425739e-04
 -5.7064972e-06
  2.3042922e-07
 -1.5955335e-05
  2.1510405e-05
 -3.0966232e-05
  2.5577165e-07
  7.0841575e-06
 -4.6648088e-06
  3.6265678e-06
  2.3607716e-05
 -6.0393390e-06
 -8.6037962e-06
  1.5232706e-06
  2.0026551e-05
 -2.7963256e-07
 -8.0863692e-06
 -2.0164946e-06
 -1.8005288e-05
 -7.5612570e-06
 -1.9343944e-01
 -7.1218646e-01
 -1.3721423e-01
 -5.2181327e-01
  1.8959131e-02
 -1.6803004e-01
  4.9739688e-06
 -3.1093767e-04
  6.1653927e-02
  5.8538270e-01
 -1.3248628e-04
 -1.0636161e-01
 -4.9343690e-01
  5.3925431e-01
 -5.7229155e-01
 -3.0446256e-05
 -2.5202871e-06
 -2.2235034e-01
  5.6305975e-01
  9.2038958e-05
 -1.3758343e-01
  6.0461432e-04
 -4.2136285e-02
  3.2665944e-06
 -2.4730840e-03
 -1.4633276e-04
 -1.5998651e-01
  6.7870856e-06
  1.2053492e-02
 -6.2940619e-04
  5.6073016e-01
  1.1658062e+00
  1.8012830e-05
  3.4092343e-06
 -3.6085114e-01
 -2.6190950e-05
  2.0513698e-04
 -8.4121960e-01
  1.7929114e-03
  3.6275560e-01
  1.1529318e+00
 -9.8253179e-07
 -2.8480661e-01
  6.0910344e-01
  9.8590368e-01
  1.3502814e+00
 -1.5399546e-05
  1.5249479e-05
 -5.2720469e-01
  8.8416627e-03
  5.6227549e-05
 -4.9032843e-01
 -4.7159266e-01
  3.0813655e-01
 -9.8565561e-06
 -4.7630975e-01
 -1.8210906e-01
  6.8972558e-06
  4.6879163e-06
  1.8156929e-01
  8.5064697e-01
 -9.2504132e-01
  8.3217390e-02
 -5.6560479e-05
 -7.6610816e-01
 -1.4087637e-01
 -3.6632574e-01
  2.4513712e+00
 -2.0567617e+00
  1.8416245e+00
  1.9215542e+00
  1.7799756e-06
  5.4779834e-01
  1.8768461e+00
  7.8667015e-01
  5.4519367e-01
 -2.8680975e-06
  4.3714212e-05
 -7.1415275e-01
 -3.8661659e-01
 -1.8406370e-04
  6.3277602e-01
 -5.3045946e-01
 -1.8598201e+00
  7.1419010e-05
  8.2334340e-01
 -9.1791511e-01
  1.1716376e-05
 -1.5516831e-05
 -7.4246436e-01
 -3.3713706e+00
  8.6156732e-01
  3.3450729e-01
 -6.3086450e-01
  5.3664124e-01
 -6.7596751e-01
 -6.2028921e-01
 -1.3486543e+00
  6.5028888e-01
  6.2308196e-02
  7.3555261e-01
  5.5647243e-02
 -7.1610235e-02
 -3.9169577e-06
 -4.7677793e-05
  3.5776481e-02
 -2.0764269e-01
  8.1565777e-06
  1.2387524e+00
 -1.8718122e+00
 -7.9893982e-01
  1.1575974e+00
  7.0734799e-01
  1.3644462e-02
 -1.5231019e-01
  1.0571166e+00
  6.2344754e-01
 -1.1987300e+00
 -2.3575559e-01
  1.4818713e-01
 -1.9526515e+00
  1.8838641e-01
  8.3258444e-01
 -1.0497576e+00
  5.8051592e-01
 -4.0351638e-01
 -1.4676274e-01
  1.1308768e+00
  1.1503011e+00
 -8.2238659e-02
 -7.9659894e-03
 -2.6992443e-01
  1.5016223e+00
 -1.1421920e+00
 -8.8904530e-02
  1.8784835e+00
 -1.2811314e+00
 -2.4873455e+00
  1.7112087e+00
  2.3735094e-01
 -4.4723287e-01
  1.5136800e+00
 -9.4206440e-01
  7.4178314e-01
  8.5390741e-01
  2.9967763e-02
 -5.6932133e-01
  2.1697016e-01
  4.7194636e-01
  7.9864645e-01
 -1.6523701e+00
 -7.8148222e-01
 -1.6677549e-01
 -2.1662960e+00
  1.1353279e+00
 -8.2205820e-01
 -1.6610268e+00
  2.6443854e-03
 -1.9928860e-02
  4.2715862e-01
 -1.4115536e+00
 -2.6799623e-02
 -1.3622947e+00
  5.3215915e-01
  8.8541329e-01
 -3.7160882e-01
 -6.0601983e-02
 -7.0144251e-06
  2.5682702e+00
  3.1019914e-01
  5.5651975e-01
  8.0657989e-01
 -6.1668158e-01
 -5.5247909e-01
  4.1361669e-01
 -4.2863387e-01
 -2.9797437e+00
 -2.7174637e-01
 -1.4551846e+00
  5.9193474e-01
  1.3374299e+00
  6.1136292e-05
  6.0919392e-06
  9.9602948e-07
 -9.9096155e-07
 -9.7166657e-02
  9.2238599e-01
  2.3957824e-05
  5.7835845e-05
  4.0118030e-01
 -5.3594029e-01
 -1.1838209e-01
  3.2404107e-01
 -2.3342925e-01
 -5.6736743e-01
  2.8569722e-01
  2.1545038e-01
  2.9075506e-01
 -9.6466038e-06
 -2.2376920e-01
 -2.0473148e-04
  1.4674045e+00
 -1.1718678e+00
 -2.8664217e+00
  6.8183833e-01
  4.5884346e-05
  3.0726215e-01
  1.1720890e-01
  3.1336986e-05
  2.9957434e-06
 -1.0840291e+00
  2.7395559e-02
  2.2932852e-04
  2.4621735e+00
  4.8421285e-04
  2.6317039e-01
  8.0230725e-01
 -4.1214421e-01
 -4.1390522e-05
  5.9429079e-01
 -7.4696645e-02
 -6.7103779e-01
  1.5605023e+00
  2.6168567e-01
  3.6582237e-01
  7.0108616e-01
 -8.5837543e-01
 -3.3614323e-01
  1.9556697e-01
 -6.0390824e-01
 -3.3696997e+00
 -5.8951393e-02
  4.9413857e-01
 -1.5563106e-05
 -2.0492195e-01
 -2.4864933e-01
 -1.7171246e-01
  1.1383671e+00
 -4.0302854e-03
  2.3789328e-01
  2.7154019e-01
  4.9273154e-01
  2.2321258e-01
  1.6365577e+00
 -1.1721089e-01
  5.7177401e-01
  2.1776780e-01
 -1.7072207e+00
 -2.1651788e+00
  1.7963479e+00
  8.2277739e-01
  1.2411786e+00
 -1.1908756e-02
 -7.4107752e-06
 -1.2109106e-05
 -2.3976231e-01
 -9.3953833e-02
  1.3323438e+00
  9.7277182e-01
  2.0940889e-02
 -2.9019685e-02
 -7.2005522e-01
 -6.6062976e-06
 -1.2750864e-05
 -4.9578061e-06
 -2.0096043e-01
  1.0516488e-04
  1.1344384e-01
  1.1103904e-06
 -4.9057830e-06
  2.0282916e-05
  3.8335602e-06
 -2.0166579e-05
 -1.0249386e-05
  1.0962937e+00
  3.3010179e-01
 -9.0105963e-01
  1.0469558e-04
 -1.9756351e-05
 -4.7695943e-05
  9.6220892e-06
  2.0066480e-04
 -1.0823520e-05
 -1.4161903e+00
 -3.8591984e-01
 -1.0036336e+00
  6.9251612e-02
  6.1381907e-05
  9.5944792e-01
  3.9779770e-06
 -3.0025876e-06
 -6.9620706e-05
 -3.8176429e-02
 -6.5997839e-01
  2.1877782e+00
  1.5376503e-05
  5.4495956e-04
 -6.2610811e-01
  7.0710672e-07
 -8.7680855e-06
 -5.4877528e-06
  4.0229106e-01
  5.6023955e-01
  1.1747944e+00
  5.7621496e-06
 -2.4934350e-05
 -3.0283136e-03
 -4.3053142e-06
 -2.5058371e-06
 -1.1191558e-04
  1.4703903e+00
  7.4679013e-03
  7.6287442e-01
  1.2498875e+00
  4.8736361e-05
  9.8673809e-06
  2.5952015e-05
  2.3331546e-05
  3.9930814e-03
 -1.6947820e+00
 -1.3958582e+00
  3.6600271e-01
  2.3596518e-05
  1.0495719e-05
  1.1195139e+00
  2.2916962e-05
 -1.3659468e-05
  2.5698689e-06
 -1.0867411e-01
 -4.9715410e-03
  3.9848691e-01
 -4.1400346e-01
 -1.8581934e-04
 -4.3138377e-03
  7.4916631e-01
  1.1299040e+00
 -1.2254690e+00
  1.0597438e+00
  5.7227039e-01
 -1.6323500e+00
 -8.1383443e-01
  1.0977175e+00
  1.1384203e+00
  3.5610540e-06
  9.6019499e-02
  8.6634464e-06
  1.5048765e+00
  5.4641703e-05
 -2.5969810e+00
  6.7820942e-01
  3.9409614e-01
 -8.8526160e-02
  2.5322184e-01
  8.6667063e-04
 -2.8988731e-01
 -2.2596998e+00
  4.6922734e-01
  8.8009059e-01
 -1.5630847e+00
  2.7484301e-01
  4.1459650e-01
  5.0922579e-01
  1.0361168e+00
  4.8371319e-02
  2.2458498e+00
  2.1229680e+00
 -1.9377461e-02
  7.8264529e-01
  1.3943003e+00
 -1.4635769e+00
  1.2316627e-02
  4.5522860e-01
  2.8789872e-01
  5.2917051e-01
  9.9346858e-01
 -1.1673955e+00
  3.6600163e+00
  4.5502228e-01
 -2.9183502e+00
  7.7565312e-02
 -5.6683521e-06
 -8.3985829e-01
 -8.9920372e-01
 -5.1594818e-01
 -1.9251117e+00
 -1.8566242e-01
  9.1467905e-01
 -5.7473230e-01
  6.0397220e-01
  1.2435681e+00
  1.0121740e+00
  2.9002482e-01
  1.2117457e+00
 -1.0084990e-01
 -1.4029413e+00
  5.5551815e-01
 -2.2901677e-01
  2.0638065e-01
  9.1998076e-01
 -3.6139181e-01
  1.7121074e+00
 -3.5138196e-01
  4.4095725e-01
  6.2752438e-01
  6.1149746e-01
 -1.8430765e+00
 -2.8770913e-03
  2.1140909e-04
 -3.2117441e-01
  1.2947688e+00
  1.8438587e+00
  1.1166228e+00
  9.7891164e-01
  8.2255507e-01
 -4.9159876e-01
 -1.4762567e+00
 -6.7701232e-01
  7.5738549e-01
 -1.6578977e+00
 -7.4746960e-01
 -1.9054778e-01
 -2.5906065e+00
 -3.3122227e-01
 -1.3854847e-02
 -2.0045868e-01
 -5.3728718e-01
 -2.5980576e-04
 -8.6600906e-01
 -1.8521672e-06
  1.2180456e+00
 -2.6751176e-02
 -2.7085694e-06
  9.9257004e-01
  3.2690150e-01
  1.9047619e-01
 -3.6434889e-02
  7.5129586e-01
 -1.1831382e-02
 -2.9325813e-01
  1.3961329e+00
 -1.6111960e-01
 -1.6670972e+00
 -2.1206801e+00
 -1.1852587e+00
  1.5213114e+00
  3.2849908e-01
 -2.6979699e+00
  1.3670334e+00
 -5.3799373e-01
 -2.1104705e+00
  8.7134719e-01
 -9.0085733e-01
 -1.2856700e+00
 -6.7612350e-02
  8.5767344e-02
 -4.9101341e-01
  1.3814974e+00
  1.2226756e+00
  4.9419684e-04
  1.3869318e+00
 -5.8446664e-01
  2.1330763e-01
 -9.5159583e-02
  5.1249093e-01
 -2.0952222e-01
 -1.4770890e+00
  1.5750907e-02
 -8.2080650e-01
  6.3627595e-01
 -7.4609184e-01
 -1.1808305e+00
 -1.8748043e+00
 -1.6526493e+00
 -2.7547708e+00
 -1.0951047e+00
 -1.2895197e+00
 -1.1159030e-01
  1.4220110e+00
 -5.8529341e-01
 -1.0271424e+00
 -6.9663441e-01
 -6.8810463e-01
 -1.6587863e+00
 -1.8288276e+00
  7.6152956e-01
  1.0790654e+00
 -9.4753391e-01
 -3.4661943e-01
 -1.1405987e+00
  1.4395378e+00
 -1.1650411e+00
 -5.5666864e-01
  6.4034718e-01
  1.2608589e+00
  1.0726944e+00
 -1.2219818e+00
  6.2570007e-06
  1.6714763e-05
  4.3862146e-06
  1.5005145e+00
 -5.5222113e-06
 -1.6718727e+00
 -3.7600175e-01
 -1.3758692e+00
 -5.6045819e-02
  2.5290908e-06
 -2.1861388e-05
  8.9125169e-06
 -6.5823468e-07
  3.9074462e-06
 -5.8948964e-01
 -4.1317777e-04
 -1.0258075e+00
 -2.9757569e-04
  1.1145045e-05
  1.1151407e-04
 -1.2094635e-05
  1.0690295e+00
 -1.6661400e-06
  2.2176136e-01
  7.5290191e-01
  4.5315817e-01
 -1.7395012e+00
  5.6207996e-06
 -5.8416527e-04
  4.4169724e-06
  4.4309628e-01
 -8.3118312e-06
  1.7051846e-01
 -1.1641624e+00
  6.2889332e-01
 -8.6722702e-01
  5.8731812e-06
  1.2415288e-05
 -2.5890826e-05
  1.6202522e-02
  1.4257661e-05
 -8.2308882e-01
  1.4193876e+00
 -7.2478883e-02
 -1.0891330e+00
  1.4672475e-05
 -7.9968180e-07
 -5.6109288e-06
  1.5687891e+00
 -3.5785854e-06
 -5.3826463e-01
  6.7578405e-01
  9.1703802e-01
 -1.1784953e+00
  1.0520157e-05
 -5.6126146e-06
  2.0146222e-06
  7.2817033e-06
 -6.0471815e-05
 -4.4046197e-02
  2.2697064e-01
 -1.5650705e+00
 -6.7661119e-01
 -2.7350429e-06
  2.1723343e-05
  2.6835082e-07
  1.2640615e+00
  2.4553203e-05
 -7.4004278e-02
  1.8989241e-01
 -5.0977234e-02
  4.7612613e-01
  1.0066897e-05
 -2.3803359e-05
 -5.9766171e-06
  2.9966864e-01
 -7.3919755e-06
 -3.6455831e-01
  7.8305840e-01
  7.1067315e-01
 -2.4203286e-01
  7.9494311e-07
  3.8617336e-06
 -1.2750658e-05
 -3.8656213e-05
 -7.7903933e-06
  1.1184914e-01
 -1.1412077e+00
  1.4924184e+00
 -3.6189601e-02
  1.5730469e-06
 -1.7346241e-06
 -6.5239351e-06
 -9.9943900e-06
 -1.1747849e-05
 -6.7869782e-06
  2.5107667e-05
  5.4839164e-01
 -9.7385682e-06
  2.0040343e-06
 -8.4509875e-06
  7.7268705e-06
  3.9433722e-05
 -1.0995773e-05
  9.1098201e-01
 -6.7839581e-01
  1.1649472e+00
 -1.1762269e+00
 -8.3785853e-06
  5.4933596e-05
  4.2928473e-06
 -1.5503827e-05
  1.2803542e-05
  3.2118404e-01
  1.6926590e-02
 -1.2114019e+00
 -3.5018501e-01
 -3.9368069e-06
  9.7485408e-06
  3.3256350e-05
  1.2333329e-03
  1.1957515e-06
  1.2075542e+00
 -3.3691771e-02
  1.6738640e-01
  1.3915087e+00
 -6.0142815e-05
  1.3370961e-06
  6.6414595e-06
 -9.9267178e-05
  1.6122662e-05
  8.4549356e-01
  4.5961452e-01
  2.2298114e+00
 -6.7394322e-01
 -5.7273038e-04
  2.4731891e-05
 -1.5378571e-05
 -3.2798375e-06
 -7.5170196e-06
  1.2064436e-01
 -1.0997031e-01
  1.4587417e-01
 -2.7456558e-01
 -7.9897800e-06
  7.8136245e-06
 -1.0080553e-05
  5.6744864e-07
 -2.6192313e-06
  1.8910373e+00
 -9.7085588e-02
  3.9158785e-01
  7.4543881e-01
 -6.2862568e-06
  1.7208710e-07
 -4.3678760e-06
 -4.4799106e-07
 -2.4012021e-05
  4.8082832e-02
  3.9923567e-01
 -5.6024128e-01
  5.1914525e-01
 -3.2988678e-06
 -9.5357893e-05
 -5.5873781e-01
 -1.3850673e-04
  3.3728858e-05
  3.9430377e-01
  1.8179402e-01
 -6.7118692e-01
 -5.6838870e-01
 -5.4926393e-05
  1.5006584e-07
  5.4657580e-06
 -1.0595573e-05
  3.6810550e-06
  1.4396576e+00
  2.4814008e-06
  1.4031267e-04
  3.4383724e-05
  1.8908794e-07
  1.9952438e-06
 -1.2336942e-01
 -2.0071257e-05
 -7.7106488e-06
 -5.5537713e-01
  2.5470054e-01
 -2.4148839e+00
 -1.5024522e-01
  2.2408964e-05
 -1.6595628e-05
 -6.1815041e-01
 -6.3529701e-06
 -4.2161714e-06
  1.7392676e-01
  1.4106396e-01
  2.6200998e-01
  2.3224907e-02
  1.0642324e-05
 -3.8998878e-06
  6.7470210e-05
  8.6670088e-06
  3.4902432e-06
 -9.8615116e-01
  1.2380033e-01
 -5.1304948e-01
 -1.6669034e+00
  7.4862504e-07
 -1.5007961e-04
 -5.0891507e-01
 -8.6071067e-02
  3.4875877e-05
  5.7471074e-02
  2.2952552e-01
  8.1722409e-01
 -8.5343421e-01
 -2.7967767e-08
  5.2763644e-06
  3.9032566e-05
  1.3903480e-04
 -7.0361438e-08
  1.2655642e+00
  1.2240208e+00
 -8.0112986e-02
 -4.9911228e-01
  4.1886688e-06
 -3.8054735e-05
 -8.2050055e-01
 -1.9571158e-01
  4.3648164e-05
  3.7149116e-01
  3.8537699e-01
 -2.1059237e+00
 -1.5941477e+00
 -4.1103798e-05
 -2.2529866e-05
  1.4492188e-01
  8.7369817e-06
  5.8226865e-06
 -3.9897975e-01
  1.2631194e-01
  5.9411317e-01
 -8.4943426e-01
  2.1836083e-02
  5.5977499e-01
 -8.7389767e-01
 -1.0948440e-01
  2.1560092e-05
  3.9758500e-01
  7.2450870e-01
  1.0819741e+00
 -7.8875923e-01
 -1.6499328e-06
 -2.6105731e-06
 -3.9049268e-05
 -3.6885021e-07
 -7.3696156e-06
 -1.8004671e-01
 -2.7788690e-05
  6.2499076e-01
  2.2986218e-04
  1.0120264e-02
  5.3364307e-01
 -5.6849331e-01
 -1.9629151e-06
 -3.5530305e-05
 -1.2151246e+00
  4.8488826e-02
 -2.9316241e-01
 -7.1243793e-01
  8.5839283e-06
 -2.3557135e-05
 -1.0146716e+00
 -9.5061305e-06
 -6.5123127e-06
  8.7774658e-01
  3.7269134e-02
  8.6191404e-01
  1.0658233e+00
  6.4999171e-05
  2.4773906e-01
  1.9537655e-01
 -4.3264590e-05
 -1.2175052e-05
 -1.8336240e-02
  8.3244640e-01
  5.7068235e-01
  4.7000360e-01
  9.7048060e-06
  1.1744123e-01
  2.9001412e-01
 -4.7814599e-05
  3.2496970e-05
 -2.0222769e+00
 -1.0921935e-01
  1.8246920e+00
 -6.6850078e-01
  8.0391753e-04
  7.2198731e-05
 -3.4110568e-02
 -5.8340893e-06
 -6.0562320e-06
 -1.8109217e+00
  2.8496918e-01
  1.3733029e+00
 -6.0222930e-01
  1.7331045e-05
  3.9628783e-01
 -8.1299245e-01
 -3.8055023e-05
 -4.0038840e-06
 -1.7345974e-01
  4.3079677e-01
 -1.8660606e-01
  2.0305136e-01
  1.0333559e-04
  3.1806856e-01
 -4.2998171e-01
 -1.0352788e-04
 -5.3167169e-06
 -6.2638384e-01
  4.3834415e-01
 -3.5247847e-01
  4.6421937e-03
 -1.6808934e-05
 -7.8852412e-07
 -9.7062814e-01
  6.7513563e-02
  4.7534190e-06
 -1.0990030e+00
  9.4809884e-01
  8.1769973e-01
 -8.1833363e-01
  1.2348706e-04
 -1.2859229e-05
 -1.2111749e-04
  1.2117339e-05
  1.5839016e-04
 -3.4009763e-06
  8.5386944e-01
 -2.2960792e+00
 -8.6788081e-05
 -1.7238946e-05
 -3.1557004e-06
 -1.5891943e+00
  3.1148357e-02
 -1.3214187e-05
 -7.3606968e-01
  6.7216963e-02
  8.8257402e-02
  7.3978645e-01
  3.8959256e-01
  4.3088707e-07
 -1.0516646e-01
  1.9264247e-05
  3.1487064e-06
 -1.0067836e+00
  1.2376198e+00
 -2.1271740e-01
 -8.9801741e-01
 -1.5494275e-05
  4.7686814e-07
 -4.6500310e-01
  1.7641827e-02
  2.3426461e-05
 -1.2049215e+00
 -4.8900118e-01
 -8.9505678e-01
  3.1781936e-01
  9.8022820e-06
 -4.1451545e-05
 -5.4247886e-01
 -5.3549697e-06
 -3.6317492e-06
  6.0451972e-01
  2.0228927e-01
  7.2494912e-01
  4.5655280e-01
 -8.6313476e-06
  7.0950323e-06
  2.6128090e-03
  5.5166226e-02
  2.1576102e-06
 -1.9956298e-01
  1.8761481e+00
 -1.7785871e+00
  4.8187721e-01
 -1.8620354e-05
 -4.6955578e-05
 -4.5042801e-01
 -8.9933901e-06
  1.1832433e-05
  7.7731945e-02
 -4.8330911e-02
 -3.6093988e-02
 -2.6558751e-01
  1.6492764e-06
 -3.0937317e-05
 -4.5298365e-01
  1.5423052e-03
  1.5170495e-05
  8.3920062e-01
  2.0956509e-01
 -6.2906295e-01
 -5.6324822e-01
  1.2413758e-02
  1.2413758e-02
  1.2413758e-02
  1.2413758e-02
  1.2413758e-02
  6.7241365e-01
  6.7241365e-01
  6.7241365e-01
  6.7241365e-01
  6.7241365e-01
  1.4738771e-01
  1.4738771e-01
  1.4738771e-01
  1.4738771e-01
  1.4738771e-01
  1.0924964e-01
  1.0924964e-01
  1.0924964e-01
  1.0924964e-01
  1.0924964e-01
  1.6452778e-02
  1.6452778e-02
  1.6452778e-02
  1.6452778e-02
  1.6452778e-02
  1.8038879e-01
  1.8038879e-01
  1.8038879e-01
  1.8038879e-01
  1.8038879e-01
