nep4 3 Ba Zr S 
cutoff 8 4 150 20
n_max 4 4
basis_size 8 8
l_max 4 2 0
ANN 30 0
  1.2577796e-06
 -1.4783433e-05
  2.5786501e-06
  1.0209733e-06
  2.0558687e-06
  1.5901991e-05
  8.3706000e-06
  1.1571544e-07
  2.6263506e-06
 -1.2321088e-04
 -1.3029235e-05
  3.3946239e-05
 -7.8723533e-06
  6.1102299e-05
  1.5713644e-06
  9.1834190e-06
  3.4420518e-05
 -1.5342081e-06
  7.2065850e-06
 -9.9521858e-06
  9.3555053e-10
  6.5830468e-06
  3.5826219e-05
  6.1728329e-06
  1.0974515e-05
  1.2942692e-04
 -1.8955022e-08
 -8.2867837e-07
 -3.5390002e-07
  5.0616200e-06
  8.3129960e-01
  6.5510726e-01
 -3.9396451e-05
  4.7369987e-05
 -1.7186848e+00
  4.6724363e-06
 -1.2121474e-06
  1.8596992e-02
 -6.0382581e-01
  1.4439453e+00
 -1.8078861e-05
 -1.5223469e-06
  6.1662879e-02
 -5.1383859e-06
  4.7697718e-04
  9.8802720e-06
 -2.1998911e-05
  3.1684309e-01
  2.9936532e-02
 -2.4835113e-01
 -2.6239200e-05
 -5.2708478e-05
  4.6657853e-02
  3.0594018e-01
  3.4869656e-01
 -1.0628514e-05
 -6.7374622e-06
  2.9272784e-05
 -3.8885937e-05
 -2.1279091e-07
  2.0212565e-06
  3.3509565e-05
  3.0757452e-05
 -5.3071326e-06
 -5.6092231e-06
  2.0259084e-05
 -8.2610286e-06
 -2.0489324e-05
  1.0532007e-04
  1.0885567e-05
 -4.4866638e-06
  2.3236529e-05
 -4.6348246e-06
 -1.8276889e-05
  2.8144677e-05
 -1.1971500e-05
  1.6795356e-07
 -1.2833128e-05
 -2.9960695e-06
 -5.8875133e-07
  2.6165462e-05
  8.9104406e-06
 -1.0262182e-06
 -1.0270160e-05
 -7.5139496e-06
 -7.2749817e-06
 -7.8050089e-06
 -1.1868644e-05
 -1.3143883e-06
 -8.6298991e-07
  6.7448759e-01
  2.3157141e-01
  5.1470879e-06
  2.1993060e-06
  7.0106926e-06
 -2.4869185e-05
 -1.4880519e-05
  3.2129465e-05
  3.1717923e-06
 -5.0419289e-01
 -5.8652208e-06
  6.1304883e-07
  1.6288361e-05
  1.0358890e-06
  1.5853338e-05
 -6.0691459e-06
  3.7426416e-05
  1.3342966e-05
  1.0436639e-06
 -8.0633946e-03
  1.5016545e-06
 -7.0165111e-06
  8.4573105e-05
  2.5872192e-05
  6.6698551e-02
 -2.1259018e-05
  2.2906772e-04
 -1.3051656e-05
  1.3426601e-04
  8.7271561e-05
 -1.0261679e-06
 -8.9883006e-06
  2.2652787e-06
 -1.0698871e-05
  5.7879333e-06
  4.1261756e-06
 -9.6055082e-06
 -5.7575016e-06
 -1.1806186e-05
 -2.9255016e-06
  3.0769177e-05
  2.3231452e-05
 -8.8620227e-06
 -3.8459957e-06
 -4.4998610e-06
 -8.5253305e-06
 -8.9551932e-06
 -4.2428118e-07
  4.0944895e-05
 -1.8773306e-05
 -3.4169898e-06
  1.6644401e-05
  2.7229325e-06
 -4.6785499e-04
 -1.5061472e-06
  8.2832156e-04
  5.4847380e-05
 -4.7894214e-06
 -2.9202796e-05
  2.5429557e-07
  5.2713167e-06
  8.5708389e-06
 -3.8493778e-05
 -4.3532059e-06
 -5.8116740e-07
  2.9975452e-05
  2.1396588e-06
 -3.6864041e-08
  1.9387620e-05
  1.6075353e-05
 -2.8533416e-04
 -5.6330241e-06
  4.4175749e-07
  9.6115145e-06
 -1.4587920e-06
  2.0146023e-05
  1.6560665e-05
  2.4507448e-05
 -2.8811692e-07
  1.4333513e-05
  5.6338517e-06
  1.5645639e-05
  1.8636077e-06
 -1.6899276e-05
  7.3675374e-06
 -4.2158430e-05
  4.3320561e-05
 -2.5076884e-06
  4.7608969e-06
 -1.7008737e-05
 -1.9323081e+00
 -4.2012785e-04
  7.4188820e-06
  1.8156261e-06
  5.8652306e-01
  8.3870027e-06
 -8.5332576e-06
  3.9087977e-06
  4.5623895e-02
  3.4183053e-05
 -3.1674307e-07
 -2.9319153e-06
 -1.6643080e-05
  4.4244611e-05
 -3.0719981e-05
 -1.5588474e-05
 -1.4985021e-05
 -3.6821706e-07
  2.2680194e-06
  2.4957851e-06
  1.9685105e-05
 -8.3097666e-06
 -2.0967759e-04
 -2.2649130e-05
 -4.2280546e-05
  9.5190171e-07
 -4.8347072e-05
 -3.7693133e-06
 -8.6335785e-06
 -1.4244548e-05
 -5.6007797e-01
 -7.8053035e-02
  2.3275101e-05
 -5.3526572e-05
  4.8061594e-01
  1.4015181e-05
  3.4032998e-06
 -2.6067761e-05
  7.2389394e-02
 -3.7750196e-01
 -1.0501288e-04
 -6.6424723e-06
 -5.9501623e-04
 -5.6154363e-07
 -3.1075800e-07
 -2.2367734e-05
  3.0400939e-05
 -5.0139774e-05
 -2.6233221e-04
  2.7451335e-02
  1.5376159e-04
  8.9758514e-06
 -7.8055073e-06
  7.8409904e-08
 -1.5425648e-03
 -7.0848114e-06
  2.8607737e-06
  4.3276737e-06
  3.0652900e-05
  8.6575223e-04
  1.6705093e-01
  9.1470225e-05
 -1.8426654e-05
  1.2292205e-04
 -4.5719717e-06
 -6.7970814e-06
 -9.4240086e-06
  1.1382069e-04
 -3.6388362e-06
  2.4498199e-01
 -6.9409602e-06
 -2.1940805e-06
  6.6430002e-06
  1.3323888e-07
  2.0263129e-04
  2.8293976e-05
 -4.9155487e-06
  1.4306929e-05
  6.1679981e-07
 -2.9213176e-04
  6.6503781e-06
  6.8544282e-06
  1.5942614e-04
  2.2160290e-04
  1.6288545e-02
 -8.5847787e-06
 -1.7579901e-05
 -1.0504970e-07
 -4.0420318e-07
 -1.1673098e-05
 -2.0107874e-01
  2.0399179e+00
 -1.3733206e-05
 -1.3155625e+00
  1.0192182e+00
 -2.7719698e-06
 -9.8992689e-07
  1.0750668e-01
 -1.5394904e-01
  7.6000556e-02
 -1.6946436e-06
  3.7647287e-06
  2.6337013e-01
 -1.0672646e-01
  1.3662659e-03
 -1.5910322e-05
  1.8578281e-06
  3.9653218e-01
  1.9536902e-01
 -1.2437840e-02
 -1.0317467e-06
  1.4616267e-05
  1.3749340e-01
  4.5919505e-01
  3.1343937e-01
 -1.9443719e-04
  3.7477934e-05
  2.4879313e-07
 -3.6201040e-05
 -1.2517874e-01
 -3.1553262e-01
  1.2232951e-05
 -2.8967439e-05
 -8.4531632e-07
 -1.8461559e-06
 -8.2346878e-06
  3.5325954e-06
  8.3557125e-06
  6.1113610e-06
  1.6650919e-06
  3.9569695e-06
  9.6125495e-06
  5.0970029e-05
  1.5239269e-05
 -7.1157215e-06
  8.3576479e-06
 -9.9066147e-06
 -3.4636602e-07
 -8.5881467e-05
  5.2483988e-06
  1.5086242e-06
  3.7114105e-06
  2.8135757e-08
  2.4221467e-06
 -2.8130065e-05
 -1.1860325e-05
 -5.5498335e-06
 -4.1018720e-05
  6.2513442e-05
 -2.0184689e-06
 -5.5355790e-06
 -1.8647286e-05
  2.8967024e-06
 -2.9359748e-05
  6.1197905e-05
  3.4118589e-06
 -3.6779547e-06
 -6.8329908e-05
 -1.1912966e-05
 -1.0919009e-05
 -1.2349487e-06
 -1.0410699e-06
  3.8713424e-07
 -8.1437162e-07
  4.1793505e-06
 -3.5646754e-05
 -1.5520927e-05
 -1.0814842e-05
  1.9752009e-05
  2.5926611e-06
 -9.2315267e-06
  3.0110828e-06
 -3.2267708e-06
 -1.2849944e-05
 -9.0964586e-06
 -1.7429329e-07
 -3.3391777e-06
 -2.7322685e-04
 -1.3016735e-05
  4.4806898e-06
 -1.7517991e-04
 -9.3503964e-05
  2.1619880e-05
  8.8915231e-06
 -1.3120826e-05
 -1.2207764e-05
  4.5791189e-06
 -1.4349766e-07
  3.1332634e-06
  3.1632044e-06
 -1.0892441e-05
  6.6247176e-06
  9.5434336e-07
 -1.0444198e-07
 -4.1006602e-05
 -2.3517403e-05
  1.1170483e-07
 -7.0164047e-06
  1.7193766e-05
  5.2408741e-06
  4.1381329e-05
 -5.5542085e-07
 -2.4846572e-06
 -9.4191370e-07
  5.7321645e-06
 -3.0635222e-06
 -8.4535686e-06
  1.0664982e-05
 -3.9366541e-06
  6.4294771e-05
  1.2324114e-05
 -1.0631712e-06
  5.7717047e-05
  4.6454639e-07
 -1.7291418e-06
 -8.8936883e-07
 -7.7375553e-06
  5.8288679e-06
 -5.6535196e-06
  1.5540143e-06
  3.8319054e-06
  8.4280987e-07
  2.1191003e-05
  9.9552344e-06
 -1.5553391e-05
  3.1708198e-05
 -2.0039926e-05
 -4.8329698e-06
 -5.1900947e-06
  3.7463989e-05
  3.2601768e-06
  7.7541508e-06
  2.7512882e-05
  1.0765342e-05
 -4.3632979e-05
  3.1582047e-05
 -9.0649337e-06
 -2.5604436e-06
 -9.3109311e-06
 -3.7528271e-06
  7.9596698e-01
  9.4339329e-01
 -7.0969700e-06
 -1.8342049e-01
 -1.1119064e+00
 -3.8431945e-06
  8.0207946e-07
  1.0628598e-02
 -6.4781797e-01
 -5.5999261e-01
 -1.2010838e-05
 -2.0482199e-04
  1.5231267e-01
 -2.6831269e-01
  9.1214508e-02
 -9.2534819e-06
 -6.6677167e-04
  3.8133645e-01
  3.4383947e-01
 -8.1029773e-02
 -1.8028893e-05
 -2.7675703e-06
  2.2631852e-02
  3.2267979e-01
  4.3259123e-01
  2.0621927e-05
 -9.9156778e-06
 -6.7899050e-06
 -5.5370812e-05
 -1.6011202e-03
  1.8102033e-05
 -3.3296180e-07
  1.1697874e-05
  2.3406737e-05
  4.7014328e-06
  7.1433499e-07
 -1.0000164e-06
  4.1059222e-05
  2.3715286e-06
  8.9278211e-07
  2.2159507e-05
  6.5508953e-06
 -4.4659801e-06
 -1.3779834e-05
 -2.9900169e-05
 -1.3975131e-06
  4.6265237e-07
 -1.1871895e-05
 -6.7788365e-06
  1.9391357e-04
 -1.7078733e-05
 -1.8584458e-05
 -2.3764323e-06
  5.4840857e-06
 -7.7558316e-06
 -1.4231302e-06
  1.1281159e-05
 -2.0172770e-06
 -5.2849765e-07
 -5.5699411e-06
 -1.3571925e+00
 -2.7931104e-05
 -1.5754820e-05
 -7.1197684e-07
  1.1182143e-01
 -6.5746235e-06
 -2.2166250e-06
  1.3937167e-04
  2.5069198e-02
  2.3891403e-01
  1.1422644e-06
  4.1220614e-05
 -8.3832227e-04
  3.1463551e-05
 -5.6583672e-03
 -1.8853343e-06
  1.3844924e-05
 -5.4678088e-03
 -7.8805933e-05
  3.3001134e-01
 -5.7219922e-06
 -5.7656889e-06
 -1.2770211e-04
 -2.5460089e-02
 -6.0056359e-02
  4.6524110e-06
 -3.9822603e-06
  1.9737046e-05
  6.5482072e-06
  5.6697572e-06
  3.7771999e-05
  3.4250392e-05
 -5.5503210e-07
  6.5781028e-06
 -1.8838609e-05
 -4.1238118e-06
  1.5987367e-05
 -4.6442001e-06
 -1.9155714e-06
  1.7923900e-05
 -6.2481149e-06
 -1.5079761e-05
 -2.9277830e-06
 -5.7877774e-06
  4.5251779e-04
 -1.9026852e-04
 -1.0549868e-05
  1.6352542e-05
 -9.6205331e-06
 -5.8418123e-06
  1.4262394e-05
 -5.7508587e-06
 -3.1942225e-05
  1.0474994e-04
 -1.9623960e-06
 -1.3932507e-05
  1.5328049e-05
  8.9757759e-06
  3.5423045e-07
  1.9140409e-05
  7.4880904e-01
 -6.4786041e-01
 -2.8023773e-01
  2.7057753e+00
 -3.3549824e+00
 -1.6748654e-05
 -7.3304777e-06
  1.1949655e-01
 -3.6100581e-02
  2.1209943e-01
  4.5710353e-06
 -1.0371738e-05
 -4.3763916e-06
 -2.1916838e-02
 -1.2709958e-05
 -6.7013825e-06
 -1.1089107e-04
  1.7578514e-01
  2.7744209e-02
 -1.3061529e-01
 -6.0638436e-06
 -2.9590276e-06
  5.3830151e-02
  2.9604372e-01
  3.3473402e-01
 -2.9197259e-05
  1.0279966e-05
 -2.9062123e-05
 -1.7188662e-05
 -9.8696990e-05
 -2.6347487e+00
 -8.7209493e-01
  3.3398671e-06
  1.2833972e+00
  1.0648742e-01
 -3.8399012e-06
  1.3850137e-05
  7.1399256e-05
  1.5038857e-01
  6.0626322e-01
 -1.3846927e-05
  2.1584108e-06
 -1.2131109e-01
 -5.1544583e-05
 -1.7631213e-01
  3.1310668e-05
 -5.4511322e-05
 -1.3300946e-01
 -1.2172031e-01
  3.1686734e-02
  2.3157154e-06
  1.1454134e-05
 -1.6235551e-02
 -3.7301913e-01
 -6.8474814e-02
 -2.0298271e-06
  8.5864331e-06
  1.8200946e-05
  2.2235048e-05
  6.2181248e-04
 -7.8620669e-06
 -4.0937030e-06
  1.0239975e-05
  1.5149229e-05
  3.2772925e-06
  9.3278578e-07
 -2.4342975e-05
 -6.7008864e-07
  5.0008716e-06
  4.0718107e-05
 -1.9453018e-05
  4.4191756e-06
  6.7588999e-06
  7.7063378e-06
 -1.6016005e-06
  5.6279982e-06
 -4.4081378e-05
  4.8736747e-06
  3.4923214e-05
  1.0263590e-05
 -2.8488868e-05
  1.6041169e-05
  2.0356963e-05
 -1.8871995e-06
 -7.6119641e-06
 -4.2214018e-07
 -2.5768206e-05
  8.5113334e-06
 -9.3515820e-07
  5.0082299e-06
  4.9690657e-06
 -2.9391085e-06
  5.7413645e-06
  1.8558931e-09
  8.8382167e-06
 -6.5026966e-06
 -2.1016313e-06
 -7.4660261e-06
 -3.4509740e-05
 -9.5240412e-06
 -4.4362656e-05
 -2.4979734e-05
 -2.2232825e-05
  9.4640145e-06
  1.5725955e-05
  2.5019746e-05
 -1.3087460e-05
 -4.0902924e-06
 -1.8515484e-06
 -3.0482267e-06
 -2.9966213e-05
 -2.9183111e-06
  4.6597283e-06
  1.0561001e-05
 -2.0628206e-06
 -1.1710595e-05
  4.2685392e-06
  3.7068915e-07
  1.5990026e-06
  1.5090163e-05
  3.6484485e-07
  3.1183251e-07
 -5.6413207e-08
 -7.5552016e-06
 -4.8609995e-06
 -3.0221350e-05
  8.6268636e-05
 -5.9488020e-06
  6.9370174e-07
  1.4152786e-05
  4.8181482e-06
  2.0649515e-05
 -1.0772718e-05
  7.6349920e-07
  4.8391762e-06
  1.9529023e-06
  2.6636951e-06
  9.2645843e-07
  6.4346670e-05
  6.0228240e-06
  1.1798894e-06
 -3.3337892e-06
  1.9407184e-05
 -2.9814362e-06
 -1.6189846e-05
 -1.0847375e-05
 -1.1281925e-05
 -6.0000034e-06
 -3.3776357e-06
 -3.8801395e-06
 -2.0600392e-01
 -3.2579696e-01
 -7.7610985e-06
  6.2089792e-05
  1.3631448e-01
  1.0744589e-05
  1.4058531e-06
 -5.8614485e-02
  1.0960294e-03
 -6.7464292e-02
  6.8131485e-05
  5.1405982e-06
 -2.0912282e-04
  1.2305729e-05
 -5.0583452e-07
 -7.4719464e-06
  2.1362800e-06
 -7.6358631e-02
  3.5300971e-05
  1.7583549e-02
 -1.7669878e-06
  7.2606381e-06
 -1.0673876e-03
 -3.7032811e-04
 -2.9666219e-02
  3.8665021e-06
 -3.9903898e-06
 -4.3989181e-07
  5.2117186e-05
  3.8703387e-05
  1.3366219e-04
 -2.4154394e-06
 -6.8690333e-06
  3.3726980e-04
 -3.1522770e-06
  8.6938544e-06
 -2.7904937e-06
  6.3200405e-06
  4.5970328e-06
 -2.3572424e-05
 -1.8355140e-06
  1.1844606e-05
  2.8700067e-06
 -3.7485919e-05
  7.4461502e-07
  2.3378561e-05
  5.3919825e-06
  2.1730773e-06
 -1.2980008e-05
  2.3561096e-02
  2.3679327e-06
  5.9036097e-06
 -7.2262381e-05
 -9.8885997e-05
  4.0946616e-05
  5.5676451e-06
 -2.0090094e-05
  9.0731928e-06
  6.8594159e-07
  3.2853096e-04
 -1.9233205e-05
  1.1649213e-06
  3.9014749e-06
 -1.7849928e-07
  7.5013622e-06
 -1.1882978e-05
  8.0069058e-06
  3.6788247e-06
  8.5917272e-06
 -2.7035885e-05
  2.6788944e-06
 -3.2989038e-04
  3.3057593e-05
 -2.7957137e-04
 -1.0368775e-05
 -6.1512801e-06
  9.0410958e-06
  4.3157602e-06
  5.0122708e-05
 -1.0195165e-05
  7.0901792e-06
  3.0897587e-05
  7.4965296e-06
  2.0405123e-06
 -9.6498388e-06
 -1.2548165e-05
  1.7005356e-06
 -6.4368969e-06
  3.6640997e-06
  4.9671121e-06
  5.5953453e-05
  1.7284276e-01
  1.0287247e-06
  8.2275765e-06
 -1.3548180e-02
  1.0827749e-05
 -2.3204273e-05
  8.5154599e-05
 -3.2223500e-02
  5.7268625e-01
  4.1616568e-06
  6.2217828e-06
  5.9291393e-05
  2.6910880e-05
 -1.1884104e-05
 -1.2792628e-05
 -8.7475537e-06
  7.5987627e-06
  1.0439825e-05
 -7.8673811e-06
  1.9775941e-06
  5.6195672e-06
  1.2267329e-04
  1.6934191e-05
  2.7709048e-05
  2.6976189e-05
 -1.1399045e-05
  8.9637862e-05
 -1.5292162e-05
  3.4420873e-06
 -1.2933647e-06
 -9.4363031e-07
  3.9027373e-06
  2.6128696e-06
  8.4162295e-02
 -1.1517367e-05
 -1.8993406e-06
  1.5222278e-05
  6.5521313e-06
  1.3177402e-05
 -1.0291882e-05
 -1.0768283e-04
 -1.0072649e-05
 -1.7618533e-05
  4.4581348e-06
 -1.9736344e-05
  1.0198988e-05
 -6.3046955e-06
  2.7200136e-05
 -9.6552294e-06
 -9.6607855e-06
 -7.1014301e-06
 -1.5140831e-06
 -2.5235884e-06
 -1.7388273e-05
  1.2765422e-05
  1.3914777e-06
  1.2020274e-05
 -1.5102383e-05
 -2.2497139e-05
 -1.9238703e-04
  7.4452919e-07
 -4.0981085e-06
 -5.7488223e-06
  8.1081562e-05
  2.0362504e-06
 -2.3277541e-06
  4.9987157e-06
  2.2117576e-05
  3.6933881e-01
  6.6770635e-06
 -3.9332223e-05
  2.4862800e-05
  2.4584671e-05
 -9.3028761e-02
  7.4233016e-05
  2.2076354e-05
 -3.8290170e-07
  6.2890535e-06
 -3.4178656e-06
  1.8215833e-05
  1.1825393e-04
 -8.1438668e-07
 -1.7733616e-07
 -9.5865307e-06
 -4.8933201e-05
 -2.9120231e-06
 -7.2069093e-07
 -2.0099942e-05
  1.7614889e-06
 -5.0599215e-06
  4.9822802e-06
  6.0239017e-06
  2.0111625e-05
 -2.4947731e-05
  2.0657468e-05
  9.4166298e-06
  7.0336291e-06
  1.8638399e-05
 -5.8062404e-05
  4.7181151e-04
  2.5710538e-05
 -8.5973334e-06
  8.1336620e-06
  4.9559916e-05
  4.8870934e-06
  1.5656847e-04
 -2.3737239e-05
  1.7954488e-06
  2.4467905e-05
  1.2500997e-05
  1.4857829e-05
 -5.4917138e-05
  3.2707714e-05
  3.7905079e-07
 -8.9138393e-06
  2.3139966e-05
  8.1966245e-06
  1.2842307e-06
 -2.1488897e-05
  8.5925444e-07
  2.6625115e-01
 -6.1836751e-04
  1.6778627e-01
 -5.0920503e-06
  4.3894329e-06
  1.2102183e-01
 -3.2962212e-01
 -8.2390696e-01
  9.1363692e-01
 -2.6136619e-05
 -2.7031914e-05
 -1.6652401e-01
 -8.3444356e-06
 -2.2759226e-01
  2.6146379e-06
  6.9417074e-02
  1.4421453e-01
  1.0097951e+00
  5.6819700e-02
 -2.8937268e-06
 -3.7965137e-06
 -1.2572576e-05
 -5.1969874e-01
 -1.1914158e-05
 -9.7703678e-06
  4.4702217e-01
  6.3308121e-06
  4.4389558e-01
  1.7922221e-05
 -5.4113984e-06
  1.8106166e+00
 -4.0342038e-06
  1.0735441e+00
 -9.4228462e-06
 -1.6197513e-05
 -8.8936478e-01
 -9.3865031e-01
  1.6671691e+00
  2.9751756e+00
 -9.1711417e-02
 -5.3437684e-06
 -2.7010763e-01
  7.1566533e-06
  2.1794267e+00
 -1.0737353e-05
 -1.2275035e+00
  3.8579503e-01
  2.7944696e+00
 -3.3435943e+00
 -1.8407013e-07
 -5.1598989e-05
 -4.5625420e-06
 -1.3093807e+00
  7.4592808e-06
 -1.2867172e-05
  1.0418203e+00
  1.4377494e-05
 -6.2460947e-01
 -2.1653373e-07
  1.0350377e-04
  1.6844719e-05
 -5.8863943e-06
 -1.1041531e-05
  4.2368847e-06
  5.8155447e-06
  1.3620491e-05
  5.1401967e-05
  8.5967440e-06
  5.6507670e-06
 -5.5915034e-06
 -1.6352142e-05
 -2.7988595e-05
 -3.9958018e-06
  2.1622443e-05
 -1.5127371e-05
 -1.5809183e-05
 -1.7561826e-04
 -1.1600763e-05
 -3.8569719e-06
 -2.2755776e-06
 -1.9470657e-05
  3.0512849e-06
  3.7636582e-04
 -1.4090651e-06
 -3.9132770e-05
 -1.8125352e-04
  9.4745070e-07
  7.6248948e-06
 -3.0053050e-06
 -4.0423343e-01
  1.6588851e+00
  2.0817485e+00
 -5.2418890e+00
  2.2544453e+00
 -6.2056707e-04
 -5.5592245e-01
  1.9688113e-01
  1.3521778e-04
 -3.1393549e-01
  8.5653387e-02
 -3.7749454e-01
  2.0174296e-03
  8.5430807e-01
  1.1774746e-05
  5.1153690e-01
 -2.7434054e-01
 -2.8323996e-01
 -4.3208891e-01
  3.9377251e-06
 -3.2980743e-01
  1.0952158e-05
 -2.6888189e-01
  4.3795779e-01
 -2.1062531e-06
  9.6859621e-05
 -2.8770186e-02
 -1.5540235e-06
  3.4285419e-02
  5.6828702e-07
  1.1269704e+00
 -2.7560762e-01
 -3.4846923e-01
 -2.3940372e-01
 -1.5502243e-01
 -2.3437926e-06
 -3.6706874e-04
  3.0607656e-01
 -3.4091070e-06
 -5.9328106e-04
 -8.8855088e-02
 -1.8648858e-01
 -2.1898930e-05
 -4.3360397e-02
 -7.5461053e-06
 -5.7585761e-02
 -8.1474982e-06
 -6.0533509e-03
  4.2620141e-02
 -1.7356282e-05
 -1.3925423e-01
  1.4989306e-01
  7.4905370e-06
  1.8451045e-01
 -9.2083635e-04
  1.4922612e-05
 -1.8827236e-04
 -7.1988065e-06
  1.0129464e-05
  5.9807844e-06
 -3.1747619e-05
  2.1550272e-01
 -4.5319130e-06
  4.4659484e-02
 -3.1321818e-01
 -1.7009793e-03
 -3.4593317e-01
 -5.1493853e-02
 -6.4244568e-01
  6.9059199e-04
  2.6854611e-04
  5.2506948e-05
 -3.1470670e-05
  1.8162654e-03
 -3.2956930e-05
 -9.0263726e-05
 -6.1117532e-04
  1.0712764e-04
 -2.0289518e-01
  1.7869850e-05
  3.3519638e-01
  3.3619444e-04
  1.6826161e-05
  2.4438120e-04
 -3.0643398e-07
  3.3230122e-06
 -1.3653048e-05
 -8.9881141e-06
 -2.2921865e-04
  6.2852087e-06
 -4.8328635e-01
 -1.2490782e+00
  2.3805809e+00
 -2.3110244e-01
  6.6157532e-01
 -7.9055190e-02
 -1.5062195e-03
  3.3271051e-04
 -2.4562581e-01
 -1.4829080e-01
 -1.2675722e-01
 -1.1841819e-01
 -6.6113129e-02
 -1.0339509e-01
 -7.4667502e-03
 -1.6667651e-01
 -1.5880170e-01
 -1.4954144e-02
  5.5446500e-01
 -3.9390525e-05
 -2.3816243e-02
 -1.7773864e-06
  1.6374019e-06
  4.8150796e-02
 -5.5865287e-03
  1.4123259e-05
  1.4373575e-05
 -8.1015263e-05
  7.8474804e-06
  1.6924299e-06
 -1.5074875e+00
  3.3348680e+00
 -3.1698981e-01
 -2.1951673e+00
  4.0044054e-01
  7.6385349e-02
 -9.3655065e-02
 -2.3325160e-02
 -2.7526999e-03
  3.6954433e-01
  5.6118172e-01
  6.4565527e-01
  6.6629809e-01
  2.8691071e-01
  4.0119690e-01
  1.8481024e-01
  1.5685456e-01
  1.9480495e-01
 -2.6502344e-01
  1.1886885e-01
  9.8554987e-01
 -1.0311792e-01
  7.5623226e-01
 -5.8430076e-02
  6.8351555e-01
 -6.6466903e-04
  1.4900374e-01
  2.2577660e-05
  9.8798710e-06
 -1.0783585e-04
 -2.4077941e-05
  1.1787502e-05
  5.8581322e-06
 -2.9080053e-05
  1.4398365e-05
  1.3255151e-05
  2.2428742e-06
  2.9476359e-06
  1.9273108e-04
 -1.0912207e-05
 -5.7211209e-06
  6.5836070e-06
  1.9238023e-05
 -4.9506348e-06
  1.2503472e-05
  9.2320488e-06
 -3.2586477e-06
 -4.1076972e-05
 -1.0961375e-01
  1.8486574e-04
 -1.5468087e-05
 -5.3980307e-06
  5.9915078e-06
  1.3901328e-05
  2.1256377e-05
  1.4115839e-05
 -2.0558407e-06
  8.7546878e-06
 -1.5070776e-05
  6.0676069e-07
  1.5699165e+00
 -8.1350580e-03
  9.6220440e-01
 -7.0440525e-01
  1.3629109e+00
  4.4779459e-05
  2.4869780e-01
  2.9156154e-01
 -1.7573087e-01
 -2.7167779e-01
 -1.5729815e-02
 -3.3595306e-01
 -2.5179829e-06
 -1.0076462e-04
 -6.1597741e-05
 -1.0123523e-01
 -2.0575335e-05
  1.0570616e-01
  1.3642295e-01
  6.0268794e-06
 -3.0024624e-01
  7.0564002e-01
 -5.6150198e-01
  1.5774198e-02
 -2.7166012e-01
  1.3648466e-06
 -3.0515869e-03
 -2.8130704e-05
  2.8511091e-05
  7.0309994e-05
  4.0115952e-05
  5.5965033e-05
  7.0679030e-06
  8.2856186e-06
  3.0669831e-05
  1.1139945e-05
 -8.9086211e-07
  5.9203980e-05
  8.7825274e-06
  2.8287917e-05
 -5.3556523e-06
 -3.7536069e-05
  2.6344444e-06
 -9.9821664e-06
 -1.5198995e-05
 -1.6482203e-05
 -1.6034439e-05
 -2.1185571e-05
 -1.6085343e-05
  1.2911815e-05
 -3.0013107e-05
 -3.3630236e-06
  3.9973875e-06
 -4.4904671e-05
 -1.0185278e-05
  1.5423778e-06
 -4.1796218e-05
  9.9904719e-06
 -7.2064486e-06
  1.6004748e-05
 -4.4306929e-05
  1.0966982e-05
  2.9779708e-02
  2.4229346e-05
 -3.2251889e-06
 -5.9578186e-05
  1.6540931e-04
  3.7738598e-06
 -1.7285671e-05
  2.4800083e-05
  7.4577961e-06
 -1.9767527e-05
  4.6200312e-06
  3.3185799e-05
  2.8589200e-05
  1.9657621e-06
  3.3724875e-06
  4.0966343e-06
 -4.3831771e-04
 -1.2407269e-05
 -2.4360390e-06
 -2.1939184e-06
  1.1662076e-05
  3.2131901e-08
 -8.2594288e-06
 -1.4611833e-06
 -3.2120999e-05
 -1.2302380e-06
 -2.9357550e-05
  6.4420119e-06
 -4.1907898e-01
  2.2354195e+00
  1.3428255e-02
 -1.8448865e-01
  5.9077138e-05
  1.8527190e-06
  3.7142792e-04
 -2.6922327e-04
 -1.0367076e-02
  1.0024601e-02
  9.0796930e-06
 -5.6015830e-07
  1.5530990e-06
 -2.2019935e-06
  1.3536327e-02
  3.5637209e-01
  3.9311510e-02
  4.2049538e-02
  4.6131051e-01
 -5.3460896e-04
  8.2003075e-01
  7.6207396e-04
  2.2993416e-04
 -6.2498375e-06
  8.0578297e-02
  5.1888082e-07
  5.8040619e-06
  1.2383550e-04
 -2.3948942e-06
  1.0114172e-04
 -8.0335913e-06
 -3.4061515e-05
 -1.7085126e-06
 -1.0925014e-07
  3.7164966e-06
  1.9154775e-05
 -3.3071599e-06
 -3.3462984e-05
  4.4650001e-06
 -4.4373970e-05
 -2.2981119e-06
 -2.4314311e-06
 -3.7509726e-05
  7.1384068e-07
  6.6765676e-07
  7.7493823e-06
 -1.7383752e-05
  1.0806563e-05
 -3.9305155e-06
  9.2591881e-07
 -1.2833628e-05
  4.3471191e-05
  3.9627557e-06
 -1.3127387e-05
  1.3646426e-05
 -9.3734143e-06
 -4.5591778e-06
  3.4710036e-05
  2.3984567e-05
  3.8192293e-06
 -2.2892887e-04
  2.3249111e-06
  2.7854176e-05
  3.0920652e-04
 -1.0837506e-06
 -1.7700459e-07
 -2.5952477e-05
 -7.8502126e-06
  2.5175299e-07
  1.8037247e-04
 -1.6292352e-06
 -2.5773510e-05
  7.4837426e-06
 -5.6254150e-05
 -1.4794133e-04
  1.2352016e-06
 -7.8684125e-06
  7.4207496e-06
 -4.9559276e-08
  1.3577931e-05
  6.9931580e-06
  1.6987600e-05
 -7.7348665e-07
  3.3102140e-06
  1.4279111e-05
 -6.0901186e-07
 -2.8630789e-06
  2.2101347e-05
  1.9219871e-05
  1.5139097e-05
 -5.2288624e-06
 -1.3311053e-04
 -1.8093067e-04
  5.7795889e-05
  1.3718841e-05
  1.8240058e-06
  1.3700642e-05
  1.0731053e-05
 -4.2788124e-06
 -1.9937641e-05
 -1.1739136e-04
 -1.8079440e-06
 -2.9220566e-04
 -3.6268400e-06
  1.6568093e-07
  1.2974204e-05
  9.9630133e-06
 -2.6836587e-06
 -2.0262658e-05
  8.9244159e-06
  5.1400893e-06
 -6.7414854e-05
 -2.7783770e-05
  6.7181231e-06
 -9.2365099e-07
  1.4186155e-05
 -2.2600461e-03
  1.8578290e-05
  5.2345704e-06
  1.9994879e-06
  4.0717646e-06
 -8.1837261e-06
  4.8962052e-06
 -5.2273550e-05
 -8.1093449e-06
  2.5526774e-06
 -3.3824803e-05
  1.1946900e-05
  4.3220557e-06
  1.1236995e-04
  2.2320994e-05
 -1.2519788e-04
 -2.4668852e-05
 -9.6388385e-06
 -5.4701709e-06
 -2.2121906e-06
 -1.1793592e-05
  1.0875274e-06
 -2.5240517e-05
 -1.2847304e-05
 -5.7282114e-06
 -1.9071098e-05
  1.4209274e-05
  1.5645803e-05
  1.3808645e-05
 -3.9343649e-06
 -1.9848410e-06
  2.1639213e-05
  2.7252290e-05
  1.9691081e-06
 -2.3189518e-06
 -5.2052742e-06
  2.5598276e-06
 -4.6466275e-06
 -9.8980945e-06
  6.3856423e-06
  3.6009908e-07
 -1.3156110e-04
 -3.4780503e-06
  1.0527074e-06
 -8.5534822e-07
  1.6237808e-04
 -5.9253589e-06
  1.2711677e-05
 -3.2945743e-06
  9.5223328e-07
  4.2867473e-06
 -1.1140878e-05
 -6.4919955e-06
  8.7974886e-06
 -7.6298174e-06
 -2.7534722e-06
 -1.1439616e-05
 -3.3531517e-06
 -6.8536510e-06
 -1.4066666e-07
  9.4054542e-07
 -1.4333801e-06
 -1.7721044e-05
 -3.1818743e-06
  4.9672028e-01
 -8.3509064e-01
  1.2152208e+00
 -3.8847779e-06
 -4.6431828e-01
 -1.9284613e-02
  7.5036514e-01
  2.5922863e-03
 -6.9478832e-02
 -1.2747559e-01
 -2.0406735e-03
 -3.6391422e-01
 -8.5340198e-06
 -6.8455473e-02
  1.7775612e-05
 -2.1794282e-03
 -2.1025210e-04
 -7.1851020e-05
  4.1601270e-01
 -2.9843907e-06
  9.9430828e-05
  1.1127068e-01
 -1.1454475e-04
  1.2012234e-01
  6.8240611e-06
 -2.4152962e-06
 -3.2321630e-05
 -2.6098995e-05
  4.4449742e-05
  3.6897802e-06
  3.4172915e-06
 -8.7710089e-07
  1.1722875e-05
  5.9816966e-06
  1.8872181e-05
 -2.3861714e-05
 -2.2818724e-05
 -3.1025488e-06
 -4.8935162e-06
 -1.2653924e-05
  1.6902319e-05
  3.2030021e-05
 -5.9386844e-06
 -1.3848738e-05
 -5.6565832e-06
  9.7792708e-06
 -3.2269286e-06
  6.1599322e-04
  5.8337878e-06
 -8.7673456e-05
 -1.5417983e-05
 -5.3826032e-05
  2.4987290e-05
 -1.5706666e-05
  1.8123676e-05
 -8.3346540e-06
  1.4519527e-04
  1.4597622e-06
 -8.7024775e-05
 -2.7418897e-05
  8.2603401e-07
 -2.0120028e-06
  1.9296600e-05
  2.0303976e-05
 -3.1381984e-05
 -2.0603618e-06
 -3.0444669e-06
  1.1371215e-05
 -1.7519732e-06
 -1.2043789e-06
 -2.7926526e-05
 -1.9018738e-05
  2.0531706e-05
 -6.0465584e-07
  1.1158233e-05
  2.7212793e-05
 -5.1182531e-07
  1.6143003e-06
  2.4793753e-06
  2.2018847e-05
  6.8428531e-06
 -1.9384932e-05
  6.5901822e-06
  1.1710255e-05
 -1.2606089e-05
  5.4575517e-06
  7.3842425e-06
  5.8298679e-07
 -1.9546214e-06
 -7.9392248e-06
 -1.5230387e-01
  1.5737533e-05
 -4.7408416e-06
  2.1035963e-04
 -6.6182206e-06
 -6.9384309e-06
  2.0035561e-05
 -2.9041144e-05
  1.3184726e-04
  8.8623128e-06
  9.3801809e-06
  1.4156669e-06
  1.0072749e-05
  2.1680617e-07
  3.2294283e-06
  1.6103953e-02
  6.8883492e-06
 -3.2278597e-06
  8.0933523e-07
  1.5707830e-05
 -1.5463944e-06
  1.6517939e-05
  3.3532251e-05
 -9.3834706e-06
  9.2416012e-05
 -1.1543762e-04
  1.8461760e-05
 -3.0010646e-05
 -4.1954196e-04
  7.8409903e-06
  1.7595255e-05
 -5.4854331e-06
  1.2470263e-05
  2.8025304e-06
  3.9448364e-06
 -3.7921945e-06
 -3.2971613e-05
 -3.2451442e-07
 -1.6009979e-05
  5.7537109e-06
 -1.3056418e-04
 -1.6658254e-05
  3.7291382e-05
  2.2428978e-06
 -2.2719498e-04
 -6.4286716e-05
  1.8096081e-06
 -6.5132508e-06
 -2.8281725e-06
  1.6685836e-07
  2.2360950e-05
 -1.1191689e-06
 -4.8842230e-06
  4.7983893e-05
  4.5030506e-06
 -4.5621105e-06
 -8.9173382e-06
  3.8936173e-06
  6.0990878e-06
  1.6384833e-05
 -1.1159650e-05
 -4.3128650e-05
 -6.6385191e-08
 -1.6377129e-05
  4.5995944e-06
 -1.4657181e-05
 -2.9499583e-06
 -1.0073761e-05
 -6.3797743e-05
 -1.6316253e-05
 -2.8838303e-06
 -8.7626972e-07
 -2.9612061e-06
  8.7034123e-06
 -3.6935628e-05
 -9.8509072e-06
  7.9397534e-05
 -1.4798031e-05
 -4.3819355e-06
 -1.4418183e-05
 -2.1651023e-05
 -6.7741557e-06
  7.2756648e-06
  1.6461240e-06
  2.7106760e-05
 -7.8298572e-06
  3.9202894e-07
  1.5470243e-05
 -3.5383073e-06
  3.4821028e-06
  3.9277878e-02
  9.5526737e-01
  7.1371317e-02
  2.4108231e-01
  3.7541565e-01
  2.1566707e-01
  2.5011328e-01
 -1.7192036e-01
  3.1454838e-04
  2.8436765e-01
  4.8114413e-01
  2.6219890e-01
 -1.0369383e-04
 -3.7534679e-05
 -1.3182560e-06
  1.7250353e-01
  1.9394124e-01
  6.4769305e-02
  1.2466567e-02
  1.6828206e-04
  9.7906995e-01
 -1.1171147e-04
  8.8700785e-05
 -9.9127116e-03
  9.7018812e-04
 -2.6716558e-05
  8.6395623e-05
 -1.7687699e-06
 -8.6237717e-04
 -3.1396488e-05
  4.9195046e-07
  3.6302815e-06
  9.3561148e-06
  1.2595069e-05
  7.5782555e-06
  2.9919569e-05
  1.1731108e-06
 -6.0201301e-06
  2.8559441e-06
 -6.4044198e-06
 -1.1970533e-05
  1.4424327e-05
 -6.1640740e-06
 -4.9350397e-06
  9.2819409e-06
  3.0597985e-05
  3.1152526e-06
  1.3207979e-06
  3.3713716e-06
 -5.5413548e-05
  7.0713563e-06
 -1.8317864e-05
 -3.0117994e-06
  8.9469489e-05
 -8.0776736e-06
  2.7780057e-05
 -1.0387369e-05
 -1.7499264e-05
  1.4045792e-05
  3.5969299e-06
 -7.8181321e-05
 -1.1540818e+00
 -6.8672287e-01
  1.0609062e-06
 -8.9530241e-01
  6.3487173e-06
 -1.0374459e+00
  2.2501320e-06
  6.5978146e-03
 -5.7491545e-02
  4.3857737e-05
 -3.7996056e-06
 -3.6066610e-06
 -8.6993177e-06
 -6.1601753e-07
 -7.9703063e-01
 -6.3677021e-06
 -6.2020636e-01
 -3.9858007e-01
  7.9802900e-05
 -3.6448333e-01
 -1.1107847e-03
 -1.7756080e-05
 -3.3591250e-01
 -2.1930125e-03
  9.1607774e-07
 -4.1760901e-05
  8.6112886e-06
 -6.8083710e-07
  1.1691807e-05
  5.7745660e-06
 -2.8829385e-05
 -1.4520266e-05
  1.1006920e-05
  1.0843501e-06
 -2.9609982e-05
 -6.0337284e-06
 -3.5341269e-05
 -4.9798600e-06
 -4.3576540e-05
  1.3286938e-06
 -1.1662871e-05
  1.2745512e-05
  2.0057307e-06
  2.5133704e-05
  1.2848783e-05
 -6.1253857e-05
  1.0709681e-05
  1.1813248e-04
  9.6614112e-06
 -1.3288710e-05
 -8.7768876e-06
  1.6129083e-05
 -2.1778727e-05
 -2.8931159e-05
 -3.1201824e-07
  7.1519808e-06
 -1.6797142e-06
 -8.6407545e-06
  6.8239538e-06
  7.2363544e-01
  5.1247030e-01
 -3.5046402e-01
  2.1101008e-05
  3.7089014e-01
  8.0992111e-05
 -2.9247760e-05
 -1.0886772e-05
 -1.4248832e-05
  3.1013296e-03
  3.1280740e-06
 -3.8024382e-06
  5.2110049e-06
 -1.9443373e-04
  2.9686719e-06
  9.1736510e-02
  3.0250987e-04
  7.4167598e-05
  9.4048539e-03
  2.5269334e-04
  1.0707219e-02
 -8.4001767e-06
 -2.4661879e-06
 -7.9249445e-04
  1.0658874e-04
 -1.0563068e-05
 -2.0430478e-05
 -6.4228952e-05
 -1.8482922e-05
 -1.6160458e-05
  9.2574781e-01
 -2.2206618e-01
  7.0566103e-02
 -1.9030780e-05
 -5.3004269e-02
  4.9985556e-05
  1.2145067e-03
  7.9307504e-02
  3.6878145e-04
 -3.0922578e-03
 -2.2004743e-01
 -1.5631449e-01
  3.0488102e-04
 -3.0671520e-02
  1.5446034e-06
 -2.5801655e-05
 -2.5835561e-06
 -1.8010844e-06
  1.8860283e-03
 -3.3046701e-06
 -6.0790181e-03
  5.0673489e-06
  2.1949925e-06
  9.5878877e-02
 -6.8012957e-07
  1.4525698e-05
  1.7180871e-06
 -6.1613464e-06
 -8.2752024e-08
 -2.1095642e-05
  9.7768092e-01
  2.4038193e+00
  9.4600546e-01
 -2.7792318e+00
  3.5810449e+00
 -2.0339905e-05
 -1.0122013e-01
  1.6218723e+00
 -5.4413181e-02
 -1.2972867e-01
  9.6437698e-06
 -4.8042724e-01
  6.2737201e-04
  1.3410607e-04
 -7.0386422e-01
 -2.6490105e-02
 -2.4947400e-01
  2.3124336e-01
  8.4208447e-01
 -2.5852441e-05
 -7.4771088e-01
  8.6446826e-06
 -2.4215683e-01
  1.8320333e+00
 -2.1397154e-01
  5.6991260e-02
 -2.8849173e-01
 -8.2931865e-06
  4.7891113e-01
  1.8036232e-04
 -3.9463528e-05
  3.2415687e-06
 -1.7743345e-05
  6.6387140e-05
  1.0490070e-05
  8.9797340e-06
  2.1016655e-05
  5.3013671e-05
 -8.9676560e-06
  1.4090930e-05
 -7.2076844e-05
 -4.0495135e-05
 -1.1931075e-05
  4.7776734e-06
 -9.9815370e-06
  1.4570590e-05
 -2.3171797e-05
  2.3798100e-05
 -1.8839886e-05
  1.1673185e-04
 -4.1044212e-05
  1.8042134e-05
 -2.5187163e-03
  5.1719617e-05
 -4.5895969e-05
 -6.7199308e-06
 -1.4894840e-06
  1.3200511e-05
  1.3869226e-05
 -6.5620334e-06
 -5.2763985e-06
  1.0501834e-02
  1.5454227e-01
 -6.8929720e-01
  2.0086728e-01
  5.1060212e-01
 -4.7484565e-07
  2.7634951e-01
  2.7222916e-06
  4.9716632e-06
  6.8415928e-01
 -5.2565821e-07
 -1.4973915e-01
  5.5195219e-06
  7.7761873e-03
  9.8963246e-06
 -5.0396714e-02
  7.5359621e-06
  3.2043590e-06
 -2.4458525e-01
 -6.6295897e-06
 -7.3988631e-06
  1.9731186e-01
  7.0837250e-06
 -5.1477027e-01
 -4.0154655e-06
  4.6950680e-01
 -4.3879014e-01
 -3.1201026e-01
  1.7312828e-03
 -7.1889001e-05
 -3.2466989e+00
 -1.5025842e+00
  1.8922822e+00
 -1.4267792e+00
  3.3759346e+00
  5.8597739e-06
 -2.0288239e+00
 -5.1859965e-06
 -5.2466934e-05
  1.5845416e+00
 -1.6392886e-06
 -1.1956830e-05
  2.0332291e-06
 -2.9136652e-01
  1.6822250e-05
 -2.1931214e+00
 -6.8438471e-06
 -5.5168293e-06
  2.8617758e-01
 -9.4291372e-06
  1.0728746e-05
  1.6523325e+00
  1.2186947e-04
 -1.2250984e+00
  2.1035389e-06
  1.0685714e+00
 -1.5192537e+00
 -3.1263287e+00
 -4.2871180e-01
  1.2322568e-01
 -3.4250450e-01
 -3.3732995e-05
 -1.5663971e-01
  4.7094089e-01
  1.2036280e-03
  5.3647660e-02
 -1.6169590e-06
 -1.1225596e-01
 -6.1910415e-01
  1.0077758e-07
  4.2835552e-05
  1.3280224e-05
 -1.1416887e+00
 -7.4077511e-06
  1.0741111e-05
  1.1589283e-05
  2.7640630e-05
  2.3931675e-02
 -5.2980246e-05
  2.8612647e-05
 -6.2757622e-06
 -4.8561815e-06
 -5.3640501e-06
  4.4151438e-05
  5.5622259e-06
  8.2832608e-05
  2.1111633e-05
 -6.9617243e-05
 -2.2383594e-05
  7.3022525e-06
  1.5467780e+00
 -1.4527255e-03
  1.0266283e-03
  3.2812812e-05
  2.8227025e-01
  1.2170854e+00
  2.5881374e-05
  5.7966025e-03
 -2.4506253e-01
  3.7528336e-02
 -3.4821897e-03
  2.1103725e-02
 -1.8788759e-01
 -6.0165936e-01
 -2.4597429e-01
  5.4277259e-01
 -1.6322510e-01
  4.2577115e-01
 -5.5848712e-05
 -9.1707475e-02
 -2.5815339e-04
 -2.7930230e-01
  5.6072804e-07
 -3.1340763e-01
 -6.9539845e-02
 -4.9409780e-05
  7.1898533e-04
  6.7184615e-01
 -1.9493322e-01
  9.5107971e-06
  4.6559937e-05
  4.9430096e-06
 -3.5522506e-05
 -3.6339272e-05
  2.7954084e-05
  1.2545153e-06
 -3.8538998e-05
  1.6498038e-06
  9.5660080e-06
  2.4019218e-07
  1.5698333e-05
  9.4687268e-05
  6.7526533e-05
 -3.0234998e-05
  3.3290402e-05
 -1.3077529e-06
 -9.6139474e-06
 -2.2197688e-05
 -3.0805131e-05
 -2.7160153e-05
  3.3470769e-05
 -5.6899669e-05
 -1.5405092e-05
  7.1177133e-06
 -1.3072950e-05
 -1.0516669e-06
 -3.5970636e-05
 -2.2013650e-05
 -2.9146906e-06
 -8.6832515e-06
  3.1789689e-06
 -9.9741840e-07
 -1.8957964e-05
 -3.1544496e-06
 -2.8919633e-06
  3.6440029e-05
 -2.1121637e-07
 -1.2491528e-05
  2.9850269e-06
  1.7757431e-05
 -1.2903838e-05
 -2.3180697e-05
  1.5640215e-05
  3.5600446e-05
  1.5128521e-05
  2.1105957e-06
 -6.8237110e-05
  4.7621220e-06
 -5.3551480e-06
 -3.4569375e-06
 -2.2017784e-05
  3.0891155e-05
  2.8900011e-05
  5.9974645e-06
 -3.3207489e-06
 -8.1273547e-06
  2.2661427e-05
 -2.5278501e-05
 -1.4073115e-05
 -2.0182607e-01
 -1.5946802e-01
  1.8248889e-01
  8.6741555e-01
  1.3061544e-03
 -1.0129927e+00
  8.8006482e-02
 -1.0791161e-01
  5.1685780e-01
 -5.6018060e-01
  4.1562185e-02
  7.5335383e-01
  8.1902921e-02
 -4.5473358e-01
 -1.2591711e-06
  3.3022850e-06
  3.8776317e-04
 -1.2133603e+00
 -6.8864536e-01
  5.8936548e-06
 -1.4489129e-01
 -3.9777815e-06
 -2.2762294e-01
 -1.4540359e-05
 -3.1286262e-02
 -6.5933746e-05
 -6.2007397e-02
  1.6770691e-01
  1.6128337e+00
 -2.5675290e-03
 -3.2686072e-05
 -6.0515009e-05
 -4.2609176e-05
 -4.5128154e-06
 -2.2252287e-05
 -1.1821530e-04
  2.9765712e-05
  6.9353497e-05
 -2.5873117e-06
  4.3142714e-05
 -2.4058974e-05
 -1.3635668e-05
  3.4688830e-05
  1.5080335e-04
  1.4558151e-04
  7.1097464e-05
 -2.3555345e-05
 -5.1143090e-04
 -4.0185537e-06
  1.6540936e-06
 -6.0497383e-05
  3.1576794e-05
  2.3013094e-05
  8.3342413e-05
 -2.7432203e-05
 -6.6484877e-06
 -2.2060158e-06
  1.7532779e-05
  2.8440909e-05
 -7.8418379e-06
 -1.4061886e-05
 -5.2801150e-01
 -3.7270176e-05
 -9.6431122e-06
 -3.2978925e-05
  8.3377663e-06
  4.5010629e-06
  1.3860411e-05
 -4.0670311e-06
  2.4499019e-05
  1.9671867e-05
 -7.8571802e-06
 -6.7712467e-06
  1.4174037e-01
 -2.9636389e-05
 -6.9697085e-06
 -2.2571823e-05
 -1.0516201e-03
  1.5141895e-01
  1.1971764e-05
 -3.4491168e-05
  5.0720173e-05
 -3.5167952e-05
  5.8493144e-05
  1.2596524e-05
  8.2819552e-06
 -4.7641432e-05
  6.2393745e-05
  1.6989796e-05
  1.1940678e-05
  2.0210423e+00
  8.7567806e-01
 -3.7195107e-01
 -1.5899359e+00
  2.9484982e+00
 -3.9147162e-01
  6.3091218e-02
 -4.2240018e-01
  7.2863206e-02
 -3.9104223e-02
  1.2022640e+00
  8.1044056e-02
 -6.4172953e-01
  8.4356904e-01
  1.0962150e+00
  1.2823963e-01
 -2.5674379e+00
 -7.4094450e-01
  7.1724087e-01
  1.3082784e-01
  2.9466912e-01
  2.7076221e-06
  4.6439764e-01
  9.5937085e-01
  3.1753858e-05
 -1.4422208e-05
 -4.4639143e-01
 -2.2479266e-01
 -6.7642975e-01
 -1.0087273e-01
 -8.5277611e-01
 -1.3375694e+00
 -9.8765761e-01
  9.4758499e-01
 -9.2164779e-01
 -7.3338911e-02
 -1.7466725e-01
 -8.4169529e-02
  1.4062761e+00
 -7.3423773e-01
 -5.8512926e-01
  2.2063906e+00
 -4.6445485e-02
  2.4632616e-01
 -3.8022354e-02
 -3.7005675e-01
 -3.9615571e-01
  4.2066920e-01
 -1.3900577e-01
 -2.9582515e-01
 -1.8452553e+00
  2.9037294e-01
 -1.2013109e+00
 -1.2111268e+00
 -6.0072488e-01
  6.1252195e-01
 -1.9789332e-01
  1.9379431e-01
 -1.0835652e+00
  4.7351792e-01
  1.5903367e+00
 -2.2911626e-01
 -2.0270905e-05
  1.0043896e+00
  1.0809367e+00
 -2.7154246e-01
  1.8952088e-01
  1.7712399e-01
 -5.8554763e-01
  2.0032489e-01
 -5.8831227e-01
  1.4015741e+00
  8.9053619e-01
 -2.3602374e-01
  2.2133414e-01
 -9.1595602e-01
  4.0527329e-01
  1.6341881e-01
 -4.2442527e-01
  1.7129120e+00
  3.0563590e-01
 -5.1980978e-01
  3.7660646e-01
  1.3677768e+00
  1.1305761e+00
 -1.3378149e-02
  8.8535833e-01
 -1.5112677e-02
  1.4454459e+00
 -3.2420387e-05
 -5.3811818e-01
  2.3263443e-02
  1.1388229e-02
 -2.1225734e-01
  1.4640017e+00
 -6.7872679e-01
  7.4071163e-01
  9.8345339e-01
  5.1123679e-01
 -5.7946634e-01
  1.0653111e+00
 -4.0928982e-02
  3.9138767e-01
 -2.0692350e-01
  2.9743922e-01
  9.1118969e-02
  1.3791671e-01
  7.8524685e-01
 -4.5615414e-01
  7.8005695e-01
  9.0652407e-04
 -1.1373484e-04
  2.0662548e-01
 -4.1173759e-01
  5.3669059e-01
  1.1442345e-04
  2.5141652e-04
  2.0466185e-05
 -7.9182081e-02
  2.0585033e-01
 -6.9306925e-06
  2.4113269e-05
 -2.3815552e-05
 -1.0388910e-05
  1.1603881e-04
  3.2343043e-05
 -6.1863131e-05
  7.2059311e-07
  9.3768580e-07
 -1.0136837e-06
 -1.0141490e-05
  7.8120320e-06
 -2.2964578e-05
  4.6020705e-06
  1.8459796e-04
  5.4666591e-05
 -1.0154763e-05
  1.0835195e-05
 -2.7319104e-06
 -2.0774236e-08
 -4.4092872e-06
  1.5491307e-05
  2.4658359e-05
  5.8040655e-06
 -7.2200696e-06
  6.5230938e-06
 -6.4051519e-06
 -1.5903306e-05
  5.3547425e-05
 -2.0920183e-05
  2.5886965e-01
  1.1198378e+00
  8.4804837e-05
 -1.2476040e-01
 -1.6488544e-04
  1.0852976e-01
  7.1728244e-02
 -5.6444633e-01
  1.3501740e-01
 -1.4112967e-06
 -8.6246118e-06
  1.4894083e-04
  1.8196461e-01
 -1.2896681e+00
 -3.1031911e-07
 -5.5861929e-06
  1.5627962e-01
  3.4772172e-06
  4.8555985e-01
  4.2972252e-07
  3.7935293e-05
  4.3537548e-06
  5.8952552e-05
 -1.5940134e-06
  4.0607163e-05
 -1.3327021e-05
  4.8467613e-04
 -1.2255383e-05
 -3.0249825e-01
 -2.9999416e-04
  2.7623573e-01
 -7.1265757e-01
 -8.0389589e-01
  2.8274124e+00
  3.7027311e-02
 -3.0656105e-01
  7.2287351e-02
 -4.2868584e-01
  1.0185089e+00
  9.2463493e-02
  1.0457835e+00
  1.0912658e+00
 -7.5356168e-01
  2.3021243e+00
 -2.5619924e-01
 -9.4102815e-02
  3.1720704e-01
  2.5300708e-01
  8.2640809e-01
  1.2064556e-01
  5.7481194e-01
  5.9844515e-06
  2.0106984e-03
 -2.4440946e-01
  4.7366768e-01
  2.8537077e-01
  6.6956699e-02
 -5.4937482e-02
  5.3561153e-03
 -3.0384353e-01
 -1.7740690e-03
  2.3451014e-03
  1.2767944e-01
 -1.2948283e+00
 -1.1155764e-04
 -4.7531437e-02
 -4.2694625e-02
  5.1616323e-01
 -2.0798920e-01
  1.1885376e+00
  1.1729033e-01
 -1.8694822e-04
 -1.2582362e-02
 -1.1919739e+00
  1.0524015e+00
  4.2876050e-06
  1.2476794e-05
  6.8130888e-05
  1.1209013e+00
  2.9989412e-01
  5.9904969e-06
 -4.5172674e-06
  2.0301223e-04
 -1.5008194e-05
  6.6632935e-04
  1.0092612e-01
  7.8571502e-05
 -2.3562436e-04
 -8.0177709e-02
  5.6295520e-01
  8.1778812e-01
  6.3107568e-01
  1.0703948e+00
  3.8667727e-07
 -1.8859200e-01
  9.3954629e-01
 -1.1527057e-01
 -5.4490483e-01
  3.9115679e-02
  2.5653762e-01
  6.5640879e-01
 -2.4320796e-01
  4.4115419e-05
  9.1066277e-01
  1.3527212e+00
 -3.1676150e-03
 -4.8255920e-08
  7.1112925e-05
 -2.0411919e-01
 -5.2909268e-06
 -1.9771127e-05
  3.5391201e-06
  1.1879786e-05
 -2.8431275e-06
  7.7712641e-05
  2.8821084e-01
  2.0587982e-05
 -1.4139722e-05
 -1.0760638e+00
  1.5859060e-01
 -1.0550129e-05
 -9.4861782e-05
 -4.1942308e-06
 -6.2469127e-07
 -2.1465774e-05
 -1.7632670e-05
 -3.4751545e-06
 -2.9325847e-05
 -1.3473909e-04
  2.0185524e-05
 -3.7338399e-05
 -6.1396968e-05
  1.9268975e-05
  6.6185683e-05
 -3.1440602e-06
  3.2066682e-06
 -1.0622107e-05
  2.8270919e-05
  1.5845653e-06
  1.6321818e-04
  9.4863356e-07
  4.0952555e-06
  5.5855086e-05
  3.0729119e-05
 -6.8558325e-06
 -2.1499529e-05
 -2.9331579e-05
  5.4045875e-05
 -7.4369935e-05
 -3.0576870e-05
 -1.7824797e-05
 -3.4561497e-06
  3.7123193e-06
 -2.6268883e-05
  1.9044228e-05
 -9.7158591e-06
  6.0371249e-06
 -1.8888632e-05
 -1.0807172e-05
 -6.3954526e-06
  4.3893050e-07
  8.6420288e-05
 -1.6186499e-05
  3.9504059e-05
  2.3744344e-05
  9.0407038e-06
  2.9993626e-05
 -2.8330016e-06
  1.1686482e-05
  7.3657457e-06
 -1.2939463e-04
  1.1994842e-05
 -1.3153682e-05
 -1.6784175e-04
 -1.9184923e-05
  1.1557040e-05
  1.4400319e-05
 -2.1421104e-06
 -1.8947734e-04
 -5.9015651e-06
 -2.3106588e-01
 -5.9712525e-05
  3.5445917e-06
  2.2310121e-01
 -9.1885695e-06
  2.6258054e-01
  2.1229929e-05
 -5.9048391e-05
  1.1755833e-01
  1.5725871e-06
 -2.9871067e-06
  4.2033334e-05
  1.8572309e-06
  8.9479560e-01
 -2.5303043e-05
 -4.2007563e-05
 -3.9668780e-06
 -5.7986304e-05
  1.6878623e-01
  4.1479026e-07
 -1.8593232e-04
  3.1843374e-04
 -9.7615708e-04
  4.3608522e-04
 -1.7965506e-04
  8.8996821e-06
 -1.0582570e-03
 -8.7671187e-06
  2.4931603e-03
  8.9624154e-05
 -1.7799108e-01
  4.9766150e-01
 -3.0469491e-05
  4.0960226e-06
 -2.6959470e-01
 -1.1528984e-06
 -2.9581587e-03
  1.3331006e-01
  1.0048331e+00
  4.3325099e-01
  1.1328723e-06
  2.7216750e-01
 -1.3872303e-05
  1.2368491e+00
 -1.2191841e-05
 -2.6125095e-05
 -3.2271175e-05
 -1.9535111e-05
 -1.0678067e-02
  1.5204772e-05
 -1.9545540e-05
  2.9245544e-05
 -7.4480995e-05
  8.4841013e-05
 -5.6573666e-05
 -1.8037985e-05
 -5.4956541e-05
 -4.5674001e-06
 -6.5896493e-06
  2.7374472e-05
  2.5860113e-04
  1.0788804e-02
  6.4176930e-07
  1.4116869e-05
  2.0818245e-06
 -1.0123911e-05
  1.0161265e-06
  2.9297826e-05
 -2.3689670e-05
 -1.1686760e-05
  1.1045021e-05
  2.5477519e-05
 -2.9419105e-05
  2.5618142e-06
 -1.0227260e-05
 -1.5142876e-05
  2.1864835e-05
 -1.4672265e-05
  7.5454327e-06
 -2.2309299e-05
  2.8449656e-05
 -4.3084669e-06
 -7.0790547e-06
 -4.2088886e-05
 -1.0215679e-05
 -2.0138892e-05
 -1.2057935e-05
 -1.4765264e-05
  4.6877717e-06
 -5.5813612e-06
  1.8455741e+00
  8.6858058e-01
  8.0342859e-02
 -2.2189306e-01
 -9.5949834e-03
  3.6484310e-01
  4.1923782e-01
 -7.0847434e-01
  1.3429107e-01
 -7.7500728e-05
  2.3387151e-06
 -9.9645600e-05
  1.0150491e+00
 -9.5123851e-01
  4.1401009e-03
  2.9461400e-05
  2.1781436e-01
  3.8413960e-02
  5.8657207e-02
  3.8189617e-01
 -1.5182700e-05
  1.5974252e-05
 -1.4126274e-05
 -2.8082079e-01
  3.6101086e-05
 -1.6444369e-04
  1.0057699e-01
 -3.6344738e-04
  1.6745551e-05
  5.8574742e-06
 -1.2012958e-01
 -1.2944800e+00
 -2.0019526e-03
  1.2985754e+00
  1.3389660e-01
  1.3316044e-01
 -5.2774503e-06
 -6.3328862e-01
 -1.2596905e+00
  4.0773210e-01
 -5.5766940e-01
  1.3354347e-05
 -5.1130414e-01
  1.8120754e+00
 -2.3185723e-01
 -8.7513477e-02
  4.1212254e-05
 -4.4518271e-01
  5.5787987e-01
  8.3203965e-08
 -4.4878656e-03
 -4.4004794e-04
 -1.7390344e-02
  4.7945568e-06
 -7.1600676e-05
 -2.6262913e-02
 -1.1434824e-04
  2.3988519e-05
  1.0554202e-01
 -3.2152137e-05
 -2.0944383e+00
  7.8629023e-01
 -5.1138572e-06
  2.4359102e+00
  1.8238649e-02
  2.1993501e-01
  7.7137285e-01
  1.2548497e-01
  3.1113717e-01
 -2.6144117e-01
 -1.6504182e-02
  2.2486558e+00
  1.2953109e-01
  1.4494879e+00
 -1.3951388e-04
  6.6698676e-01
  1.6543241e-01
 -4.8364475e-01
  8.9079893e-01
  6.4412642e-01
 -1.2235341e-01
 -2.2007227e-06
 -2.3660799e-03
  2.5259498e-01
 -1.3111020e-06
 -1.0882608e-05
 -3.8775170e-01
  2.6372916e-01
 -9.5066592e-02
 -8.8233419e-06
  6.9942980e-05
  3.7406473e-06
 -1.9887508e-05
  2.6270913e-05
  3.3791563e-05
  2.3305103e-07
  2.3344194e-06
 -2.9215500e-06
 -2.0146324e-05
 -2.7742059e-05
 -1.0726848e-05
  1.9936244e-06
  2.7901651e-05
  1.1058955e-06
  3.3547569e-06
 -2.5894183e-06
 -3.9693557e-05
  1.0955233e-04
 -5.2798114e-05
 -2.1921858e-05
 -1.1622564e-05
  2.2350579e-05
 -8.4991752e-06
 -1.7189137e-05
  2.6711383e-05
  8.3212444e-06
  3.9337259e-03
  1.3239910e-05
 -1.3167421e-05
 -1.9684381e-05
  8.7159663e-02
 -2.0613641e-01
  6.2360705e-06
 -1.1299607e+00
  7.1548885e-01
 -3.8750875e-03
 -1.3761629e+00
  2.3757236e-01
  2.4902818e-01
 -1.1131448e-01
 -9.2525065e-02
  1.2446716e-01
 -5.4669905e-01
  6.5328217e-01
  3.9446240e-05
 -6.9674039e-05
 -1.1899632e-01
  8.7361359e-06
 -2.2129519e-01
 -3.9644174e-06
  6.1826635e-05
  8.7797389e-06
  1.5972097e-01
 -5.9606105e-06
  6.7384124e-02
  2.8140352e-05
  1.4568279e-06
 -1.6899594e-05
 -6.0681629e-01
  3.5507411e-02
 -3.9212498e-01
  1.3238068e-01
 -8.4018158e-03
  1.7592730e-01
 -1.0731079e-01
 -9.5027149e-01
 -1.3626990e-02
  1.7704710e-01
  9.5979851e-01
  2.6790513e-02
  4.6971124e-01
  9.5810449e-01
  2.6051423e-03
 -2.9253131e-01
 -3.2983804e-05
  6.9395632e-05
 -1.5076542e-04
 -1.5467747e-01
  5.3022202e-02
  4.3186437e-06
 -6.9672555e-02
 -6.7551505e-06
 -6.1125134e-04
  5.7014811e-01
  1.3255635e-05
  3.4508215e-05
 -3.4723115e-01
  4.3519034e-05
  3.5574019e-01
 -1.2985697e-05
  1.2813284e-05
 -7.6791748e-06
  1.1382541e-05
 -1.6254120e-05
 -4.2362393e-05
  7.4856434e-05
 -3.0638865e-05
 -6.6403154e-06
 -7.3485410e-07
 -6.5003245e-05
 -9.6512495e-06
  3.7371124e-06
 -8.2749229e-06
  9.6319694e-05
 -2.6560051e-06
 -4.8020593e-06
 -4.7021615e-05
 -3.4510069e-07
  3.5341400e-05
  6.1459109e-06
  1.1676022e-05
 -7.2598905e-06
  1.1798199e-04
  3.2845965e-05
  2.4486181e-07
  3.9919687e-05
 -3.3651770e-05
  3.8306302e-05
 -2.4824703e-05
 -1.6438139e-06
 -2.0735521e-05
  3.1258544e-06
  8.5283327e-06
 -1.6427703e-05
 -4.9624418e-06
 -2.1533850e-05
  9.7223374e-06
 -5.0096691e-04
  7.6763299e-06
 -1.3295371e-06
  5.6485107e-05
 -3.0886144e-06
 -1.3949693e-05
 -1.9811228e-05
 -3.3772924e-06
 -1.7063256e-05
 -8.4096464e-06
 -4.6260382e-05
 -9.0944332e-07
  3.2438566e-05
 -1.9178551e-06
  2.2020573e-05
 -6.9954831e-06
 -3.9726724e-06
  4.2412121e-06
  3.4729972e-05
 -1.0066173e-05
  1.6198463e-05
  7.9071979e-06
 -1.2172930e-05
 -1.9343944e-01
 -7.1218646e-01
 -1.3721423e-01
 -5.2181327e-01
  1.8959565e-02
 -1.6802999e-01
  4.9638684e-06
 -3.1093051e-04
  6.1653960e-02
  5.8538270e-01
 -1.3216985e-04
 -1.0636161e-01
 -4.9343690e-01
  5.3925431e-01
 -5.7229149e-01
 -3.2007007e-05
 -3.0034957e-06
 -2.2234903e-01
  5.6305975e-01
  8.9966343e-05
 -1.3758343e-01
  6.0457783e-04
 -4.2132873e-02
  3.2222990e-06
 -2.4730864e-03
 -1.4955198e-04
 -1.5998651e-01
  6.5729701e-06
  1.2053676e-02
 -6.2901864e-04
  5.6073016e-01
  1.1658062e+00
  1.7983724e-05
  1.3235881e-05
 -3.6085114e-01
 -2.6138927e-05
  2.0513685e-04
 -8.4121960e-01
  1.7929149e-03
  3.6275560e-01
  1.1529318e+00
 -4.9689165e-06
 -2.8480661e-01
  6.0910344e-01
  9.8590368e-01
  1.3502814e+00
  2.2862429e-05
  8.2798888e-06
 -5.2720469e-01
  8.8416627e-03
  5.2859530e-05
 -4.9032843e-01
 -4.7159266e-01
  3.0813655e-01
  9.4769584e-06
 -4.7630975e-01
 -1.8210906e-01
  7.2198354e-06
 -2.9423401e-07
  1.8156929e-01
  8.5064697e-01
 -9.2504132e-01
  8.3211072e-02
 -5.6216439e-05
 -7.6610816e-01
 -1.4087765e-01
 -3.6632574e-01
  2.4513712e+00
 -2.0567617e+00
  1.8416245e+00
  1.9215542e+00
  9.2364917e-06
  5.4779834e-01
  1.8768461e+00
  7.8667015e-01
  5.4519367e-01
 -8.1504550e-07
  2.2994505e-05
 -7.1415275e-01
 -3.8661659e-01
 -1.8416341e-04
  6.3277602e-01
 -5.3045946e-01
 -1.8598201e+00
  6.2598068e-05
  8.2334340e-01
 -9.1791511e-01
  2.2032214e-05
  2.3712125e-06
 -7.4246436e-01
 -3.3713706e+00
  8.6156732e-01
  3.3450729e-01
 -6.3086450e-01
  5.3664124e-01
 -6.7596751e-01
 -6.2028921e-01
 -1.3486543e+00
  6.5028888e-01
  6.2308196e-02
  7.3555261e-01
  5.5647254e-02
 -7.1610235e-02
 -3.9432539e-06
 -4.7683148e-05
  3.5776481e-02
 -2.0764269e-01
  8.1652652e-06
  1.2387524e+00
 -1.8718122e+00
 -7.9893982e-01
  1.1575974e+00
  7.0734799e-01
  1.3644466e-02
 -1.5231019e-01
  1.0571166e+00
  6.2344754e-01
 -1.1987300e+00
 -2.3575559e-01
  1.4818713e-01
 -1.9526515e+00
  1.8838641e-01
  8.3258444e-01
 -1.0497576e+00
  5.8051592e-01
 -4.0351638e-01
 -1.4676274e-01
  1.1308768e+00
  1.1503011e+00
 -8.2238659e-02
 -7.9660350e-03
 -2.6992443e-01
  1.5016223e+00
 -1.1421920e+00
 -8.8904530e-02
  1.8784835e+00
 -1.2811314e+00
 -2.4873455e+00
  1.7112087e+00
  2.3735097e-01
 -4.4723287e-01
  1.5136800e+00
 -9.4206440e-01
  7.4178314e-01
  8.5390741e-01
  2.9967776e-02
 -5.6932133e-01
  2.1697016e-01
  4.7194636e-01
  7.9864645e-01
 -1.6523701e+00
 -7.8148222e-01
 -1.6677548e-01
 -2.1662960e+00
  1.1353279e+00
 -8.2205820e-01
 -1.6610268e+00
  2.6443861e-03
 -1.9928860e-02
  4.2715862e-01
 -1.4115536e+00
 -2.6799623e-02
 -1.3622947e+00
  5.3215915e-01
  8.8541329e-01
 -3.7160882e-01
 -6.0601983e-02
 -6.9865400e-06
  2.5682702e+00
  3.1019914e-01
  5.5651975e-01
  8.0657989e-01
 -6.1668158e-01
 -5.5247909e-01
  4.1361669e-01
 -4.2863387e-01
 -2.9797437e+00
 -2.7174637e-01
 -1.4551846e+00
  5.9193474e-01
  1.3374299e+00
  6.1094499e-05
  6.1320388e-06
  9.9423323e-07
 -9.9061106e-07
 -9.7166657e-02
  9.2238599e-01
  2.3987430e-05
  5.7847959e-05
  4.0118030e-01
 -5.3594029e-01
 -1.1838209e-01
  3.2404107e-01
 -2.3342925e-01
 -5.6736743e-01
  2.8569722e-01
  2.1545038e-01
  2.9075506e-01
 -9.6464382e-06
 -2.2376920e-01
 -2.0472531e-04
  1.4674045e+00
 -1.1718678e+00
 -2.8664217e+00
  6.8183833e-01
  4.5906105e-05
  3.0726215e-01
  1.1720890e-01
  3.1126099e-05
  3.0378524e-06
 -1.0840291e+00
  2.7395559e-02
  2.2927918e-04
  2.4621735e+00
  4.8421251e-04
  2.6317039e-01
  8.0230725e-01
 -4.1214421e-01
 -4.1372245e-05
  5.9429079e-01
 -7.4696645e-02
 -6.7103779e-01
  1.5605023e+00
  2.6168567e-01
  3.6582237e-01
  7.0108616e-01
 -8.5837543e-01
 -3.3614323e-01
  1.9556697e-01
 -6.0390824e-01
 -3.3696997e+00
 -5.8951393e-02
  4.9413857e-01
 -1.5550579e-05
 -2.0492195e-01
 -2.4864933e-01
 -1.7171235e-01
  1.1383671e+00
 -4.0303133e-03
  2.3789328e-01
  2.7154019e-01
  4.9273154e-01
  2.2321258e-01
  1.6365577e+00
 -1.1721089e-01
  5.7177401e-01
  2.1776780e-01
 -1.7072207e+00
 -2.1651788e+00
  1.7963479e+00
  8.2277739e-01
  1.2411786e+00
 -1.1908748e-02
 -7.1739710e-06
 -1.2644176e-05
 -2.3976231e-01
 -9.3953833e-02
  1.3323438e+00
  9.7277182e-01
  2.0940889e-02
 -2.9019719e-02
 -7.2005522e-01
 -2.0494456e-07
 -9.8375549e-06
 -4.6087848e-06
 -2.0096043e-01
  1.0506920e-04
  1.1344384e-01
  1.1517576e-06
 -4.7067151e-06
  2.0240752e-05
  4.2162101e-06
 -1.6579444e-05
 -1.0273960e-05
  1.0962937e+00
  3.3010179e-01
 -9.0105963e-01
  1.0466533e-04
 -1.9492265e-05
 -4.7716065e-05
  9.8507444e-06
  2.0081586e-04
 -1.0673126e-05
 -1.4161903e+00
 -3.8591984e-01
 -1.0036336e+00
  6.9251612e-02
  6.1382103e-05
  9.5944792e-01
  4.2838737e-06
 -3.1351894e-07
 -6.9420857e-05
 -3.8176429e-02
 -6.5997839e-01
  2.1877782e+00
  1.5377525e-05
  5.4497551e-04
 -6.2610811e-01
 -1.2980346e-06
 -7.4693103e-06
 -5.3718636e-06
  4.0229106e-01
  5.6023955e-01
  1.1747944e+00
  5.7573438e-06
 -2.4944271e-05
 -3.0283136e-03
 -4.3083987e-06
 -3.1202978e-06
 -1.1352728e-04
  1.4703903e+00
  7.4679013e-03
  7.6287442e-01
  1.2498875e+00
  4.8695001e-05
  9.8683704e-06
  2.6556678e-05
  2.3942281e-05
  3.9930679e-03
 -1.6947820e+00
 -1.3958582e+00
  3.6600271e-01
  2.3596371e-05
  1.0491638e-05
  1.1195139e+00
  2.2063668e-05
 -1.3636230e-05
  2.9728644e-06
 -1.0867411e-01
 -4.9715186e-03
  3.9848691e-01
 -4.1400346e-01
 -1.8582145e-04
 -4.3138522e-03
  7.4916631e-01
  1.1299040e+00
 -1.2254690e+00
  1.0597438e+00
  5.7227039e-01
 -1.6323500e+00
 -8.1383443e-01
  1.0977175e+00
  1.1384203e+00
  3.5422813e-06
  9.6019499e-02
  8.6030268e-06
  1.5048765e+00
  5.4644828e-05
 -2.5969810e+00
  6.7820942e-01
  3.9409614e-01
 -8.8526160e-02
  2.5322184e-01
  8.6664670e-04
 -2.8988731e-01
 -2.2596998e+00
  4.6922734e-01
  8.8009059e-01
 -1.5630847e+00
  2.7484301e-01
  4.1459650e-01
  5.0922579e-01
  1.0361168e+00
  4.8371319e-02
  2.2458498e+00
  2.1229680e+00
 -1.9377461e-02
  7.8264529e-01
  1.3943003e+00
 -1.4635769e+00
  1.2316531e-02
  4.5522860e-01
  2.8789872e-01
  5.2917051e-01
  9.9346858e-01
 -1.1673955e+00
  3.6600163e+00
  4.5502228e-01
 -2.9183502e+00
  7.7565312e-02
 -5.7156972e-06
 -8.3985829e-01
 -8.9920372e-01
 -5.1594818e-01
 -1.9251117e+00
 -1.8566242e-01
  9.1467905e-01
 -5.7473230e-01
  6.0397220e-01
  1.2435681e+00
  1.0121740e+00
  2.9002482e-01
  1.2117457e+00
 -1.0084990e-01
 -1.4029413e+00
  5.5551815e-01
 -2.2901677e-01
  2.0638075e-01
  9.1998076e-01
 -3.6139181e-01
  1.7121074e+00
 -3.5138196e-01
  4.4095725e-01
  6.2752438e-01
  6.1149746e-01
 -1.8430765e+00
 -2.8771232e-03
  2.1139081e-04
 -3.2117441e-01
  1.2947688e+00
  1.8438587e+00
  1.1166228e+00
  9.7891164e-01
  8.2255507e-01
 -4.9159876e-01
 -1.4762567e+00
 -6.7701232e-01
  7.5738549e-01
 -1.6578977e+00
 -7.4746960e-01
 -1.9054778e-01
 -2.5906065e+00
 -3.3122227e-01
 -1.3854848e-02
 -2.0045868e-01
 -5.3728718e-01
 -2.5980049e-04
 -8.6600906e-01
 -1.8308159e-06
  1.2180456e+00
 -2.6751181e-02
 -2.7562542e-06
  9.9257004e-01
  3.2690150e-01
  1.9047619e-01
 -3.6434904e-02
  7.5129586e-01
 -1.1831382e-02
 -2.9325813e-01
  1.3961329e+00
 -1.6111960e-01
 -1.6670972e+00
 -2.1206801e+00
 -1.1852587e+00
  1.5213114e+00
  3.2849908e-01
 -2.6979699e+00
  1.3670334e+00
 -5.3799373e-01
 -2.1104705e+00
  8.7134719e-01
 -9.0085733e-01
 -1.2856700e+00
 -6.7612350e-02
  8.5767344e-02
 -4.9101341e-01
  1.3814974e+00
  1.2226756e+00
  4.9419655e-04
  1.3869318e+00
 -5.8446664e-01
  2.1330763e-01
 -9.5159583e-02
  5.1249093e-01
 -2.0952222e-01
 -1.4770890e+00
  1.5750907e-02
 -8.2080650e-01
  6.3627595e-01
 -7.4609184e-01
 -1.1808305e+00
 -1.8748043e+00
 -1.6526493e+00
 -2.7547708e+00
 -1.0951047e+00
 -1.2895197e+00
 -1.1159030e-01
  1.4220110e+00
 -5.8529335e-01
 -1.0271424e+00
 -6.9663441e-01
 -6.8810463e-01
 -1.6587863e+00
 -1.8288276e+00
  7.6152956e-01
  1.0790654e+00
 -9.4753391e-01
 -3.4661943e-01
 -1.1405987e+00
  1.4395378e+00
 -1.1650411e+00
 -5.5666864e-01
  6.4034718e-01
  1.2608589e+00
  1.0726944e+00
 -1.2219818e+00
  4.6440136e-06
 -1.3077619e-05
 -1.4300628e-06
  1.5005145e+00
 -8.6858699e-06
 -1.6718727e+00
 -3.7600175e-01
 -1.3758692e+00
 -5.6045819e-02
 -4.3015543e-06
 -1.8202658e-05
 -7.9946940e-06
  1.8861027e-06
  2.1139545e-05
 -5.8948964e-01
 -4.1324881e-04
 -1.0258075e+00
 -2.9488505e-04
 -8.2506358e-06
  1.0796157e-04
 -1.1593615e-05
  1.0690295e+00
  1.0488390e-06
  2.2176136e-01
  7.5290191e-01
  4.5315817e-01
 -1.7395012e+00
  6.5666068e-06
 -2.2489150e-05
 -1.0471957e-05
  4.4309577e-01
 -7.1566261e-05
  1.7051846e-01
 -1.1641624e+00
  6.2889332e-01
 -8.6722702e-01
 -8.1167445e-06
  5.0945459e-06
 -2.5863095e-05
  1.6202426e-02
  1.3052685e-05
 -8.2308882e-01
  1.4193876e+00
 -7.2479002e-02
 -1.0891330e+00
  3.1913398e-05
 -3.0199349e-06
 -9.9357767e-06
  1.5687891e+00
 -1.0610053e-05
 -5.3826463e-01
  6.7578405e-01
  9.1703802e-01
 -1.1784953e+00
 -5.2944151e-06
 -2.8617939e-07
  8.0106547e-06
  5.8657165e-06
 -6.0513968e-05
 -4.4046197e-02
  2.2697067e-01
 -1.5650705e+00
 -6.7661119e-01
 -2.5233810e-06
  1.6216631e-05
 -2.3390335e-06
  1.2640615e+00
  5.2514256e-06
 -7.4004278e-02
  1.8989241e-01
 -5.0977234e-02
  4.7612613e-01
  1.0153633e-05
  1.0632745e-05
  1.1676547e-05
  2.9966936e-01
 -3.6470483e-05
 -3.6455831e-01
  7.8305840e-01
  7.1067315e-01
 -2.4203293e-01
  1.2492439e-05
  5.6098893e-06
  2.1684304e-05
 -3.7809066e-05
 -4.6365694e-06
  1.1184914e-01
 -1.1412077e+00
  1.4924184e+00
 -3.6189601e-02
  1.4819607e-05
 -2.6627367e-06
 -6.3465218e-06
  7.8001676e-06
 -4.2247934e-06
 -6.7940800e-06
  2.4893443e-05
  5.4839164e-01
 -1.0264398e-05
 -3.0793710e-06
 -9.9265139e-07
  6.2229110e-06
  3.5171466e-05
 -1.4337199e-06
  9.1098201e-01
 -6.7839581e-01
  1.1649472e+00
 -1.1762269e+00
 -8.3274681e-06
  5.5005516e-05
  5.9972117e-06
 -3.9772876e-05
  1.0469853e-05
  3.2118404e-01
  1.6926620e-02
 -1.2114019e+00
 -3.5018501e-01
  3.9148913e-06
  2.5165142e-05
  2.8963383e-05
  1.2340493e-03
  2.6450948e-07
  1.2075542e+00
 -3.3691771e-02
  1.6738640e-01
  1.3915087e+00
 -7.4342766e-05
 -3.2424574e-05
 -8.2598326e-06
 -9.9271056e-05
  6.9746358e-07
  8.4549356e-01
  4.5961452e-01
  2.2298114e+00
 -6.7394322e-01
 -5.7272875e-04
  2.8667537e-05
 -2.0607715e-05
 -2.0638001e-06
  1.6500544e-06
  1.2064436e-01
 -1.0997031e-01
  1.4587417e-01
 -2.7456558e-01
  1.7684331e-06
  4.4598855e-06
 -1.6920392e-05
  2.3611449e-06
  7.6351153e-06
  1.8910373e+00
 -9.7085588e-02
  3.9158785e-01
  7.4543881e-01
 -4.9001837e-06
  9.6470683e-07
 -2.2510053e-06
 -1.7888367e-05
 -2.4011375e-05
  4.8082832e-02
  3.9923567e-01
 -5.6024128e-01
  5.1914525e-01
 -1.0833729e-05
 -6.4184685e-05
 -5.5873781e-01
 -1.3855731e-04
  3.3764874e-05
  3.9430377e-01
  1.8179402e-01
 -6.7118692e-01
 -5.6838870e-01
 -8.3722307e-06
 -8.5831698e-06
  5.5008195e-06
 -2.4670126e-06
  1.8253530e-06
  1.4396576e+00
  2.5566999e-06
  1.4031264e-04
  3.4482149e-05
  9.5581418e-06
  1.8019356e-06
 -1.2336957e-01
 -2.0030408e-05
 -3.4839927e-06
 -5.5537713e-01
  2.5470054e-01
 -2.4148839e+00
 -1.5024522e-01
  1.1118627e-05
  5.5106448e-06
 -6.1815012e-01
 -2.2747863e-05
 -2.8742690e-05
  1.7392676e-01
  1.4106396e-01
  2.6200998e-01
  2.3224907e-02
  5.1466300e-06
  6.8146596e-06
  6.7621986e-05
  8.6521313e-06
  2.2419579e-05
 -9.8615068e-01
  1.2380033e-01
 -5.1304948e-01
 -1.6669034e+00
 -1.0854131e-06
 -1.5474869e-04
 -5.0891507e-01
 -8.6066619e-02
  3.4908004e-05
  5.7471074e-02
  2.2952552e-01
  8.1722409e-01
 -8.5343421e-01
 -6.7384799e-06
  3.6413817e-06
  3.9073904e-05
  1.4029197e-04
  1.4105211e-06
  1.2655642e+00
  1.2240208e+00
 -8.0112986e-02
 -4.9911228e-01
 -8.1983006e-07
  8.1032777e-06
 -8.2050061e-01
 -1.9571276e-01
  1.3373635e-05
  3.7149116e-01
  3.8537699e-01
 -2.1059237e+00
 -1.5941477e+00
 -5.3509307e-06
 -2.2534721e-05
  1.4492188e-01
  7.9733290e-06
  1.1499939e-05
 -3.9897975e-01
  1.2631194e-01
  5.9411317e-01
 -8.4943426e-01
  2.1842433e-02
  5.5977845e-01
 -8.7389767e-01
 -1.0948382e-01
 -1.0409429e-05
  3.9758500e-01
  7.2450870e-01
  1.0819741e+00
 -7.8875923e-01
  9.1091192e-07
  6.6363687e-06
 -3.7613871e-05
  5.1211198e-05
 -1.5288511e-05
 -1.8004671e-01
 -2.7587555e-05
  6.2499076e-01
  2.2986121e-04
  1.0106295e-02
  5.3364241e-01
 -5.6849331e-01
 -1.9605354e-06
 -3.5518278e-05
 -1.2151246e+00
  4.8488826e-02
 -2.9316241e-01
 -7.1243793e-01
  8.5901693e-06
 -2.2873794e-06
 -1.0146716e+00
 -1.1125028e-05
 -6.0214511e-06
  8.7774658e-01
  3.7269134e-02
  8.6191404e-01
  1.0658233e+00
  1.2732507e-04
  2.4774113e-01
  1.9537622e-01
 -4.3943732e-05
 -1.4206810e-05
 -1.8336007e-02
  8.3244640e-01
  5.7068235e-01
  4.7000360e-01
  9.0256435e-06
  1.1744126e-01
  2.9001412e-01
 -4.7491838e-05
 -3.7728225e-06
 -2.0222769e+00
 -1.0921935e-01
  1.8246920e+00
 -6.6850078e-01
  7.3222158e-04
  7.1018389e-05
 -3.4110453e-02
 -6.2501031e-06
 -7.6583801e-06
 -1.8109217e+00
  2.8496918e-01
  1.3733029e+00
 -6.0222930e-01
  1.7321805e-05
  3.9628884e-01
 -8.1299245e-01
 -4.4780722e-05
  1.5762297e-06
 -1.7345974e-01
  4.3079677e-01
 -1.8660606e-01
  2.0305136e-01
  4.0484130e-05
  3.1807214e-01
 -4.2998180e-01
 -1.0173538e-04
 -1.0348623e-05
 -6.2638384e-01
  4.3834415e-01
 -3.5247847e-01
  4.6421937e-03
 -3.8624032e-05
 -5.4708980e-06
 -9.7062814e-01
  6.7513771e-02
 -3.0439999e-06
 -1.0990030e+00
  9.4809884e-01
  8.1769973e-01
 -8.1833363e-01
  1.2778643e-06
 -1.3515648e-05
 -1.2115038e-04
  1.1924839e-05
  1.5825348e-04
 -3.3832789e-06
  8.5386944e-01
 -2.2960792e+00
 -8.5585474e-05
 -2.0145517e-05
 -3.3845697e-06
 -1.5891943e+00
  3.1151365e-02
  2.0625352e-05
 -7.3606968e-01
  6.7216970e-02
  8.8257402e-02
  7.3978645e-01
  3.8959605e-01
 -1.5286754e-05
 -1.0516661e-01
 -1.7638748e-05
  4.4744461e-06
 -1.0067836e+00
  1.2376198e+00
 -2.1271740e-01
 -8.9801741e-01
 -6.7763667e-06
  5.6007747e-07
 -4.6500310e-01
  1.7641908e-02
  1.4248678e-05
 -1.2049215e+00
 -4.8900118e-01
 -8.9505678e-01
  3.1781936e-01
 -1.6083878e-06
 -6.8936737e-05
 -5.4247886e-01
 -1.6172115e-06
  7.3346937e-06
  6.0451972e-01
  2.0228927e-01
  7.2494912e-01
  4.5655280e-01
 -1.5032332e-05
  1.1180324e-05
  2.6136243e-03
  5.5166129e-02
 -3.1100226e-06
 -1.9956298e-01
  1.8761481e+00
 -1.7785871e+00
  4.8187721e-01
 -1.2307228e-05
 -4.1307012e-05
 -4.5042801e-01
 -1.2390119e-05
  8.9921896e-06
  7.7731945e-02
 -4.8330948e-02
 -3.6093999e-02
 -2.6558751e-01
  9.0108333e-06
 -1.3435138e-05
 -4.5298365e-01
  1.5420462e-03
  8.5703623e-06
  8.3920062e-01
  2.0956509e-01
 -6.2906295e-01
 -5.6324822e-01
  1.2413758e-02
  1.2413758e-02
  1.2413758e-02
  1.2413758e-02
  1.2413758e-02
  6.7241365e-01
  6.7241365e-01
  6.7241365e-01
  6.7241365e-01
  6.7241365e-01
  1.4738771e-01
  1.4738771e-01
  1.4738771e-01
  1.4738771e-01
  1.4738771e-01
  1.0924964e-01
  1.0924964e-01
  1.0924964e-01
  1.0924964e-01
  1.0924964e-01
  1.6452778e-02
  1.6452778e-02
  1.6452778e-02
  1.6452778e-02
  1.6452778e-02
  1.8038879e-01
  1.8038879e-01
  1.8038879e-01
  1.8038879e-01
  1.8038879e-01
