nep4 3 Ba Zr S 
cutoff 8 4 150 20
n_max 4 4
basis_size 8 8
l_max 4 2 0
ANN 30 0
  1.4785209e-06
 -3.8968606e-06
  1.1222428e-05
 -2.7241824e-06
 -2.4664558e-07
  6.6370585e-06
  8.3727118e-06
  3.2414148e-06
  2.6272644e-06
 -1.2764365e-04
 -1.1394046e-06
  3.3947399e-05
 -6.3285624e-06
  6.0996143e-05
 -1.8720782e-06
  2.0968477e-05
 -7.4623614e-07
  2.6059310e-05
 -2.8391569e-06
  4.5148513e-06
 -1.6467392e-06
  7.4545824e-06
  1.4490030e-05
 -9.3847866e-06
  1.9667195e-06
  1.2957452e-04
  3.5538699e-06
  5.2835599e-06
  4.2289012e-06
 -4.2458300e-06
  8.3129960e-01
  6.5510726e-01
 -3.9965955e-05
  4.7222176e-05
 -1.7186848e+00
 -1.7004443e-06
  4.9057976e-06
  1.8597204e-02
 -6.0382575e-01
  1.4439453e+00
 -1.2990418e-07
  3.0450909e-07
  6.1662063e-02
 -5.3313138e-06
  4.7668492e-04
  1.1721950e-05
 -2.2153245e-05
  3.1684312e-01
  2.9936617e-02
 -2.4835081e-01
  1.6431222e-05
  7.7660861e-06
  4.6658963e-02
  3.0594233e-01
  3.4869653e-01
  9.8480687e-06
 -2.1608475e-06
  1.9230370e-06
 -3.8914037e-05
 -2.8877334e-06
  2.4659321e-06
  3.3509459e-05
  6.5327513e-05
  5.8744204e-06
 -6.4491525e-07
  5.6439407e-05
 -7.6186084e-06
 -1.6536846e-05
  5.3357700e-04
  1.0245604e-05
 -3.2699096e-05
  2.6632561e-05
 -1.8885363e-05
 -1.9234420e-05
  6.9501270e-06
  2.4440014e-06
 -4.1964995e-06
 -1.9175831e-04
 -1.0921663e-05
  2.6663229e-06
 -5.3944648e-05
  8.2562665e-06
  2.9822315e-06
  4.0102273e-06
  7.8356343e-06
  1.6653369e-06
  6.1494279e-07
  1.1764585e-05
  9.1979149e-07
  2.1698918e-06
  6.7448759e-01
  2.3157141e-01
  4.7375288e-06
  2.0189214e-06
  6.9050384e-06
 -1.1786116e-05
 -4.2732408e-06
  3.1762942e-05
  2.6027110e-06
 -5.0419301e-01
 -9.2724385e-06
  3.6337556e-06
  1.7009890e-05
  1.2542284e-06
  1.9231898e-05
  5.6121248e-06
  5.0695027e-05
  1.6195097e-05
  3.4903121e-06
 -8.0624679e-03
  1.5038265e-06
 -6.6521143e-06
  8.7118409e-05
  2.6306703e-05
  6.6698551e-02
  3.5901121e-06
  2.3011214e-04
  1.7511819e-06
  2.1107176e-04
  9.2239716e-05
 -2.8012082e-06
  8.9552568e-06
  4.8801194e-06
  1.5119207e-05
 -1.1204882e-05
  8.7282178e-06
  2.5616835e-06
  2.4997992e-06
  1.1515140e-06
 -1.9458099e-05
 -5.2448911e-05
  4.8931590e-05
  2.2986471e-05
  1.6177971e-04
 -5.8617411e-06
  8.9690366e-06
 -4.9513624e-06
  1.1588881e-05
 -1.4140853e-05
  4.8687339e-06
  2.2066704e-06
  1.0041147e-04
  9.3093905e-07
 -5.5231957e-04
 -5.0895437e-06
  8.2830881e-04
  2.1559733e-04
  2.8868592e-06
 -7.7134318e-06
  1.5769250e-06
 -8.5001529e-06
  9.4078168e-06
 -4.7194360e-05
  6.0853749e-06
 -2.9959820e-06
 -9.1144384e-06
 -1.1272053e-05
 -1.2161930e-06
  1.9303377e-06
 -1.2309458e-06
 -3.1629199e-04
  1.6132882e-06
  1.6328825e-07
 -4.0927921e-07
 -2.4187609e-06
 -8.9162349e-06
  1.0990834e-05
  2.4313780e-05
 -1.1897926e-06
 -7.0005813e-06
  5.9319814e-06
 -2.0514403e-06
  5.8057844e-06
 -2.6367095e-04
  5.5603148e-05
 -4.2161777e-05
 -9.3365161e-06
  3.1813513e-05
 -1.0223826e-05
 -1.0941939e-05
 -1.9323081e+00
 -4.2014237e-04
  7.8651146e-06
  2.1224828e-06
  5.8652306e-01
 -5.7483476e-06
 -2.4831564e-07
  3.9903239e-06
  4.5623563e-02
  3.4442957e-05
 -2.2694771e-06
  3.0983099e-06
 -1.4716257e-05
  4.3768636e-05
 -3.0823037e-05
 -1.5383524e-05
 -6.3363509e-06
 -4.1498170e-06
  1.4237623e-06
  1.2896327e-06
  1.4703223e-06
  6.7559772e-06
 -2.0949144e-04
 -1.7094082e-05
 -4.2939497e-05
  8.8024244e-06
  1.0853058e-05
  2.5663554e-05
  4.0117047e-05
 -1.8851503e-06
 -5.6007797e-01
 -7.8053020e-02
  2.3859309e-05
 -5.3664928e-05
  4.8061594e-01
  8.4554440e-06
  4.7614267e-06
 -2.6924388e-05
  7.2388247e-02
 -3.7750199e-01
 -1.0474244e-04
 -2.1599164e-06
 -5.9464137e-04
  1.6281508e-06
 -2.6664645e-07
 -1.9413677e-05
  2.3541276e-04
 -4.9754421e-05
 -2.6136875e-04
  2.7451562e-02
  1.5387504e-04
 -1.0580130e-05
 -7.8281828e-06
 -2.4559126e-06
 -1.5417006e-03
  4.0452642e-06
  2.7677390e-06
  1.1725244e-05
  4.3294617e-06
  8.4906933e-04
  1.6705093e-01
  9.1534705e-05
 -1.8644749e-05
  1.2265146e-04
 -4.5870388e-06
 -4.5860570e-06
 -1.0220389e-05
  1.1397786e-04
 -4.7433127e-06
  2.4498199e-01
  9.1890697e-06
 -6.7902656e-06
  5.5895216e-06
  1.5893498e-07
  2.0406611e-04
 -2.5051697e-06
 -1.1718328e-07
  1.3008588e-05
  1.9965630e-06
 -2.9463420e-04
  2.0073173e-06
 -3.7015363e-06
  1.5942509e-04
  2.2259049e-04
  1.6288495e-02
 -1.0926527e-05
  1.2872341e-05
 -8.9048193e-08
  3.6588565e-07
 -3.1793236e-06
 -2.0107874e-01
  2.0399179e+00
 -1.3643157e-05
 -1.3155625e+00
  1.0192182e+00
 -1.9456615e-05
 -8.4754865e-06
  1.0750614e-01
 -1.5394886e-01
  7.6000556e-02
  5.5188707e-06
 -4.2508318e-06
  2.6337522e-01
 -1.0672678e-01
  1.3661416e-03
 -1.7780059e-05
  1.7993295e-06
  3.9653113e-01
  1.9536880e-01
 -1.2437806e-02
  1.8928256e-06
  1.4552605e-05
  1.3749212e-01
  4.5919558e-01
  3.1343937e-01
 -1.7974139e-04
  3.7478025e-05
  3.2681107e-06
 -7.6436649e-05
 -1.2518670e-01
 -3.1553188e-01
  1.2903731e-05
 -4.1661289e-05
 -1.0093868e-06
 -1.6152241e-06
  1.8786106e-04
  1.5042856e-05
 -5.2299458e-07
 -1.7354721e-05
  5.6920794e-06
  8.4530620e-06
  8.9417317e-06
  5.0816714e-05
  1.1545279e-05
 -2.3409609e-06
 -7.5305011e-06
 -1.1441955e-05
 -1.0426082e-07
 -1.3038459e-04
  8.6996124e-06
  2.0141952e-06
  3.9816432e-06
  1.1690171e-06
 -5.6267859e-06
 -2.9314715e-05
 -8.1261369e-06
 -1.8473847e-05
 -5.2756273e-05
  6.4951004e-05
 -2.6592365e-06
 -3.7073565e-05
  4.4643962e-06
 -6.9091834e-06
  5.6465103e-07
  3.9000955e-05
 -3.3405290e-06
 -1.2115976e-06
 -6.4476648e-05
  4.0278123e-06
 -1.0598043e-05
  3.9326451e-06
 -1.1211350e-06
 -5.8372098e-06
 -1.5788906e-05
 -1.6554724e-05
  1.1778391e-04
  4.2770530e-06
  3.4708362e-06
  4.1085086e-06
 -8.3642844e-06
  1.9829066e-07
  1.5184262e-06
  3.5219692e-04
  1.9329022e-04
 -8.8139159e-06
  6.0323975e-05
 -1.2077603e-06
 -2.7453588e-04
  1.8486904e-05
 -1.9681197e-06
 -1.7513549e-04
 -9.3545226e-05
  1.2921944e-05
  1.1682625e-05
 -1.2581122e-05
  1.2069838e-04
 -1.6549517e-05
  9.9259023e-06
  3.0305896e-06
  2.4762352e-07
 -3.2251923e-05
 -3.4738213e-07
  3.4889779e-06
  2.4692667e-07
 -4.7387926e-05
  4.3823393e-06
  1.5887574e-06
 -3.9991924e-06
  2.0648615e-05
  5.4132779e-06
  6.6323824e-05
  2.0857265e-06
  6.5963900e-07
  1.7400935e-06
  7.3886304e-06
 -5.6701697e-06
  1.2064221e-06
  7.2089229e-06
 -2.2905271e-05
  6.5342188e-05
 -3.4515000e-05
  1.4434286e-06
  5.7955072e-05
 -5.0136550e-06
 -2.1346266e-05
  5.0008371e-06
 -1.0082974e-05
  2.0103929e-05
  7.4294064e-07
  7.6637691e-05
  3.1419393e-06
 -5.0349768e-06
  2.1088656e-05
  4.2607596e-07
  6.6619505e-06
  1.0757015e-05
  1.3428645e-05
  8.0008713e-06
 -5.9221982e-08
  3.9611568e-05
  7.3445322e-06
  7.6924507e-06
  2.9245342e-05
  8.8172856e-06
 -1.8390226e-06
  1.4150286e-05
 -1.3665346e-05
  1.7992244e-06
 -7.9073943e-06
 -2.8281281e-06
  7.9596698e-01
  9.4339329e-01
 -7.1693653e-06
 -1.8342049e-01
 -1.1119064e+00
 -3.8390731e-06
 -2.1397225e-06
  1.0630528e-02
 -6.4781862e-01
 -5.5999261e-01
  5.6245262e-06
 -2.0208929e-04
  1.5231296e-01
 -2.6831266e-01
  9.1214143e-02
  2.4066230e-06
 -6.6676765e-04
  3.8133627e-01
  3.4383944e-01
 -8.1030317e-02
 -1.2950383e-05
 -5.5883943e-06
  2.2627668e-02
  3.2267976e-01
  4.3259242e-01
 -1.0893799e-05
  5.5365417e-06
 -5.4067946e-06
 -6.7489767e-05
 -1.5915309e-03
 -3.8513904e-06
  6.1443302e-06
  8.7999717e-05
  2.2438509e-05
 -1.0444326e-05
 -2.4018423e-06
  4.9883853e-05
 -1.6221582e-05
 -1.8195683e-06
  2.0040872e-05
 -1.3416754e-04
 -5.6351228e-06
 -9.0584062e-06
 -1.6733704e-05
 -1.8581635e-05
  8.9748719e-06
 -3.7887077e-08
 -8.0215250e-06
  6.7306560e-06
  1.9316902e-04
 -2.9330326e-06
  1.3596708e-05
  4.1732921e-05
 -2.5776553e-06
 -1.0495888e-05
  2.0756277e-06
 -2.4357437e-06
 -1.0811932e-06
 -6.9818134e-07
  2.3038905e-07
 -1.3571925e+00
 -2.7934178e-05
 -1.5926689e-05
 -6.5100608e-07
  1.1182143e-01
 -3.0032941e-06
  2.6145321e-06
  1.3917426e-04
  2.5069147e-02
  2.3891355e-01
  1.4396618e-06
 -4.8090983e-06
 -8.3869952e-04
  3.4257344e-05
 -5.6596370e-03
 -3.1940406e-06
 -1.4217803e-05
 -5.4683886e-03
 -7.7088072e-05
  3.3001134e-01
  1.9265487e-04
 -1.6150092e-05
 -1.2787277e-04
 -2.5462702e-02
 -6.0056303e-02
  1.4891043e-06
 -3.4422249e-06
 -1.2942336e-07
  1.9289660e-05
 -3.7888125e-07
  3.7827762e-05
  3.4123772e-05
 -2.5879826e-06
  6.8492764e-06
 -1.8742037e-05
 -3.8745220e-06
  9.1378490e-07
  4.1715342e-07
 -7.4782279e-06
  1.6971208e-05
 -1.8845720e-05
 -4.0186638e-05
 -5.8967566e-06
 -1.3594946e-05
  4.5255676e-04
 -1.9677541e-04
 -1.1461740e-05
  1.2276915e-05
 -8.3158266e-06
  1.4613183e-06
 -2.1447702e-06
 -3.7327645e-06
 -3.1942262e-05
  1.0474861e-04
 -4.1067519e-06
  1.9012722e-07
 -3.3376341e-06
 -2.4396491e-06
  4.0770460e-06
  2.4650170e-05
  7.4880904e-01
 -6.4786041e-01
 -2.8023773e-01
  2.7057753e+00
 -3.3549824e+00
  5.1893352e-05
 -7.3573360e-06
  1.1949592e-01
 -3.6100559e-02
  2.1209946e-01
 -3.2696965e-07
 -1.6315189e-05
 -5.1751881e-06
 -2.1915913e-02
 -1.2001415e-05
  6.5961285e-06
 -1.1377288e-04
  1.7578530e-01
  2.7743418e-02
 -1.3061528e-01
  4.6044361e-06
 -2.1669122e-04
  5.3829584e-02
  2.9604343e-01
  3.3473355e-01
 -3.0552576e-06
 -1.8190793e-06
 -2.1006743e-05
 -2.7103886e-06
 -9.9128505e-05
 -2.6347487e+00
 -8.7209493e-01
  3.3838116e-06
  1.2833972e+00
  1.0648742e-01
 -6.1857650e-06
  2.9964813e-06
  7.1183014e-05
  1.5038946e-01
  6.0626322e-01
 -1.3038239e-05
  2.1827323e-06
 -1.2130916e-01
 -5.1917770e-05
 -1.7631213e-01
  1.7020770e-05
 -5.4603195e-05
 -1.3300946e-01
 -1.2172063e-01
  3.1686734e-02
  2.5440913e-06
 -1.0237002e-05
 -1.6236074e-02
 -3.7301973e-01
 -6.8474591e-02
  2.8775303e-06
 -1.1544085e-05
 -1.7524964e-05
  2.5846053e-05
  6.2176969e-04
  5.2135318e-05
  3.7505555e-07
 -9.7547636e-06
 -3.6667557e-06
  1.0512438e-06
 -5.7975617e-06
 -1.8386752e-05
  5.5302994e-06
  1.0653956e-05
 -1.2327706e-05
 -1.5620354e-06
  2.8573750e-06
  4.0272538e-05
  9.5022551e-06
 -1.8829209e-06
  3.2189462e-05
  1.5434497e-06
  2.6127216e-06
  2.9423234e-05
  1.0268814e-05
 -6.7523916e-07
  6.6555776e-06
 -1.8999724e-05
 -6.6824409e-06
  2.9912542e-06
  2.3312498e-06
 -2.5515288e-05
  3.1223792e-06
  3.5017302e-07
  6.7212713e-06
  4.9581395e-06
 -1.0582270e-05
  1.1448034e-05
 -4.7238725e-08
 -2.5792446e-05
  1.3950564e-05
  4.0594373e-06
 -6.0901943e-06
 -4.4378790e-05
  8.5889606e-06
 -1.2164423e-05
 -5.6040467e-06
 -2.4136501e-05
  3.5459282e-06
  7.3145966e-05
  1.1760760e-05
  1.1424485e-05
 -4.0938448e-06
  3.0957842e-06
 -1.9491179e-05
  7.2415842e-06
 -8.9116666e-06
  1.4196465e-05
  1.0642216e-05
 -2.8474140e-06
  3.1674308e-06
  1.2809583e-05
  5.5800700e-07
  8.2882434e-06
 -2.4499061e-05
  3.8755130e-05
  5.3951953e-06
  7.7114364e-06
  4.7517037e-06
  4.4987059e-06
 -3.0251795e-05
  8.9662877e-05
 -5.5620062e-06
 -1.6296528e-05
 -9.8251785e-06
 -3.2417243e-04
  2.8780767e-06
  6.6093044e-06
 -2.0152222e-06
  3.6869299e-06
  1.7667505e-06
 -1.7590035e-06
  1.2148492e-05
  6.4354208e-05
 -1.5879463e-05
  7.8189669e-07
 -4.1088738e-06
 -3.5782336e-06
  9.9411000e-07
 -6.0365205e-06
 -4.9502419e-06
  4.1867247e-06
 -2.8814294e-04
 -2.3389402e-06
 -6.3000307e-06
 -2.0600392e-01
 -3.2579696e-01
 -7.4823852e-06
  6.2047315e-05
  1.3631448e-01
  1.1520587e-05
  1.4727641e-06
 -5.8612972e-02
  1.0954926e-03
 -6.7464307e-02
  6.7525711e-05
 -1.4680627e-06
 -2.1954966e-04
  1.2023870e-05
 -1.2233235e-06
 -2.9067417e-06
  1.1371513e-06
 -7.6357976e-02
  3.4191315e-05
  1.7585678e-02
 -1.2114858e-06
 -9.7163083e-06
 -1.0671453e-03
 -3.7386597e-04
 -2.9659184e-02
  9.7416942e-06
  1.3825835e-05
  4.1175033e-05
  5.1729570e-05
  3.3395976e-05
  1.2977337e-04
 -5.1570469e-06
 -4.7942931e-06
  3.3756573e-04
 -7.6285473e-06
  4.6036894e-06
 -2.8366655e-06
  6.3185430e-06
  8.6836735e-06
 -7.0400069e-06
 -9.4369927e-05
 -1.8403789e-05
 -5.1862025e-06
 -3.8213882e-05
 -8.0466380e-06
  2.3675151e-05
 -9.4051120e-06
 -7.0024939e-06
  1.3053193e-04
  2.3559678e-02
 -3.0723000e-05
  8.8610213e-06
 -8.2918566e-05
 -9.8352750e-05
  3.9192528e-05
 -3.9222195e-06
  8.4279844e-07
  6.3499334e-07
  6.9798978e-07
  3.7164165e-04
  5.0138956e-06
  2.0123316e-05
 -8.6716636e-07
  1.8880551e-06
  1.8243139e-06
 -1.5771224e-06
 -3.9037262e-05
  3.9166448e-06
 -6.7330425e-06
 -1.0176830e-04
 -8.5329357e-06
 -3.2932544e-04
 -1.4196219e-05
 -2.7979616e-04
 -4.1176445e-06
  2.3018845e-07
  3.3058650e-06
 -6.7282713e-06
  3.1694184e-05
  1.0803038e-05
  6.0413504e-06
  3.9176853e-06
  4.4692724e-06
  2.3140594e-06
 -1.0664916e-06
 -1.2548900e-05
  2.0145770e-05
 -1.0794332e-05
 -9.5421080e-07
 -2.5454403e-05
  5.6031757e-05
  1.7284274e-01
  7.2504520e-07
  9.2949385e-06
 -1.3548170e-02
 -2.4107189e-06
  5.1576567e-06
  8.5011729e-05
 -3.2224592e-02
  5.7268625e-01
  5.1594511e-06
 -3.5924743e-06
  5.9713602e-05
  2.7465918e-05
 -1.3462683e-05
  3.6974748e-07
 -1.9935387e-06
  9.0159956e-06
  9.3519820e-06
 -7.9286128e-06
 -4.8308493e-06
 -1.5217570e-06
  1.2312100e-04
  1.7197784e-05
  2.9840021e-05
 -4.4756712e-07
 -2.1594207e-05
  1.0313284e-04
 -4.2949241e-06
  2.8923748e-06
 -3.7725345e-06
  9.8214314e-06
 -6.9927296e-06
  1.1665832e-06
  8.4208578e-02
  1.6170109e-06
  4.0660407e-06
  2.5151148e-06
  2.9134549e-07
  5.1658881e-06
  4.6364680e-06
 -1.2655348e-04
  2.7020135e-07
 -1.7895080e-05
  8.1811277e-06
 -5.7204702e-06
  5.2960959e-06
  5.1316842e-06
 -7.5531455e-07
 -2.3026352e-05
 -3.5325083e-06
  1.1408041e-06
  2.1404312e-06
  6.8984136e-06
  3.3778929e-06
 -1.7079378e-07
 -1.2113053e-05
 -1.0542418e-06
 -2.8088400e-06
 -2.2317236e-05
 -1.9232107e-04
  7.5645170e-07
 -4.1223407e-06
 -5.0416747e-06
  8.1294871e-05
 -3.2125743e-05
 -1.1910010e-05
  2.4451820e-06
  2.4685831e-05
  3.6933881e-01
  3.7892867e-05
  1.8166813e-05
  2.7743137e-05
  2.9367753e-05
 -9.3029000e-02
  6.8007575e-05
 -1.3857643e-06
 -6.0463873e-07
  5.0709873e-06
 -3.7123377e-06
  5.2109285e-06
  1.3672288e-04
  5.9607501e-06
 -8.4157523e-07
 -8.5961246e-06
 -1.1412911e-04
 -2.6742518e-06
  1.1614369e-05
 -1.2852086e-06
  8.4578242e-06
  9.9595072e-06
  4.7849339e-06
  1.9815900e-05
  2.0071713e-05
 -6.0272928e-06
  1.8579791e-06
  9.3926492e-06
  2.9930629e-06
  1.9355866e-06
 -5.8220736e-05
  4.7109774e-04
  6.2385698e-05
 -1.0140624e-05
 -8.5196410e-07
 -1.7759387e-05
 -4.0045074e-05
  1.5649723e-04
 -1.6348343e-06
  1.0932029e-05
  2.4294573e-05
 -2.4027793e-05
  1.3365827e-05
 -2.1159653e-05
  5.2446053e-06
  1.0360609e-05
 -2.8317745e-06
 -4.6787568e-06
 -3.2287364e-05
  1.8772521e-06
 -1.8786004e-05
  6.8346671e-06
  2.6625115e-01
 -6.1834842e-04
  1.6778627e-01
 -1.3287923e-04
  2.3539109e-05
  1.2102183e-01
 -3.2962212e-01
 -8.2390696e-01
  9.1363692e-01
 -2.6429954e-05
 -5.6720451e-06
 -1.6652401e-01
 -1.1579765e-06
 -2.2759226e-01
  1.4081847e-05
  6.9417074e-02
  1.4421453e-01
  1.0097951e+00
  5.6819696e-02
  6.4004657e-06
 -5.8575267e-07
  1.0904008e-06
 -5.1969874e-01
 -3.5978130e-05
 -3.8912340e-06
  4.4702217e-01
 -3.4076643e-06
  4.4389558e-01
  3.4693054e-05
 -5.8559140e-06
  1.8106166e+00
  2.9245020e-06
  1.0735441e+00
  3.0591470e-06
  3.6831520e-05
 -8.8936478e-01
 -9.3865031e-01
  1.6671691e+00
  2.9751756e+00
 -9.1711342e-02
 -2.5272593e-06
 -2.7010763e-01
 -6.1635246e-06
  2.1794267e+00
 -6.3834119e-07
 -1.2275035e+00
  3.8579503e-01
  2.7944696e+00
 -3.3435943e+00
  1.5888349e-05
 -4.5126828e-05
 -1.4613593e-06
 -1.3093807e+00
 -4.2080214e-06
 -9.5560672e-06
  1.0418203e+00
  1.4415521e-05
 -6.2460947e-01
  1.2241749e-06
  1.1871527e-04
 -2.6929392e-06
 -1.0381083e-05
  1.1163780e-05
 -5.7405036e-06
  6.1213182e-06
 -8.6219978e-07
 -1.6212774e-05
 -6.7712936e-06
  2.9558346e-06
  1.0974433e-07
 -1.8207469e-05
 -1.5586436e-05
  1.3917519e-05
 -6.1681271e-06
  8.3127688e-06
 -1.7197844e-05
 -1.7571909e-04
  4.4774733e-06
  1.1129310e-06
  1.5014383e-07
 -1.9479872e-05
  1.5339921e-05
  4.8229974e-04
  1.8945927e-06
 -4.5189092e-05
 -1.8114712e-04
  1.7447260e-04
  2.8256180e-05
 -1.9237654e-05
 -4.0423343e-01
  1.6588851e+00
  2.0817485e+00
 -5.2418890e+00
  2.2544453e+00
 -6.2047446e-04
 -5.5592251e-01
  1.9688176e-01
  1.3410252e-04
 -3.1393540e-01
  8.5653424e-02
 -3.7749454e-01
  2.0172768e-03
  8.5430807e-01
  1.1807480e-05
  5.1153690e-01
 -2.7434054e-01
 -2.8323984e-01
 -4.3208891e-01
  4.5818592e-06
 -3.2980743e-01
  1.0982708e-05
 -2.6888183e-01
  4.3795779e-01
 -2.1012256e-06
  8.7553984e-05
 -2.8772041e-02
  3.9533884e-06
  3.4275405e-02
  9.0055655e-06
  1.1269704e+00
 -2.7560762e-01
 -3.4846923e-01
 -2.3940371e-01
 -1.5502243e-01
 -2.0284094e-06
 -3.6589152e-04
  3.0607659e-01
 -3.4706279e-06
 -6.0124585e-04
 -8.8855281e-02
 -1.8649012e-01
 -2.2199863e-05
 -4.3360371e-02
 -4.5554198e-06
 -5.7585761e-02
 -8.2608412e-06
 -6.0547744e-03
  4.2620026e-02
 -2.0407249e-05
 -1.3925423e-01
  1.4989306e-01
  7.4296681e-06
  1.8451045e-01
 -9.2141208e-04
  1.8787212e-05
 -1.8990261e-04
  3.4202092e-06
  1.2209299e-05
  1.3225301e-05
 -3.1743941e-05
  2.1550275e-01
 -4.5759866e-06
  4.4659249e-02
 -3.1321818e-01
 -1.7010808e-03
 -3.4593311e-01
 -5.1492285e-02
 -6.4244568e-01
  6.8896794e-04
  2.6854611e-04
  5.1535877e-05
 -2.9140216e-05
  1.8163186e-03
 -3.2921460e-05
 -8.9361718e-05
 -6.1097625e-04
  1.0718730e-04
 -2.0289527e-01
  1.8045812e-05
  3.3519638e-01
  3.3632587e-04
  1.6313281e-05
  2.4434054e-04
 -3.0751886e-07
  6.3956181e-06
  7.3164438e-06
 -9.2559558e-06
 -2.2916321e-04
 -6.2200111e-06
 -4.8328635e-01
 -1.2490782e+00
  2.3805809e+00
 -2.3110244e-01
  6.6157532e-01
 -7.9054974e-02
 -1.5070539e-03
  3.3363813e-04
 -2.4562520e-01
 -1.4829075e-01
 -1.2675680e-01
 -1.1841829e-01
 -6.6111721e-02
 -1.0339592e-01
 -7.4675609e-03
 -1.6667651e-01
 -1.5880190e-01
 -1.4954289e-02
  5.5446500e-01
 -3.9254603e-05
 -2.3816252e-02
 -1.6997587e-06
  1.6184665e-06
  4.8150785e-02
 -5.5865287e-03
  1.8336670e-05
  1.5013919e-05
 -7.3876079e-05
  1.0451464e-05
  2.2986114e-05
 -1.5074875e+00
  3.3348680e+00
 -3.1698981e-01
 -2.1951673e+00
  4.0044054e-01
  7.6385409e-02
 -9.3655013e-02
 -2.3325220e-02
 -2.7526028e-03
  3.6953899e-01
  5.6118172e-01
  6.4565527e-01
  6.6629767e-01
  2.8691071e-01
  4.0119767e-01
  1.8481036e-01
  1.5685460e-01
  1.9480392e-01
 -2.6502344e-01
  1.1886885e-01
  9.8554987e-01
 -1.0311792e-01
  7.5623226e-01
 -5.8430076e-02
  6.8351555e-01
 -6.7662116e-04
  1.4899652e-01
  4.0681138e-05
 -3.0361002e-07
 -9.5337804e-05
 -1.3494477e-05
  1.1448379e-05
  4.3989771e-06
  7.6850051e-07
  1.0393142e-05
 -7.0762493e-05
  1.4141687e-05
  1.1549066e-05
  1.9386791e-04
 -1.5019858e-05
 -5.0712566e-07
  1.1118042e-05
  1.9203882e-05
  2.0586249e-06
  2.9346340e-06
  9.9827666e-06
  1.8563680e-04
 -2.9756793e-05
 -1.1107074e-01
  1.8649992e-04
  2.6571272e-05
  4.2941560e-06
 -3.9276361e-07
  2.4638548e-06
  9.6257145e-06
  1.2457012e-05
  1.0628725e-05
 -8.6482493e-07
 -4.0815407e-06
 -2.8592027e-05
  1.5699165e+00
 -8.1350580e-03
  9.6220440e-01
 -7.0440525e-01
  1.3629109e+00
  4.4934302e-05
  2.4869905e-01
  2.9156151e-01
 -1.7573069e-01
 -2.7167693e-01
 -1.5731664e-02
 -3.3595306e-01
 -3.0925203e-06
 -1.0107522e-04
 -6.3131767e-05
 -1.0123509e-01
 -2.0670492e-05
  1.0571039e-01
  1.3642281e-01
  6.5668960e-06
 -3.0024624e-01
  7.0564002e-01
 -5.6150198e-01
  1.5774198e-02
 -2.7166012e-01
  5.2524288e-06
 -3.0219073e-03
  2.4477073e-05
  2.7600165e-05
  7.0445152e-05
 -8.1865173e-06
  3.7175065e-05
 -1.6293437e-06
  1.2697114e-05
 -9.0853200e-06
  1.1162721e-05
 -6.8396262e-06
 -6.1529122e-06
 -5.5728228e-06
  4.1818812e-06
  8.0843580e-05
 -3.7563168e-05
  2.2630369e-05
 -1.1018335e-05
  8.3521700e-06
  7.3021138e-06
  1.0367243e-05
  7.2053626e-06
 -5.3543108e-06
 -5.2266496e-06
  3.2934161e-06
  2.8125969e-06
  9.6797021e-07
 -4.4554505e-05
 -1.0901012e-05
 -1.8216911e-05
 -4.1697236e-05
 -4.6699756e-04
 -9.1221837e-06
  1.5679509e-05
 -9.2466998e-06
  1.0754817e-05
  2.9782405e-02
  1.9891400e-05
 -1.2890060e-05
  3.1350692e-06
  1.6736928e-04
 -6.3432349e-06
  1.5334836e-05
 -1.4501443e-04
  7.1588598e-05
  1.2094027e-06
 -2.0892230e-06
 -1.6232047e-05
  2.6628222e-05
 -6.6675602e-06
 -7.1393570e-06
  9.1927302e-07
 -4.3847755e-04
  3.9747425e-07
  2.9109935e-05
 -1.3004192e-05
  2.0365540e-05
  9.2707687e-06
  1.3976904e-05
 -2.1987384e-05
 -1.8043511e-05
 -2.6754904e-06
 -1.0148950e-05
  8.7904400e-06
 -4.1907898e-01
  2.2354195e+00
  1.3428255e-02
 -1.8448865e-01
  5.9082802e-05
  1.8305722e-06
  3.7158199e-04
 -2.6979303e-04
 -1.0366972e-02
  1.0024348e-02
  9.0069752e-06
  1.2145921e-06
  1.7651674e-07
 -2.0862701e-06
  1.3536494e-02
  3.5637209e-01
  3.9311182e-02
  4.2049404e-02
  4.6131042e-01
 -5.3498242e-04
  8.2003075e-01
  7.6204515e-04
  2.3027400e-04
 -6.2482691e-06
  8.0578178e-02
 -1.8040688e-06
 -4.8952597e-07
  1.0907167e-04
 -1.4183677e-06
  1.3740608e-04
 -8.1382032e-06
 -4.8253023e-06
 -7.4661671e-06
  5.0505823e-06
 -1.1447153e-06
 -5.9305180e-06
  3.1294364e-06
  4.5881599e-05
  9.2052578e-06
 -4.4945515e-05
  3.3490604e-05
 -1.3150854e-05
 -6.6946172e-06
  4.3101256e-05
  2.2654210e-06
  7.6495608e-06
  1.1585652e-04
  8.7769604e-06
  3.5304377e-06
 -2.5944411e-05
 -1.9942361e-05
  1.2964244e-06
 -5.1079303e-07
 -4.0576556e-06
 -4.0409091e-06
 -8.8187408e-06
  1.3211202e-05
  3.5154535e-05
  5.4491861e-06
 -2.5861275e-06
 -2.2892206e-04
 -3.9988878e-05
  4.1721160e-05
  3.1462236e-04
 -6.5684031e-07
  6.2518336e-07
 -2.5855255e-05
  1.6342281e-05
  2.5810734e-06
  1.8082821e-04
  6.6437847e-06
 -6.3978500e-06
 -1.0900923e-06
 -6.2825995e-05
 -1.6491274e-04
 -1.4650600e-05
  1.1403931e-06
  1.1505325e-07
 -7.5301460e-07
 -1.3748299e-06
 -1.7419490e-05
 -2.6906513e-05
 -4.2784239e-05
 -9.1741285e-06
  2.7757258e-05
 -3.8622247e-07
  7.2439502e-06
  2.1473863e-05
  6.3499515e-06
  1.5311736e-05
  1.3882793e-05
 -1.3658851e-04
 -2.2326238e-04
  8.3038782e-07
 -1.1493229e-04
 -5.6245308e-06
 -9.3365079e-06
 -3.5306252e-06
 -9.6424365e-06
  3.7236609e-06
 -1.2307509e-04
  2.0960346e-05
 -3.9679380e-04
  5.4074117e-06
  2.1834282e-07
 -3.7866243e-06
  3.2931746e-06
  5.3770424e-07
  2.7221599e-06
  9.3102781e-06
  3.8081023e-06
 -7.9224199e-05
  1.9375348e-05
  1.1384276e-05
 -9.2492837e-07
  1.1257415e-05
 -2.2600461e-03
  3.6774313e-06
  8.7108501e-06
 -1.3308158e-05
  4.0809996e-06
 -8.7286735e-06
  4.9081709e-06
 -5.2515526e-05
 -8.1124435e-06
 -8.0560776e-06
 -4.4903656e-05
 -1.7208662e-06
  5.1212213e-05
  1.0230621e-04
  2.2766284e-05
 -1.2326275e-04
 -1.8225735e-05
 -1.0456538e-05
 -7.1480181e-06
 -2.9235796e-06
 -5.9434178e-06
  1.3876258e-05
 -2.7236749e-05
 -2.3481458e-05
 -5.7395109e-06
 -1.8354671e-05
  9.2703094e-06
  1.5895837e-05
  1.4709535e-05
  4.3451834e-07
 -2.6722431e-05
 -3.2522350e-06
  1.3484723e-05
  1.1078642e-07
  4.1426097e-06
  6.5546133e-06
 -1.3752503e-04
 -3.2865248e-06
  1.5588252e-05
 -1.1104114e-06
 -6.7939609e-06
 -1.0300954e-04
 -3.9082415e-06
 -1.1141203e-05
 -1.6656999e-05
  1.6664510e-04
 -2.1455003e-06
  9.7320726e-06
  1.7582533e-05
 -1.4337505e-05
  5.3108001e-06
 -2.8763710e-05
 -5.9833037e-06
  8.7585086e-06
 -2.3140090e-06
  1.7565103e-06
  7.3403926e-06
 -4.1981070e-06
 -1.4583260e-06
  3.7445454e-06
 -1.0579303e-06
  1.7470300e-05
 -4.7057574e-06
 -2.0814412e-05
  4.9672028e-01
 -8.3509064e-01
  1.2152208e+00
 -3.8878584e-06
 -4.6431828e-01
 -1.9284694e-02
  7.5036514e-01
  2.5921622e-03
 -6.9479279e-02
 -1.2747490e-01
 -2.0404186e-03
 -3.6391431e-01
 -7.5167759e-06
 -6.8455413e-02
  1.6953301e-05
 -2.1794855e-03
 -2.1081664e-04
 -6.9844100e-05
  4.1601270e-01
 -1.5276224e-06
  9.9435805e-05
  1.1127069e-01
 -1.1542451e-04
  1.2012234e-01
  6.6924658e-06
 -8.7477056e-06
 -2.3663253e-05
 -7.3124124e-06
  4.0310391e-05
  2.9695839e-06
 -7.9640558e-06
 -8.9400987e-07
  1.1046389e-05
 -4.8076645e-06
  3.6446536e-06
 -1.5143670e-06
 -2.9822465e-06
  1.0017480e-04
 -7.9901611e-06
 -6.2424233e-06
  8.4651992e-06
  3.2047279e-05
 -2.6407022e-05
 -1.1607578e-05
  4.0116970e-06
  3.8482390e-06
 -9.2378077e-06
  6.1639544e-04
 -1.8425908e-05
 -8.7238273e-05
 -4.0836585e-06
 -5.3903819e-05
  1.0542377e-06
 -3.6079550e-06
  1.7444861e-05
  2.0791042e-06
  1.4465932e-04
 -2.1443329e-06
 -8.5170286e-05
  6.4131109e-06
  1.5139722e-06
 -1.0814485e-05
  1.9158468e-05
  1.6900129e-04
 -2.2001202e-06
 -2.8570830e-06
 -6.5803315e-06
 -8.8003702e-07
  7.3569113e-06
  2.8256775e-06
 -1.2016757e-06
  3.6000108e-06
  2.0208793e-06
  1.5893633e-05
 -3.8224293e-06
  2.8590597e-05
  8.6744870e-07
  3.0731466e-05
  5.1671259e-06
  2.7162368e-06
  4.9629432e-07
 -4.6125997e-06
  5.6328231e-06
  1.5264294e-04
 -2.7355452e-06
  4.7457484e-06
 -6.9034945e-06
 -1.1703654e-05
  2.2585732e-07
  1.1109460e-06
 -1.5230387e-01
  1.5717107e-05
 -4.7396197e-06
  2.1053181e-04
 -6.0766974e-06
 -1.0539307e-05
  2.1738571e-05
 -2.8970926e-05
  1.3518713e-04
  5.5569689e-07
  1.1453542e-05
 -1.1120547e-07
  5.8703877e-06
 -1.5084719e-07
  9.8215814e-06
  1.6104298e-02
  1.6331249e-05
 -8.9498280e-07
 -3.9005458e-06
  1.6214446e-05
 -7.6291798e-07
  1.6616457e-05
  3.5093002e-05
 -9.3675917e-06
  9.3792092e-05
 -1.1543726e-04
  1.2740917e-05
  9.1133306e-06
 -4.1931192e-04
  8.0016020e-05
 -3.8852071e-05
  8.3722498e-06
 -3.3208599e-07
 -3.6998682e-07
 -5.5692667e-06
  1.0402929e-05
 -3.2438609e-05
 -5.0820950e-06
 -2.8957395e-05
 -1.8963396e-05
 -1.4263160e-04
 -9.1619822e-06
 -9.2381279e-06
  2.1153103e-06
 -2.2582879e-04
 -1.2002352e-05
  2.7397681e-07
  2.0969318e-07
 -5.9832990e-05
  6.8100981e-08
  1.2899192e-06
 -4.3586497e-06
 -1.7854203e-05
  3.3047666e-06
 -4.5499223e-06
  6.1863093e-06
  6.6780217e-07
 -4.2691008e-06
  1.5161250e-07
  3.1871808e-04
  1.3530992e-04
  1.1931539e-05
 -4.0266798e-07
 -6.8801601e-06
 -8.1927483e-06
 -1.4650962e-05
 -6.4483552e-06
  5.6401518e-06
 -6.6292720e-05
  1.6318054e-06
 -9.2287326e-07
 -3.5535129e-06
 -8.4705289e-06
  1.1933714e-06
  9.5861571e-07
 -1.1644094e-05
  8.0790356e-05
 -7.4312175e-06
 -1.9322160e-05
  8.2610413e-06
  6.2478234e-06
  8.7814682e-05
  2.9184744e-06
  1.7544431e-05
  1.7458431e-05
  1.4626426e-06
 -1.6347101e-05
  1.7003504e-05
 -6.6008101e-06
  2.0519850e-05
  3.9277878e-02
  9.5526737e-01
  7.1371317e-02
  2.4108231e-01
  3.7541565e-01
  2.1566662e-01
  2.5011328e-01
 -1.7192055e-01
  3.1475892e-04
  2.8436431e-01
  4.8114517e-01
  2.6219788e-01
 -1.0368905e-04
 -3.8277769e-05
 -1.2181254e-06
  1.7250352e-01
  1.9394112e-01
  6.4768381e-02
  1.2466567e-02
  1.6829961e-04
  9.7906995e-01
 -1.1171702e-04
  8.8677385e-05
 -9.9127116e-03
  9.6985692e-04
 -2.6480913e-05
  8.6169486e-05
  2.7480670e-05
 -8.6256623e-04
 -1.8773900e-06
  6.3271973e-06
 -1.4132072e-04
  1.3523769e-05
  1.9186644e-05
  8.0330092e-06
  1.1392260e-05
  1.0267826e-07
  1.6499628e-06
  2.4860306e-05
  4.2294664e-06
 -4.2980532e-06
 -8.1317939e-06
 -5.2203200e-06
  3.2883638e-06
 -4.9453473e-07
 -2.0559585e-06
  8.9255891e-06
  5.9836757e-06
  1.8995284e-05
 -5.5203654e-05
  2.0714519e-04
 -5.5910305e-06
  4.3748523e-06
  8.9470137e-05
 -2.7639784e-05
  8.9763745e-07
  2.3599434e-06
  7.7804161e-06
  1.0605548e-05
 -7.1675977e-06
 -7.8170189e-05
 -1.1540818e+00
 -6.8672287e-01
  1.0726017e-06
 -8.9530241e-01
  4.8170100e-06
 -1.0374459e+00
 -9.4643309e-07
  6.5989355e-03
 -5.7494145e-02
  4.4165870e-05
 -4.7808476e-06
 -2.8940058e-06
 -8.9601208e-06
  9.4115870e-07
 -7.9703063e-01
 -6.3614561e-06
 -6.2020636e-01
 -3.9858007e-01
  8.0547034e-05
 -3.6448333e-01
 -1.1107652e-03
 -1.8150766e-05
 -3.3591250e-01
 -2.1932011e-03
  1.1642961e-06
 -2.7436872e-05
  8.8913712e-06
  2.5423963e-06
  2.5365728e-06
 -8.1054823e-06
  9.0883213e-06
 -1.4479005e-05
 -5.9645125e-05
 -1.5548769e-05
 -6.7951778e-06
 -5.3232352e-06
  1.3970911e-06
  5.3731505e-06
  2.6950000e-05
 -1.6028249e-05
 -6.0994143e-06
  6.0491270e-06
 -4.9413134e-06
  3.0535432e-06
 -6.2839467e-06
 -6.1548279e-05
  1.0496195e-05
  1.2982596e-04
  1.3369524e-05
 -1.7336758e-06
  4.2536260e-05
  1.5997570e-05
 -2.3452949e-05
 -2.8966517e-05
 -7.8050922e-05
 -1.1256191e-05
 -8.5691454e-07
  4.8272028e-05
 -5.2490668e-06
  7.2363544e-01
  5.1247030e-01
 -3.5046402e-01
  2.1004164e-05
  3.7089014e-01
  8.0173711e-05
 -2.8992334e-05
 -1.2305252e-05
 -1.2025861e-05
  3.0998387e-03
  4.0024497e-06
 -4.1441194e-06
  3.8771850e-06
 -1.9440035e-04
  1.1607103e-05
  9.1735490e-02
  3.0330682e-04
  7.4931762e-05
  9.4049079e-03
  2.5511935e-04
  1.0707095e-02
 -8.4312087e-06
 -2.7340504e-06
 -7.9252938e-04
  1.0662871e-04
 -3.5545556e-05
 -1.8653334e-05
  3.9779720e-06
 -4.0030752e-08
 -6.9050129e-06
  9.2574781e-01
 -2.2206603e-01
  7.0566088e-02
 -1.9133640e-05
 -5.3004283e-02
  4.8920676e-05
  1.2144630e-03
  7.9304539e-02
  3.6609755e-04
 -3.0996555e-03
 -2.2004832e-01
 -1.5631235e-01
  3.0466437e-04
 -3.0672550e-02
 -1.6324690e-06
 -2.5979885e-05
 -2.7037136e-06
 -5.8651553e-06
  1.8859325e-03
 -3.6349174e-06
 -6.0791112e-03
  4.9906635e-06
  1.3992301e-06
  9.5878877e-02
 -1.2075139e-07
  1.3773663e-05
  8.4978687e-08
 -4.5467332e-06
  1.9723648e-05
 -2.2771723e-05
  9.7768092e-01
  2.4038193e+00
  9.4600546e-01
 -2.7792318e+00
  3.5810449e+00
 -1.9887670e-05
 -1.0121995e-01
  1.6218723e+00
 -5.4413177e-02
 -1.2972912e-01
  9.6116582e-06
 -4.8042724e-01
  6.2674092e-04
  1.3406231e-04
 -7.0386237e-01
 -2.6489940e-02
 -2.4947400e-01
  2.3124346e-01
  8.4208447e-01
 -2.5696143e-05
 -7.4771088e-01
  8.6527034e-06
 -2.4215683e-01
  1.8320333e+00
 -2.1397154e-01
  5.6990497e-02
 -2.8848445e-01
  2.0605283e-07
  4.7890630e-01
  1.9262622e-04
 -3.9164315e-05
  3.2742771e-06
 -1.7815230e-05
  6.6749686e-05
  1.0449847e-05
 -8.2406143e-07
  1.9403484e-05
  5.3539843e-05
 -1.0357257e-05
  2.2317119e-05
 -7.1744886e-05
 -4.2205203e-05
 -1.2204176e-05
  4.9038931e-06
  5.8959807e-07
  1.2638401e-05
 -2.5128902e-05
  3.2994853e-05
 -1.8807410e-05
  1.1647541e-04
 -4.1030202e-05
  1.8414306e-05
 -2.5205670e-03
  5.1719802e-05
 -4.5079792e-05
  4.7050642e-07
  4.3857117e-06
  3.8082819e-06
  8.7210074e-06
 -1.2294957e-05
 -5.6490526e-06
  1.0501834e-02
  1.5454227e-01
 -6.8929720e-01
  2.0086728e-01
  5.1060212e-01
  6.8023343e-07
  2.7634951e-01
  2.4160431e-06
 -1.2411871e-05
  6.8415928e-01
 -9.7034786e-07
 -1.4973909e-01
  5.5022028e-06
  7.7762073e-03
 -5.3323106e-06
 -5.0396714e-02
  2.8558696e-07
 -1.7734108e-06
 -2.4458525e-01
 -2.0578831e-05
 -2.9906189e-05
  1.9731186e-01
  2.3886616e-06
 -5.1477027e-01
  5.2085779e-06
  4.6950680e-01
 -4.3879014e-01
 -3.1201026e-01
  1.7312811e-03
 -7.5739845e-05
 -3.2466989e+00
 -1.5025842e+00
  1.8922822e+00
 -1.4267792e+00
  3.3759346e+00
  7.8498388e-06
 -2.0288239e+00
  4.5955339e-06
 -5.2407424e-05
  1.5845416e+00
 -4.7662852e-06
 -1.1232114e-05
 -2.2690128e-05
 -2.9136547e-01
  1.5986319e-05
 -2.1931214e+00
 -8.9460383e-07
  1.0109121e-05
  2.8617758e-01
  2.2014642e-06
  1.2976016e-05
  1.6523325e+00
  1.2186552e-04
 -1.2250984e+00
  1.5734753e-05
  1.0685714e+00
 -1.5192537e+00
 -3.1263287e+00
 -4.2871180e-01
  1.2322568e-01
 -3.4250450e-01
 -3.3961889e-05
 -1.5663987e-01
  4.7094068e-01
  1.2030833e-03
  5.3647887e-02
 -1.5554500e-06
 -1.1225592e-01
 -6.1910415e-01
  1.2704373e-07
  4.2853950e-05
  1.3308581e-05
 -1.1416887e+00
 -7.0921219e-06
  1.4070011e-05
  1.1425936e-05
  2.7363678e-05
  2.3931654e-02
 -5.2686904e-05
  2.7213664e-05
 -6.4453025e-06
 -4.3109276e-06
 -5.3391245e-06
  4.3283610e-05
  5.2861315e-06
  8.2802617e-05
  2.1342716e-05
 -6.9217283e-05
 -1.5828651e-05
  7.2591915e-06
  1.5467780e+00
 -1.4527125e-03
  1.0266294e-03
  3.3006214e-05
  2.8227040e-01
  1.2170854e+00
  2.5925347e-05
  5.7965908e-03
 -2.4506253e-01
  3.7528377e-02
 -3.4821935e-03
  2.1103691e-02
 -1.8788759e-01
 -6.0165936e-01
 -2.4597383e-01
  5.4277259e-01
 -1.6322523e-01
  4.2577115e-01
 -5.5547902e-05
 -9.1707185e-02
 -2.5828229e-04
 -2.7930230e-01
  5.5983691e-07
 -3.1340742e-01
 -6.9539845e-02
 -4.9326427e-05
  7.1898877e-04
  6.7184615e-01
 -1.9493254e-01
  1.0016295e-05
  4.6605652e-05
  4.0420323e-06
 -3.5509998e-05
 -3.5229823e-05
  2.7001037e-05
  2.1274386e-06
 -3.9109458e-05
  1.4359262e-06
  7.2229427e-06
 -3.8643876e-07
  1.5590667e-05
  9.4501571e-05
  6.7805748e-05
 -3.0240026e-05
  3.7825230e-05
  1.0496013e-06
  8.1049975e-06
 -2.2011331e-05
 -2.9603343e-05
 -1.1674960e-05
  2.9947916e-05
 -5.6905301e-05
 -1.8346967e-05
  9.8821929e-06
 -1.2688966e-05
 -4.5202914e-06
 -3.5920591e-05
 -2.1344127e-05
  9.3714280e-06
 -3.4479617e-05
  1.1301397e-06
 -3.5750434e-06
 -2.8121947e-05
 -7.9931015e-06
  2.6944756e-06
 -4.1244784e-06
 -1.5283837e-05
 -1.0668116e-05
  6.0788652e-06
 -4.8391565e-05
 -1.1528623e-05
 -5.1240895e-06
 -5.6778455e-05
  1.5769778e-04
 -4.3864922e-05
  4.3584638e-05
 -6.8252026e-05
  4.7939870e-06
 -5.8869464e-06
 -1.3352844e-05
  1.8861660e-05
 -1.3478739e-06
  2.6844458e-05
 -8.4922040e-06
  1.5755397e-05
 -2.5695414e-05
  3.8336377e-05
 -2.5198096e-05
 -1.3158936e-05
 -2.0182607e-01
 -1.5946802e-01
  1.8248889e-01
  8.6741555e-01
  1.3061009e-03
 -1.0129927e+00
  8.8006526e-02
 -1.0791177e-01
  5.1685780e-01
 -5.6018060e-01
  4.1561980e-02
  7.5335383e-01
  8.1902921e-02
 -4.5473358e-01
 -1.2899893e-06
  2.4422511e-06
  3.8776247e-04
 -1.2133603e+00
 -6.8864536e-01
  5.9504800e-06
 -1.4489205e-01
 -3.9664792e-06
 -2.2762363e-01
 -1.4573918e-05
 -3.1287387e-02
 -6.6321205e-05
 -6.2007401e-02
  1.6770622e-01
  1.6128337e+00
 -2.5676715e-03
 -3.2523010e-05
 -6.0514572e-05
 -4.2905704e-05
 -5.7812185e-06
 -2.4309453e-05
 -1.1825714e-04
  2.9765812e-05
  7.0472328e-05
 -2.0217915e-06
  4.7907364e-05
 -2.3953342e-05
 -1.3749034e-05
  3.4318447e-05
  1.5068532e-04
  1.4487293e-04
  7.3748590e-05
 -2.4370647e-05
 -5.1152695e-04
 -4.2160123e-06
  5.8061323e-07
 -2.5752817e-05
  3.1577303e-05
  3.3124717e-05
  8.1149621e-05
 -6.5338019e-05
 -3.0675444e-06
 -1.1082903e-06
  1.3321112e-05
  2.8564869e-05
 -1.0045133e-05
 -1.3879110e-05
 -5.2801150e-01
 -3.6966303e-05
 -9.6451877e-06
 -3.1982334e-05
  7.2756329e-06
  4.5107545e-06
  1.3680059e-05
 -4.0086647e-06
  2.4182124e-05
  1.9260136e-05
 -7.8550302e-06
 -6.8256122e-06
  1.4174037e-01
 -2.9252222e-05
 -7.2868843e-06
 -2.1981710e-05
 -1.0540248e-03
  1.5141895e-01
  1.1443243e-05
 -2.9420382e-05
  5.1244424e-05
 -3.5191013e-05
  5.8309255e-05
  1.0678187e-05
  1.5981021e-05
 -4.7625355e-05
  6.2542116e-05
  1.6713881e-05
  1.4598631e-05
  2.0210423e+00
  8.7567806e-01
 -3.7195107e-01
 -1.5899359e+00
  2.9484982e+00
 -3.9147162e-01
  6.3091256e-02
 -4.2240018e-01
  7.2863229e-02
 -3.9103743e-02
  1.2022640e+00
  8.1044056e-02
 -6.4172953e-01
  8.4356904e-01
  1.0962150e+00
  1.2823953e-01
 -2.5674379e+00
 -7.4094445e-01
  7.1724087e-01
  1.3082758e-01
  2.9466933e-01
  2.8616748e-06
  4.6439764e-01
  9.5937085e-01
  3.2601492e-05
 -7.3375895e-06
 -4.4639143e-01
 -2.2479323e-01
 -6.7642975e-01
 -1.0087370e-01
 -8.5277611e-01
 -1.3375694e+00
 -9.8765761e-01
  9.4758499e-01
 -9.2164779e-01
 -7.3338807e-02
 -1.7466725e-01
 -8.4169529e-02
  1.4062761e+00
 -7.3423773e-01
 -5.8512926e-01
  2.2063906e+00
 -4.6445485e-02
  2.4632616e-01
 -3.8022444e-02
 -3.7005675e-01
 -3.9615571e-01
  4.2066920e-01
 -1.3900577e-01
 -2.9582515e-01
 -1.8452553e+00
  2.9037294e-01
 -1.2013109e+00
 -1.2111268e+00
 -6.0072488e-01
  6.1252165e-01
 -1.9789332e-01
  1.9379431e-01
 -1.0835652e+00
  4.7351784e-01
  1.5903367e+00
 -2.2911626e-01
 -2.0285323e-05
  1.0043896e+00
  1.0809367e+00
 -2.7154252e-01
  1.8952088e-01
  1.7712399e-01
 -5.8554763e-01
  2.0032489e-01
 -5.8831227e-01
  1.4015741e+00
  8.9053619e-01
 -2.3602374e-01
  2.2133414e-01
 -9.1595620e-01
  4.0527329e-01
  1.6341878e-01
 -4.2442527e-01
  1.7129120e+00
  3.0563590e-01
 -5.1980978e-01
  3.7660614e-01
  1.3677768e+00
  1.1305741e+00
 -1.3378168e-02
  8.8535833e-01
 -1.5112691e-02
  1.4454459e+00
 -3.2455649e-05
 -5.3811818e-01
  2.3263447e-02
  1.1388223e-02
 -2.1225734e-01
  1.4640017e+00
 -6.7872679e-01
  7.4071163e-01
  9.8345339e-01
  5.1123679e-01
 -5.7946634e-01
  1.0653111e+00
 -4.0928982e-02
  3.9138767e-01
 -2.0692351e-01
  2.9743922e-01
  9.1118924e-02
  1.3791671e-01
  7.8524667e-01
 -4.5615414e-01
  7.8005695e-01
  9.0582226e-04
 -1.1367533e-04
  2.0662691e-01
 -4.1173759e-01
  5.3669065e-01
  1.1265378e-04
  2.5102834e-04
  2.0006137e-05
 -7.9182081e-02
  2.0584945e-01
 -1.6068550e-05
 -6.2792992e-06
 -2.5092677e-05
 -1.8253209e-05
 -5.6034660e-05
  3.2532342e-05
 -1.5301668e-05
  9.1229122e-06
  2.7207203e-05
 -3.2178556e-05
 -4.7700112e-05
 -1.1016632e-05
  4.1311073e-06
  7.9801039e-06
  1.8633205e-04
  1.8642573e-05
  3.7306821e-05
  3.9169672e-06
 -1.4008415e-06
  5.1530465e-06
  8.5983575e-06
 -1.4681494e-05
  1.0781570e-05
 -2.7477567e-04
  7.4383770e-06
  3.0018071e-05
 -1.0978098e-06
 -8.4512039e-06
  1.0105156e-05
  1.4763074e-05
  2.5886965e-01
  1.1198378e+00
  8.4815605e-05
 -1.2476039e-01
 -1.6503177e-04
  1.0852989e-01
  7.1728237e-02
 -5.6444633e-01
  1.3501740e-01
  1.0642956e-06
 -8.9916302e-06
  1.4894965e-04
  1.8196461e-01
 -1.2896681e+00
 -4.5416670e-07
 -6.0692378e-06
  1.5627962e-01
  1.4235114e-06
  4.8555985e-01
 -5.1805165e-07
  3.7229052e-05
  4.0293330e-06
  5.8647998e-05
 -1.4964286e-06
  4.0478368e-05
 -1.5189469e-05
  4.8471129e-04
 -1.2274268e-05
 -3.0249822e-01
 -3.0020042e-04
  2.7623573e-01
 -7.1265757e-01
 -8.0389589e-01
  2.8274124e+00
  3.7027549e-02
 -3.0656105e-01
  7.2287351e-02
 -4.2868584e-01
  1.0185089e+00
  9.2463948e-02
  1.0457835e+00
  1.0912658e+00
 -7.5356168e-01
  2.3021243e+00
 -2.5619924e-01
 -9.4102815e-02
  3.1720704e-01
  2.5300708e-01
  8.2640809e-01
  1.2064556e-01
  5.7481205e-01
  6.0372304e-06
  2.0088837e-03
 -2.4440946e-01
  4.7366869e-01
  2.8537071e-01
  6.6956677e-02
 -5.4937482e-02
  5.3560850e-03
 -3.0384353e-01
 -1.7740622e-03
  2.3451017e-03
  1.2767927e-01
 -1.2948283e+00
 -1.1147511e-04
 -4.7531318e-02
 -4.2694509e-02
  5.1616323e-01
 -2.0798920e-01
  1.1885376e+00
  1.1729047e-01
 -1.8694920e-04
 -1.2582363e-02
 -1.1919739e+00
  1.0524015e+00
  3.2844637e-06
  1.2494312e-05
  6.8086112e-05
  1.1209013e+00
  2.9989412e-01
  5.7613956e-06
 -4.6847576e-06
  2.0678519e-04
 -1.4905409e-05
  6.6374335e-04
  1.0092595e-01
  7.8543148e-05
 -2.3423671e-04
 -8.0177590e-02
  5.6295538e-01
  8.1778812e-01
  6.3107568e-01
  1.0703948e+00
  4.7221354e-07
 -1.8859212e-01
  9.3954629e-01
 -1.1527030e-01
 -5.4490495e-01
  3.9115634e-02
  2.5653762e-01
  6.5640879e-01
 -2.4320798e-01
  4.4041102e-05
  9.1066277e-01
  1.3527212e+00
 -3.1679692e-03
 -5.8352644e-08
  7.1811111e-05
 -2.0411903e-01
 -5.2914543e-06
 -1.9605828e-05
  3.8106157e-06
  1.3587798e-05
 -2.8435529e-06
  7.7866440e-05
  2.8821141e-01
  2.0588062e-05
 -1.3357340e-05
 -1.0760638e+00
  1.5859096e-01
  9.3701856e-06
 -9.4871197e-05
  7.8865505e-06
  2.5311661e-05
 -2.1466221e-05
 -1.2772028e-05
  4.8056143e-07
 -2.3265584e-05
 -1.3455134e-04
  3.5162752e-06
  1.9748641e-05
 -8.4371395e-06
  6.1401006e-05
  6.5396562e-05
  4.8676557e-05
 -1.0381474e-04
 -1.0391700e-05
  2.8354081e-05
  1.9329236e-05
  1.6321818e-04
  1.1441759e-05
  1.7447166e-05
  5.5846074e-05
  1.8179524e-05
  7.0504557e-06
 -4.6314188e-05
 -3.3018088e-05
  1.6011591e-05
  7.8826470e-06
 -6.6407665e-06
 -1.1020358e-05
  5.6810882e-06
  3.7206977e-05
  1.1875818e-06
 -1.7873566e-05
  8.1465014e-06
  1.5254474e-05
 -1.8948815e-05
  5.9009949e-06
 -1.3535050e-05
 -7.1319237e-06
  7.1571245e-05
 -5.5051491e-06
  1.6505722e-06
  2.3480976e-05
  2.4101462e-05
  1.2859158e-05
 -2.6295845e-06
  6.8494919e-06
  4.8985362e-06
 -1.4479914e-04
 -2.4896053e-05
  7.3644810e-06
 -1.6735766e-04
 -1.9219888e-05
  3.3745985e-06
  3.2660778e-06
  8.9393150e-05
 -1.9208777e-04
 -5.7389043e-06
 -2.3106588e-01
 -5.9710244e-05
  3.5446863e-06
  2.2310121e-01
 -9.1240336e-06
  2.6258054e-01
  2.1154472e-05
 -5.8993832e-05
  1.1755845e-01
  1.4113972e-06
 -3.0250067e-06
  4.1955431e-05
  1.6037787e-06
  8.9479560e-01
 -2.4569039e-05
 -4.2355736e-05
 -3.9608012e-06
 -5.8235022e-05
  1.6878623e-01
  3.4552477e-07
 -1.8614913e-04
  3.1874704e-04
 -9.7619218e-04
  4.3610067e-04
 -1.8231003e-04
  8.9143059e-06
 -1.0582296e-03
 -8.1533835e-06
  2.4930644e-03
  8.9808447e-05
 -1.7799108e-01
  4.9766150e-01
 -3.0455956e-05
  4.1171006e-06
 -2.6959464e-01
 -2.4134152e-07
 -2.9579971e-03
  1.3331005e-01
  1.0048331e+00
  4.3325076e-01
  1.2304403e-06
  2.7216750e-01
 -1.4240769e-05
  1.2368491e+00
 -1.3411966e-05
 -2.3342067e-05
 -3.2359651e-05
 -1.8398076e-05
 -1.0678043e-02
  1.4985447e-05
 -1.9893236e-05
  2.9096151e-05
 -7.4050593e-05
  8.5016392e-05
 -5.9766175e-05
  4.7853507e-07
 -5.4993776e-05
 -5.4281154e-06
 -5.9568974e-06
  2.6321643e-05
  2.5869152e-04
  1.0791787e-02
 -2.2666857e-06
 -1.2965814e-05
  5.1813577e-06
 -3.9151328e-06
  2.9148766e-06
  1.7944009e-05
 -8.0631353e-06
  2.3169372e-05
  3.1820591e-06
  3.4198903e-05
 -2.9358345e-05
  6.0213443e-07
  6.4429923e-07
  2.0322266e-05
  3.6410052e-05
 -8.6088048e-06
  8.7952785e-06
 -2.5044179e-05
  2.3121882e-05
  9.4435536e-06
 -2.5421781e-05
  9.5629721e-06
 -4.1997364e-06
 -1.1271554e-06
 -1.0789540e-05
 -2.7431656e-06
 -1.1086097e-05
 -2.6041444e-05
  1.8455741e+00
  8.6858058e-01
  8.0342948e-02
 -2.2189306e-01
 -9.5949704e-03
  3.6484301e-01
  4.1923779e-01
 -7.0847434e-01
  1.3429107e-01
 -7.7383491e-05
  2.4325550e-06
 -9.9651588e-05
  1.0150491e+00
 -9.5123851e-01
  4.1393018e-03
  2.8149558e-05
  2.1781443e-01
  3.8412288e-02
  5.8657207e-02
  3.8189605e-01
 -1.5156359e-05
  1.5988780e-05
 -1.2921784e-05
 -2.8082079e-01
  3.7593029e-05
 -1.6435493e-04
  1.0057693e-01
 -3.6334884e-04
  1.6718850e-05
  5.6217750e-06
 -1.2012958e-01
 -1.2944800e+00
 -2.0020392e-03
  1.2985754e+00
  1.3389660e-01
  1.3316031e-01
 -5.2728246e-06
 -6.3328862e-01
 -1.2596905e+00
  4.0773210e-01
 -5.5766940e-01
  1.3368131e-05
 -5.1130414e-01
  1.8120754e+00
 -2.3185723e-01
 -8.7513193e-02
  4.1240372e-05
 -4.4518265e-01
  5.5787987e-01
  3.5295205e-09
 -4.4886027e-03
 -4.4005146e-04
 -1.7390341e-02
  4.7932144e-06
 -7.1216964e-05
 -2.6263120e-02
 -1.1439737e-04
  2.3965549e-05
  1.0554184e-01
 -3.2317821e-05
 -2.0944383e+00
  7.8629023e-01
 -5.1255543e-06
  2.4359102e+00
  1.8238660e-02
  2.1993501e-01
  7.7137285e-01
  1.2548529e-01
  3.1113717e-01
 -2.6144111e-01
 -1.6504088e-02
  2.2486558e+00
  1.2953110e-01
  1.4494879e+00
 -1.3945621e-04
  6.6698676e-01
  1.6543241e-01
 -4.8364472e-01
  8.9079893e-01
  6.4412642e-01
 -1.2235282e-01
 -2.1728918e-06
 -2.3652713e-03
  2.5259498e-01
 -1.3404482e-06
 -1.1406581e-05
 -3.8775170e-01
  2.6372916e-01
 -9.5066592e-02
 -4.7767294e-06
  5.6110886e-05
 -2.2841536e-05
  3.8733964e-05
  1.8825534e-06
  3.3612374e-05
 -3.5030371e-06
 -2.2372375e-05
  1.1851201e-04
  2.1402753e-05
  1.5881455e-05
 -1.4252207e-05
  2.3010443e-05
 -1.1279767e-05
  1.6080621e-05
  1.5026750e-05
 -2.5873160e-06
  6.2248655e-06
  1.1356537e-04
 -6.6828565e-05
 -1.5155988e-05
 -2.0279952e-06
  1.0773243e-05
 -6.2284539e-06
 -1.0298290e-05
  4.9581799e-06
  2.8256502e-05
  3.9487625e-03
 -1.8714494e-05
 -2.3842087e-05
  9.6781787e-06
  8.7159671e-02
 -2.0613641e-01
  6.2285903e-06
 -1.1299607e+00
  7.1548897e-01
 -3.8751897e-03
 -1.3761629e+00
  2.3757239e-01
  2.4902818e-01
 -1.1131439e-01
 -9.2525020e-02
  1.2446716e-01
 -5.4669905e-01
  6.5328217e-01
  3.9474111e-05
 -6.9374961e-05
 -1.1899636e-01
  8.1192120e-06
 -2.2129519e-01
 -3.9549409e-06
  6.1822197e-05
  8.7900407e-06
  1.5971667e-01
 -5.9537197e-06
  6.7386054e-02
  2.8408445e-05
  1.4525012e-06
 -1.6147136e-05
 -6.0681629e-01
  3.5510179e-02
 -3.9212498e-01
  1.3238068e-01
 -8.4017878e-03
  1.7592730e-01
 -1.0731073e-01
 -9.5027149e-01
 -1.3627024e-02
  1.7704712e-01
  9.5979851e-01
  2.6790444e-02
  4.6971044e-01
  9.5810449e-01
  2.6052727e-03
 -2.9253131e-01
 -3.2917203e-05
  7.0823851e-05
 -1.5081289e-04
 -1.5467747e-01
  5.3022239e-02
  4.4085518e-06
 -6.9675393e-02
 -6.7993424e-06
 -6.1099115e-04
  5.7014811e-01
  1.3252328e-05
  3.7130681e-05
 -3.4723115e-01
  4.3587435e-05
  3.5574022e-01
 -1.3237711e-05
  1.1466242e-05
 -4.1980720e-06
  1.2508689e-05
  6.3972708e-05
 -4.2361644e-05
  5.7447342e-06
 -9.8632008e-05
  1.0181193e-05
 -2.6473159e-05
 -3.4089473e-05
 -3.7673781e-05
  1.2467174e-05
 -7.4615809e-06
  1.1745370e-04
  1.1363596e-05
 -1.1263351e-05
 -1.6817185e-07
  1.8006253e-06
  3.5302452e-05
  8.3565965e-06
 -5.1056932e-06
 -1.0031477e-05
  1.1795298e-04
  3.9431849e-05
 -5.5603348e-05
  5.6887424e-05
 -9.7490984e-06
  3.8319526e-05
  4.3340337e-06
  7.5228888e-07
 -5.3286835e-06
  5.8436990e-06
 -5.1412830e-05
  3.6146943e-05
 -1.1073592e-05
 -2.2217879e-05
 -2.5561241e-07
 -5.0009508e-04
  8.4260819e-06
  4.2164579e-06
  1.7554310e-04
 -8.1738772e-06
  2.6925447e-05
 -8.5193790e-07
  2.0122852e-05
 -2.9971501e-05
 -3.9334532e-06
  6.3074389e-05
  1.6397526e-05
  2.2978681e-06
 -1.3352567e-05
  2.0380755e-06
 -1.6821079e-05
  7.9151660e-06
 -8.9262321e-06
 -1.5022669e-05
  3.0341246e-06
  1.2316208e-05
 -1.1420068e-05
 -3.2148368e-05
 -1.9343944e-01
 -7.1218646e-01
 -1.3721423e-01
 -5.2181327e-01
  1.8959129e-02
 -1.6802999e-01
  4.9501737e-06
 -3.1100871e-04
  6.1653927e-02
  5.8538270e-01
 -1.3246648e-04
 -1.0636161e-01
 -4.9343690e-01
  5.3925431e-01
 -5.7229155e-01
 -3.0470368e-05
 -2.7849603e-06
 -2.2235070e-01
  5.6305975e-01
  9.1802052e-05
 -1.3758345e-01
  6.0461491e-04
 -4.2136025e-02
  3.2539153e-06
 -2.4728992e-03
 -1.4774980e-04
 -1.5998651e-01
  6.7800083e-06
  1.2053492e-02
 -6.2902673e-04
  5.6073016e-01
  1.1658062e+00
  1.8037228e-05
  9.9817034e-06
 -3.6085114e-01
 -2.6193089e-05
  2.0516984e-04
 -8.4121960e-01
  1.7929114e-03
  3.6275560e-01
  1.1529318e+00
 -1.7152899e-05
 -2.8480661e-01
  6.0910344e-01
  9.8590368e-01
  1.3502814e+00
 -7.3039228e-06
  2.8731289e-05
 -5.2720469e-01
  8.8416627e-03
  5.2800642e-05
 -4.9032843e-01
 -4.7159266e-01
  3.0813655e-01
 -1.1796665e-05
 -4.7630975e-01
 -1.8210906e-01
 -2.9021205e-05
 -1.4405206e-05
  1.8156929e-01
  8.5064697e-01
 -9.2504132e-01
  8.3243772e-02
 -5.6541150e-05
 -7.6610816e-01
 -1.4087117e-01
 -3.6632574e-01
  2.4513712e+00
 -2.0567617e+00
  1.8416245e+00
  1.9215542e+00
 -7.9005667e-06
  5.4779834e-01
  1.8768461e+00
  7.8667015e-01
  5.4519367e-01
 -4.0922132e-06
  4.3560649e-05
 -7.1415275e-01
 -3.8661659e-01
 -1.8406076e-04
  6.3277602e-01
 -5.3045946e-01
 -1.8598201e+00
  7.1420152e-05
  8.2334340e-01
 -9.1791511e-01
  1.2871616e-05
  6.4047545e-06
 -7.4246436e-01
 -3.3713706e+00
  8.6156732e-01
  3.3450729e-01
 -6.3086450e-01
  5.3664124e-01
 -6.7596751e-01
 -6.2028921e-01
 -1.3486543e+00
  6.5028888e-01
  6.2308196e-02
  7.3555261e-01
  5.5647273e-02
 -7.1610235e-02
 -3.9433912e-06
 -4.7622791e-05
  3.5776481e-02
 -2.0764269e-01
  8.1612825e-06
  1.2387524e+00
 -1.8718122e+00
 -7.9893982e-01
  1.1575974e+00
  7.0734799e-01
  1.3644521e-02
 -1.5231019e-01
  1.0571166e+00
  6.2344754e-01
 -1.1987300e+00
 -2.3575559e-01
  1.4818713e-01
 -1.9526515e+00
  1.8838641e-01
  8.3258444e-01
 -1.0497576e+00
  5.8051592e-01
 -4.0351638e-01
 -1.4676274e-01
  1.1308768e+00
  1.1503011e+00
 -8.2238659e-02
 -7.9659736e-03
 -2.6992443e-01
  1.5016223e+00
 -1.1421920e+00
 -8.8904530e-02
  1.8784835e+00
 -1.2811314e+00
 -2.4873455e+00
  1.7112087e+00
  2.3735094e-01
 -4.4723287e-01
  1.5136800e+00
 -9.4206440e-01
  7.4178314e-01
  8.5390741e-01
  2.9967763e-02
 -5.6932133e-01
  2.1697016e-01
  4.7194636e-01
  7.9864645e-01
 -1.6523701e+00
 -7.8148222e-01
 -1.6677549e-01
 -2.1662960e+00
  1.1353279e+00
 -8.2205820e-01
 -1.6610268e+00
  2.6443857e-03
 -1.9928629e-02
  4.2715862e-01
 -1.4115536e+00
 -2.6799625e-02
 -1.3622947e+00
  5.3215915e-01
  8.8541329e-01
 -3.7160882e-01
 -6.0601983e-02
 -7.0108717e-06
  2.5682702e+00
  3.1019914e-01
  5.5651975e-01
  8.0657989e-01
 -6.1668158e-01
 -5.5247909e-01
  4.1361669e-01
 -4.2863387e-01
 -2.9797437e+00
 -2.7174637e-01
 -1.4551846e+00
  5.9193474e-01
  1.3374299e+00
  6.1107268e-05
  6.0210423e-06
  1.0716346e-06
 -9.8766532e-07
 -9.7166657e-02
  9.2238599e-01
  2.3964698e-05
  5.7835805e-05
  4.0118030e-01
 -5.3594029e-01
 -1.1838209e-01
  3.2404107e-01
 -2.3342925e-01
 -5.6736743e-01
  2.8569722e-01
  2.1545038e-01
  2.9075506e-01
 -9.6542271e-06
 -2.2376920e-01
 -2.0474468e-04
  1.4674045e+00
 -1.1718678e+00
 -2.8664217e+00
  6.8183833e-01
  4.5879111e-05
  3.0726215e-01
  1.1720890e-01
  3.1294163e-05
  3.1038849e-06
 -1.0840291e+00
  2.7395559e-02
  2.2937224e-04
  2.4621735e+00
  4.8421448e-04
  2.6317039e-01
  8.0230725e-01
 -4.1214421e-01
 -4.1385178e-05
  5.9429079e-01
 -7.4696645e-02
 -6.7103779e-01
  1.5605023e+00
  2.6168567e-01
  3.6582237e-01
  7.0108616e-01
 -8.5837543e-01
 -3.3614323e-01
  1.9556697e-01
 -6.0390824e-01
 -3.3696997e+00
 -5.8951393e-02
  4.9413857e-01
 -1.5623844e-05
 -2.0492195e-01
 -2.4864933e-01
 -1.7171246e-01
  1.1383671e+00
 -4.0303287e-03
  2.3789328e-01
  2.7154019e-01
  4.9273154e-01
  2.2321258e-01
  1.6365577e+00
 -1.1721089e-01
  5.7177401e-01
  2.1776780e-01
 -1.7072207e+00
 -2.1651788e+00
  1.7963479e+00
  8.2277739e-01
  1.2411786e+00
 -1.1908756e-02
 -8.1600356e-06
 -1.2121153e-05
 -2.3976234e-01
 -9.3953833e-02
  1.3323438e+00
  9.7277182e-01
  2.0940889e-02
 -2.9019685e-02
 -7.2005522e-01
 -4.5499773e-06
 -2.3416760e-05
 -5.1499260e-06
 -2.0096043e-01
  1.0508795e-04
  1.1344384e-01
  1.0830711e-06
 -4.8555426e-06
  2.0294370e-05
  3.1577995e-06
 -2.0353109e-05
 -1.0208376e-05
  1.0962937e+00
  3.3010179e-01
 -9.0105963e-01
  1.0471135e-04
 -1.9774559e-05
 -4.7699530e-05
  9.8078626e-06
  2.0169932e-04
 -9.7031079e-06
 -1.4161903e+00
 -3.8591984e-01
 -1.0036336e+00
  6.9251612e-02
  6.1381688e-05
  9.5944792e-01
  1.0066511e-05
 -3.0580268e-06
 -6.9586851e-05
 -3.8176425e-02
 -6.5997839e-01
  2.1877782e+00
  1.5406529e-05
  5.4494763e-04
 -6.2610811e-01
 -9.8312432e-07
 -1.3089421e-05
 -5.8882238e-06
  4.0229106e-01
  5.6023955e-01
  1.1747944e+00
  5.7663883e-06
 -2.4926690e-05
 -3.0283146e-03
 -5.1654433e-06
 -2.9030173e-06
 -1.1179188e-04
  1.4703903e+00
  7.4679162e-03
  7.6287442e-01
  1.2498875e+00
  4.8658392e-05
  9.8581586e-06
  2.6030924e-05
  2.3384522e-05
  3.9935899e-03
 -1.6947820e+00
 -1.3958582e+00
  3.6600271e-01
  2.3559976e-05
  1.0507254e-05
  1.1195139e+00
  2.1821843e-05
 -1.3138979e-05
  2.7650838e-06
 -1.0867411e-01
 -4.9715368e-03
  3.9848691e-01
 -4.1400346e-01
 -1.8583843e-04
 -4.3138275e-03
  7.4916631e-01
  1.1299040e+00
 -1.2254690e+00
  1.0597438e+00
  5.7227039e-01
 -1.6323500e+00
 -8.1383443e-01
  1.0977175e+00
  1.1384203e+00
  3.6423994e-06
  9.6019581e-02
  8.6617365e-06
  1.5048765e+00
  5.4672968e-05
 -2.5969810e+00
  6.7820942e-01
  3.9409614e-01
 -8.8526160e-02
  2.5322184e-01
  8.6666067e-04
 -2.8988731e-01
 -2.2596998e+00
  4.6922734e-01
  8.8009059e-01
 -1.5630847e+00
  2.7484301e-01
  4.1459650e-01
  5.0922579e-01
  1.0361168e+00
  4.8371319e-02
  2.2458498e+00
  2.1229680e+00
 -1.9377461e-02
  7.8264529e-01
  1.3943003e+00
 -1.4635769e+00
  1.2316481e-02
  4.5522860e-01
  2.8789872e-01
  5.2917051e-01
  9.9346858e-01
 -1.1673955e+00
  3.6600163e+00
  4.5502228e-01
 -2.9183502e+00
  7.7565312e-02
 -5.6342392e-06
 -8.3985829e-01
 -8.9920372e-01
 -5.1594818e-01
 -1.9251117e+00
 -1.8566242e-01
  9.1467905e-01
 -5.7473230e-01
  6.0397220e-01
  1.2435681e+00
  1.0121740e+00
  2.9002482e-01
  1.2117457e+00
 -1.0084990e-01
 -1.4029413e+00
  5.5551815e-01
 -2.2901677e-01
  2.0638065e-01
  9.1998076e-01
 -3.6139181e-01
  1.7121074e+00
 -3.5138196e-01
  4.4095725e-01
  6.2752438e-01
  6.1149746e-01
 -1.8430765e+00
 -2.8770040e-03
  2.1143138e-04
 -3.2117441e-01
  1.2947688e+00
  1.8438587e+00
  1.1166228e+00
  9.7891164e-01
  8.2255507e-01
 -4.9159876e-01
 -1.4762567e+00
 -6.7701232e-01
  7.5738549e-01
 -1.6578977e+00
 -7.4746960e-01
 -1.9054778e-01
 -2.5906065e+00
 -3.3122227e-01
 -1.3854847e-02
 -2.0045868e-01
 -5.3728718e-01
 -2.5980663e-04
 -8.6600906e-01
 -1.9125441e-06
  1.2180456e+00
 -2.6751176e-02
 -2.7337278e-06
  9.9257004e-01
  3.2690150e-01
  1.9047619e-01
 -3.6434900e-02
  7.5129586e-01
 -1.1831382e-02
 -2.9325813e-01
  1.3961329e+00
 -1.6111960e-01
 -1.6670972e+00
 -2.1206801e+00
 -1.1852587e+00
  1.5213114e+00
  3.2849908e-01
 -2.6979699e+00
  1.3670334e+00
 -5.3799373e-01
 -2.1104705e+00
  8.7134719e-01
 -9.0085733e-01
 -1.2856700e+00
 -6.7612350e-02
  8.5767344e-02
 -4.9101341e-01
  1.3814974e+00
  1.2226756e+00
  4.9419684e-04
  1.3869318e+00
 -5.8446664e-01
  2.1330763e-01
 -9.5159583e-02
  5.1249093e-01
 -2.0952222e-01
 -1.4770890e+00
  1.5750907e-02
 -8.2080650e-01
  6.3627595e-01
 -7.4609184e-01
 -1.1808305e+00
 -1.8748043e+00
 -1.6526493e+00
 -2.7547708e+00
 -1.0951047e+00
 -1.2895197e+00
 -1.1159030e-01
  1.4220110e+00
 -5.8529341e-01
 -1.0271424e+00
 -6.9663441e-01
 -6.8810463e-01
 -1.6587863e+00
 -1.8288276e+00
  7.6152956e-01
  1.0790654e+00
 -9.4753391e-01
 -3.4661943e-01
 -1.1405987e+00
  1.4395378e+00
 -1.1650411e+00
 -5.5666864e-01
  6.4034718e-01
  1.2608589e+00
  1.0726944e+00
 -1.2219818e+00
  1.4251800e-06
  2.8497663e-05
  8.7901353e-06
  1.5005145e+00
  3.8941766e-06
 -1.6718727e+00
 -3.7600175e-01
 -1.3758692e+00
 -5.6045819e-02
  6.9833513e-06
  1.5985695e-05
 -4.3294431e-06
 -7.5173079e-07
 -6.0651982e-06
 -5.8948964e-01
 -4.1331854e-04
 -1.0258075e+00
 -2.9683101e-04
 -7.2250027e-06
  1.1369398e-04
 -9.1779557e-06
  1.0690295e+00
 -5.7623420e-06
  2.2176136e-01
  7.5290191e-01
  4.5315817e-01
 -1.7395012e+00
 -5.6721665e-06
 -5.8082805e-04
  1.6102156e-05
  4.4309446e-01
  1.0485554e-05
  1.7051846e-01
 -1.1641624e+00
  6.2889332e-01
 -8.6722702e-01
  3.2060841e-06
 -3.8040180e-06
 -2.5890429e-05
  1.6202090e-02
  1.4202597e-05
 -8.2308882e-01
  1.4193876e+00
 -7.2478883e-02
 -1.0891330e+00
  1.4573548e-05
  4.2749275e-06
 -9.3956663e-07
  1.5687891e+00
 -1.6277180e-06
 -5.3826463e-01
  6.7578405e-01
  9.1703802e-01
 -1.1784953e+00
  2.3444903e-05
 -1.0540301e-05
  2.1313051e-06
  8.0106411e-06
 -6.0637743e-05
 -4.4046197e-02
  2.2697064e-01
 -1.5650705e+00
 -6.7661119e-01
  3.4807301e-06
  2.1516227e-05
 -7.3876054e-06
  1.2640613e+00
  6.2714789e-06
 -7.4004278e-02
  1.8989241e-01
 -5.0977234e-02
  4.7612613e-01
  9.6792210e-06
  2.5119407e-06
 -2.8064991e-05
  2.9966637e-01
  1.0118315e-05
 -3.6455831e-01
  7.8305840e-01
  7.1067315e-01
 -2.4203286e-01
 -1.7691274e-05
 -5.0141389e-06
 -1.1418889e-05
 -4.1842213e-05
  2.6669360e-07
  1.1184914e-01
 -1.1412077e+00
  1.4924184e+00
 -3.6189601e-02
  1.1229353e-06
  1.6505783e-05
 -2.6359176e-06
  8.1701319e-06
 -1.4146747e-05
 -6.7780784e-06
  2.4943518e-05
  5.4839164e-01
 -1.0090263e-05
  3.2077862e-06
 -8.5908205e-06
  9.0264248e-06
  4.6277528e-05
 -6.4204078e-06
  9.1098201e-01
 -6.7839581e-01
  1.1649472e+00
 -1.1762269e+00
 -8.3108371e-06
  5.5069599e-05
 -8.4163376e-06
 -3.0320263e-07
 -2.3166622e-06
  3.2118404e-01
  1.6926590e-02
 -1.2114019e+00
 -3.5018501e-01
 -9.5672549e-06
  3.8475418e-06
  3.3743654e-05
  1.2311102e-03
 -3.8667426e-06
  1.2075542e+00
 -3.3691771e-02
  1.6738640e-01
  1.3915087e+00
 -6.0262002e-05
 -4.2237739e-06
 -9.6636986e-06
 -9.9271907e-05
 -1.1548629e-05
  8.4549356e-01
  4.5961452e-01
  2.2298114e+00
 -6.7394322e-01
 -5.7272176e-04
  1.0422279e-05
 -1.4753510e-05
 -3.1675943e-06
 -1.3240622e-06
  1.2064438e-01
 -1.0997031e-01
  1.4587417e-01
 -2.7456558e-01
 -5.1171519e-06
  3.9960978e-05
 -3.5748724e-06
  1.5007746e-06
  6.0326306e-06
  1.8910373e+00
 -9.7085595e-02
  3.9158785e-01
  7.4543881e-01
 -1.8049114e-06
 -6.7775275e-08
 -7.0823321e-06
 -8.6865072e-08
 -2.4011993e-05
  4.8082832e-02
  3.9923567e-01
 -5.6024128e-01
  5.1914525e-01
 -3.0880005e-06
 -9.0393274e-05
 -5.5873781e-01
 -1.3821704e-04
  3.6856341e-05
  3.9430377e-01
  1.8179402e-01
 -6.7118692e-01
 -5.6838870e-01
 -5.3121934e-05
 -2.6079462e-07
  5.7796356e-06
  1.9628658e-06
 -1.0798941e-06
  1.4396576e+00
  2.4885869e-06
  1.4031267e-04
  3.4273340e-05
 -2.1276035e-06
  1.4649991e-06
 -1.2336942e-01
 -2.0085972e-05
 -2.1162916e-06
 -5.5537713e-01
  2.5470054e-01
 -2.4148839e+00
 -1.5024522e-01
 -1.0051257e-06
 -1.1692989e-05
 -6.1815035e-01
 -6.1293990e-06
 -1.3603294e-06
  1.7392676e-01
  1.4106396e-01
  2.6200998e-01
  2.3224907e-02
  1.0785178e-05
 -6.5628255e-06
  6.6807210e-05
  8.6056934e-06
  2.6061123e-05
 -9.8615134e-01
  1.2380033e-01
 -5.1304948e-01
 -1.6669034e+00
 -9.1061947e-06
 -1.4907714e-04
 -5.0891507e-01
 -8.6062305e-02
  3.6903057e-05
  5.7471074e-02
  2.2952552e-01
  8.1722409e-01
 -8.5343421e-01
 -4.1654398e-06
  4.2372608e-06
  3.9517363e-05
  1.3951737e-04
  2.6695868e-06
  1.2655642e+00
  1.2240208e+00
 -8.0112986e-02
 -4.9911228e-01
 -3.7676818e-05
 -6.1127766e-06
 -8.2050049e-01
 -1.9571443e-01
  4.2430809e-05
  3.7149116e-01
  3.8537699e-01
 -2.1059237e+00
 -1.5941477e+00
 -4.0988802e-05
 -2.0103278e-05
  1.4492188e-01
  8.2463312e-06
 -5.4983429e-06
 -3.9897975e-01
  1.2631194e-01
  5.9411317e-01
 -8.4943426e-01
  2.1811457e-02
  5.5978137e-01
 -8.7389767e-01
 -1.0948438e-01
  1.3033443e-07
  3.9758500e-01
  7.2450870e-01
  1.0819741e+00
 -7.8875923e-01
  3.7528771e-06
  1.5759319e-05
 -3.8925817e-05
 -6.2453064e-06
 -6.4620002e-07
 -1.8004671e-01
 -2.7797712e-05
  6.2499076e-01
  2.3004458e-04
  1.0118134e-02
  5.3363854e-01
 -5.6849331e-01
 -2.0827297e-06
 -3.5522575e-05
 -1.2151246e+00
  4.8488826e-02
 -2.9316241e-01
 -7.1243793e-01
  8.7045337e-06
  1.5380784e-06
 -1.0146716e+00
  7.8213793e-07
 -7.0774504e-06
  8.7774658e-01
  3.7269134e-02
  8.6191404e-01
  1.0658233e+00
  1.3055172e-05
  2.4774460e-01
  1.9537655e-01
 -4.3255575e-05
 -1.2067812e-05
 -1.8336495e-02
  8.3244640e-01
  5.7068235e-01
  4.7000360e-01
 -4.0855948e-08
  1.1744434e-01
  2.9001412e-01
 -4.8398862e-05
  1.1392985e-05
 -2.0222769e+00
 -1.0921935e-01
  1.8246920e+00
 -6.6850078e-01
  9.3101303e-04
  6.5375469e-05
 -3.4110967e-02
 -7.0115698e-06
  1.8596921e-06
 -1.8109217e+00
  2.8496918e-01
  1.3733029e+00
 -6.0222930e-01
  1.7471757e-05
  3.9628756e-01
 -8.1299245e-01
 -3.5887097e-05
  1.0630704e-06
 -1.7345974e-01
  4.3079677e-01
 -1.8660606e-01
  2.0305136e-01
  4.7702568e-05
  3.1806821e-01
 -4.2998189e-01
 -1.0393216e-04
  5.5174346e-06
 -6.2638384e-01
  4.3834415e-01
 -3.5247847e-01
  4.6421937e-03
 -2.6781101e-05
 -5.7263679e-07
 -9.7062814e-01
  6.7512900e-02
 -1.9527301e-05
 -1.0990030e+00
  9.4809884e-01
  8.1769973e-01
 -8.1833363e-01
  1.3910496e-04
  1.2061414e-05
 -1.1952328e-04
  1.3650549e-05
  1.5785331e-04
 -3.2466148e-06
  8.5386938e-01
 -2.2960792e+00
 -8.7361477e-05
 -1.7605460e-05
 -3.6495203e-06
 -1.5891943e+00
  3.1148264e-02
  4.1786677e-07
 -7.3606968e-01
  6.7216963e-02
  8.8257402e-02
  7.3978645e-01
  3.8959041e-01
 -1.7128874e-05
 -1.0516644e-01
  3.1576280e-06
 -1.3373874e-05
 -1.0067836e+00
  1.2376198e+00
 -2.1271740e-01
 -8.9801741e-01
 -2.1441754e-05
  5.4298891e-07
 -4.6500310e-01
  1.7637730e-02
  2.0573902e-05
 -1.2049215e+00
 -4.8900118e-01
 -8.9505678e-01
  3.1781936e-01
  4.6082064e-06
 -6.7363115e-05
 -5.4247886e-01
 -6.9054031e-06
 -3.4526379e-06
  6.0451972e-01
  2.0228927e-01
  7.2494912e-01
  4.5655280e-01
 -2.1574047e-05
 -3.3742078e-06
  2.6129489e-03
  5.5185124e-02
  2.3742189e-06
 -1.9956298e-01
  1.8761481e+00
 -1.7785871e+00
  4.8187721e-01
 -2.0386415e-05
 -4.4782053e-05
 -4.5042801e-01
 -8.7842418e-06
  8.8802399e-06
  7.7731892e-02
 -4.8330896e-02
 -3.6093906e-02
 -2.6558751e-01
  8.5563795e-07
 -2.6163907e-05
 -4.5298365e-01
  1.5285400e-03
  1.5203813e-05
  8.3920062e-01
  2.0956509e-01
 -6.2906295e-01
 -5.6324822e-01
  1.2413758e-02
  1.2413758e-02
  1.2413758e-02
  1.2413758e-02
  1.2413758e-02
  6.7241365e-01
  6.7241365e-01
  6.7241365e-01
  6.7241365e-01
  6.7241365e-01
  1.4738771e-01
  1.4738771e-01
  1.4738771e-01
  1.4738771e-01
  1.4738771e-01
  1.0924964e-01
  1.0924964e-01
  1.0924964e-01
  1.0924964e-01
  1.0924964e-01
  1.6452778e-02
  1.6452778e-02
  1.6452778e-02
  1.6452778e-02
  1.6452778e-02
  1.8038879e-01
  1.8038879e-01
  1.8038879e-01
  1.8038879e-01
  1.8038879e-01
