# Phonopy generated file for v_sim 3.6
    7.053166972    0.274691506    7.047815897
   -3.663929239   -3.523907949    4.889259621
    3.526583486   -0.000000000    2.444629810 Ba
    0.137345753    3.523907949    2.444629810 Ba
    0.000000000    0.000000000    0.000000000 Zr
    3.663929239    3.523907949    0.000000000 Zr
    5.495893859    5.285861923    0.000000000  S
    1.831964620    1.761953974    0.000000000  S
    4.063651674    3.108302678    2.444629810  S
   -0.399722435    0.415605271    2.444629810  S
    1.969310373    5.285861923    0.576633130  S
    1.694618867   -1.761953974    4.312626491  S
#metaData: qpt=[-0.365629;0.365629;0.365629;1.190061 \
#; 0.014524; 0.027322; -0.009624; -0.029704; -0.016652; -0.008589 \
#; 0.027867; 0.013449; 0.009624; -0.017797; -0.029033; 0.008589 \
#; -0.015858; -0.015252; 0.000000; 0.017769; 0.017090; -0.000000 \
#; -0.015858; -0.015252; 0.000000; 0.017769; 0.017090; -0.000000 \
#; 0.001926; -0.011994; 0.009980; 0.011768; -0.001040; 0.008907 \
#; -0.011910; 0.002392; -0.009980; -0.000581; 0.011799; -0.008907 \
#; -0.004587; -0.004412; 0.000000; -0.023691; -0.022785; -0.000000 \
#; 0.024058; 0.023139; 0.000000; 0.001873; 0.001802; -0.000000 \
#; 0.024058; 0.023139; 0.000000; 0.001873; 0.001802; 0.000000 \
#; -0.004587; -0.004412; 0.000000; -0.023691; -0.022785; -0.000000 \
# ]
#metaData: qpt=[-0.365629;0.365629;0.365629;1.338126 \
#; -0.028304; 0.023863; -0.036819; 0.009288; 0.018892; -0.007178 \
#; 0.022742; -0.029212; 0.036819; 0.019240; 0.008545; 0.007178 \
#; -0.001397; -0.001343; -0.000000; 0.007164; 0.006890; 0.000000 \
#; -0.001397; -0.001343; 0.000000; 0.007164; 0.006890; 0.000000 \
#; -0.007341; 0.007073; -0.010187; 0.000057; 0.002810; -0.001986 \
#; 0.006782; -0.007611; 0.010187; 0.002810; -0.000052; 0.001986 \
#; 0.018233; 0.017536; 0.000000; -0.001440; -0.001385; -0.000000 \
#; -0.016357; -0.015731; 0.000000; -0.008183; -0.007870; 0.000000 \
#; -0.016357; -0.015731; 0.000000; -0.008183; -0.007870; -0.000000 \
#; 0.018233; 0.017536; 0.000000; -0.001440; -0.001385; 0.000000 \
# ]
#metaData: qpt=[-0.365629;0.365629;0.365629;1.376004 \
#; -0.028682; 0.029821; 0.041376; 0.000000; 0.000000; -0.000000 \
#; 0.028682; -0.029821; -0.041376; 0.000000; 0.000000; 0.000000 \
#; -0.000000; -0.000000; -0.000000; -0.007054; -0.006784; 0.000000 \
#; -0.000000; -0.000000; 0.000000; 0.007054; 0.006784; -0.000000 \
#; 0.000447; -0.000465; -0.000645; 0.000000; 0.000000; -0.000000 \
#; -0.000447; 0.000465; 0.000645; 0.000000; 0.000000; 0.000000 \
#; 0.006129; 0.005895; -0.000000; -0.011528; -0.011088; -0.000000 \
#; -0.006129; -0.005895; 0.000000; -0.011528; -0.011088; 0.000000 \
#; 0.006129; 0.005895; -0.000000; 0.011528; 0.011088; -0.000000 \
#; -0.006129; -0.005895; 0.000000; 0.011528; 0.011088; 0.000000 \
# ]
#metaData: qpt=[-0.365629;0.365629;0.365629;1.410354 \
#; 0.025510; -0.026524; -0.036800; -0.000000; -0.000000; 0.000000 \
#; 0.025510; -0.026524; -0.036800; -0.000000; 0.000000; 0.000000 \
#; -0.014077; 0.014636; 0.001330; 0.000000; -0.000000; -0.000000 \
#; -0.000922; 0.000959; 0.020307; -0.000000; 0.000000; -0.000000 \
#; -0.005213; 0.005420; 0.007520; 0.000000; 0.000000; -0.000000 \
#; -0.005213; 0.005420; 0.007520; 0.000000; -0.000000; -0.000000 \
#; 0.009670; -0.010054; 0.004714; -0.022718; 0.023620; -0.007768 \
#; 0.009670; -0.010054; 0.004714; 0.022718; -0.023620; 0.007768 \
#; -0.003268; 0.003398; -0.013949; -0.005385; 0.005599; -0.032772 \
#; -0.003268; 0.003398; -0.013949; 0.005385; -0.005599; 0.032772 \
# ]
#metaData: qpt=[-0.365629;0.365629;0.365629;1.498436 \
#; 0.011393; -0.027080; 0.027416; 0.026022; 0.008919; 0.011610 \
#; 0.026616; -0.012439; 0.027416; -0.009926; -0.025655; 0.011610 \
#; -0.008673; 0.009017; 0.022914; -0.003673; 0.003819; 0.009704 \
#; 0.015884; -0.016515; -0.012511; 0.006727; -0.006994; -0.005298 \
#; 0.003237; -0.002941; 0.004364; 0.000781; -0.001813; 0.001848 \
#; 0.002813; -0.003349; 0.004364; 0.001781; -0.000851; 0.001848 \
#; -0.001420; 0.001476; -0.006391; -0.023379; 0.024308; 0.009024 \
#; -0.017778; 0.018484; 0.002034; 0.015249; -0.015855; -0.010869 \
#; 0.001410; -0.001466; -0.025646; -0.007534; 0.007834; 0.021998 \
#; -0.004430; 0.004606; -0.002048; 0.006255; -0.006504; -0.033726 \
# ]
#metaData: qpt=[-0.365629;0.365629;0.365629;1.582728 \
#; 0.012273; -0.023210; 0.025236; -0.026586; -0.017458; -0.005847 \
#; 0.022714; -0.013168; 0.025236; 0.018480; 0.025886; -0.005847 \
#; 0.018101; -0.018820; -0.006599; -0.004194; 0.004360; 0.001529 \
#; -0.004574; 0.004756; 0.026112; 0.001060; -0.001102; -0.006050 \
#; 0.003295; -0.003628; 0.004898; -0.001222; 0.000399; -0.001135 \
#; 0.003496; -0.003433; 0.004898; -0.000351; 0.001237; -0.001135 \
#; 0.026548; -0.027603; 0.003226; -0.005424; 0.005639; -0.008166 \
#; 0.026228; -0.027270; 0.006488; -0.006803; 0.007074; 0.005915 \
#; 0.004497; -0.004676; 0.037836; 0.004100; -0.004263; -0.009814 \
#; 0.002236; -0.002325; 0.038297; -0.005660; 0.005885; -0.007824 \
# ]
#metaData: qpt=[-0.365629;0.365629;0.365629;1.794802 \
#; -0.016368; -0.006073; -0.006969; -0.000734; -0.014931; 0.010253 \
#; -0.006706; -0.016119; 0.006969; -0.014949; -0.000151; -0.010253 \
#; -0.037751; -0.036308; -0.000000; -0.025657; -0.024677; -0.000000 \
#; -0.037751; -0.036308; 0.000000; -0.025657; -0.024677; 0.000000 \
#; -0.013954; -0.016556; 0.002260; -0.012854; -0.007749; -0.003325 \
#; -0.017087; -0.013298; -0.002260; -0.008243; -0.012542; 0.003325 \
#; -0.011914; -0.011459; 0.000000; 0.001244; 0.001196; -0.000000 \
#; -0.003229; -0.003105; 0.000000; -0.011535; -0.011094; 0.000000 \
#; -0.003229; -0.003105; 0.000000; -0.011535; -0.011094; -0.000000 \
#; -0.011914; -0.011459; 0.000000; 0.001244; 0.001196; 0.000000 \
# ]
#metaData: qpt=[-0.365629;0.365629;0.365629;3.087757 \
#; -0.008310; 0.008640; 0.011988; -0.000000; -0.000000; -0.000000 \
#; -0.008310; 0.008640; 0.011988; 0.000000; 0.000000; -0.000000 \
#; -0.025257; 0.026261; -0.053722; 0.000000; -0.000000; 0.000000 \
#; 0.037240; -0.038720; 0.036435; -0.000000; -0.000000; 0.000000 \
#; 0.000320; -0.000333; -0.000461; 0.000000; -0.000000; 0.000000 \
#; 0.000320; -0.000333; -0.000461; 0.000000; -0.000000; 0.000000 \
#; 0.011484; -0.011941; 0.008339; -0.010078; 0.010478; -0.025139 \
#; 0.011484; -0.011941; 0.008339; 0.010078; -0.010478; 0.025139 \
#; -0.005780; 0.006010; -0.016567; -0.017427; 0.018119; -0.014538 \
#; -0.005780; 0.006010; -0.016567; 0.017427; -0.018119; 0.014538 \
# ]
#metaData: qpt=[-0.365629;0.365629;0.365629;3.161029 \
#; 0.010649; -0.011072; -0.015362; -0.000000; 0.000000; -0.000000 \
#; 0.010649; -0.011072; -0.015362; 0.000000; -0.000000; 0.000000 \
#; 0.006800; -0.007070; -0.028025; 0.000000; 0.000000; 0.000000 \
#; 0.019427; -0.020199; -0.009809; -0.000000; 0.000000; -0.000000 \
#; 0.039910; -0.041496; -0.057574; 0.000000; -0.000000; -0.000000 \
#; 0.039910; -0.041496; -0.057574; -0.000000; -0.000000; -0.000000 \
#; -0.007110; 0.007392; -0.009343; 0.031187; -0.032426; -0.001219 \
#; -0.007110; 0.007392; -0.009343; -0.031187; 0.032426; 0.001219 \
#; 0.006477; -0.006734; 0.010256; -0.000845; 0.000878; 0.044990 \
#; 0.006477; -0.006734; 0.010256; 0.000845; -0.000878; -0.044990 \
# ]
#metaData: qpt=[-0.365629;0.365629;0.365629;3.364426 \
#; -0.008518; 0.005829; -0.010106; -0.001063; 0.006643; -0.005525 \
#; -0.005493; 0.008739; -0.010106; -0.006597; 0.001321; -0.005525 \
#; 0.011864; -0.012336; 0.013556; 0.006486; -0.006744; 0.007411 \
#; 0.009397; -0.009770; 0.017115; 0.005137; -0.005341; 0.009357 \
#; 0.044240; -0.043378; 0.061931; 0.021076; -0.026706; 0.033858 \
#; 0.041622; -0.045896; 0.061931; 0.025865; -0.022100; 0.033858 \
#; 0.020340; -0.021149; 0.006001; -0.013824; 0.014373; 0.004899 \
#; -0.000658; 0.000684; 0.007363; 0.024585; -0.025562; 0.002407 \
#; 0.005104; -0.005307; -0.000949; 0.001669; -0.001735; 0.035465 \
#; 0.004160; -0.004325; 0.029343; 0.003396; -0.003531; -0.019943 \
# ]
#metaData: qpt=[-0.365629;0.365629;0.365629;3.731661 \
#; -0.000401; 0.000417; 0.000579; 0.000000; 0.000000; 0.000000 \
#; 0.000401; -0.000417; -0.000579; -0.000000; -0.000000; 0.000000 \
#; 0.000000; -0.000000; -0.000000; 0.006399; 0.006154; -0.000000 \
#; -0.000000; 0.000000; 0.000000; -0.006399; -0.006154; 0.000000 \
#; -0.053739; 0.055875; 0.077523; -0.000000; -0.000000; -0.000000 \
#; 0.053739; -0.055875; -0.077523; 0.000000; -0.000000; 0.000000 \
#; -0.024595; -0.023655; 0.000000; -0.016275; -0.015653; -0.000000 \
#; 0.024595; 0.023655; 0.000000; -0.016275; -0.015653; 0.000000 \
#; -0.024595; -0.023655; -0.000000; 0.016275; 0.015653; -0.000000 \
#; 0.024595; 0.023655; -0.000000; 0.016275; 0.015653; 0.000000 \
# ]
#metaData: qpt=[-0.365629;0.365629;0.365629;3.734762 \
#; 0.007900; 0.014029; -0.004635; -0.023550; -0.019390; -0.002350 \
#; -0.014326; -0.007348; -0.004635; 0.020293; 0.022777; -0.002350 \
#; -0.026650; 0.027708; 0.027115; -0.013510; 0.014047; 0.013746 \
#; 0.018796; -0.019543; -0.038444; 0.009529; -0.009907; -0.019489 \
#; -0.003622; -0.000006; -0.002506; 0.002836; 0.004491; -0.001271 \
#; 0.000147; 0.003619; -0.002506; -0.004598; -0.002659; -0.001271 \
#; 0.013220; -0.013746; -0.018585; -0.009428; 0.009803; 0.017751 \
#; 0.000210; -0.000218; 0.003332; 0.016237; -0.016882; -0.025483 \
#; 0.002310; -0.002402; 0.000303; -0.017665; 0.018366; 0.023423 \
#; -0.012883; 0.013395; 0.019072; 0.012305; -0.012794; -0.013601 \
# ]
#metaData: qpt=[-0.365629;0.365629;0.365629;3.778558 \
#; -0.013618; -0.009232; -0.002786; 0.006323; 0.011175; -0.003671 \
#; -0.009755; -0.013248; 0.002786; 0.011413; 0.005883; 0.003671 \
#; 0.000486; 0.000467; 0.000000; -0.000369; -0.000355; 0.000000 \
#; 0.000486; 0.000467; -0.000000; -0.000369; -0.000355; -0.000000 \
#; 0.030772; -0.034110; 0.045915; 0.042745; -0.042838; 0.060506 \
#; -0.032885; 0.032077; -0.045915; -0.041141; 0.044381; -0.060506 \
#; -0.018053; -0.017363; -0.000000; -0.014776; -0.014211; 0.000000 \
#; 0.009372; 0.009014; 0.000000; 0.021364; 0.020548; -0.000000 \
#; 0.009372; 0.009014; 0.000000; 0.021364; 0.020548; 0.000000 \
#; -0.018053; -0.017363; 0.000000; -0.014776; -0.014211; -0.000000 \
# ]
#metaData: qpt=[-0.365629;0.365629;0.365629;4.394914 \
#; 0.017794; 0.016265; 0.000612; 0.003234; -0.006451; 0.006892 \
#; -0.016945; -0.017147; 0.000612; 0.006320; -0.003483; 0.006892 \
#; 0.000071; -0.000074; -0.000626; 0.000803; -0.000835; -0.007051 \
#; -0.000434; 0.000451; 0.000103; -0.004888; 0.005082; 0.001159 \
#; -0.007851; -0.011384; 0.002763; 0.022425; -0.021579; 0.031098 \
#; 0.011681; 0.007402; 0.002763; 0.020690; -0.023248; 0.031098 \
#; -0.011977; 0.012453; 0.007075; -0.048259; 0.050176; 0.001862 \
#; 0.003283; -0.003413; -0.006636; -0.049614; 0.051586; 0.003080 \
#; -0.004600; 0.004783; 0.004736; 0.002135; -0.002220; -0.071573 \
#; 0.004905; -0.005100; -0.017278; 0.001291; -0.001342; -0.069618 \
# ]
#metaData: qpt=[-0.365629;0.365629;0.365629;4.524819 \
#; 0.005571; -0.005792; -0.008036; 0.000000; 0.000000; -0.000000 \
#; 0.005571; -0.005792; -0.008036; -0.000000; -0.000000; -0.000000 \
#; -0.007000; 0.007278; -0.014379; -0.000000; 0.000000; 0.000000 \
#; 0.009967; -0.010363; 0.010098; 0.000000; 0.000000; -0.000000 \
#; -0.042794; 0.044494; 0.061734; -0.000000; 0.000000; 0.000000 \
#; -0.042794; 0.044494; 0.061734; -0.000000; 0.000000; 0.000000 \
#; -0.003085; 0.003208; -0.004777; 0.038754; -0.040294; 0.010142 \
#; -0.003085; 0.003208; -0.004777; -0.038754; 0.040294; -0.010142 \
#; 0.003312; -0.003443; 0.004451; 0.007030; -0.007310; 0.055906 \
#; 0.003312; -0.003443; 0.004451; -0.007030; 0.007310; -0.055906 \
# ]
#metaData: qpt=[-0.365629;0.365629;0.365629;4.891077 \
#; -0.007090; 0.000290; -0.005124; -0.003165; -0.007647; 0.003318 \
#; -0.000013; 0.007096; -0.005124; 0.007765; 0.002865; 0.003318 \
#; 0.015893; -0.016524; -0.008779; -0.010290; 0.010699; 0.005684 \
#; -0.006086; 0.006328; 0.022927; 0.003940; -0.004097; -0.014844 \
#; -0.022162; 0.019831; -0.029656; 0.010832; -0.016223; 0.019202 \
#; -0.018953; 0.022918; -0.029656; 0.015789; -0.011456; 0.019202 \
#; -0.037301; 0.038783; -0.005219; -0.031389; 0.032636; 0.004120 \
#; 0.013375; -0.013907; -0.005895; 0.046879; -0.048742; 0.003076 \
#; -0.004086; 0.004249; 0.019295; 0.002132; -0.002217; 0.067627 \
#; -0.003617; 0.003761; -0.053809; 0.002856; -0.002969; -0.045281 \
# ]
#metaData: qpt=[-0.365629;0.365629;0.365629;5.224944 \
#; -0.005611; 0.005834; 0.008095; 0.000000; -0.000000; 0.000000 \
#; 0.005611; -0.005834; -0.008095; -0.000000; 0.000000; -0.000000 \
#; -0.000000; -0.000000; 0.000000; 0.031509; 0.030305; 0.000000 \
#; 0.000000; 0.000000; -0.000000; -0.031509; -0.030305; -0.000000 \
#; 0.019197; -0.019960; -0.027694; 0.000000; -0.000000; -0.000000 \
#; -0.019197; 0.019960; 0.027694; -0.000000; 0.000000; 0.000000 \
#; -0.043216; -0.041564; -0.000000; 0.015049; 0.014474; -0.000000 \
#; 0.043216; 0.041564; -0.000000; 0.015049; 0.014474; 0.000000 \
#; -0.043216; -0.041564; -0.000000; -0.015049; -0.014474; 0.000000 \
#; 0.043216; 0.041564; -0.000000; -0.015049; -0.014474; 0.000000 \
# ]
#metaData: qpt=[-0.365629;0.365629;0.365629;5.304824 \
#; -0.000193; 0.008542; -0.006290; -0.008587; -0.000696; -0.005451 \
#; 0.008528; -0.000526; 0.006290; -0.001030; -0.008554; 0.005451 \
#; 0.001345; 0.001293; -0.000000; -0.001552; -0.001492; -0.000000 \
#; 0.001345; 0.001293; 0.000000; -0.001552; -0.001492; 0.000000 \
#; -0.015392; 0.000301; -0.010887; 0.002512; 0.015506; -0.009434 \
#; -0.000298; -0.015392; 0.010887; 0.015592; 0.001907; 0.009434 \
#; -0.049938; -0.048030; 0.000000; 0.033623; 0.032338; -0.000000 \
#; -0.026180; -0.025180; 0.000000; 0.054212; 0.052140; -0.000000 \
#; -0.026180; -0.025180; 0.000000; 0.054212; 0.052140; -0.000000 \
#; -0.049938; -0.048030; 0.000000; 0.033623; 0.032338; -0.000000 \
# ]
#metaData: qpt=[-0.365629;0.365629;0.365629;5.326082 \
#; 0.003729; -0.003877; -0.005380; -0.000000; -0.000000; -0.000000 \
#; -0.003729; 0.003877; 0.005380; -0.000000; -0.000000; 0.000000 \
#; -0.000000; -0.000000; -0.000000; 0.019468; 0.018724; 0.000000 \
#; 0.000000; 0.000000; -0.000000; -0.019468; -0.018724; 0.000000 \
#; 0.016007; -0.016643; -0.023092; 0.000000; -0.000000; -0.000000 \
#; -0.016007; 0.016643; 0.023092; -0.000000; 0.000000; 0.000000 \
#; 0.006149; 0.005914; -0.000000; -0.055968; -0.053829; 0.000000 \
#; -0.006149; -0.005914; -0.000000; -0.055968; -0.053829; -0.000000 \
#; 0.006149; 0.005914; -0.000000; 0.055968; 0.053829; 0.000000 \
#; -0.006149; -0.005914; -0.000000; 0.055968; 0.053829; -0.000000 \
# ]
#metaData: qpt=[-0.365629;0.365629;0.365629;5.540322 \
#; -0.014744; -0.013913; -0.000193; 0.000652; 0.002849; -0.001602 \
#; -0.014477; -0.014191; 0.000193; 0.002872; 0.000540; 0.001602 \
#; -0.000736; -0.000708; -0.000000; 0.000089; 0.000085; -0.000000 \
#; -0.000736; -0.000708; -0.000000; 0.000089; 0.000085; -0.000000 \
#; -0.004227; 0.002405; -0.004664; -0.026685; 0.027985; -0.038669 \
#; 0.002239; -0.004317; 0.004664; 0.026925; -0.027755; 0.038669 \
#; 0.009633; 0.009264; 0.000000; -0.051952; -0.049967; -0.000000 \
#; 0.021708; 0.020879; -0.000000; 0.048172; 0.046331; -0.000000 \
#; 0.021708; 0.020879; -0.000000; 0.048172; 0.046331; -0.000000 \
#; 0.009633; 0.009264; -0.000000; -0.051952; -0.049967; -0.000000 \
# ]
#metaData: qpt=[-0.365629;0.365629;0.365629;5.729661 \
#; -0.000328; 0.000341; 0.000473; 0.000000; 0.000000; 0.000000 \
#; -0.000328; 0.000341; 0.000473; 0.000000; 0.000000; 0.000000 \
#; -0.023852; 0.024800; 0.007924; 0.000000; 0.000000; -0.000000 \
#; -0.005493; 0.005711; 0.034409; -0.000000; -0.000000; -0.000000 \
#; 0.004063; -0.004225; -0.005862; -0.000000; 0.000000; -0.000000 \
#; 0.004063; -0.004225; -0.005862; -0.000000; 0.000000; 0.000000 \
#; -0.053294; 0.055411; 0.006715; -0.003589; 0.003732; 0.002491 \
#; -0.053294; 0.055411; 0.006715; 0.003589; -0.003732; -0.002491 \
#; -0.004655; 0.004840; 0.076881; 0.001727; -0.001796; -0.005178 \
#; -0.004655; 0.004840; 0.076881; -0.001727; 0.001796; 0.005178 \
# ]
#metaData: qpt=[-0.365629;0.365629;0.365629;6.416308 \
#; -0.002814; 0.003036; -0.004139; -0.002104; -0.001867; -0.000113 \
#; -0.002924; 0.002930; -0.004139; 0.001948; 0.002030; -0.000113 \
#; 0.024163; -0.025123; 0.057237; 0.000658; -0.000685; 0.001560 \
#; 0.039676; -0.041253; 0.034856; 0.001081; -0.001124; 0.000950 \
#; -0.015102; 0.015569; -0.021690; 0.002031; 0.002773; -0.000591 \
#; -0.014969; 0.015697; -0.021690; -0.002850; -0.001921; -0.000591 \
#; -0.008895; 0.009249; 0.010900; 0.016295; -0.016943; 0.000881 \
#; -0.007995; 0.008312; 0.010931; -0.016756; 0.017421; -0.000287 \
#; 0.007578; -0.007879; -0.011533; -0.000199; 0.000207; -0.024171 \
#; 0.007556; -0.007856; -0.012832; 0.000611; -0.000635; 0.023507 \
# ]
#metaData: qpt=[-0.365629;0.365629;0.365629;6.815212 \
#; 0.002925; -0.003041; -0.004220; -0.000000; -0.000000; 0.000000 \
#; 0.002925; -0.003041; -0.004220; 0.000000; 0.000000; 0.000000 \
#; 0.031901; -0.033168; -0.033841; 0.000000; 0.000000; -0.000000 \
#; 0.023459; -0.024391; -0.046019; -0.000000; -0.000000; -0.000000 \
#; -0.016388; 0.017039; 0.023640; 0.000000; -0.000000; -0.000000 \
#; -0.016388; 0.017039; 0.023640; -0.000000; 0.000000; 0.000000 \
#; -0.024640; 0.025619; -0.012887; -0.021665; 0.022525; -0.010683 \
#; -0.024640; 0.025619; -0.012887; 0.021665; -0.022525; 0.010683 \
#; 0.008933; -0.009288; 0.035546; -0.007406; 0.007700; -0.031253 \
#; 0.008933; -0.009288; 0.035546; 0.007406; -0.007700; 0.031253 \
# ]
#metaData: qpt=[-0.365629;0.365629;0.365629;7.208295 \
#; -0.002567; 0.002669; 0.003703; -0.000000; -0.000000; 0.000000 \
#; 0.002567; -0.002669; -0.003703; -0.000000; 0.000000; 0.000000 \
#; -0.000000; 0.000000; 0.000000; 0.037212; 0.035790; 0.000000 \
#; -0.000000; 0.000000; 0.000000; -0.037212; -0.035790; 0.000000 \
#; -0.015304; 0.015912; 0.022077; -0.000000; -0.000000; -0.000000 \
#; 0.015304; -0.015912; -0.022077; 0.000000; -0.000000; -0.000000 \
#; 0.038767; 0.037285; 0.000000; 0.017151; 0.016496; 0.000000 \
#; -0.038767; -0.037285; 0.000000; 0.017151; 0.016496; -0.000000 \
#; 0.038767; 0.037285; -0.000000; -0.017151; -0.016496; 0.000000 \
#; -0.038767; -0.037285; -0.000000; -0.017151; -0.016496; -0.000000 \
# ]
#metaData: qpt=[-0.365629;0.365629;0.365629;8.900205 \
#; 0.000193; -0.000216; 0.000290; -0.000086; 0.000038; -0.000087 \
#; -0.000209; 0.000202; -0.000290; 0.000034; -0.000087; 0.000087 \
#; -0.003363; -0.003234; -0.000000; -0.011264; -0.010834; 0.000000 \
#; -0.003363; -0.003234; 0.000000; -0.011264; -0.010834; -0.000000 \
#; 0.025619; 0.023093; 0.001115; 0.083001; 0.080291; -0.000333 \
#; 0.024073; 0.024701; -0.001115; 0.083462; 0.079811; 0.000333 \
#; 0.000225; 0.000217; 0.000000; -0.008989; -0.008645; 0.000000 \
#; -0.005116; -0.004920; -0.000000; -0.007395; -0.007112; -0.000000 \
#; -0.005116; -0.004920; -0.000000; -0.007395; -0.007112; -0.000000 \
#; 0.000225; 0.000217; 0.000000; -0.008989; -0.008645; 0.000000 \
# ]
#metaData: qpt=[-0.365629;0.365629;0.365629;9.021629 \
#; 0.000522; -0.000824; 0.000956; -0.000616; -0.000066; -0.000380 \
#; 0.000803; -0.000554; 0.000956; 0.000090; 0.000613; -0.000380 \
#; 0.009829; -0.010220; -0.006634; -0.003904; 0.004059; 0.002635 \
#; -0.004599; 0.004782; 0.014179; 0.001827; -0.001899; -0.005632 \
#; -0.012940; -0.020179; 0.005574; -0.043842; -0.039095; -0.002214 \
#; 0.020668; 0.012144; 0.005574; 0.040773; 0.042287; -0.002214 \
#; -0.000164; 0.000171; -0.010321; 0.011170; -0.011614; 0.070656 \
#; -0.007783; 0.008092; -0.055987; -0.008013; 0.008332; -0.044320 \
#; -0.038810; 0.040352; -0.011228; -0.030723; 0.031943; -0.011560 \
#; -0.007155; 0.007439; -0.000237; 0.048979; -0.050925; 0.016113 \
# ]
#metaData: qpt=[-0.365629;0.365629;0.365629;9.083704 \
#; 0.000548; -0.000570; -0.000790; -0.000000; -0.000000; -0.000000 \
#; 0.000548; -0.000570; -0.000790; -0.000000; 0.000000; 0.000000 \
#; 0.005311; -0.005522; 0.018097; 0.000000; -0.000000; 0.000000 \
#; -0.012545; 0.013043; -0.007661; 0.000000; 0.000000; 0.000000 \
#; -0.003253; 0.003382; 0.004692; -0.000000; -0.000000; 0.000000 \
#; -0.003253; 0.003382; 0.004692; 0.000000; 0.000000; 0.000000 \
#; -0.003479; 0.003617; 0.016800; 0.012935; -0.013449; -0.081044 \
#; -0.003479; 0.003617; 0.016800; -0.012935; 0.013449; 0.081044 \
#; -0.011646; 0.012109; 0.005019; -0.056180; 0.058412; 0.018660 \
#; -0.011646; 0.012109; 0.005019; 0.056180; -0.058412; -0.018660 \
# ]
#metaData: qpt=[-0.365629;0.365629;0.365629;9.580770 \
#; 0.000155; 0.000264; -0.000083; 0.000380; 0.000294; 0.000051 \
#; -0.000270; -0.000145; -0.000083; -0.000309; -0.000368; 0.000051 \
#; 0.001703; -0.001771; 0.008469; -0.001052; 0.001093; -0.005229 \
#; 0.005871; -0.006104; 0.002457; -0.003625; 0.003769; -0.001517 \
#; 0.009153; 0.002337; 0.004660; 0.007598; 0.011300; -0.002877 \
#; -0.002692; -0.009055; 0.004660; -0.011587; -0.007152; -0.002877 \
#; 0.002816; -0.002928; -0.085948; 0.000140; -0.000146; 0.009400 \
#; 0.001137; -0.001182; -0.046912; -0.002580; 0.002683; 0.072627 \
#; -0.032520; 0.033812; 0.001640; 0.050345; -0.052346; -0.003722 \
#; -0.059579; 0.061947; 0.004062; 0.006516; -0.006775; 0.000202 \
# ]
#metaData: qpt=[-0.365629;0.365629;0.365629;12.223304 \
#; 0.003238; 0.003100; 0.000010; -0.000171; -0.000344; 0.000129 \
#; -0.003224; -0.003115; 0.000010; 0.000351; 0.000158; 0.000129 \
#; -0.000649; 0.000675; 0.000649; -0.008039; 0.008359; 0.008040 \
#; 0.000450; -0.000468; -0.000937; 0.005573; -0.005794; -0.011598 \
#; 0.075642; 0.072844; -0.000067; -0.006687; -0.005284; -0.000827 \
#; -0.075734; -0.072747; -0.000067; 0.005540; 0.006476; -0.000827 \
#; 0.002206; -0.002293; 0.042914; -0.003417; 0.003552; 0.006535 \
#; -0.002726; 0.002834; -0.041309; -0.003018; 0.003138; 0.013338 \
#; -0.028635; 0.029773; -0.003932; 0.009246; -0.009613; -0.004354 \
#; 0.029748; -0.030930; 0.003182; 0.004530; -0.004710; -0.004929 \
# ]
#metaData: qpt=[-0.365629;0.365629;0.365629;12.449649 \
#; 0.001256; -0.001306; -0.001812; 0.000000; 0.000000; 0.000000 \
#; 0.001256; -0.001306; -0.001812; 0.000000; -0.000000; -0.000000 \
#; 0.009363; -0.009735; -0.008094; 0.000000; 0.000000; -0.000000 \
#; 0.005611; -0.005834; -0.013508; -0.000000; -0.000000; -0.000000 \
#; 0.000077; -0.000081; -0.000112; 0.000000; 0.000000; 0.000000 \
#; 0.000077; -0.000081; -0.000112; -0.000000; -0.000000; -0.000000 \
#; -0.001468; 0.001526; 0.084277; 0.002317; -0.002409; 0.017685 \
#; -0.001468; 0.001526; 0.084277; -0.002317; 0.002409; -0.017685 \
#; -0.058421; 0.060742; 0.002118; 0.012259; -0.012746; 0.003342 \
#; -0.058421; 0.060742; 0.002118; -0.012259; 0.012746; -0.003342 \
# ]
