# Phonopy generated file for v_sim 3.6
    7.053166972    0.274691506    7.047815897
   -3.663929239   -3.523907949    4.889259621
    3.526583486   -0.000000000    2.444629810 Ba
    0.137345753    3.523907949    2.444629810 Ba
    0.000000000    0.000000000    0.000000000 Zr
    3.663929239    3.523907949    0.000000000 Zr
    5.495893859    5.285861923    0.000000000  S
    1.831964620    1.761953974    0.000000000  S
    4.063651674    3.108302678    2.444629810  S
   -0.399722435    0.415605271    2.444629810  S
    1.969310373    5.285861923    0.576633130  S
    1.694618867   -1.761953974    4.312626491  S
#metaData: qpt=[0.500000;0.500000;-0.231257;1.212376 \
#; -0.039022; 0.040573; 0.000000; 0.000000; 0.000000; -0.000000 \
#; -0.039022; 0.040573; 0.000000; -0.000000; -0.000000; -0.000000 \
#; 0.014041; 0.013504; 0.000000; 0.000000; 0.000000; -0.000000 \
#; -0.014041; -0.013504; 0.000000; -0.000000; -0.000000; 0.000000 \
#; -0.000117; 0.000121; -0.000000; 0.001649; 0.001586; 0.000000 \
#; -0.000117; 0.000121; -0.000000; -0.001649; -0.001586; 0.000000 \
#; 0.000000; 0.000000; 0.000000; -0.022061; -0.021218; 0.000000 \
#; 0.000000; 0.000000; -0.000000; 0.022061; 0.021218; 0.000000 \
#; -0.000000; -0.000000; 0.000000; 0.000000; 0.000000; 0.000000 \
#; -0.000000; -0.000000; 0.000000; 0.000000; 0.000000; 0.000000 \
# ]
#metaData: qpt=[0.500000;0.500000;-0.231257;1.212740 \
#; -0.000000; -0.000000; 0.008408; 0.034557; 0.033236; 0.000000 \
#; 0.000000; 0.000000; 0.008408; -0.034557; -0.033236; 0.000000 \
#; -0.000910; -0.000875; -0.000000; -0.000000; -0.000000; -0.000000 \
#; -0.000910; -0.000875; 0.000000; 0.000000; 0.000000; 0.000000 \
#; 0.000000; 0.000000; -0.042112; -0.000000; -0.000000; -0.000000 \
#; -0.000000; -0.000000; -0.042112; 0.000000; 0.000000; -0.000000 \
#; 0.038818; 0.037334; 0.000000; 0.000000; 0.000000; -0.000000 \
#; 0.038818; 0.037334; 0.000000; 0.000000; 0.000000; -0.000000 \
#; -0.019813; -0.019056; -0.000000; -0.002476; -0.002382; -0.000000 \
#; -0.019813; -0.019056; 0.000000; 0.002476; 0.002382; -0.000000 \
# ]
#metaData: qpt=[0.500000;0.500000;-0.231257;1.550053 \
#; 0.000000; -0.000000; -0.054293; 0.011207; 0.010779; -0.000000 \
#; -0.000000; 0.000000; 0.054293; 0.011207; 0.010779; 0.000000 \
#; 0.000000; 0.000000; 0.000000; -0.007045; 0.007325; -0.012285 \
#; 0.000000; 0.000000; 0.000000; 0.007045; -0.007325; -0.012285 \
#; 0.005660; -0.005885; -0.000000; 0.000187; 0.000180; -0.000000 \
#; -0.005660; 0.005885; 0.000000; 0.000187; 0.000180; -0.000000 \
#; -0.008798; 0.009148; -0.000000; -0.000000; 0.000000; -0.005105 \
#; 0.008798; -0.009148; 0.000000; -0.000000; 0.000000; -0.005105 \
#; 0.000000; 0.000000; -0.006538; -0.000000; -0.000000; -0.030231 \
#; 0.000000; 0.000000; 0.006538; 0.000000; 0.000000; -0.030231 \
# ]
#metaData: qpt=[0.500000;0.500000;-0.231257;1.594414 \
#; 0.000000; -0.000000; -0.057754; 0.006474; 0.006227; 0.000000 \
#; -0.000000; 0.000000; -0.057754; -0.006474; -0.006227; -0.000000 \
#; 0.009134; 0.008785; -0.000000; 0.000000; 0.000000; 0.000000 \
#; 0.009134; 0.008785; -0.000000; -0.000000; 0.000000; 0.000000 \
#; -0.000000; 0.000000; -0.000653; 0.000000; 0.000000; 0.000000 \
#; 0.000000; -0.000000; -0.000653; -0.000000; -0.000000; -0.000000 \
#; 0.003445; 0.003313; -0.000000; -0.000000; 0.000000; 0.000000 \
#; 0.003445; 0.003313; 0.000000; -0.000000; 0.000000; 0.000000 \
#; 0.002073; 0.001994; 0.000000; -0.015696; -0.015096; 0.000000 \
#; 0.002073; 0.001994; -0.000000; 0.015696; 0.015096; 0.000000 \
# ]
#metaData: qpt=[0.500000;0.500000;-0.231257;1.647163 \
#; 0.010430; -0.010844; 0.000000; -0.000000; 0.000000; -0.000000 \
#; 0.010430; -0.010844; 0.000000; -0.000000; 0.000000; -0.000000 \
#; 0.050074; 0.048161; -0.000000; -0.000000; -0.000000; 0.000000 \
#; -0.050074; -0.048161; 0.000000; 0.000000; 0.000000; -0.000000 \
#; -0.001872; 0.001946; -0.000000; 0.020330; 0.019553; -0.000000 \
#; -0.001872; 0.001946; 0.000000; -0.020330; -0.019553; 0.000000 \
#; 0.000000; -0.000000; -0.000000; 0.006784; 0.006524; -0.000000 \
#; -0.000000; -0.000000; 0.000000; -0.006784; -0.006524; 0.000000 \
#; 0.000000; 0.000000; -0.000000; 0.000000; 0.000000; -0.000000 \
#; -0.000000; -0.000000; -0.000000; -0.000000; -0.000000; -0.000000 \
# ]
#metaData: qpt=[0.500000;0.500000;-0.231257;1.709415 \
#; -0.036307; 0.037749; -0.000000; 0.000000; 0.000000; -0.000000 \
#; 0.036307; -0.037749; -0.000000; 0.000000; 0.000000; 0.000000 \
#; 0.000000; 0.000000; -0.000000; 0.010708; -0.011134; -0.019921 \
#; -0.000000; -0.000000; -0.000000; 0.010708; -0.011134; 0.019921 \
#; 0.000000; 0.000000; 0.008419; 0.000000; 0.000000; 0.000000 \
#; -0.000000; 0.000000; -0.008419; -0.000000; -0.000000; 0.000000 \
#; -0.000000; 0.000000; 0.007792; 0.029615; -0.030791; -0.000000 \
#; 0.000000; -0.000000; -0.007792; 0.029615; -0.030791; -0.000000 \
#; 0.001517; -0.001578; -0.000000; 0.006032; -0.006271; 0.000000 \
#; -0.001517; 0.001578; 0.000000; 0.006032; -0.006271; -0.000000 \
# ]
#metaData: qpt=[0.500000;0.500000;-0.231257;1.794020 \
#; -0.000000; -0.000000; 0.019864; 0.032701; 0.031451; 0.000000 \
#; -0.000000; -0.000000; -0.019864; 0.032701; 0.031451; -0.000000 \
#; 0.000000; 0.000000; 0.000000; 0.003715; -0.003862; -0.022346 \
#; -0.000000; -0.000000; 0.000000; -0.003715; 0.003862; -0.022346 \
#; 0.002887; -0.003002; 0.000000; 0.000813; 0.000782; -0.000000 \
#; -0.002887; 0.003002; -0.000000; 0.000813; 0.000782; 0.000000 \
#; -0.031946; 0.033215; 0.000000; -0.000000; 0.000000; -0.009594 \
#; 0.031946; -0.033215; 0.000000; 0.000000; -0.000000; -0.009594 \
#; -0.000000; 0.000000; -0.036694; -0.000000; 0.000000; -0.002102 \
#; 0.000000; 0.000000; 0.036694; 0.000000; 0.000000; -0.002102 \
# ]
#metaData: qpt=[0.500000;0.500000;-0.231257;2.416605 \
#; -0.004659; 0.004844; 0.000000; -0.000000; -0.000000; -0.000000 \
#; 0.004659; -0.004844; 0.000000; -0.000000; -0.000000; 0.000000 \
#; 0.000000; -0.000000; 0.000000; -0.044393; 0.046157; -0.022769 \
#; 0.000000; -0.000000; -0.000000; -0.044393; 0.046157; 0.022769 \
#; -0.000000; 0.000000; 0.029556; -0.000000; -0.000000; 0.000000 \
#; -0.000000; -0.000000; -0.029556; 0.000000; -0.000000; -0.000000 \
#; 0.000000; -0.000000; 0.007802; 0.000521; -0.000542; 0.000000 \
#; -0.000000; 0.000000; -0.007802; 0.000521; -0.000542; -0.000000 \
#; -0.004219; 0.004387; 0.000000; -0.024852; 0.025839; 0.000000 \
#; 0.004219; -0.004387; -0.000000; -0.024852; 0.025839; -0.000000 \
# ]
#metaData: qpt=[0.500000;0.500000;-0.231257;3.150208 \
#; 0.015226; -0.015831; -0.000000; -0.000000; -0.000000; -0.000000 \
#; -0.015226; 0.015831; -0.000000; 0.000000; 0.000000; -0.000000 \
#; 0.000000; 0.000000; -0.000000; 0.014263; -0.014830; -0.025818 \
#; 0.000000; -0.000000; -0.000000; 0.014263; -0.014830; 0.025818 \
#; 0.000000; -0.000000; 0.091861; 0.000000; 0.000000; -0.000000 \
#; -0.000000; 0.000000; -0.091861; 0.000000; -0.000000; -0.000000 \
#; 0.000000; 0.000000; 0.025726; 0.024826; -0.025812; -0.000000 \
#; 0.000000; 0.000000; -0.025726; 0.024826; -0.025812; 0.000000 \
#; -0.000592; 0.000616; 0.000000; 0.004615; -0.004798; -0.000000 \
#; 0.000592; -0.000616; -0.000000; 0.004615; -0.004798; -0.000000 \
# ]
#metaData: qpt=[0.500000;0.500000;-0.231257;3.182169 \
#; -0.000000; -0.000000; -0.003857; -0.020406; -0.019626; 0.000000 \
#; 0.000000; 0.000000; -0.003857; 0.020406; 0.019626; 0.000000 \
#; 0.004068; 0.003913; 0.000000; -0.000000; -0.000000; 0.000000 \
#; 0.004068; 0.003913; -0.000000; -0.000000; -0.000000; -0.000000 \
#; 0.000000; -0.000000; -0.095170; 0.000000; 0.000000; 0.000000 \
#; -0.000000; 0.000000; -0.095170; -0.000000; 0.000000; 0.000000 \
#; 0.034108; 0.032804; -0.000000; -0.000000; -0.000000; 0.000000 \
#; 0.034108; 0.032804; 0.000000; -0.000000; -0.000000; -0.000000 \
#; 0.013579; 0.013060; 0.000000; 0.013600; 0.013080; 0.000000 \
#; 0.013579; 0.013060; 0.000000; -0.013600; -0.013080; 0.000000 \
# ]
#metaData: qpt=[0.500000;0.500000;-0.231257;3.499748 \
#; 0.000000; -0.000000; -0.013783; 0.003803; 0.003658; 0.000000 \
#; -0.000000; 0.000000; 0.013783; 0.003803; 0.003658; -0.000000 \
#; 0.000000; -0.000000; -0.000000; 0.018204; -0.018927; 0.002668 \
#; 0.000000; 0.000000; -0.000000; -0.018204; 0.018927; 0.002668 \
#; -0.061018; 0.063443; 0.000000; -0.003051; -0.002935; 0.000000 \
#; 0.061018; -0.063443; -0.000000; -0.003051; -0.002935; 0.000000 \
#; -0.007170; 0.007455; 0.000000; 0.000000; -0.000000; 0.005258 \
#; 0.007170; -0.007455; -0.000000; -0.000000; -0.000000; 0.005258 \
#; -0.000000; -0.000000; -0.000191; -0.000000; -0.000000; 0.069133 \
#; -0.000000; -0.000000; 0.000191; -0.000000; -0.000000; 0.069133 \
# ]
#metaData: qpt=[0.500000;0.500000;-0.231257;4.233500 \
#; -0.003237; 0.003366; 0.000000; 0.000000; 0.000000; 0.000000 \
#; -0.003237; 0.003366; -0.000000; 0.000000; 0.000000; 0.000000 \
#; -0.001734; -0.001667; -0.000000; -0.000000; 0.000000; 0.000000 \
#; 0.001734; 0.001667; 0.000000; 0.000000; -0.000000; -0.000000 \
#; -0.083018; 0.086317; 0.000000; 0.003531; 0.003396; -0.000000 \
#; -0.083018; 0.086317; -0.000000; -0.003531; -0.003396; -0.000000 \
#; 0.000000; -0.000000; -0.000000; 0.024114; 0.023192; 0.000000 \
#; -0.000000; 0.000000; 0.000000; -0.024114; -0.023192; 0.000000 \
#; -0.000000; -0.000000; 0.000000; 0.000000; 0.000000; -0.000000 \
#; -0.000000; -0.000000; -0.000000; -0.000000; -0.000000; -0.000000 \
# ]
#metaData: qpt=[0.500000;0.500000;-0.231257;4.369675 \
#; 0.000000; 0.000000; 0.002319; 0.025418; 0.024447; -0.000000 \
#; 0.000000; 0.000000; -0.002319; 0.025418; 0.024447; -0.000000 \
#; -0.000000; 0.000000; 0.000000; -0.006922; 0.007197; 0.023551 \
#; 0.000000; -0.000000; 0.000000; 0.006922; -0.007197; 0.023551 \
#; -0.007325; 0.007616; -0.000000; 0.007936; 0.007633; 0.000000 \
#; 0.007325; -0.007616; -0.000000; 0.007936; 0.007633; -0.000000 \
#; 0.049175; -0.051129; 0.000000; -0.000000; 0.000000; 0.015502 \
#; -0.049175; 0.051129; 0.000000; 0.000000; -0.000000; 0.015502 \
#; 0.000000; -0.000000; 0.053453; -0.000000; -0.000000; -0.004542 \
#; 0.000000; 0.000000; -0.053453; -0.000000; -0.000000; -0.004542 \
# ]
#metaData: qpt=[0.500000;0.500000;-0.231257;4.502066 \
#; -0.013131; 0.013653; -0.000000; 0.000000; 0.000000; -0.000000 \
#; 0.013131; -0.013653; -0.000000; 0.000000; -0.000000; 0.000000 \
#; -0.000000; -0.000000; -0.000000; 0.003899; -0.004054; 0.030325 \
#; -0.000000; -0.000000; -0.000000; 0.003899; -0.004054; -0.030325 \
#; 0.000000; -0.000000; 0.072124; 0.000000; -0.000000; 0.000000 \
#; -0.000000; 0.000000; -0.072124; -0.000000; 0.000000; -0.000000 \
#; -0.000000; -0.000000; -0.004413; -0.052908; 0.055010; 0.000000 \
#; 0.000000; -0.000000; 0.004413; -0.052908; 0.055010; 0.000000 \
#; 0.007922; -0.008236; -0.000000; -0.009166; 0.009530; 0.000000 \
#; -0.007922; 0.008236; -0.000000; -0.009166; 0.009530; 0.000000 \
# ]
#metaData: qpt=[0.500000;0.500000;-0.231257;4.614200 \
#; 0.000000; -0.000000; -0.008706; 0.004770; 0.004588; -0.000000 \
#; -0.000000; 0.000000; 0.008706; 0.004770; 0.004588; 0.000000 \
#; 0.000000; 0.000000; -0.000000; -0.002901; 0.003016; 0.027070 \
#; 0.000000; 0.000000; -0.000000; 0.002901; -0.003016; 0.027070 \
#; 0.050775; -0.052793; -0.000000; -0.003957; -0.003806; 0.000000 \
#; -0.050775; 0.052793; 0.000000; -0.003957; -0.003806; -0.000000 \
#; -0.012018; 0.012496; -0.000000; 0.000000; -0.000000; 0.023816 \
#; 0.012018; -0.012496; -0.000000; 0.000000; -0.000000; 0.023816 \
#; 0.000000; 0.000000; -0.014700; -0.000000; -0.000000; 0.080432 \
#; 0.000000; 0.000000; 0.014700; 0.000000; 0.000000; 0.080432 \
# ]
#metaData: qpt=[0.500000;0.500000;-0.231257;4.907100 \
#; 0.010357; -0.010769; 0.000000; 0.000000; 0.000000; 0.000000 \
#; 0.010357; -0.010769; 0.000000; -0.000000; -0.000000; 0.000000 \
#; 0.002545; 0.002447; -0.000000; 0.000000; 0.000000; 0.000000 \
#; -0.002545; -0.002447; -0.000000; 0.000000; 0.000000; 0.000000 \
#; -0.024440; 0.025411; -0.000000; -0.017708; -0.017031; 0.000000 \
#; -0.024440; 0.025411; 0.000000; 0.017708; 0.017031; 0.000000 \
#; 0.000000; 0.000000; -0.000000; -0.081407; -0.078296; 0.000000 \
#; -0.000000; -0.000000; -0.000000; 0.081407; 0.078296; 0.000000 \
#; 0.000000; 0.000000; -0.000000; -0.000000; -0.000000; -0.000000 \
#; 0.000000; 0.000000; 0.000000; 0.000000; 0.000000; 0.000000 \
# ]
#metaData: qpt=[0.500000;0.500000;-0.231257;4.988249 \
#; 0.000000; -0.000000; -0.011050; -0.008015; -0.007708; -0.000000 \
#; 0.000000; -0.000000; -0.011050; 0.008015; 0.007708; -0.000000 \
#; -0.025291; -0.024324; -0.000000; -0.000000; -0.000000; -0.000000 \
#; -0.025291; -0.024324; 0.000000; -0.000000; -0.000000; 0.000000 \
#; -0.000000; 0.000000; -0.005448; -0.000000; -0.000000; 0.000000 \
#; -0.000000; 0.000000; -0.005448; 0.000000; 0.000000; -0.000000 \
#; -0.003831; -0.003684; 0.000000; -0.000000; -0.000000; 0.000000 \
#; -0.003831; -0.003684; -0.000000; 0.000000; 0.000000; 0.000000 \
#; -0.071527; -0.068793; -0.000000; 0.024261; 0.023334; 0.000000 \
#; -0.071527; -0.068793; 0.000000; -0.024261; -0.023334; -0.000000 \
# ]
#metaData: qpt=[0.500000;0.500000;-0.231257;5.127130 \
#; -0.000280; 0.000291; -0.000000; -0.000000; -0.000000; -0.000000 \
#; 0.000280; -0.000291; -0.000000; 0.000000; -0.000000; -0.000000 \
#; 0.000000; -0.000000; -0.000000; -0.011509; 0.011966; 0.050588 \
#; 0.000000; -0.000000; 0.000000; -0.011509; 0.011966; -0.050588 \
#; -0.000000; 0.000000; 0.026361; -0.000000; 0.000000; 0.000000 \
#; 0.000000; -0.000000; -0.026361; 0.000000; -0.000000; -0.000000 \
#; -0.000000; 0.000000; -0.022772; 0.054503; -0.056669; -0.000000 \
#; -0.000000; 0.000000; 0.022772; 0.054503; -0.056669; 0.000000 \
#; 0.001115; -0.001159; -0.000000; 0.007935; -0.008250; -0.000000 \
#; -0.001115; 0.001159; 0.000000; 0.007935; -0.008250; 0.000000 \
# ]
#metaData: qpt=[0.500000;0.500000;-0.231257;5.197203 \
#; -0.000000; 0.000000; 0.000377; 0.000257; 0.000247; 0.000000 \
#; -0.000000; 0.000000; -0.000377; 0.000257; 0.000247; 0.000000 \
#; 0.000000; -0.000000; -0.000000; -0.014964; 0.015559; 0.029255 \
#; 0.000000; 0.000000; 0.000000; 0.014964; -0.015559; 0.029255 \
#; -0.021834; 0.022702; -0.000000; 0.001332; 0.001281; 0.000000 \
#; 0.021834; -0.022702; 0.000000; 0.001332; 0.001281; -0.000000 \
#; 0.020396; -0.021207; 0.000000; -0.000000; 0.000000; 0.007079 \
#; -0.020396; 0.021207; -0.000000; -0.000000; 0.000000; 0.007079 \
#; 0.000000; 0.000000; -0.098304; -0.000000; 0.000000; -0.016073 \
#; -0.000000; -0.000000; 0.098304; 0.000000; 0.000000; -0.016073 \
# ]
#metaData: qpt=[0.500000;0.500000;-0.231257;5.443202 \
#; -0.000000; 0.000000; 0.006826; -0.008855; -0.008517; -0.000000 \
#; -0.000000; 0.000000; 0.006826; 0.008855; 0.008517; -0.000000 \
#; -0.007196; -0.006921; 0.000000; 0.000000; -0.000000; -0.000000 \
#; -0.007196; -0.006921; 0.000000; -0.000000; 0.000000; -0.000000 \
#; 0.000000; -0.000000; -0.008816; 0.000000; 0.000000; 0.000000 \
#; 0.000000; -0.000000; -0.008816; -0.000000; -0.000000; 0.000000 \
#; 0.009782; 0.009408; -0.000000; 0.000000; 0.000000; -0.000000 \
#; 0.009782; 0.009408; 0.000000; -0.000000; -0.000000; -0.000000 \
#; -0.019414; -0.018672; 0.000000; -0.083676; -0.080478; -0.000000 \
#; -0.019414; -0.018672; -0.000000; 0.083676; 0.080478; -0.000000 \
# ]
#metaData: qpt=[0.500000;0.500000;-0.231257;5.802490 \
#; 0.000000; -0.000000; -0.003367; 0.009701; 0.009330; -0.000000 \
#; -0.000000; -0.000000; -0.003367; -0.009701; -0.009330; 0.000000 \
#; -0.027206; -0.026167; -0.000000; -0.000000; 0.000000; -0.000000 \
#; -0.027206; -0.026167; -0.000000; 0.000000; 0.000000; 0.000000 \
#; -0.000000; 0.000000; -0.056553; 0.000000; -0.000000; 0.000000 \
#; -0.000000; 0.000000; -0.056553; -0.000000; 0.000000; 0.000000 \
#; -0.056077; -0.053934; -0.000000; 0.000000; -0.000000; -0.000000 \
#; -0.056077; -0.053934; -0.000000; 0.000000; 0.000000; 0.000000 \
#; 0.026421; 0.025411; -0.000000; -0.007941; -0.007637; 0.000000 \
#; 0.026421; 0.025411; -0.000000; 0.007941; 0.007637; 0.000000 \
# ]
#metaData: qpt=[0.500000;0.500000;-0.231257;5.989837 \
#; 0.000000; 0.000000; -0.000736; -0.001574; -0.001514; -0.000000 \
#; 0.000000; -0.000000; 0.000736; -0.001574; -0.001514; 0.000000 \
#; 0.000000; -0.000000; 0.000000; -0.007335; 0.007627; -0.047647 \
#; -0.000000; 0.000000; 0.000000; 0.007335; -0.007627; -0.047647 \
#; 0.009992; -0.010389; 0.000000; -0.004280; -0.004116; -0.000000 \
#; -0.009992; 0.010389; -0.000000; -0.004280; -0.004116; -0.000000 \
#; 0.051279; -0.053317; 0.000000; 0.000000; -0.000000; -0.015614 \
#; -0.051279; 0.053317; 0.000000; -0.000000; 0.000000; -0.015614 \
#; 0.000000; 0.000000; -0.025167; 0.000000; 0.000000; 0.046929 \
#; -0.000000; -0.000000; 0.025167; -0.000000; -0.000000; 0.046929 \
# ]
#metaData: qpt=[0.500000;0.500000;-0.231257;7.136634 \
#; -0.000000; 0.000000; 0.006314; 0.001457; 0.001402; -0.000000 \
#; -0.000000; -0.000000; 0.006314; -0.001457; -0.001402; -0.000000 \
#; 0.036261; 0.034875; 0.000000; 0.000000; -0.000000; 0.000000 \
#; 0.036261; 0.034875; 0.000000; -0.000000; 0.000000; -0.000000 \
#; 0.000000; 0.000000; -0.038196; -0.000000; -0.000000; 0.000000 \
#; -0.000000; 0.000000; -0.038196; 0.000000; 0.000000; 0.000000 \
#; -0.046525; -0.044747; 0.000000; -0.000000; 0.000000; 0.000000 \
#; -0.046525; -0.044747; 0.000000; -0.000000; 0.000000; 0.000000 \
#; -0.036460; -0.035067; -0.000000; -0.003277; -0.003152; -0.000000 \
#; -0.036460; -0.035067; 0.000000; 0.003277; 0.003152; -0.000000 \
# ]
#metaData: qpt=[0.500000;0.500000;-0.231257;7.452673 \
#; -0.000000; -0.000000; 0.004965; -0.001714; -0.001649; 0.000000 \
#; -0.000000; 0.000000; -0.004965; -0.001714; -0.001649; 0.000000 \
#; 0.000000; 0.000000; -0.000000; -0.043575; 0.045306; -0.007444 \
#; 0.000000; 0.000000; -0.000000; 0.043575; -0.045306; -0.007444 \
#; -0.022688; 0.023590; -0.000000; -0.001297; -0.001247; -0.000000 \
#; 0.022688; -0.023590; 0.000000; -0.001297; -0.001247; -0.000000 \
#; -0.026967; 0.028038; -0.000000; 0.000000; -0.000000; 0.005099 \
#; 0.026967; -0.028038; -0.000000; -0.000000; -0.000000; 0.005099 \
#; -0.000000; -0.000000; 0.027967; -0.000000; -0.000000; 0.025864 \
#; -0.000000; -0.000000; -0.027967; 0.000000; 0.000000; 0.025864 \
# ]
#metaData: qpt=[0.500000;0.500000;-0.231257;8.922600 \
#; 0.000549; -0.000571; 0.000000; 0.000000; 0.000000; -0.000000 \
#; 0.000549; -0.000571; -0.000000; 0.000000; 0.000000; 0.000000 \
#; -0.011540; -0.011099; 0.000000; 0.000000; 0.000000; -0.000000 \
#; 0.011540; 0.011099; -0.000000; -0.000000; 0.000000; -0.000000 \
#; -0.001182; 0.001229; 0.000000; 0.085788; 0.082509; 0.000000 \
#; -0.001182; 0.001229; -0.000000; -0.085788; -0.082509; -0.000000 \
#; 0.000000; -0.000000; -0.000000; -0.018980; -0.018255; 0.000000 \
#; -0.000000; 0.000000; 0.000000; 0.018980; 0.018255; 0.000000 \
#; -0.000000; 0.000000; -0.000000; 0.000000; -0.000000; -0.000000 \
#; -0.000000; -0.000000; 0.000000; 0.000000; -0.000000; -0.000000 \
# ]
#metaData: qpt=[0.500000;0.500000;-0.231257;9.060777 \
#; -0.000000; 0.000000; 0.001444; 0.000258; 0.000248; 0.000000 \
#; 0.000000; 0.000000; -0.001444; 0.000258; 0.000248; -0.000000 \
#; 0.000000; 0.000000; -0.000000; 0.001750; -0.001819; -0.012621 \
#; -0.000000; -0.000000; 0.000000; -0.001750; 0.001819; -0.012621 \
#; -0.002691; 0.002798; -0.000000; -0.054455; -0.052374; -0.000000 \
#; 0.002691; -0.002798; 0.000000; -0.054455; -0.052374; 0.000000 \
#; 0.001882; -0.001957; 0.000000; 0.000000; 0.000000; 0.095408 \
#; -0.001882; 0.001957; -0.000000; -0.000000; -0.000000; 0.095408 \
#; 0.000000; -0.000000; -0.002006; -0.000000; 0.000000; -0.016651 \
#; 0.000000; -0.000000; 0.002006; -0.000000; 0.000000; -0.016651 \
# ]
#metaData: qpt=[0.500000;0.500000;-0.231257;9.108351 \
#; 0.000492; -0.000511; -0.000000; 0.000000; -0.000000; 0.000000 \
#; -0.000492; 0.000511; 0.000000; 0.000000; 0.000000; 0.000000 \
#; -0.000000; 0.000000; -0.000000; 0.011573; -0.012033; 0.012506 \
#; -0.000000; 0.000000; 0.000000; 0.011573; -0.012033; -0.012506 \
#; 0.000000; 0.000000; -0.013524; 0.000000; 0.000000; -0.000000 \
#; 0.000000; 0.000000; 0.013524; 0.000000; 0.000000; 0.000000 \
#; -0.000000; 0.000000; 0.043454; 0.013986; -0.014541; -0.000000 \
#; -0.000000; 0.000000; -0.043454; 0.013986; -0.014541; -0.000000 \
#; -0.001367; 0.001421; 0.000000; -0.075535; 0.078536; 0.000000 \
#; 0.001367; -0.001421; 0.000000; -0.075535; 0.078536; 0.000000 \
# ]
#metaData: qpt=[0.500000;0.500000;-0.231257;9.491400 \
#; -0.000209; 0.000218; -0.000000; -0.000000; -0.000000; -0.000000 \
#; 0.000209; -0.000218; -0.000000; -0.000000; -0.000000; 0.000000 \
#; -0.000000; 0.000000; 0.000000; -0.007575; 0.007876; 0.010555 \
#; 0.000000; 0.000000; 0.000000; -0.007575; 0.007876; -0.010555 \
#; 0.000000; 0.000000; -0.011449; 0.000000; 0.000000; -0.000000 \
#; -0.000000; -0.000000; 0.011449; -0.000000; -0.000000; 0.000000 \
#; -0.000000; -0.000000; 0.092683; -0.001258; 0.001307; 0.000000 \
#; 0.000000; 0.000000; -0.092683; -0.001258; 0.001307; 0.000000 \
#; 0.048809; -0.050748; 0.000000; 0.024571; -0.025548; 0.000000 \
#; -0.048809; 0.050748; 0.000000; 0.024571; -0.025548; -0.000000 \
# ]
#metaData: qpt=[0.500000;0.500000;-0.231257;12.295140 \
#; -0.000000; -0.000000; -0.000275; -0.002754; -0.002648; 0.000000 \
#; -0.000000; -0.000000; 0.000275; -0.002754; -0.002648; -0.000000 \
#; 0.000000; -0.000000; -0.000000; 0.001758; -0.001828; -0.013979 \
#; -0.000000; 0.000000; -0.000000; -0.001758; 0.001828; -0.013979 \
#; -0.000489; 0.000508; -0.000000; 0.070893; 0.068183; 0.000000 \
#; 0.000489; -0.000508; 0.000000; 0.070893; 0.068183; -0.000000 \
#; -0.002430; 0.002527; 0.000000; -0.000000; 0.000000; 0.072248 \
#; 0.002430; -0.002527; 0.000000; -0.000000; 0.000000; 0.072248 \
#; -0.000000; 0.000000; -0.007076; 0.000000; -0.000000; -0.001105 \
#; 0.000000; -0.000000; 0.007076; 0.000000; -0.000000; -0.001105 \
# ]
#metaData: qpt=[0.500000;0.500000;-0.231257;12.324800 \
#; -0.002252; 0.002342; -0.000000; 0.000000; 0.000000; -0.000000 \
#; 0.002252; -0.002342; -0.000000; 0.000000; 0.000000; -0.000000 \
#; 0.000000; -0.000000; -0.000000; -0.002431; 0.002528; 0.012355 \
#; 0.000000; 0.000000; -0.000000; -0.002431; 0.002528; -0.012355 \
#; 0.000000; 0.000000; -0.001494; -0.000000; -0.000000; -0.000000 \
#; 0.000000; 0.000000; 0.001494; -0.000000; -0.000000; -0.000000 \
#; 0.000000; -0.000000; 0.061611; -0.005795; 0.006025; -0.000000 \
#; -0.000000; 0.000000; -0.061611; -0.005795; 0.006025; -0.000000 \
#; -0.070891; 0.073708; 0.000000; 0.019044; -0.019801; 0.000000 \
#; 0.070891; -0.073708; -0.000000; 0.019044; -0.019801; -0.000000 \
# ]
