# Phonopy generated file for v_sim 3.6
    7.053166972    0.274691506    7.047815897
   -3.663929239   -3.523907949    4.889259621
    3.526583486   -0.000000000    2.444629810 Ba
    0.137345753    3.523907949    2.444629810 Ba
    0.000000000    0.000000000    0.000000000 Zr
    3.663929239    3.523907949    0.000000000 Zr
    5.495893859    5.285861923    0.000000000  S
    1.831964620    1.761953974    0.000000000  S
    4.063651674    3.108302678    2.444629810  S
   -0.399722435    0.415605271    2.444629810  S
    1.969310373    5.285861923    0.576633130  S
    1.694618867   -1.761953974    4.312626491  S
#metaData: qpt=[-0.231257;0.231257;0.500000;1.212376 \
#; -0.000000; -0.000000; -0.056293; -0.000000; -0.000000; -0.000000 \
#; -0.000000; -0.000000; 0.056293; -0.000000; -0.000000; 0.000000 \
#; -0.000000; -0.000000; -0.000000; 0.014041; 0.013504; 0.000000 \
#; -0.000000; -0.000000; -0.000000; 0.014041; 0.013504; -0.000000 \
#; 0.000000; -0.000000; 0.000168; 0.001649; 0.001586; 0.000000 \
#; -0.000000; 0.000000; -0.000168; 0.001649; 0.001586; -0.000000 \
#; -0.000000; -0.000000; -0.000000; 0.000000; 0.000000; -0.000000 \
#; -0.000000; -0.000000; -0.000000; -0.000000; -0.000000; 0.000000 \
#; -0.007988; -0.007683; 0.000000; -0.020564; -0.019778; 0.000000 \
#; 0.007988; 0.007683; -0.000000; -0.020564; -0.019778; -0.000000 \
# ]
#metaData: qpt=[-0.231257;0.231257;0.500000;1.212740 \
#; 0.005828; -0.006060; 0.000000; -0.034557; -0.033236; 0.000000 \
#; -0.005828; 0.006060; -0.000000; -0.034557; -0.033236; -0.000000 \
#; 0.000000; 0.000000; 0.000000; 0.000910; 0.000875; -0.000000 \
#; 0.000000; 0.000000; 0.000000; -0.000910; -0.000875; -0.000000 \
#; 0.029192; -0.030352; -0.000000; 0.000000; -0.000000; -0.000000 \
#; -0.029192; 0.030352; 0.000000; -0.000000; 0.000000; 0.000000 \
#; -0.017572; -0.016900; -0.000000; -0.009483; -0.009120; -0.000000 \
#; 0.017572; 0.016900; 0.000000; -0.009483; -0.009120; -0.000000 \
#; 0.036184; 0.034801; 0.000000; -0.014056; -0.013519; 0.000000 \
#; -0.036184; -0.034801; 0.000000; -0.014056; -0.013519; -0.000000 \
# ]
#metaData: qpt=[-0.231257;0.231257;0.500000;1.550053 \
#; -0.037636; 0.039131; -0.000000; -0.011207; -0.010779; -0.000000 \
#; -0.037636; 0.039131; -0.000000; 0.011207; 0.010779; -0.000000 \
#; 0.008516; -0.008854; -0.010162; 0.000000; 0.000000; 0.000000 \
#; -0.008516; 0.008854; -0.010162; -0.000000; -0.000000; 0.000000 \
#; -0.000000; -0.000000; -0.008165; 0.000187; 0.000180; 0.000000 \
#; -0.000000; -0.000000; -0.008165; -0.000187; -0.000180; 0.000000 \
#; -0.003363; 0.003497; 0.000000; 0.021175; -0.022017; -0.000000 \
#; -0.003363; 0.003497; -0.000000; -0.021175; 0.022017; 0.000000 \
#; 0.001281; -0.001332; 0.011831; 0.003298; -0.003429; -0.004596 \
#; 0.001281; -0.001332; 0.011831; -0.003298; 0.003429; 0.004596 \
# ]
#metaData: qpt=[-0.231257;0.231257;0.500000;1.594414 \
#; -0.040035; 0.041626; 0.000000; -0.006474; -0.006227; 0.000000 \
#; 0.040035; -0.041626; -0.000000; -0.006474; -0.006227; 0.000000 \
#; 0.000000; 0.000000; -0.000000; -0.009134; -0.008785; -0.000000 \
#; 0.000000; 0.000000; -0.000000; 0.009134; 0.008785; -0.000000 \
#; 0.000453; -0.000471; -0.000000; 0.000000; 0.000000; -0.000000 \
#; -0.000453; 0.000471; -0.000000; 0.000000; 0.000000; -0.000000 \
#; 0.007616; 0.007325; -0.000000; -0.013880; -0.013350; -0.000000 \
#; -0.007616; -0.007325; 0.000000; -0.013880; -0.013350; 0.000000 \
#; 0.003211; 0.003089; 0.000000; -0.001247; -0.001200; -0.000000 \
#; -0.003211; -0.003089; 0.000000; -0.001247; -0.001200; 0.000000 \
# ]
#metaData: qpt=[-0.231257;0.231257;0.500000;1.647163 \
#; 0.000000; -0.000000; 0.015046; -0.000000; 0.000000; -0.000000 \
#; -0.000000; 0.000000; -0.015046; -0.000000; 0.000000; 0.000000 \
#; 0.000000; 0.000000; -0.000000; 0.050074; 0.048161; -0.000000 \
#; 0.000000; 0.000000; 0.000000; 0.050074; 0.048161; -0.000000 \
#; 0.000000; 0.000000; 0.002700; 0.020330; 0.019553; -0.000000 \
#; 0.000000; 0.000000; -0.002700; 0.020330; 0.019553; -0.000000 \
#; -0.000000; -0.000000; -0.000000; -0.000000; 0.000000; -0.000000 \
#; 0.000000; -0.000000; 0.000000; -0.000000; 0.000000; 0.000000 \
#; 0.002456; 0.002362; 0.000000; 0.006323; 0.006082; -0.000000 \
#; -0.002456; -0.002362; 0.000000; 0.006323; 0.006082; 0.000000 \
# ]
#metaData: qpt=[-0.231257;0.231257;0.500000;1.709415 \
#; 0.000000; -0.000000; -0.052375; 0.000000; 0.000000; -0.000000 \
#; 0.000000; -0.000000; -0.052375; -0.000000; 0.000000; -0.000000 \
#; -0.013810; 0.014358; -0.015448; -0.000000; -0.000000; -0.000000 \
#; -0.013810; 0.014358; 0.015448; -0.000000; -0.000000; -0.000000 \
#; -0.005836; 0.006068; 0.000000; -0.000000; -0.000000; -0.000000 \
#; -0.005836; 0.006068; 0.000000; -0.000000; -0.000000; -0.000000 \
#; -0.000000; -0.000000; 0.001110; -0.000000; 0.000000; -0.008904 \
#; 0.000000; -0.000000; 0.001110; 0.000000; 0.000000; 0.008904 \
#; -0.005035; 0.005235; -0.015469; 0.001956; -0.002034; -0.039823 \
#; -0.005035; 0.005235; -0.015469; -0.001956; 0.002034; 0.039823 \
# ]
#metaData: qpt=[-0.231257;0.231257;0.500000;1.794020 \
#; 0.013770; -0.014317; -0.000000; -0.032701; -0.031451; 0.000000 \
#; 0.013770; -0.014317; 0.000000; 0.032701; 0.031451; 0.000000 \
#; 0.015491; -0.016106; 0.005359; -0.000000; -0.000000; 0.000000 \
#; -0.015491; 0.016106; 0.005359; -0.000000; -0.000000; -0.000000 \
#; 0.000000; 0.000000; -0.004165; 0.000813; 0.000782; -0.000000 \
#; 0.000000; 0.000000; -0.004165; -0.000813; -0.000782; -0.000000 \
#; 0.023183; -0.024104; -0.000000; 0.010568; -0.010988; 0.000000 \
#; 0.023183; -0.024104; 0.000000; -0.010568; 0.010988; -0.000000 \
#; 0.002408; -0.002504; 0.042958; 0.006200; -0.006446; -0.016687 \
#; 0.002408; -0.002504; 0.042958; -0.006200; 0.006446; 0.016687 \
# ]
#metaData: qpt=[-0.231257;0.231257;0.500000;2.416605 \
#; 0.000000; 0.000000; -0.006721; 0.000000; -0.000000; 0.000000 \
#; -0.000000; -0.000000; -0.006721; -0.000000; -0.000000; 0.000000 \
#; -0.015783; 0.016411; 0.064041; 0.000000; -0.000000; -0.000000 \
#; -0.015783; 0.016411; -0.064041; 0.000000; 0.000000; 0.000000 \
#; -0.020488; 0.021302; -0.000000; -0.000000; 0.000000; -0.000000 \
#; -0.020488; 0.021302; 0.000000; 0.000000; -0.000000; -0.000000 \
#; -0.000000; 0.000000; -0.007308; -0.000000; -0.000000; 0.035622 \
#; 0.000000; -0.000000; -0.007308; -0.000000; -0.000000; -0.035622 \
#; -0.005041; 0.005241; -0.000272; 0.001958; -0.002036; -0.000700 \
#; -0.005041; 0.005241; -0.000272; -0.001958; 0.002036; 0.000700 \
# ]
#metaData: qpt=[-0.231257;0.231257;0.500000;3.150208 \
#; -0.000000; -0.000000; 0.021965; -0.000000; 0.000000; -0.000000 \
#; -0.000000; -0.000000; 0.021965; 0.000000; 0.000000; -0.000000 \
#; -0.017897; 0.018608; -0.020576; -0.000000; -0.000000; 0.000000 \
#; -0.017897; 0.018608; 0.020576; 0.000000; -0.000000; -0.000000 \
#; -0.063678; 0.066208; -0.000000; 0.000000; -0.000000; 0.000000 \
#; -0.063678; 0.066208; 0.000000; -0.000000; 0.000000; 0.000000 \
#; -0.000000; -0.000000; 0.003207; 0.000000; 0.000000; -0.005896 \
#; -0.000000; -0.000000; 0.003207; 0.000000; -0.000000; 0.005896 \
#; -0.016623; 0.017284; -0.012968; 0.006457; -0.006714; -0.033383 \
#; -0.016623; 0.017284; -0.012968; -0.006457; 0.006714; 0.033383 \
# ]
#metaData: qpt=[-0.231257;0.231257;0.500000;3.182169 \
#; -0.002674; 0.002780; -0.000000; 0.020406; 0.019626; 0.000000 \
#; 0.002674; -0.002780; -0.000000; 0.020406; 0.019626; 0.000000 \
#; -0.000000; -0.000000; 0.000000; -0.004068; -0.003913; -0.000000 \
#; 0.000000; 0.000000; -0.000000; 0.004068; 0.003913; 0.000000 \
#; 0.065972; -0.068594; 0.000000; -0.000000; 0.000000; -0.000000 \
#; -0.065972; 0.068594; 0.000000; 0.000000; -0.000000; -0.000000 \
#; 0.007733; 0.007437; 0.000000; 0.017594; 0.016922; 0.000000 \
#; -0.007733; -0.007437; -0.000000; 0.017594; 0.016922; -0.000000 \
#; 0.031793; 0.030578; 0.000000; -0.012350; -0.011878; -0.000000 \
#; -0.031793; -0.030578; -0.000000; -0.012350; -0.011878; -0.000000 \
# ]
#metaData: qpt=[-0.231257;0.231257;0.500000;3.499748 \
#; -0.009554; 0.009934; -0.000000; -0.003803; -0.003658; -0.000000 \
#; -0.009554; 0.009934; -0.000000; 0.003803; 0.003658; 0.000000 \
#; -0.001849; 0.001923; 0.026261; -0.000000; 0.000000; -0.000000 \
#; 0.001849; -0.001923; 0.026261; -0.000000; -0.000000; 0.000000 \
#; -0.000000; -0.000000; 0.088024; -0.003051; -0.002935; 0.000000 \
#; 0.000000; -0.000000; 0.088024; 0.003051; 0.002935; 0.000000 \
#; 0.017476; -0.018170; 0.000000; -0.044623; 0.046396; 0.000000 \
#; 0.017476; -0.018170; 0.000000; 0.044623; -0.046396; -0.000000 \
#; -0.001320; 0.001372; 0.009641; -0.003397; 0.003532; -0.003745 \
#; -0.001320; 0.001372; 0.009641; 0.003397; -0.003532; 0.003745 \
# ]
#metaData: qpt=[-0.231257;0.231257;0.500000;4.233500 \
#; 0.000000; 0.000000; -0.004670; -0.000000; -0.000000; 0.000000 \
#; -0.000000; -0.000000; 0.004670; 0.000000; 0.000000; 0.000000 \
#; -0.000000; 0.000000; -0.000000; -0.001734; -0.001667; -0.000000 \
#; 0.000000; -0.000000; -0.000000; -0.001734; -0.001667; 0.000000 \
#; -0.000000; -0.000000; 0.119760; 0.003531; 0.003396; -0.000000 \
#; -0.000000; 0.000000; -0.119760; 0.003531; 0.003396; 0.000000 \
#; -0.000000; 0.000000; 0.000000; -0.000000; -0.000000; 0.000000 \
#; -0.000000; 0.000000; -0.000000; -0.000000; 0.000000; 0.000000 \
#; 0.008732; 0.008398; -0.000000; 0.022478; 0.021619; -0.000000 \
#; -0.008732; -0.008398; -0.000000; 0.022478; 0.021619; -0.000000 \
# ]
#metaData: qpt=[-0.231257;0.231257;0.500000;4.369675 \
#; 0.001607; -0.001671; -0.000000; -0.025418; -0.024447; 0.000000 \
#; 0.001607; -0.001671; -0.000000; 0.025418; 0.024447; 0.000000 \
#; -0.016326; 0.016974; -0.009985; -0.000000; 0.000000; -0.000000 \
#; 0.016326; -0.016974; -0.009985; 0.000000; -0.000000; -0.000000 \
#; -0.000000; 0.000000; 0.010567; 0.007936; 0.007633; 0.000000 \
#; -0.000000; 0.000000; 0.010567; -0.007936; -0.007633; 0.000000 \
#; -0.035679; 0.037097; -0.000000; -0.010482; 0.010899; 0.000000 \
#; -0.035679; 0.037097; -0.000000; 0.010482; -0.010899; -0.000000 \
#; -0.003891; 0.004046; -0.066125; -0.010017; 0.010415; 0.025687 \
#; -0.003891; 0.004046; -0.066125; 0.010017; -0.010415; -0.025687 \
# ]
#metaData: qpt=[-0.231257;0.231257;0.500000;4.502066 \
#; -0.000000; 0.000000; -0.018942; 0.000000; 0.000000; 0.000000 \
#; 0.000000; 0.000000; -0.018942; -0.000000; -0.000000; -0.000000 \
#; 0.021022; -0.021857; -0.005625; -0.000000; -0.000000; 0.000000 \
#; 0.021022; -0.021857; 0.005625; -0.000000; 0.000000; 0.000000 \
#; -0.049996; 0.051983; 0.000000; -0.000000; 0.000000; 0.000000 \
#; -0.049996; 0.051983; 0.000000; 0.000000; 0.000000; 0.000000 \
#; 0.000000; 0.000000; -0.015440; -0.000000; -0.000000; 0.008187 \
#; 0.000000; -0.000000; -0.015440; -0.000000; 0.000000; -0.008187 \
#; 0.002851; -0.002965; 0.027637; -0.001108; 0.001152; 0.071144 \
#; 0.002851; -0.002965; 0.027637; 0.001108; -0.001152; -0.071144 \
# ]
#metaData: qpt=[-0.231257;0.231257;0.500000;4.614200 \
#; -0.006035; 0.006275; 0.000000; -0.004770; -0.004588; 0.000000 \
#; -0.006035; 0.006275; -0.000000; 0.004770; 0.004588; 0.000000 \
#; -0.018765; 0.019511; -0.004184; 0.000000; 0.000000; -0.000000 \
#; 0.018765; -0.019511; -0.004184; -0.000000; 0.000000; 0.000000 \
#; -0.000000; 0.000000; -0.073247; -0.003957; -0.003806; -0.000000 \
#; -0.000000; 0.000000; -0.073247; 0.003957; 0.003806; 0.000000 \
#; 0.029687; -0.030867; 0.000000; -0.048282; 0.050201; 0.000000 \
#; 0.029687; -0.030867; -0.000000; 0.048282; -0.050201; -0.000000 \
#; -0.005978; 0.006216; 0.016161; -0.015389; 0.016001; -0.006278 \
#; -0.005978; 0.006216; 0.016161; 0.015389; -0.016001; 0.006278 \
# ]
#metaData: qpt=[-0.231257;0.231257;0.500000;4.907100 \
#; 0.000000; 0.000000; 0.014941; 0.000000; 0.000000; 0.000000 \
#; 0.000000; -0.000000; -0.014941; 0.000000; 0.000000; -0.000000 \
#; 0.000000; -0.000000; -0.000000; 0.002545; 0.002447; -0.000000 \
#; -0.000000; 0.000000; 0.000000; 0.002545; 0.002447; 0.000000 \
#; -0.000000; 0.000000; 0.035257; -0.017708; -0.017031; 0.000000 \
#; -0.000000; 0.000000; -0.035257; -0.017708; -0.017031; -0.000000 \
#; -0.000000; -0.000000; -0.000000; 0.000000; 0.000000; 0.000000 \
#; 0.000000; 0.000000; -0.000000; -0.000000; 0.000000; -0.000000 \
#; -0.029477; -0.028351; 0.000000; -0.075883; -0.072983; 0.000000 \
#; 0.029477; 0.028351; 0.000000; -0.075883; -0.072983; -0.000000 \
# ]
#metaData: qpt=[-0.231257;0.231257;0.500000;4.988249 \
#; -0.007660; 0.007964; -0.000000; 0.008015; 0.007708; -0.000000 \
#; 0.007660; -0.007964; 0.000000; 0.008015; 0.007708; 0.000000 \
#; -0.000000; -0.000000; -0.000000; 0.025291; 0.024324; -0.000000 \
#; 0.000000; 0.000000; 0.000000; -0.025291; -0.024324; -0.000000 \
#; 0.003776; -0.003926; -0.000000; 0.000000; 0.000000; -0.000000 \
#; -0.003776; 0.003926; 0.000000; 0.000000; 0.000000; 0.000000 \
#; -0.075458; -0.072574; -0.000000; -0.003285; -0.003159; 0.000000 \
#; 0.075458; 0.072574; -0.000000; -0.003285; -0.003159; -0.000000 \
#; -0.003571; -0.003434; 0.000000; 0.001387; 0.001334; 0.000000 \
#; 0.003571; 0.003434; 0.000000; 0.001387; 0.001334; -0.000000 \
# ]
#metaData: qpt=[-0.231257;0.231257;0.500000;5.127130 \
#; -0.000000; 0.000000; -0.000404; -0.000000; -0.000000; 0.000000 \
#; -0.000000; -0.000000; -0.000404; 0.000000; -0.000000; 0.000000 \
#; 0.035067; -0.036461; 0.016603; -0.000000; 0.000000; -0.000000 \
#; 0.035067; -0.036461; -0.016603; -0.000000; 0.000000; 0.000000 \
#; -0.018273; 0.018999; 0.000000; 0.000000; -0.000000; 0.000000 \
#; -0.018273; 0.018999; -0.000000; 0.000000; -0.000000; 0.000000 \
#; -0.000000; 0.000000; 0.002645; 0.000000; -0.000000; -0.011252 \
#; 0.000000; -0.000000; 0.002645; 0.000000; -0.000000; 0.011252 \
#; 0.014715; -0.015299; -0.028470; -0.005716; 0.005943; -0.073290 \
#; 0.014715; -0.015299; -0.028470; 0.005716; -0.005943; 0.073290 \
# ]
#metaData: qpt=[-0.231257;0.231257;0.500000;5.197203 \
#; 0.000261; -0.000272; 0.000000; -0.000257; -0.000247; 0.000000 \
#; 0.000261; -0.000272; -0.000000; 0.000257; 0.000247; -0.000000 \
#; -0.020280; 0.021086; -0.021587; 0.000000; -0.000000; 0.000000 \
#; 0.020280; -0.021086; -0.021587; 0.000000; -0.000000; 0.000000 \
#; 0.000000; -0.000000; 0.031498; 0.001332; 0.001281; -0.000000 \
#; 0.000000; -0.000000; 0.031498; -0.001332; -0.001281; -0.000000 \
#; 0.059486; -0.061849; 0.000000; 0.035060; -0.036453; 0.000000 \
#; 0.059486; -0.061849; -0.000000; -0.035060; 0.036453; 0.000000 \
#; -0.001777; 0.001847; -0.027427; -0.004574; 0.004756; 0.010654 \
#; -0.001777; 0.001847; -0.027427; 0.004574; -0.004756; -0.010654 \
# ]
#metaData: qpt=[-0.231257;0.231257;0.500000;5.443202 \
#; 0.004732; -0.004920; 0.000000; 0.008855; 0.008517; -0.000000 \
#; -0.004732; 0.004920; 0.000000; 0.008855; 0.008517; 0.000000 \
#; -0.000000; 0.000000; -0.000000; 0.007196; 0.006921; -0.000000 \
#; 0.000000; -0.000000; -0.000000; -0.007196; -0.006921; 0.000000 \
#; 0.006111; -0.006354; -0.000000; 0.000000; -0.000000; 0.000000 \
#; -0.006111; 0.006354; -0.000000; -0.000000; 0.000000; -0.000000 \
#; 0.012203; 0.011736; 0.000000; -0.085028; -0.081778; -0.000000 \
#; -0.012203; -0.011736; 0.000000; -0.085028; -0.081778; 0.000000 \
#; 0.009118; 0.008769; -0.000000; -0.003542; -0.003407; -0.000000 \
#; -0.009118; -0.008769; -0.000000; -0.003542; -0.003407; 0.000000 \
# ]
#metaData: qpt=[-0.231257;0.231257;0.500000;5.802490 \
#; -0.002334; 0.002427; -0.000000; -0.009701; -0.009330; 0.000000 \
#; 0.002334; -0.002427; 0.000000; -0.009701; -0.009330; -0.000000 \
#; -0.000000; 0.000000; 0.000000; 0.027206; 0.026167; -0.000000 \
#; 0.000000; -0.000000; 0.000000; -0.027206; -0.026167; 0.000000 \
#; 0.039202; -0.040760; -0.000000; -0.000000; 0.000000; -0.000000 \
#; -0.039202; 0.040760; 0.000000; 0.000000; -0.000000; -0.000000 \
#; 0.027503; 0.026452; 0.000000; 0.002165; 0.002082; 0.000000 \
#; -0.027503; -0.026452; 0.000000; 0.002165; 0.002082; -0.000000 \
#; -0.052271; -0.050274; 0.000000; 0.020305; 0.019529; -0.000000 \
#; 0.052271; 0.050274; 0.000000; 0.020305; 0.019529; -0.000000 \
# ]
#metaData: qpt=[-0.231257;0.231257;0.500000;5.989837 \
#; -0.000510; 0.000531; -0.000000; 0.001574; 0.001514; -0.000000 \
#; -0.000510; 0.000531; -0.000000; -0.001574; -0.001514; -0.000000 \
#; 0.033029; -0.034341; -0.010582; -0.000000; 0.000000; 0.000000 \
#; -0.033029; 0.034341; -0.010582; 0.000000; -0.000000; 0.000000 \
#; 0.000000; -0.000000; -0.014414; -0.004280; -0.004116; 0.000000 \
#; -0.000000; 0.000000; -0.014414; 0.004280; 0.004116; 0.000000 \
#; 0.028041; -0.029155; 0.000000; -0.024006; 0.024960; 0.000000 \
#; 0.028041; -0.029155; 0.000000; 0.024006; -0.024960; -0.000000 \
#; 0.003919; -0.004075; -0.068955; 0.010089; -0.010490; 0.026786 \
#; 0.003919; -0.004075; -0.068955; -0.010089; 0.010490; -0.026786 \
# ]
#metaData: qpt=[-0.231257;0.231257;0.500000;7.136634 \
#; 0.004377; -0.004551; -0.000000; -0.001457; -0.001402; -0.000000 \
#; -0.004377; 0.004551; 0.000000; -0.001457; -0.001402; -0.000000 \
#; 0.000000; -0.000000; 0.000000; -0.036261; -0.034875; 0.000000 \
#; 0.000000; -0.000000; 0.000000; 0.036261; 0.034875; 0.000000 \
#; 0.026477; -0.027529; -0.000000; 0.000000; 0.000000; -0.000000 \
#; -0.026477; 0.027529; -0.000000; 0.000000; 0.000000; 0.000000 \
#; -0.032799; -0.031546; 0.000000; -0.016257; -0.015635; 0.000000 \
#; 0.032799; 0.031546; -0.000000; -0.016257; -0.015635; -0.000000 \
#; -0.043368; -0.041711; -0.000000; 0.016847; 0.016203; 0.000000 \
#; 0.043368; 0.041711; -0.000000; 0.016847; 0.016203; -0.000000 \
# ]
#metaData: qpt=[-0.231257;0.231257;0.500000;7.452673 \
#; 0.003442; -0.003579; -0.000000; 0.001714; 0.001649; 0.000000 \
#; 0.003442; -0.003579; 0.000000; -0.001714; -0.001649; 0.000000 \
#; 0.005160; -0.005365; -0.062860; -0.000000; -0.000000; -0.000000 \
#; -0.005160; 0.005365; -0.062860; 0.000000; 0.000000; -0.000000 \
#; 0.000000; -0.000000; 0.032730; -0.001297; -0.001247; 0.000000 \
#; -0.000000; 0.000000; 0.032730; 0.001297; 0.001247; 0.000000 \
#; -0.011579; 0.012039; -0.000000; -0.023732; 0.024675; 0.000000 \
#; -0.011579; 0.012039; -0.000000; 0.023732; -0.024675; -0.000000 \
#; -0.001280; 0.001331; 0.036262; -0.003295; 0.003426; -0.014086 \
#; -0.001280; 0.001331; 0.036262; 0.003295; -0.003426; 0.014086 \
# ]
#metaData: qpt=[-0.231257;0.231257;0.500000;8.922600 \
#; 0.000000; -0.000000; 0.000793; -0.000000; -0.000000; 0.000000 \
#; -0.000000; 0.000000; -0.000793; -0.000000; -0.000000; -0.000000 \
#; 0.000000; -0.000000; 0.000000; -0.011540; -0.011099; -0.000000 \
#; -0.000000; 0.000000; -0.000000; -0.011540; -0.011099; 0.000000 \
#; -0.000000; -0.000000; 0.001705; 0.085788; 0.082509; 0.000000 \
#; -0.000000; -0.000000; -0.001705; 0.085788; 0.082509; -0.000000 \
#; -0.000000; 0.000000; 0.000000; 0.000000; -0.000000; -0.000000 \
#; -0.000000; 0.000000; 0.000000; -0.000000; 0.000000; 0.000000 \
#; -0.006873; -0.006610; -0.000000; -0.017692; -0.017016; 0.000000 \
#; 0.006873; 0.006610; 0.000000; -0.017692; -0.017016; -0.000000 \
# ]
#metaData: qpt=[-0.231257;0.231257;0.500000;9.060777 \
#; 0.001001; -0.001040; -0.000000; -0.000258; -0.000248; 0.000000 \
#; 0.001001; -0.001040; 0.000000; 0.000258; 0.000248; -0.000000 \
#; 0.008749; -0.009096; 0.002524; 0.000000; 0.000000; -0.000000 \
#; -0.008749; 0.009096; 0.002524; 0.000000; 0.000000; 0.000000 \
#; 0.000000; -0.000000; 0.003882; -0.054455; -0.052374; 0.000000 \
#; -0.000000; -0.000000; 0.003882; 0.054455; 0.052374; 0.000000 \
#; -0.002883; 0.002998; -0.000000; 0.011263; -0.011711; 0.000000 \
#; -0.002883; 0.002998; -0.000000; -0.011263; 0.011711; -0.000000 \
#; -0.023948; 0.024900; -0.002531; -0.061649; 0.064099; 0.000983 \
#; -0.023948; 0.024900; -0.002531; 0.061649; -0.064099; -0.000983 \
# ]
#metaData: qpt=[-0.231257;0.231257;0.500000;9.108351 \
#; -0.000000; 0.000000; 0.000709; 0.000000; 0.000000; 0.000000 \
#; -0.000000; 0.000000; 0.000709; -0.000000; -0.000000; 0.000000 \
#; 0.008669; -0.009014; -0.016695; 0.000000; -0.000000; -0.000000 \
#; 0.008669; -0.009014; 0.016695; 0.000000; -0.000000; 0.000000 \
#; 0.009375; -0.009747; -0.000000; 0.000000; 0.000000; 0.000000 \
#; 0.009375; -0.009747; -0.000000; -0.000000; -0.000000; 0.000000 \
#; -0.000000; 0.000000; -0.037618; -0.000000; 0.000000; 0.102285 \
#; 0.000000; -0.000000; -0.037618; 0.000000; -0.000000; -0.102285 \
#; -0.028078; 0.029194; -0.007305; 0.010907; -0.011340; -0.018806 \
#; -0.028078; 0.029194; -0.007305; -0.010907; 0.011340; 0.018806 \
# ]
#metaData: qpt=[-0.231257;0.231257;0.500000;9.491400 \
#; -0.000000; 0.000000; -0.000302; 0.000000; 0.000000; -0.000000 \
#; 0.000000; 0.000000; -0.000302; -0.000000; -0.000000; -0.000000 \
#; 0.007317; -0.007607; 0.010927; 0.000000; -0.000000; 0.000000 \
#; 0.007317; -0.007607; -0.010927; 0.000000; -0.000000; -0.000000 \
#; 0.007936; -0.008252; -0.000000; 0.000000; 0.000000; -0.000000 \
#; 0.007936; -0.008252; -0.000000; -0.000000; -0.000000; 0.000000 \
#; -0.000000; -0.000000; -0.052797; -0.000000; 0.000000; -0.058536 \
#; 0.000000; 0.000000; -0.052797; 0.000000; -0.000000; 0.058536 \
#; -0.059888; 0.062268; 0.000657; 0.023264; -0.024188; 0.001691 \
#; -0.059888; 0.062268; 0.000657; -0.023264; 0.024188; -0.001691 \
# ]
#metaData: qpt=[-0.231257;0.231257;0.500000;12.295140 \
#; -0.000191; 0.000198; -0.000000; 0.002754; 0.002648; -0.000000 \
#; -0.000191; 0.000198; -0.000000; -0.002754; -0.002648; -0.000000 \
#; 0.009690; -0.010075; 0.002536; 0.000000; -0.000000; 0.000000 \
#; -0.009690; 0.010075; 0.002536; -0.000000; 0.000000; 0.000000 \
#; -0.000000; -0.000000; 0.000705; 0.070893; 0.068183; 0.000000 \
#; 0.000000; 0.000000; 0.000705; -0.070893; -0.068183; 0.000000 \
#; 0.004295; -0.004466; 0.000000; 0.002490; -0.002589; 0.000000 \
#; 0.004295; -0.004466; 0.000000; -0.002490; 0.002589; 0.000000 \
#; -0.018135; 0.018855; 0.003268; -0.046684; 0.048539; -0.001269 \
#; -0.018135; 0.018855; 0.003268; 0.046684; -0.048539; 0.001269 \
# ]
#metaData: qpt=[-0.231257;0.231257;0.500000;12.324800 \
#; -0.000000; -0.000000; -0.003249; -0.000000; -0.000000; -0.000000 \
#; 0.000000; 0.000000; -0.003249; 0.000000; 0.000000; -0.000000 \
#; 0.008564; -0.008905; 0.003507; 0.000000; -0.000000; 0.000000 \
#; 0.008564; -0.008905; -0.003507; -0.000000; 0.000000; 0.000000 \
#; 0.001036; -0.001077; -0.000000; -0.000000; -0.000000; 0.000000 \
#; 0.001036; -0.001077; 0.000000; 0.000000; 0.000000; 0.000000 \
#; -0.000000; 0.000000; 0.105275; -0.000000; -0.000000; 0.011422 \
#; -0.000000; -0.000000; 0.105275; 0.000000; -0.000000; -0.011422 \
#; -0.039810; 0.041392; 0.003027; 0.015465; -0.016079; 0.007792 \
#; -0.039810; 0.041392; 0.003027; -0.015465; 0.016079; -0.007792 \
# ]
