# Phonopy generated file for v_sim 3.6
    7.053166972    0.274691506    7.047815897
   -3.663929239   -3.523907949    4.889259621
    3.526583486   -0.000000000    2.444629810 Ba
    0.137345753    3.523907949    2.444629810 Ba
    0.000000000    0.000000000    0.000000000 Zr
    3.663929239    3.523907949    0.000000000 Zr
    5.495893859    5.285861923    0.000000000  S
    1.831964620    1.761953974    0.000000000  S
    4.063651674    3.108302678    2.444629810  S
   -0.399722435    0.415605271    2.444629810  S
    1.969310373    5.285861923    0.576633130  S
    1.694618867   -1.761953974    4.312626491  S
#metaData: qpt=[0.000000;0.000000;0.000000;-0.017114 \
#; -0.019071; 0.019829; 0.027512; 0.000000; 0.000000; 0.000000 \
#; -0.019071; 0.019829; 0.027512; 0.000000; 0.000000; 0.000000 \
#; -0.019478; 0.020251; 0.027976; 0.000000; 0.000000; 0.000000 \
#; -0.019393; 0.020164; 0.028098; 0.000000; 0.000000; 0.000000 \
#; -0.019283; 0.020049; 0.027817; 0.000000; 0.000000; 0.000000 \
#; -0.019283; 0.020049; 0.027817; 0.000000; 0.000000; 0.000000 \
#; -0.019207; 0.019970; 0.027885; 0.000000; 0.000000; 0.000000 \
#; -0.019207; 0.019970; 0.027885; 0.000000; 0.000000; 0.000000 \
#; -0.019330; 0.020098; 0.027708; 0.000000; 0.000000; 0.000000 \
#; -0.019330; 0.020098; 0.027708; 0.000000; 0.000000; 0.000000 \
# ]
#metaData: qpt=[0.000000;0.000000;0.000000;-0.017114 \
#; -0.019071; 0.019829; -0.027512; 0.000000; 0.000000; 0.000000 \
#; -0.019071; 0.019829; -0.027512; 0.000000; 0.000000; 0.000000 \
#; -0.019393; 0.020164; -0.028098; 0.000000; 0.000000; 0.000000 \
#; -0.019478; 0.020251; -0.027976; 0.000000; 0.000000; 0.000000 \
#; -0.019283; 0.020049; -0.027817; 0.000000; 0.000000; 0.000000 \
#; -0.019283; 0.020049; -0.027817; 0.000000; 0.000000; 0.000000 \
#; -0.019207; 0.019970; -0.027885; 0.000000; 0.000000; 0.000000 \
#; -0.019207; 0.019970; -0.027885; 0.000000; 0.000000; 0.000000 \
#; -0.019330; 0.020098; -0.027708; 0.000000; 0.000000; 0.000000 \
#; -0.019330; 0.020098; -0.027708; 0.000000; 0.000000; 0.000000 \
# ]
#metaData: qpt=[0.000000;0.000000;0.000000;-0.001590 \
#; 0.028306; 0.027224; 0.000000; 0.000000; 0.000000; 0.000000 \
#; 0.028306; 0.027224; 0.000000; 0.000000; 0.000000; 0.000000 \
#; 0.028227; 0.027148; 0.000000; 0.000000; 0.000000; 0.000000 \
#; 0.028227; 0.027148; 0.000000; 0.000000; 0.000000; 0.000000 \
#; 0.028278; 0.027197; 0.000000; 0.000000; 0.000000; 0.000000 \
#; 0.028278; 0.027197; 0.000000; 0.000000; 0.000000; 0.000000 \
#; 0.028309; 0.027227; 0.000000; 0.000000; 0.000000; 0.000000 \
#; 0.028309; 0.027227; 0.000000; 0.000000; 0.000000; 0.000000 \
#; 0.028309; 0.027227; 0.000000; 0.000000; 0.000000; 0.000000 \
#; 0.028309; 0.027227; 0.000000; 0.000000; 0.000000; 0.000000 \
# ]
#metaData: qpt=[0.000000;0.000000;0.000000;1.219998 \
#; -0.021053; 0.021889; -0.030370; 0.000000; 0.000000; 0.000000 \
#; 0.021053; -0.021889; 0.030370; 0.000000; 0.000000; 0.000000 \
#; -0.000000; -0.000000; 0.000000; 0.000000; 0.000000; 0.000000 \
#; -0.000000; -0.000000; 0.000000; 0.000000; 0.000000; 0.000000 \
#; -0.032975; 0.034285; -0.047569; 0.000000; 0.000000; 0.000000 \
#; 0.032975; -0.034285; 0.047569; 0.000000; 0.000000; 0.000000 \
#; 0.028687; 0.027591; 0.000000; 0.000000; 0.000000; 0.000000 \
#; -0.028687; -0.027591; 0.000000; 0.000000; 0.000000; 0.000000 \
#; -0.028687; -0.027591; 0.000000; 0.000000; 0.000000; 0.000000 \
#; 0.028687; 0.027591; 0.000000; 0.000000; 0.000000; 0.000000 \
# ]
#metaData: qpt=[0.000000;0.000000;0.000000;1.219998 \
#; 0.021053; -0.021889; -0.030370; 0.000000; 0.000000; 0.000000 \
#; -0.021053; 0.021889; 0.030370; 0.000000; 0.000000; 0.000000 \
#; 0.000000; -0.000000; -0.000000; 0.000000; 0.000000; 0.000000 \
#; -0.000000; -0.000000; -0.000000; 0.000000; 0.000000; 0.000000 \
#; -0.032975; 0.034285; 0.047569; 0.000000; 0.000000; 0.000000 \
#; 0.032975; -0.034285; -0.047569; 0.000000; 0.000000; 0.000000 \
#; -0.028687; -0.027591; -0.000000; 0.000000; 0.000000; 0.000000 \
#; 0.028687; 0.027591; -0.000000; 0.000000; 0.000000; 0.000000 \
#; -0.028687; -0.027591; -0.000000; 0.000000; 0.000000; 0.000000 \
#; 0.028687; 0.027591; -0.000000; 0.000000; 0.000000; 0.000000 \
# ]
#metaData: qpt=[0.000000;0.000000;0.000000;1.275508 \
#; 0.018816; 0.018097; 0.000000; 0.000000; 0.000000; 0.000000 \
#; 0.018816; 0.018097; -0.000000; 0.000000; 0.000000; 0.000000 \
#; -0.044010; -0.042329; 0.000000; 0.000000; 0.000000; 0.000000 \
#; -0.044010; -0.042329; 0.000000; 0.000000; 0.000000; 0.000000 \
#; -0.001981; -0.001905; 0.000000; 0.000000; 0.000000; 0.000000 \
#; -0.001981; -0.001905; -0.000000; 0.000000; 0.000000; 0.000000 \
#; 0.023127; 0.022243; 0.000000; 0.000000; 0.000000; 0.000000 \
#; 0.023127; 0.022243; 0.000000; 0.000000; 0.000000; 0.000000 \
#; 0.023127; 0.022243; 0.000000; 0.000000; 0.000000; 0.000000 \
#; 0.023127; 0.022243; 0.000000; 0.000000; 0.000000; 0.000000 \
# ]
#metaData: qpt=[0.000000;0.000000;0.000000;2.060922 \
#; 0.021415; -0.022266; 0.030893; 0.000000; 0.000000; 0.000000 \
#; 0.021415; -0.022266; 0.030893; 0.000000; 0.000000; 0.000000 \
#; -0.017167; 0.017849; -0.037487; 0.000000; 0.000000; 0.000000 \
#; -0.025986; 0.027019; -0.024765; 0.000000; 0.000000; 0.000000 \
#; -0.014098; 0.014658; -0.020338; 0.000000; 0.000000; 0.000000 \
#; -0.014098; 0.014658; -0.020338; 0.000000; 0.000000; 0.000000 \
#; -0.000410; 0.000427; -0.020591; 0.000000; 0.000000; 0.000000 \
#; -0.000410; 0.000427; -0.020591; 0.000000; 0.000000; 0.000000 \
#; -0.014274; 0.014841; -0.000592; 0.000000; 0.000000; 0.000000 \
#; -0.014274; 0.014841; -0.000592; 0.000000; 0.000000; 0.000000 \
# ]
#metaData: qpt=[0.000000;0.000000;0.000000;2.060922 \
#; 0.021415; -0.022266; -0.030893; 0.000000; 0.000000; 0.000000 \
#; 0.021415; -0.022266; -0.030893; 0.000000; 0.000000; 0.000000 \
#; -0.025986; 0.027019; 0.024765; 0.000000; 0.000000; 0.000000 \
#; -0.017167; 0.017849; 0.037487; 0.000000; 0.000000; 0.000000 \
#; -0.014098; 0.014658; 0.020338; 0.000000; 0.000000; 0.000000 \
#; -0.014098; 0.014658; 0.020338; 0.000000; 0.000000; 0.000000 \
#; -0.000410; 0.000427; 0.020591; 0.000000; 0.000000; 0.000000 \
#; -0.000410; 0.000427; 0.020591; 0.000000; 0.000000; 0.000000 \
#; -0.014274; 0.014841; 0.000592; 0.000000; 0.000000; 0.000000 \
#; -0.014274; 0.014841; 0.000592; 0.000000; 0.000000; 0.000000 \
# ]
#metaData: qpt=[0.000000;0.000000;0.000000;2.499542 \
#; 0.020658; -0.021479; 0.029801; 0.000000; 0.000000; 0.000000 \
#; -0.020658; 0.021479; -0.029801; 0.000000; 0.000000; 0.000000 \
#; 0.000000; -0.000000; 0.000000; 0.000000; 0.000000; 0.000000 \
#; 0.000000; -0.000000; -0.000000; 0.000000; 0.000000; 0.000000 \
#; -0.037385; 0.038870; -0.053930; 0.000000; 0.000000; 0.000000 \
#; 0.037385; -0.038870; 0.053930; 0.000000; 0.000000; 0.000000 \
#; 0.023745; 0.022838; -0.000000; 0.000000; 0.000000; 0.000000 \
#; -0.023745; -0.022838; -0.000000; 0.000000; 0.000000; 0.000000 \
#; -0.023745; -0.022838; -0.000000; 0.000000; 0.000000; 0.000000 \
#; 0.023745; 0.022838; -0.000000; 0.000000; 0.000000; 0.000000 \
# ]
#metaData: qpt=[0.000000;0.000000;0.000000;2.499542 \
#; -0.020658; 0.021479; 0.029801; 0.000000; 0.000000; 0.000000 \
#; 0.020658; -0.021479; -0.029801; 0.000000; 0.000000; 0.000000 \
#; -0.000000; 0.000000; -0.000000; 0.000000; 0.000000; 0.000000 \
#; -0.000000; 0.000000; 0.000000; 0.000000; 0.000000; 0.000000 \
#; -0.037385; 0.038870; 0.053930; 0.000000; 0.000000; 0.000000 \
#; 0.037385; -0.038870; -0.053930; 0.000000; 0.000000; 0.000000 \
#; -0.023745; -0.022838; -0.000000; 0.000000; 0.000000; 0.000000 \
#; 0.023745; 0.022838; -0.000000; 0.000000; 0.000000; 0.000000 \
#; -0.023745; -0.022838; 0.000000; 0.000000; 0.000000; 0.000000 \
#; 0.023745; 0.022838; 0.000000; 0.000000; 0.000000; 0.000000 \
# ]
#metaData: qpt=[0.000000;0.000000;0.000000;2.561120 \
#; 0.042947; 0.041305; -0.000000; 0.000000; 0.000000; 0.000000 \
#; -0.042947; -0.041305; 0.000000; 0.000000; 0.000000; 0.000000 \
#; 0.000000; 0.000000; -0.000000; 0.000000; 0.000000; 0.000000 \
#; 0.000000; 0.000000; -0.000000; 0.000000; 0.000000; 0.000000 \
#; 0.000000; -0.000000; 0.000000; 0.000000; 0.000000; 0.000000 \
#; -0.000000; -0.000000; 0.000000; 0.000000; 0.000000; 0.000000 \
#; -0.009646; 0.010029; -0.000000; 0.000000; 0.000000; 0.000000 \
#; 0.009646; -0.010029; -0.000000; 0.000000; 0.000000; 0.000000 \
#; 0.000000; -0.000000; 0.013914; 0.000000; 0.000000; 0.000000 \
#; -0.000000; -0.000000; -0.013914; 0.000000; 0.000000; 0.000000 \
# ]
#metaData: qpt=[0.000000;0.000000;0.000000;3.043788 \
#; 0.004333; -0.004505; -0.006251; 0.000000; 0.000000; 0.000000 \
#; 0.004333; -0.004505; -0.006251; 0.000000; 0.000000; 0.000000 \
#; 0.025746; -0.026769; -0.013648; 0.000000; 0.000000; 0.000000 \
#; 0.009461; -0.009837; -0.037141; 0.000000; 0.000000; 0.000000 \
#; -0.048631; 0.050563; 0.070154; 0.000000; 0.000000; 0.000000 \
#; -0.048631; 0.050563; 0.070154; 0.000000; 0.000000; 0.000000 \
#; -0.013702; 0.014246; 0.009519; 0.000000; 0.000000; 0.000000 \
#; -0.013702; 0.014246; 0.009519; 0.000000; 0.000000; 0.000000 \
#; -0.006599; 0.006861; 0.019766; 0.000000; 0.000000; 0.000000 \
#; -0.006599; 0.006861; 0.019766; 0.000000; 0.000000; 0.000000 \
# ]
#metaData: qpt=[0.000000;0.000000;0.000000;3.043788 \
#; -0.004333; 0.004505; -0.006251; 0.000000; 0.000000; 0.000000 \
#; -0.004333; 0.004505; -0.006251; 0.000000; 0.000000; 0.000000 \
#; -0.009461; 0.009837; -0.037141; 0.000000; 0.000000; 0.000000 \
#; -0.025746; 0.026769; -0.013648; 0.000000; 0.000000; 0.000000 \
#; 0.048631; -0.050563; 0.070154; 0.000000; 0.000000; 0.000000 \
#; 0.048631; -0.050563; 0.070154; 0.000000; 0.000000; 0.000000 \
#; 0.013702; -0.014246; 0.009519; 0.000000; 0.000000; 0.000000 \
#; 0.013702; -0.014246; 0.009519; 0.000000; 0.000000; 0.000000 \
#; 0.006599; -0.006861; 0.019766; 0.000000; 0.000000; 0.000000 \
#; 0.006599; -0.006861; 0.019766; 0.000000; 0.000000; 0.000000 \
# ]
#metaData: qpt=[0.000000;0.000000;0.000000;3.805520 \
#; -0.005795; 0.006025; -0.008359; 0.000000; 0.000000; 0.000000 \
#; -0.005795; 0.006025; -0.008359; 0.000000; 0.000000; 0.000000 \
#; 0.005176; -0.005382; -0.015897; 0.000000; 0.000000; 0.000000 \
#; -0.011020; 0.011458; 0.007467; 0.000000; 0.000000; 0.000000 \
#; -0.024591; 0.025568; -0.035475; 0.000000; 0.000000; 0.000000 \
#; -0.024591; 0.025568; -0.035475; 0.000000; 0.000000; 0.000000 \
#; 0.052539; -0.054627; 0.007536; 0.000000; 0.000000; 0.000000 \
#; 0.052539; -0.054627; 0.007536; 0.000000; 0.000000; 0.000000 \
#; 0.005224; -0.005431; 0.075792; 0.000000; 0.000000; 0.000000 \
#; 0.005224; -0.005431; 0.075792; 0.000000; 0.000000; 0.000000 \
# ]
#metaData: qpt=[0.000000;0.000000;0.000000;3.805520 \
#; 0.005795; -0.006025; -0.008359; 0.000000; 0.000000; 0.000000 \
#; 0.005795; -0.006025; -0.008359; 0.000000; 0.000000; 0.000000 \
#; 0.011020; -0.011458; 0.007467; 0.000000; 0.000000; 0.000000 \
#; -0.005176; 0.005382; -0.015897; 0.000000; 0.000000; 0.000000 \
#; 0.024591; -0.025568; -0.035475; 0.000000; 0.000000; 0.000000 \
#; 0.024591; -0.025568; -0.035475; 0.000000; 0.000000; 0.000000 \
#; -0.052539; 0.054627; 0.007536; 0.000000; 0.000000; 0.000000 \
#; -0.052539; 0.054627; 0.007536; 0.000000; 0.000000; 0.000000 \
#; -0.005224; 0.005431; 0.075792; 0.000000; 0.000000; 0.000000 \
#; -0.005224; 0.005431; 0.075792; 0.000000; 0.000000; 0.000000 \
# ]
#metaData: qpt=[0.000000;0.000000;0.000000;4.107481 \
#; 0.027122; 0.026086; 0.000000; 0.000000; 0.000000; 0.000000 \
#; 0.027122; 0.026086; 0.000000; 0.000000; 0.000000; 0.000000 \
#; 0.001339; 0.001288; 0.000000; 0.000000; 0.000000; 0.000000 \
#; 0.001339; 0.001288; 0.000000; 0.000000; 0.000000; 0.000000 \
#; -0.030142; -0.028990; -0.000000; 0.000000; 0.000000; 0.000000 \
#; -0.030142; -0.028990; -0.000000; 0.000000; 0.000000; 0.000000 \
#; -0.044927; -0.043210; -0.000000; 0.000000; 0.000000; 0.000000 \
#; -0.044927; -0.043210; -0.000000; 0.000000; 0.000000; 0.000000 \
#; -0.044927; -0.043210; -0.000000; 0.000000; 0.000000; 0.000000 \
#; -0.044927; -0.043210; -0.000000; 0.000000; 0.000000; 0.000000 \
# ]
#metaData: qpt=[0.000000;0.000000;0.000000;4.244022 \
#; 0.000000; 0.000000; 0.000000; 0.000000; 0.000000; 0.000000 \
#; -0.000000; 0.000000; 0.000000; 0.000000; 0.000000; 0.000000 \
#; -0.000000; -0.000000; 0.000000; 0.000000; 0.000000; 0.000000 \
#; 0.000000; 0.000000; 0.000000; 0.000000; 0.000000; 0.000000 \
#; 0.000000; -0.000000; -0.000000; 0.000000; 0.000000; 0.000000 \
#; 0.000000; -0.000000; -0.000000; 0.000000; 0.000000; 0.000000 \
#; 0.061213; -0.063646; -0.000000; 0.000000; 0.000000; 0.000000 \
#; -0.061213; 0.063646; -0.000000; 0.000000; 0.000000; 0.000000 \
#; -0.000000; -0.000000; 0.088306; 0.000000; 0.000000; 0.000000 \
#; -0.000000; -0.000000; -0.088306; 0.000000; 0.000000; 0.000000 \
# ]
#metaData: qpt=[0.000000;0.000000;0.000000;4.647658 \
#; -0.000000; -0.000000; 0.000000; 0.000000; 0.000000; 0.000000 \
#; -0.000000; 0.000000; 0.000000; 0.000000; 0.000000; 0.000000 \
#; -0.000000; -0.000000; 0.000000; 0.000000; 0.000000; 0.000000 \
#; -0.000000; 0.000000; 0.000000; 0.000000; 0.000000; 0.000000 \
#; 0.000000; -0.000000; -0.000000; 0.000000; 0.000000; 0.000000 \
#; 0.000000; -0.000000; -0.000000; 0.000000; 0.000000; 0.000000 \
#; -0.063646; -0.061213; -0.000000; 0.000000; 0.000000; 0.000000 \
#; -0.063646; -0.061213; -0.000000; 0.000000; 0.000000; 0.000000 \
#; 0.063646; 0.061213; 0.000000; 0.000000; 0.000000; 0.000000 \
#; 0.063646; 0.061213; -0.000000; 0.000000; 0.000000; 0.000000 \
# ]
#metaData: qpt=[0.000000;0.000000;0.000000;5.877855 \
#; -0.006853; -0.006591; -0.000000; 0.000000; 0.000000; 0.000000 \
#; 0.006853; 0.006591; 0.000000; 0.000000; 0.000000; 0.000000 \
#; -0.000000; 0.000000; 0.000000; 0.000000; 0.000000; 0.000000 \
#; -0.000000; -0.000000; -0.000000; 0.000000; 0.000000; 0.000000 \
#; -0.000000; 0.000000; -0.000000; 0.000000; 0.000000; 0.000000 \
#; 0.000000; -0.000000; 0.000000; 0.000000; 0.000000; 0.000000 \
#; -0.060449; 0.062851; 0.000000; 0.000000; 0.000000; 0.000000 \
#; 0.060449; -0.062851; -0.000000; 0.000000; 0.000000; 0.000000 \
#; 0.000000; 0.000000; 0.087202; 0.000000; 0.000000; 0.000000 \
#; -0.000000; -0.000000; -0.087202; 0.000000; 0.000000; 0.000000 \
# ]
#metaData: qpt=[0.000000;0.000000;0.000000;6.146873 \
#; -0.002197; 0.002285; -0.003170; 0.000000; 0.000000; 0.000000 \
#; 0.002197; -0.002285; 0.003170; 0.000000; 0.000000; 0.000000 \
#; 0.000000; 0.000000; 0.000000; 0.000000; 0.000000; 0.000000 \
#; -0.000000; -0.000000; 0.000000; 0.000000; 0.000000; 0.000000 \
#; -0.035526; 0.036938; -0.051250; 0.000000; 0.000000; 0.000000 \
#; 0.035526; -0.036938; 0.051250; 0.000000; 0.000000; 0.000000 \
#; -0.051614; -0.049642; -0.000000; 0.000000; 0.000000; 0.000000 \
#; 0.051614; 0.049642; -0.000000; 0.000000; 0.000000; 0.000000 \
#; 0.051614; 0.049642; -0.000000; 0.000000; 0.000000; 0.000000 \
#; -0.051614; -0.049642; 0.000000; 0.000000; 0.000000; 0.000000 \
# ]
#metaData: qpt=[0.000000;0.000000;0.000000;6.146873 \
#; 0.002197; -0.002285; -0.003170; 0.000000; 0.000000; 0.000000 \
#; -0.002197; 0.002285; 0.003170; 0.000000; 0.000000; 0.000000 \
#; 0.000000; -0.000000; 0.000000; 0.000000; 0.000000; 0.000000 \
#; -0.000000; 0.000000; -0.000000; 0.000000; 0.000000; 0.000000 \
#; -0.035526; 0.036938; 0.051250; 0.000000; 0.000000; 0.000000 \
#; 0.035526; -0.036938; -0.051250; 0.000000; 0.000000; 0.000000 \
#; 0.051614; 0.049642; -0.000000; 0.000000; 0.000000; 0.000000 \
#; -0.051614; -0.049642; 0.000000; 0.000000; 0.000000; 0.000000 \
#; 0.051614; 0.049642; 0.000000; 0.000000; 0.000000; 0.000000 \
#; -0.051614; -0.049642; -0.000000; 0.000000; 0.000000; 0.000000 \
# ]
#metaData: qpt=[0.000000;0.000000;0.000000;6.215044 \
#; -0.000000; -0.000000; 0.000000; 0.000000; 0.000000; 0.000000 \
#; -0.000000; -0.000000; 0.000000; 0.000000; 0.000000; 0.000000 \
#; 0.053360; 0.051320; -0.000000; 0.000000; 0.000000; 0.000000 \
#; -0.053360; -0.051320; 0.000000; 0.000000; 0.000000; 0.000000 \
#; 0.000000; -0.000000; 0.000000; 0.000000; 0.000000; 0.000000 \
#; -0.000000; 0.000000; -0.000000; 0.000000; 0.000000; 0.000000 \
#; 0.000000; 0.000000; 0.000000; 0.000000; 0.000000; 0.000000 \
#; -0.000000; -0.000000; -0.000000; 0.000000; 0.000000; 0.000000 \
#; -0.000000; -0.000000; 0.000000; 0.000000; 0.000000; 0.000000 \
#; 0.000000; 0.000000; -0.000000; 0.000000; 0.000000; 0.000000 \
# ]
#metaData: qpt=[0.000000;0.000000;0.000000;6.907351 \
#; -0.000328; 0.000341; 0.000474; 0.000000; 0.000000; 0.000000 \
#; -0.000328; 0.000341; 0.000474; 0.000000; 0.000000; 0.000000 \
#; -0.025730; 0.026753; -0.061166; 0.000000; 0.000000; 0.000000 \
#; 0.042400; -0.044085; 0.037118; 0.000000; 0.000000; 0.000000 \
#; -0.002994; 0.003113; 0.004320; 0.000000; 0.000000; 0.000000 \
#; -0.002994; 0.003113; 0.004320; 0.000000; 0.000000; 0.000000 \
#; -0.014717; 0.015302; 0.006687; 0.000000; 0.000000; 0.000000 \
#; -0.014717; 0.015302; 0.006687; 0.000000; 0.000000; 0.000000 \
#; -0.004636; 0.004820; 0.021231; 0.000000; 0.000000; 0.000000 \
#; -0.004636; 0.004820; 0.021231; 0.000000; 0.000000; 0.000000 \
# ]
#metaData: qpt=[0.000000;0.000000;0.000000;6.907351 \
#; 0.000328; -0.000341; 0.000474; 0.000000; 0.000000; 0.000000 \
#; 0.000328; -0.000341; 0.000474; 0.000000; 0.000000; 0.000000 \
#; -0.042400; 0.044085; 0.037118; 0.000000; 0.000000; 0.000000 \
#; 0.025730; -0.026753; -0.061166; 0.000000; 0.000000; 0.000000 \
#; 0.002994; -0.003113; 0.004320; 0.000000; 0.000000; 0.000000 \
#; 0.002994; -0.003113; 0.004320; 0.000000; 0.000000; 0.000000 \
#; 0.014717; -0.015302; 0.006687; 0.000000; 0.000000; 0.000000 \
#; 0.014717; -0.015302; 0.006687; 0.000000; 0.000000; 0.000000 \
#; 0.004636; -0.004820; 0.021231; 0.000000; 0.000000; 0.000000 \
#; 0.004636; -0.004820; 0.021231; 0.000000; 0.000000; 0.000000 \
# ]
#metaData: qpt=[0.000000;0.000000;0.000000;8.439492 \
#; -0.000000; -0.000000; 0.000000; 0.000000; 0.000000; 0.000000 \
#; -0.000000; -0.000000; -0.000000; 0.000000; 0.000000; 0.000000 \
#; 0.000000; 0.000000; -0.000000; 0.000000; 0.000000; 0.000000 \
#; -0.000000; -0.000000; 0.000000; 0.000000; 0.000000; 0.000000 \
#; 0.075031; 0.072164; 0.000000; 0.000000; 0.000000; 0.000000 \
#; -0.075031; -0.072164; 0.000000; 0.000000; 0.000000; 0.000000 \
#; 0.000000; 0.000000; -0.048777; 0.000000; 0.000000; 0.000000 \
#; -0.000000; 0.000000; 0.048777; 0.000000; 0.000000; 0.000000 \
#; 0.033812; -0.035156; -0.000000; 0.000000; 0.000000; 0.000000 \
#; -0.033812; 0.035156; 0.000000; 0.000000; 0.000000; 0.000000 \
# ]
#metaData: qpt=[0.000000;0.000000;0.000000;9.066478 \
#; -0.000680; -0.000654; 0.000000; 0.000000; 0.000000; 0.000000 \
#; -0.000680; -0.000654; 0.000000; 0.000000; 0.000000; 0.000000 \
#; 0.010572; 0.010168; 0.000000; 0.000000; 0.000000; 0.000000 \
#; 0.010572; 0.010168; 0.000000; 0.000000; 0.000000; 0.000000 \
#; -0.079934; -0.076879; 0.000000; 0.000000; 0.000000; 0.000000 \
#; -0.079934; -0.076879; 0.000000; 0.000000; 0.000000; 0.000000 \
#; 0.026383; 0.025375; -0.000000; 0.000000; 0.000000; 0.000000 \
#; 0.026383; 0.025375; -0.000000; 0.000000; 0.000000; 0.000000 \
#; 0.026383; 0.025375; 0.000000; 0.000000; 0.000000; 0.000000 \
#; 0.026383; 0.025375; 0.000000; 0.000000; 0.000000; 0.000000 \
# ]
#metaData: qpt=[0.000000;0.000000;0.000000;9.101285 \
#; 0.000101; -0.000105; 0.000146; 0.000000; 0.000000; 0.000000 \
#; 0.000101; -0.000105; 0.000146; 0.000000; 0.000000; 0.000000 \
#; 0.006994; -0.007272; 0.016623; 0.000000; 0.000000; 0.000000 \
#; 0.011523; -0.011981; 0.010089; 0.000000; 0.000000; 0.000000 \
#; 0.014066; -0.014625; 0.020292; 0.000000; 0.000000; 0.000000 \
#; 0.014066; -0.014625; 0.020292; 0.000000; 0.000000; 0.000000 \
#; 0.014605; -0.015186; -0.080026; 0.000000; 0.000000; 0.000000 \
#; 0.014605; -0.015186; -0.080026; 0.000000; 0.000000; 0.000000 \
#; -0.055474; 0.057678; 0.021069; 0.000000; 0.000000; 0.000000 \
#; -0.055474; 0.057678; 0.021069; 0.000000; 0.000000; 0.000000 \
# ]
#metaData: qpt=[0.000000;0.000000;0.000000;9.101285 \
#; -0.000101; 0.000105; 0.000146; 0.000000; 0.000000; 0.000000 \
#; -0.000101; 0.000105; 0.000146; 0.000000; 0.000000; 0.000000 \
#; -0.011523; 0.011981; 0.010089; 0.000000; 0.000000; 0.000000 \
#; -0.006994; 0.007272; 0.016623; 0.000000; 0.000000; 0.000000 \
#; -0.014066; 0.014625; 0.020292; 0.000000; 0.000000; 0.000000 \
#; -0.014066; 0.014625; 0.020292; 0.000000; 0.000000; 0.000000 \
#; -0.014605; 0.015186; -0.080026; 0.000000; 0.000000; 0.000000 \
#; -0.014605; 0.015186; -0.080026; 0.000000; 0.000000; 0.000000 \
#; 0.055474; -0.057678; 0.021069; 0.000000; 0.000000; 0.000000 \
#; 0.055474; -0.057678; 0.021069; 0.000000; 0.000000; 0.000000 \
# ]
#metaData: qpt=[0.000000;0.000000;0.000000;9.459325 \
#; 0.000000; -0.000000; 0.000000; 0.000000; 0.000000; 0.000000 \
#; -0.000000; -0.000000; -0.000000; 0.000000; 0.000000; 0.000000 \
#; 0.000000; 0.000000; -0.000000; 0.000000; 0.000000; 0.000000 \
#; 0.000000; 0.000000; -0.000000; 0.000000; 0.000000; 0.000000 \
#; 0.000000; 0.000000; -0.000000; 0.000000; 0.000000; 0.000000 \
#; -0.000000; -0.000000; -0.000000; 0.000000; 0.000000; 0.000000 \
#; 0.000000; -0.000000; 0.088306; 0.000000; 0.000000; 0.000000 \
#; -0.000000; 0.000000; -0.088306; 0.000000; 0.000000; 0.000000 \
#; 0.061213; -0.063646; -0.000000; 0.000000; 0.000000; 0.000000 \
#; -0.061213; 0.063646; -0.000000; 0.000000; 0.000000; 0.000000 \
# ]
#metaData: qpt=[0.000000;0.000000;0.000000;12.808409 \
#; -0.000000; -0.000000; 0.000000; 0.000000; 0.000000; 0.000000 \
#; 0.000000; -0.000000; -0.000000; 0.000000; 0.000000; 0.000000 \
#; 0.000000; -0.000000; -0.000000; 0.000000; 0.000000; 0.000000 \
#; -0.000000; 0.000000; 0.000000; 0.000000; 0.000000; 0.000000 \
#; -0.049718; -0.047818; -0.000000; 0.000000; 0.000000; 0.000000 \
#; 0.049718; 0.047818; 0.000000; 0.000000; 0.000000; 0.000000 \
#; 0.000000; 0.000000; -0.073611; 0.000000; 0.000000; 0.000000 \
#; 0.000000; -0.000000; 0.073611; 0.000000; 0.000000; 0.000000 \
#; 0.051028; -0.053055; 0.000000; 0.000000; 0.000000; 0.000000 \
#; -0.051028; 0.053055; -0.000000; 0.000000; 0.000000; 0.000000 \
# ]
