# Phonopy generated file for v_sim 3.6
    7.053166972    0.274691506    7.047815897
   -3.663929239   -3.523907949    4.889259621
    3.526583486   -0.000000000    2.444629810 Ba
    0.137345753    3.523907949    2.444629810 Ba
    0.000000000    0.000000000    0.000000000 Zr
    3.663929239    3.523907949    0.000000000 Zr
    5.495893859    5.285861923    0.000000000  S
    1.831964620    1.761953974    0.000000000  S
    4.063651674    3.108302678    2.444629810  S
   -0.399722435    0.415605271    2.444629810  S
    1.969310373    5.285861923    0.576633130  S
    1.694618867   -1.761953974    4.312626491  S
#metaData: qpt=[0.000000;0.500000;0.000000;1.020180 \
#; 0.009682; -0.010067; 0.013967; -0.005688; 0.005914; -0.008206 \
#; 0.009583; 0.027369; 0.013083; 0.016311; 0.046584; 0.022269 \
#; 0.011032; -0.014802; -0.007355; 0.002866; -0.003846; -0.001911 \
#; -0.000892; 0.001793; 0.004759; 0.003434; -0.006902; -0.018316 \
#; 0.010950; -0.007468; -0.012973; 0.018638; -0.012712; -0.022082 \
#; 0.011769; -0.012237; 0.016978; -0.006915; 0.007189; -0.009975 \
#; 0.005260; 0.005332; -0.004050; 0.014594; 0.014793; -0.011237 \
#; 0.007403; -0.041183; 0.005746; -0.006447; 0.035862; -0.005004 \
#; 0.015889; 0.004398; 0.000381; 0.018246; 0.005051; 0.000437 \
#; 0.025839; 0.014906; 0.043429; -0.009313; -0.005373; -0.015653 \
# ]
#metaData: qpt=[0.000000;0.500000;0.000000;1.020180 \
#; 0.018917; 0.054029; 0.025828; -0.000000; 0.000000; -0.000000 \
#; 0.000000; 0.000000; 0.000000; 0.011229; -0.011675; 0.016199 \
#; 0.008060; -0.010814; -0.005374; 0.008060; -0.010814; -0.005374 \
#; 0.002509; -0.005043; -0.013381; -0.002509; 0.005043; 0.013381 \
#; 0.000000; -0.000000; -0.000000; 0.013650; -0.014192; 0.019691 \
#; 0.021617; -0.014743; -0.025611; -0.000000; 0.000000; -0.000000 \
#; -0.001808; 0.010059; -0.001403; 0.009649; -0.053674; 0.007489 \
#; 0.015247; 0.015455; -0.011740; -0.002857; -0.002896; 0.002200 \
#; 0.005059; 0.002919; 0.008503; 0.026996; 0.015574; 0.045374 \
#; 0.023780; 0.006583; 0.000570; 0.004457; 0.001234; 0.000107 \
# ]
#metaData: qpt=[0.000000;0.500000;0.000000;1.480229 \
#; -0.019718; 0.020501; -0.028444; -0.024721; 0.025703; -0.035661 \
#; 0.019050; -0.017798; -0.026033; -0.015194; 0.014196; 0.020765 \
#; 0.000919; 0.000678; 0.000406; -0.008164; -0.006025; -0.003603 \
#; 0.004754; 0.009571; -0.001317; 0.000535; 0.001078; -0.000148 \
#; 0.016628; -0.005253; -0.015312; -0.013262; 0.004190; 0.012213 \
#; 0.004974; -0.005172; 0.007175; 0.006236; -0.006484; 0.008996 \
#; 0.013573; 0.018244; -0.003018; -0.007206; -0.009685; 0.001602 \
#; -0.010756; -0.009029; -0.000398; -0.009287; -0.007796; -0.000344 \
#; 0.013509; 0.009895; 0.002767; -0.015646; -0.011460; -0.003205 \
#; 0.006085; 0.006195; -0.000588; 0.011462; 0.011669; -0.001107 \
# ]
#metaData: qpt=[0.000000;0.500000;0.000000;1.480229 \
#; 0.024367; -0.022766; -0.033300; 0.000000; -0.000000; 0.000000 \
#; -0.000000; 0.000000; 0.000000; 0.031621; -0.032877; 0.045616 \
#; 0.005810; 0.004287; 0.002564; 0.005810; 0.004287; 0.002564 \
#; 0.003383; 0.006810; -0.000937; -0.003383; -0.006810; 0.000937 \
#; -0.000000; 0.000000; 0.000000; -0.007977; 0.008294; -0.011507 \
#; 0.021269; -0.006719; -0.019587; 0.000000; -0.000000; -0.000000 \
#; -0.002618; -0.002197; -0.000097; 0.013968; 0.011724; 0.000517 \
#; 0.015104; 0.020302; -0.003358; -0.002831; -0.003805; 0.000629 \
#; -0.002390; -0.002433; 0.000231; -0.012755; -0.012985; 0.001232 \
#; 0.020317; 0.014882; 0.004162; 0.003808; 0.002789; 0.000780 \
# ]
#metaData: qpt=[0.000000;0.500000;0.000000;1.779321 \
#; -0.054242; -0.001474; 0.036538; 0.000000; -0.000000; 0.000000 \
#; 0.000000; 0.000000; -0.000000; 0.021651; -0.022512; 0.031234 \
#; -0.006423; -0.006261; 0.009070; -0.006423; -0.006261; 0.009070 \
#; -0.012752; 0.000319; -0.000060; 0.012752; -0.000319; 0.000060 \
#; 0.000000; -0.000000; -0.000000; -0.003407; 0.003542; -0.004915 \
#; -0.020688; 0.006755; 0.019210; -0.000000; 0.000000; -0.000000 \
#; -0.001196; -0.002241; -0.000462; 0.006382; 0.011959; 0.002468 \
#; -0.024896; 0.001932; 0.006076; 0.004666; -0.000362; -0.001139 \
#; -0.001421; -0.002008; -0.000786; -0.007580; -0.010714; -0.004195 \
#; -0.016180; -0.007131; 0.018651; -0.003032; -0.001336; 0.003495 \
# ]
#metaData: qpt=[0.000000;0.500000;0.000000;1.779321 \
#; -0.021167; 0.022008; -0.030535; 0.004555; -0.004736; 0.006571 \
#; 0.011411; 0.000310; -0.007686; 0.053028; 0.001441; -0.035721 \
#; 0.007631; 0.007438; -0.010775; 0.004928; 0.004804; -0.006959 \
#; -0.009784; 0.000245; -0.000046; 0.015150; -0.000379; 0.000072 \
#; 0.004352; -0.001421; -0.004041; 0.020225; -0.006604; -0.018780 \
#; 0.003331; -0.003463; 0.004805; -0.000717; 0.000745; -0.001034 \
#; 0.000676; -0.000052; -0.000165; 0.025321; -0.001965; -0.006180 \
#; -0.005988; -0.011220; -0.002315; 0.002512; 0.004707; 0.000971 \
#; 0.006368; 0.002807; -0.007341; 0.015180; 0.006690; -0.017498 \
#; 0.007709; 0.010897; 0.004267; -0.000206; -0.000291; -0.000114 \
# ]
#metaData: qpt=[0.000000;0.500000;0.000000;3.045815 \
#; 0.006773; -0.011788; -0.013191; 0.000000; -0.000000; 0.000000 \
#; -0.000000; 0.000000; 0.000000; 0.003122; -0.003246; 0.004503 \
#; 0.003169; -0.002687; 0.015854; 0.003169; -0.002687; 0.015854 \
#; -0.010686; 0.011719; -0.004133; 0.010686; -0.011719; 0.004133 \
#; -0.000000; 0.000000; 0.000000; 0.066673; -0.069322; 0.096181 \
#; -0.023559; 0.015560; 0.027546; -0.000000; 0.000000; -0.000000 \
#; 0.006790; 0.004404; -0.003368; -0.036233; -0.023500; 0.017972 \
#; -0.029151; -0.003181; 0.005190; 0.005463; 0.000596; -0.000973 \
#; 0.008063; 0.003081; -0.001533; 0.043022; 0.016442; -0.008179 \
#; -0.020330; -0.012352; 0.017915; -0.003810; -0.002315; 0.003357 \
# ]
#metaData: qpt=[0.000000;0.500000;0.000000;3.045815 \
#; 0.001087; -0.001130; 0.001567; 0.002926; -0.003043; 0.004222 \
#; -0.006350; 0.011050; 0.012366; 0.002358; -0.004103; -0.004591 \
#; -0.001868; 0.001583; -0.009344; 0.004074; -0.003454; 0.020381 \
#; 0.013738; -0.015065; 0.005313; 0.006298; -0.006907; 0.002436 \
#; 0.022086; -0.014587; -0.025823; -0.008200; 0.005416; 0.009588 \
#; 0.023207; -0.024129; 0.033478; 0.062504; -0.064987; 0.090167 \
#; 0.029229; 0.003190; -0.005204; -0.005025; -0.000548; 0.000895 \
#; -0.018977; -0.012308; 0.009413; -0.031604; -0.020498; 0.015676 \
#; 0.017733; 0.010774; -0.015626; -0.010648; -0.006470; 0.009383 \
#; 0.007416; 0.002834; -0.001410; 0.043138; 0.016487; -0.008201 \
# ]
#metaData: qpt=[0.000000;0.500000;0.000000;3.325965 \
#; 0.003550; -0.003691; 0.005122; -0.006404; 0.006658; -0.009238 \
#; 0.028876; 0.025432; -0.001687; 0.016009; 0.014100; -0.000935 \
#; -0.009522; 0.005689; 0.000126; 0.002729; -0.001631; -0.000036 \
#; -0.000628; -0.000554; 0.003067; -0.002191; -0.001933; 0.010701 \
#; -0.062134; 0.046944; 0.076906; -0.034448; 0.026026; 0.042638 \
#; -0.009537; 0.009916; -0.013758; 0.017202; -0.017886; 0.024816 \
#; -0.014712; -0.025607; 0.011079; -0.012179; -0.021198; 0.009171 \
#; -0.001272; 0.004794; -0.001602; 0.003826; -0.014420; 0.004820 \
#; -0.034635; -0.014376; -0.010173; -0.011515; -0.004780; -0.003382 \
#; -0.005751; -0.001037; -0.008767; 0.006947; 0.001253; 0.010590 \
# ]
#metaData: qpt=[0.000000;0.500000;0.000000;3.325965 \
#; -0.033017; -0.029079; 0.001929; 0.000000; -0.000000; 0.000000 \
#; -0.000000; -0.000000; 0.000000; -0.007322; 0.007613; -0.010563 \
#; 0.007004; -0.004185; -0.000092; 0.007004; -0.004185; -0.000092 \
#; 0.001612; 0.001422; -0.007871; -0.001612; -0.001422; 0.007871 \
#; -0.000000; 0.000000; 0.000000; 0.019669; -0.020451; 0.028375 \
#; 0.071044; -0.053676; -0.087935; -0.000000; 0.000000; -0.000000 \
#; -0.000743; 0.002799; -0.000936; 0.003963; -0.014936; 0.004992 \
#; 0.018772; 0.032674; -0.014136; -0.003518; -0.006123; 0.002649 \
#; 0.001661; 0.000300; 0.002532; 0.008864; 0.001599; 0.013513 \
#; 0.035875; 0.014891; 0.010537; 0.006723; 0.002791; 0.001975 \
# ]
#metaData: qpt=[0.000000;0.500000;0.000000;3.797042 \
#; -0.002811; 0.002923; -0.004056; 0.002412; -0.002507; 0.003479 \
#; -0.003898; -0.012772; -0.006503; -0.004544; -0.014889; -0.007581 \
#; 0.031109; -0.014847; -0.003826; 0.002380; -0.001136; -0.000293 \
#; -0.000872; -0.000432; 0.002469; 0.011394; 0.005651; -0.032265 \
#; -0.020687; 0.006787; 0.019232; -0.024116; 0.007912; 0.022419 \
#; -0.005581; 0.005803; -0.008052; 0.004788; -0.004978; 0.006907 \
#; -0.014033; -0.010171; -0.006008; -0.024296; -0.017610; -0.010402 \
#; 0.049561; -0.027712; 0.009654; -0.061726; 0.034515; -0.012024 \
#; -0.012794; -0.025302; 0.003737; -0.010273; -0.020315; 0.003000 \
#; -0.007202; -0.025454; 0.075144; 0.004160; 0.014702; -0.043401 \
# ]
#metaData: qpt=[0.000000;0.500000;0.000000;3.797042 \
#; -0.005987; -0.019616; -0.009988; 0.000000; -0.000000; 0.000000 \
#; -0.000000; -0.000000; 0.000000; -0.003704; 0.003851; -0.005343 \
#; 0.022061; -0.010529; -0.002713; 0.022061; -0.010529; -0.002713 \
#; 0.008081; 0.004008; -0.022882; -0.008081; -0.004008; 0.022882 \
#; -0.000000; 0.000000; 0.000000; -0.007354; 0.007646; -0.010608 \
#; -0.031773; 0.010424; 0.029538; -0.000000; 0.000000; -0.000000 \
#; -0.014581; 0.008153; -0.002840; 0.077806; -0.043506; 0.015156 \
#; -0.027577; -0.019988; -0.011807; 0.005168; 0.003746; 0.002213 \
#; -0.001532; -0.005414; 0.015984; -0.008175; -0.028891; 0.085292 \
#; -0.016127; -0.031893; 0.004710; -0.003022; -0.005977; 0.000883 \
# ]
#metaData: qpt=[0.000000;0.500000;0.000000;4.285169 \
#; -0.010066; 0.008874; 0.013374; 0.000000; -0.000000; 0.000000 \
#; -0.000000; -0.000000; -0.000000; -0.001853; 0.001927; -0.002673 \
#; 0.035395; 0.029540; 0.006462; 0.035395; 0.029540; 0.006462 \
#; 0.028666; 0.036536; -0.003245; -0.028666; -0.036536; 0.003245 \
#; -0.000000; 0.000000; -0.000000; -0.002927; 0.003043; -0.004222 \
#; 0.009487; 0.040129; 0.022346; -0.000000; 0.000000; -0.000000 \
#; 0.002533; -0.001971; -0.000124; -0.013518; 0.010515; 0.000661 \
#; 0.009709; 0.028649; 0.009559; -0.001820; -0.005369; -0.001791 \
#; 0.000417; 0.000230; -0.003176; 0.002227; 0.001225; -0.016950 \
#; 0.012731; 0.025507; 0.013918; 0.002386; 0.004780; 0.002608 \
# ]
#metaData: qpt=[0.000000;0.500000;0.000000;4.285169 \
#; -0.001797; 0.001869; -0.002593; 0.000451; -0.000469; 0.000650 \
#; -0.002449; 0.002159; 0.003253; -0.009763; 0.008608; 0.012972 \
#; 0.042942; 0.035839; 0.007840; 0.025721; 0.021466; 0.004696 \
#; -0.020831; -0.026550; 0.002358; 0.034778; 0.044327; -0.003937 \
#; 0.002308; 0.009763; 0.005436; 0.009202; 0.038923; 0.021675 \
#; -0.002839; 0.002952; -0.004095; 0.000712; -0.000740; 0.001027 \
#; 0.000597; 0.001762; 0.000588; 0.009860; 0.029094; 0.009708 \
#; -0.012496; 0.009720; 0.000611; 0.005746; -0.004470; -0.000281 \
#; 0.005411; 0.010842; 0.005916; 0.011768; 0.023578; 0.012866 \
#; 0.002261; 0.001244; -0.017213; -0.000137; -0.000075; 0.001042 \
# ]
#metaData: qpt=[0.000000;0.500000;0.000000;4.582307 \
#; 0.007901; -0.008215; 0.011397; 0.000804; -0.000836; 0.001161 \
#; 0.001604; 0.001200; -0.000246; -0.015750; -0.011789; 0.002421 \
#; 0.003606; 0.008551; -0.031895; 0.004424; 0.010490; -0.039127 \
#; -0.034662; 0.020949; -0.004494; 0.028256; -0.017077; 0.003663 \
#; 0.000690; -0.000971; -0.001179; -0.006779; 0.009540; 0.011575 \
#; 0.019733; -0.020517; 0.028466; 0.002009; -0.002089; 0.002899 \
#; -0.009371; 0.016484; 0.003050; 0.031780; -0.055906; -0.010345 \
#; -0.020903; -0.012733; -0.012138; 0.001755; 0.001069; 0.001019 \
#; -0.000371; -0.001609; -0.005438; -0.004417; -0.019160; -0.064749 \
#; 0.008476; 0.024363; -0.005114; 0.002499; 0.007184; -0.001508 \
# ]
#metaData: qpt=[0.000000;0.500000;0.000000;4.582307 \
#; 0.015832; 0.011850; -0.002433; 0.000000; -0.000000; 0.000000 \
#; -0.000000; 0.000000; 0.000000; -0.007942; 0.008257; -0.011456 \
#; -0.004036; -0.009570; 0.035695; -0.004036; -0.009570; 0.035695 \
#; -0.031622; 0.019112; -0.004100; 0.031622; -0.019112; 0.004100 \
#; -0.000000; -0.000000; -0.000000; -0.019835; 0.020623; -0.028614 \
#; 0.006814; -0.009589; -0.011635; -0.000000; 0.000000; -0.000000 \
#; -0.003864; -0.002354; -0.002244; 0.020618; 0.012559; 0.011973 \
#; -0.032566; 0.057289; 0.010601; 0.006103; -0.010736; -0.001987 \
#; -0.001628; -0.004679; 0.000982; -0.008686; -0.024965; 0.005240 \
#; 0.004357; 0.018898; 0.063865; 0.000817; 0.003542; 0.011969 \
# ]
#metaData: qpt=[0.000000;0.500000;0.000000;5.337370 \
#; -0.000547; 0.000569; -0.000789; -0.000205; 0.000213; -0.000296 \
#; -0.001603; -0.002897; -0.000976; 0.004281; 0.007735; 0.002607 \
#; 0.013545; -0.016444; 0.001597; 0.029765; -0.036134; 0.003510 \
#; 0.005024; -0.000037; 0.046676; -0.002286; 0.000017; -0.021241 \
#; -0.000538; 0.002508; 0.002181; 0.001437; -0.006696; -0.005823 \
#; 0.007687; -0.007992; 0.011089; 0.002879; -0.002993; 0.004153 \
#; -0.008109; 0.015810; 0.009285; 0.013418; -0.026161; -0.015364 \
#; -0.010645; 0.076249; 0.004230; -0.001861; 0.013330; 0.000739 \
#; -0.000916; 0.003409; 0.005666; 0.005237; -0.019498; -0.032407 \
#; -0.025747; -0.029862; -0.054159; -0.015560; -0.018046; -0.032730 \
# ]
#metaData: qpt=[0.000000;0.500000;0.000000;5.337370 \
#; 0.004572; 0.008259; 0.002784; -0.000000; -0.000000; 0.000000 \
#; 0.000000; 0.000000; -0.000000; -0.000584; 0.000607; -0.000843 \
#; 0.023124; -0.028072; 0.002727; 0.023124; -0.028072; 0.002727 \
#; -0.003903; 0.000029; -0.036262; 0.003903; -0.000029; 0.036262 \
#; -0.000000; -0.000000; 0.000000; 0.008208; -0.008535; 0.011841 \
#; 0.001535; -0.007151; -0.006218; -0.000000; 0.000000; 0.000000 \
#; 0.001990; -0.014258; -0.000791; -0.010621; 0.076081; 0.004220 \
#; 0.015409; -0.030044; -0.017644; -0.002888; 0.005630; 0.003307 \
#; -0.005541; -0.006427; -0.011656; -0.029569; -0.034294; -0.062197 \
#; 0.005225; -0.019455; -0.032336; 0.000979; -0.003646; -0.006060 \
# ]
#metaData: qpt=[0.000000;0.500000;0.000000;5.551317 \
#; 0.002440; -0.002537; 0.003520; 0.000845; -0.000879; 0.001220 \
#; 0.000063; 0.002393; 0.001681; -0.000182; -0.006905; -0.004851 \
#; 0.008064; -0.004646; 0.001921; 0.016617; -0.009575; 0.003959 \
#; -0.001104; -0.006555; 0.018419; 0.000536; 0.003181; -0.008939 \
#; -0.002680; 0.008382; 0.007899; 0.007733; -0.024189; -0.022795 \
#; -0.037419; 0.038906; -0.053980; -0.012967; 0.013483; -0.018707 \
#; 0.021574; 0.013473; 0.000705; -0.037780; -0.023594; -0.001234 \
#; -0.074530; -0.041697; -0.003462; -0.011137; -0.006231; -0.000517 \
#; 0.005201; 0.005293; -0.001563; -0.034802; -0.035423; 0.010460 \
#; 0.050179; 0.052479; -0.018975; 0.028654; 0.029967; -0.010835 \
# ]
#metaData: qpt=[0.000000;0.500000;0.000000;5.551317 \
#; -0.000192; -0.007308; -0.005134; 0.000000; 0.000000; 0.000000 \
#; -0.000000; 0.000000; 0.000000; 0.002582; -0.002685; 0.003725 \
#; 0.013060; -0.007525; 0.003112; 0.013060; -0.007525; 0.003112 \
#; 0.000868; 0.005152; -0.014477; -0.000868; -0.005152; 0.014477 \
#; 0.000000; -0.000000; -0.000000; -0.039602; 0.041176; -0.057130 \
#; 0.008184; -0.025600; -0.024125; -0.000000; 0.000000; -0.000000 \
#; 0.013881; 0.007766; 0.000645; -0.074068; -0.041439; -0.003440 \
#; -0.042761; -0.026704; -0.001397; 0.008014; 0.005005; 0.000262 \
#; 0.010644; 0.011132; -0.004025; 0.056795; 0.059398; -0.021477 \
#; -0.034587; -0.035204; 0.010395; -0.006482; -0.006597; 0.001948 \
# ]
#metaData: qpt=[0.000000;0.500000;0.000000;5.594470 \
#; 0.008661; 0.009972; 0.001183; 0.000000; 0.000000; 0.000000 \
#; 0.000000; 0.000000; 0.000000; 0.001041; -0.001082; 0.001501 \
#; 0.002743; 0.007714; -0.022266; 0.002743; 0.007714; -0.022266 \
#; 0.020714; -0.010971; 0.003658; -0.020714; 0.010971; -0.003658 \
#; 0.000000; -0.000000; -0.000000; 0.013908; -0.014460; 0.020063 \
#; 0.013533; -0.028039; -0.029590; -0.000000; 0.000000; -0.000000 \
#; -0.002417; -0.006673; 0.002871; 0.012896; 0.035609; -0.015320 \
#; -0.091049; 0.018830; 0.002404; 0.017063; -0.003529; -0.000451 \
#; -0.006580; -0.002345; -0.003134; -0.035110; -0.012513; -0.016726 \
#; -0.039556; -0.034709; 0.076687; -0.007413; -0.006505; 0.014372 \
# ]
#metaData: qpt=[0.000000;0.500000;0.000000;5.594470 \
#; 0.000587; -0.000610; 0.000846; 0.000860; -0.000894; 0.001240 \
#; -0.007154; -0.008237; -0.000977; 0.004882; 0.005621; 0.000667 \
#; -0.000719; -0.002023; 0.005840; 0.003812; 0.010720; -0.030943 \
#; -0.028785; 0.015246; -0.005084; -0.005433; 0.002877; -0.000959 \
#; -0.011178; 0.023159; 0.024440; 0.007629; -0.015806; -0.016680 \
#; 0.007840; -0.008151; 0.011310; 0.011488; -0.011944; 0.016572 \
#; 0.084823; -0.017543; -0.002240; -0.037231; 0.007700; 0.000983 \
#; 0.009266; 0.025585; -0.011007; 0.009290; 0.025651; -0.011035 \
#; 0.028493; 0.025002; -0.055240; -0.028421; -0.024938; 0.055099 \
#; -0.014357; -0.005117; -0.006839; -0.032709; -0.011657; -0.015582 \
# ]
#metaData: qpt=[0.000000;0.500000;0.000000;6.517343 \
#; 0.001262; -0.001311; 0.001820; -0.001225; 0.001274; -0.001768 \
#; 0.002994; 0.007824; 0.003564; 0.003083; 0.008055; 0.003669 \
#; -0.002115; 0.025827; 0.027002; -0.000031; 0.000377; 0.000395 \
#; 0.000101; -0.000449; -0.000292; -0.006912; 0.030814; 0.020080 \
#; 0.027545; -0.022847; -0.035561; 0.028360; -0.023523; -0.036613 \
#; 0.004143; -0.004307; 0.005973; -0.004022; 0.004182; -0.005803 \
#; -0.004264; -0.046028; 0.012578; -0.006429; -0.069409; 0.018967 \
#; 0.017433; 0.003175; 0.004745; -0.024694; -0.004501; -0.006720 \
#; -0.050155; -0.022443; -0.044668; -0.035409; -0.015845; -0.031534 \
#; -0.010631; -0.019735; 0.014151; 0.007048; 0.013086; -0.009386 \
# ]
#metaData: qpt=[0.000000;0.500000;0.000000;6.517343 \
#; -0.004297; -0.011230; -0.005115; -0.000000; 0.000000; -0.000000 \
#; 0.000000; 0.000000; 0.000000; -0.001759; 0.001829; -0.002537 \
#; 0.001496; -0.018263; -0.019094; 0.001496; -0.018264; -0.019095 \
#; 0.004888; -0.021792; -0.014201; -0.004889; 0.021793; 0.014202 \
#; 0.000001; -0.000001; -0.000001; -0.005772; 0.006002; -0.008330 \
#; -0.039535; 0.032792; 0.051041; -0.000000; 0.000000; -0.000000 \
#; 0.005568; 0.001013; 0.001516; -0.029710; -0.005418; -0.008084 \
#; 0.007584; 0.081859; -0.022369; -0.001422; -0.015341; 0.004192 \
#; 0.002347; 0.004361; -0.003130; 0.012534; 0.023273; -0.016693 \
#; 0.060344; 0.027001; 0.053743; 0.011309; 0.005061; 0.010071 \
# ]
#metaData: qpt=[0.000000;0.500000;0.000000;9.099187 \
#; -0.000055; 0.000024; 0.000051; -0.000008; 0.000008; -0.000012 \
#; 0.000003; -0.000001; -0.000003; -0.000156; 0.000162; -0.000223 \
#; -0.007158; -0.000646; 0.002146; -0.007930; -0.000715; 0.002377 \
#; -0.005422; -0.002295; 0.004410; 0.006018; 0.002547; -0.004895 \
#; -0.005055; -0.005484; -0.000448; -0.001871; 0.003854; -0.003916 \
#; 0.097888; 0.106241; 0.008643; -0.000143; 0.000149; -0.000206 \
#; 0.001135; 0.000626; 0.001545; 0.000004; 0.000088; 0.009494 \
#; -0.021260; -0.012030; -0.062026; 0.003984; 0.002259; 0.012130 \
#; -0.000079; 0.001771; -0.000315; 0.007013; -0.008011; 0.000050 \
#; 0.026062; -0.061233; 0.006065; 0.005233; -0.011842; 0.001133 \
# ]
#metaData: qpt=[0.000000;0.500000;0.000000;9.099187 \
#; -0.000024; 0.000027; -0.000042; -0.000153; 0.000159; -0.000220 \
#; 0.000053; -0.000022; -0.000052; -0.000001; -0.000005; 0.000021 \
#; 0.006444; 0.000581; -0.001932; -0.008276; -0.000746; 0.002481 \
#; 0.006997; 0.002962; -0.005691; 0.004371; 0.001850; -0.003555 \
#; -0.096402; -0.104576; -0.008546; 0.017281; 0.018437; 0.001729 \
#; -0.005619; -0.005066; -0.001154; -0.002727; 0.002835; -0.003934 \
#; 0.021629; 0.012242; 0.063378; 0.000202; 0.000110; 0.000095 \
#; 0.001112; 0.000661; 0.006664; -0.000215; -0.000040; 0.008395 \
#; -0.024872; 0.058351; -0.005772; 0.009029; -0.021656; 0.002184 \
#; -0.001429; 0.003276; -0.000317; 0.006379; -0.006374; -0.000125 \
# ]
#metaData: qpt=[0.000000;0.500000;0.000000;9.315979 \
#; -0.000058; 0.000034; -0.000097; 0.000001; -0.000001; 0.000002 \
#; 0.000002; 0.000023; 0.000015; 0.000072; 0.000967; 0.000651 \
#; -0.003166; 0.003966; -0.010057; -0.003017; 0.003778; -0.009582 \
#; -0.007332; 0.006948; -0.005070; 0.007678; -0.007275; 0.005309 \
#; -0.000119; -0.000227; -0.000081; -0.004813; -0.009824; -0.003118 \
#; -0.008471; 0.009182; -0.012316; 0.000203; -0.000211; 0.000293 \
#; 0.000195; -0.000585; -0.000479; -0.001231; 0.003632; 0.003381 \
#; -0.009512; 0.011698; 0.116984; 0.002017; -0.002482; -0.024799 \
#; -0.001055; 0.001610; 0.000882; -0.005212; 0.007845; 0.004204 \
#; 0.081064; -0.086231; -0.015353; 0.013222; -0.014066; -0.002506 \
# ]
#metaData: qpt=[0.000000;0.500000;0.000000;9.315979 \
#; -0.000069; -0.000970; -0.000647; -0.000000; 0.000000; -0.000000 \
#; -0.000000; -0.000001; -0.000000; 0.000054; -0.000083; 0.000065 \
#; 0.003255; -0.004076; 0.010337; 0.003251; -0.004071; 0.010325 \
#; -0.007142; 0.006767; -0.004938; 0.007133; -0.006759; 0.004932 \
#; 0.000003; 0.000006; 0.000002; 0.008727; -0.008699; 0.012493 \
#; 0.005249; 0.009376; 0.003745; -0.000005; 0.000005; -0.000007 \
#; -0.001804; 0.002237; 0.022083; 0.009631; -0.011952; -0.117857 \
#; 0.001708; -0.004213; -0.009283; -0.000326; 0.000797; 0.001812 \
#; -0.015097; 0.016036; 0.002827; -0.080569; 0.085589; 0.015097 \
#; 0.001146; -0.003535; -0.003454; 0.000265; -0.000715; -0.000657 \
# ]
#metaData: qpt=[0.000000;0.500000;0.000000;12.471767 \
#; 0.000043; -0.000044; 0.000062; 0.000125; -0.000130; 0.000181 \
#; -0.000494; -0.003575; -0.002235; 0.000168; 0.001218; 0.000761 \
#; 0.001324; -0.009090; -0.004994; -0.002693; 0.018487; 0.010157 \
#; -0.000797; -0.014858; -0.015191; -0.000392; -0.007306; -0.007470 \
#; 0.060957; 0.058922; 0.000212; -0.020770; -0.020076; -0.000072 \
#; -0.000152; 0.000158; -0.000220; -0.000447; 0.000465; -0.000645 \
#; 0.000086; 0.000435; 0.098518; -0.000012; -0.000063; -0.014198 \
#; -0.001373; 0.002514; 0.000671; -0.002433; 0.004457; 0.001190 \
#; -0.059864; 0.062704; 0.000223; 0.033773; -0.035375; -0.000126 \
#; -0.000023; -0.000292; -0.000802; -0.000156; -0.002027; -0.005567 \
# ]
#metaData: qpt=[0.000000;0.500000;0.000000;12.471767 \
#; -0.000522; -0.003777; -0.002361; 0.000000; -0.000000; 0.000000 \
#; -0.000000; 0.000000; 0.000000; -0.000132; 0.000138; -0.000191 \
#; 0.002122; -0.014567; -0.008003; 0.002122; -0.014567; -0.008003 \
#; -0.000628; -0.011708; -0.011970; 0.000628; 0.011708; 0.011970 \
#; -0.000000; -0.000000; -0.000000; 0.000472; -0.000491; 0.000681 \
#; 0.064399; 0.062248; 0.000224; 0.000000; 0.000000; -0.000000 \
#; -0.000515; 0.000943; 0.000252; 0.002746; -0.005030; -0.001343 \
#; 0.000085; 0.000432; 0.097832; -0.000016; -0.000081; -0.018334 \
#; 0.000029; 0.000377; 0.001036; 0.000155; 0.002013; 0.005529 \
#; -0.067557; 0.070762; 0.000252; -0.012661; 0.013261; 0.000047 \
# ]
