# Phonopy generated file for v_sim 3.6
    7.053166972    0.274691506    7.047815897
   -3.663929239   -3.523907949    4.889259621
    3.526583486   -0.000000000    2.444629810 Ba
    0.137345753    3.523907949    2.444629810 Ba
    0.000000000    0.000000000    0.000000000 Zr
    3.663929239    3.523907949    0.000000000 Zr
    5.495893859    5.285861923    0.000000000  S
    1.831964620    1.761953974    0.000000000  S
    4.063651674    3.108302678    2.444629810  S
   -0.399722435    0.415605271    2.444629810  S
    1.969310373    5.285861923    0.576633130  S
    1.694618867   -1.761953974    4.312626491  S
#metaData: qpt=[0.365629;0.634371;-0.365629;1.190061 \
#; 0.026106; 0.031861; -0.004867; 0.020291; 0.002942; 0.011946 \
#; -0.032854; -0.024845; -0.004867; -0.003730; -0.020161; 0.011946 \
#; 0.008986; 0.008643; -0.000000; -0.022056; -0.021213; 0.000000 \
#; -0.008986; -0.008643; -0.000000; 0.022056; 0.021213; 0.000000 \
#; 0.003444; 0.010315; -0.005047; 0.011416; -0.006208; 0.012388 \
#; -0.010442; -0.003040; -0.005047; 0.005759; -0.011649; 0.012388 \
#; 0.002565; 0.002467; -0.000000; -0.023994; -0.023077; 0.000000 \
#; 0.014934; 0.014363; -0.000000; -0.018955; -0.018231; 0.000000 \
#; -0.014934; -0.014363; 0.000000; 0.018955; 0.018231; 0.000000 \
#; -0.002565; -0.002467; -0.000000; 0.023994; 0.023077; -0.000000 \
# ]
#metaData: qpt=[0.365629;0.634371;-0.365629;1.338126 \
#; 0.025176; -0.027756; 0.037457; 0.015923; 0.012488; 0.002037 \
#; 0.026754; -0.026238; 0.037457; -0.013099; -0.015425; 0.002037 \
#; -0.007288; -0.007010; 0.000000; -0.000396; -0.000381; -0.000000 \
#; 0.007288; 0.007010; 0.000000; 0.000396; 0.000381; -0.000000 \
#; -0.007105; 0.007546; -0.010364; -0.001849; -0.000997; -0.000564 \
#; -0.007263; 0.007393; -0.010364; 0.001068; 0.001809; -0.000564 \
#; 0.014033; 0.013497; 0.000000; 0.011729; 0.011281; -0.000000 \
#; 0.015222; 0.014641; 0.000000; -0.010138; -0.009750; -0.000000 \
#; -0.015222; -0.014641; -0.000000; 0.010138; 0.009750; -0.000000 \
#; -0.014033; -0.013497; 0.000000; -0.011729; -0.011281; 0.000000 \
# ]
#metaData: qpt=[0.365629;0.634371;-0.365629;1.376004 \
#; 0.028682; -0.029821; -0.041376; 0.000000; 0.000000; 0.000000 \
#; 0.028682; -0.029821; -0.041376; -0.000000; -0.000000; 0.000000 \
#; 0.007054; 0.006784; -0.000000; -0.000000; 0.000000; 0.000000 \
#; 0.007054; 0.006784; 0.000000; 0.000000; -0.000000; -0.000000 \
#; 0.000447; -0.000465; -0.000645; -0.000000; 0.000000; -0.000000 \
#; 0.000447; -0.000465; -0.000645; -0.000000; 0.000000; -0.000000 \
#; 0.001539; 0.001480; -0.000000; 0.012965; 0.012470; -0.000000 \
#; 0.001539; 0.001480; 0.000000; -0.012965; -0.012470; -0.000000 \
#; 0.001539; 0.001480; 0.000000; -0.012965; -0.012470; -0.000000 \
#; 0.001539; 0.001480; -0.000000; 0.012965; 0.012470; -0.000000 \
# ]
#metaData: qpt=[0.365629;0.634371;-0.365629;1.410354 \
#; -0.025510; 0.026524; 0.036800; 0.000000; -0.000000; 0.000000 \
#; 0.025510; -0.026524; -0.036800; 0.000000; 0.000000; 0.000000 \
#; 0.000000; 0.000000; 0.000000; 0.014077; -0.014636; -0.001330 \
#; 0.000000; 0.000000; 0.000000; -0.000922; 0.000959; 0.020307 \
#; -0.005213; 0.005420; 0.007520; -0.000000; 0.000000; -0.000000 \
#; 0.005213; -0.005420; -0.007520; -0.000000; 0.000000; -0.000000 \
#; 0.000787; -0.000819; 0.001581; 0.024678; -0.025658; 0.008948 \
#; -0.000787; 0.000819; -0.001581; 0.024678; -0.025658; 0.008948 \
#; -0.001096; 0.001140; -0.001136; 0.006203; -0.006449; 0.035599 \
#; 0.001096; -0.001140; 0.001136; 0.006203; -0.006449; 0.035599 \
# ]
#metaData: qpt=[0.365629;0.634371;-0.365629;1.498436 \
#; 0.020904; 0.017238; 0.002067; 0.019234; -0.022710; 0.029701 \
#; 0.018039; 0.020217; -0.002067; -0.021944; 0.020104; -0.029701 \
#; 0.009395; -0.009769; -0.024824; -0.000654; 0.000680; 0.001727 \
#; 0.017208; -0.017892; -0.013554; -0.001197; 0.001245; 0.000943 \
#; 0.000314; 0.000758; -0.000329; -0.003315; 0.003371; -0.004727 \
#; 0.000770; 0.000284; 0.000329; 0.003239; -0.003443; 0.004727 \
#; 0.016940; -0.017613; -0.011017; 0.016175; -0.016817; -0.000943 \
#; 0.014537; -0.015115; -0.010780; -0.018365; 0.019095; 0.002460 \
#; 0.007473; -0.007770; -0.020971; -0.001705; 0.001773; 0.026493 \
#; 0.007637; -0.007941; -0.024438; 0.000654; -0.000680; -0.023333 \
# ]
#metaData: qpt=[0.365629;0.634371;-0.365629;1.582728 \
#; -0.007869; 0.025700; -0.023978; -0.028205; -0.013526; -0.009803 \
#; 0.025374; -0.008864; 0.023978; -0.014615; -0.027657; 0.009803 \
#; 0.007031; -0.007311; -0.002563; -0.017199; 0.017882; 0.006270 \
#; 0.001777; -0.001847; -0.010143; -0.004346; 0.004519; 0.024811 \
#; 0.003057; -0.003517; 0.004654; 0.001733; -0.000973; 0.001903 \
#; -0.003396; 0.003192; -0.004654; -0.000905; 0.001770; -0.001903 \
#; 0.020147; -0.020947; -0.001353; 0.018119; -0.018839; 0.008675 \
#; -0.027070; 0.028146; -0.005111; -0.001184; 0.001231; 0.007138 \
#; 0.003543; -0.003684; 0.039051; -0.004948; 0.005145; 0.001708 \
#; 0.000938; -0.000975; -0.029063; -0.006013; 0.006252; -0.026139 \
# ]
#metaData: qpt=[0.365629;0.634371;-0.365629;1.794802 \
#; 0.003175; -0.013061; 0.011615; -0.016073; -0.009446; -0.004334 \
#; 0.012928; -0.003682; 0.011615; 0.010065; 0.015693; -0.004334 \
#; 0.042765; 0.041131; -0.000000; -0.015956; -0.015346; -0.000000 \
#; -0.042765; -0.041131; -0.000000; 0.015956; 0.015346; -0.000000 \
#; 0.009171; 0.003594; 0.003767; 0.016608; 0.017923; -0.001405 \
#; -0.003949; -0.009024; 0.003767; -0.018556; -0.015897; -0.001405 \
#; -0.007848; -0.007548; -0.000000; 0.009050; 0.008704; -0.000000 \
#; -0.011858; -0.011404; -0.000000; -0.001698; -0.001633; -0.000000 \
#; 0.011858; 0.011404; -0.000000; 0.001698; 0.001633; 0.000000 \
#; 0.007848; 0.007548; 0.000000; -0.009050; -0.008704; -0.000000 \
# ]
#metaData: qpt=[0.365629;0.634371;-0.365629;3.087757 \
#; 0.008310; -0.008640; -0.011988; 0.000000; 0.000000; 0.000000 \
#; -0.008310; 0.008640; 0.011988; 0.000000; 0.000000; -0.000000 \
#; 0.000000; -0.000000; 0.000000; 0.025257; -0.026261; 0.053722 \
#; 0.000000; -0.000000; 0.000000; 0.037240; -0.038720; 0.036435 \
#; 0.000320; -0.000333; -0.000461; 0.000000; 0.000000; 0.000000 \
#; -0.000320; 0.000333; 0.000461; -0.000000; 0.000000; -0.000000 \
#; 0.007056; -0.007336; -0.001330; 0.013552; -0.014091; 0.026453 \
#; -0.007056; 0.007336; 0.001330; 0.013552; -0.014091; 0.026453 \
#; 0.000922; -0.000959; -0.010179; 0.018337; -0.019066; 0.019550 \
#; -0.000922; 0.000959; 0.010179; 0.018337; -0.019066; 0.019550 \
# ]
#metaData: qpt=[0.365629;0.634371;-0.365629;3.161029 \
#; -0.010649; 0.011072; 0.015362; 0.000000; 0.000000; -0.000000 \
#; 0.010649; -0.011072; -0.015362; -0.000000; -0.000000; -0.000000 \
#; -0.000000; -0.000000; 0.000000; -0.006800; 0.007070; 0.028025 \
#; 0.000000; -0.000000; 0.000000; 0.019427; -0.020199; -0.009809 \
#; 0.039910; -0.041496; -0.057574; 0.000000; -0.000000; 0.000000 \
#; -0.039910; 0.041496; 0.057574; 0.000000; -0.000000; 0.000000 \
#; 0.004665; -0.004851; -0.009150; -0.031645; 0.032902; -0.002247 \
#; -0.004665; 0.004851; 0.009150; -0.031645; 0.032902; -0.002247 \
#; 0.006343; -0.006595; -0.006730; -0.001558; 0.001620; -0.045651 \
#; -0.006343; 0.006595; 0.006730; -0.001558; 0.001620; -0.045651 \
# ]
#metaData: qpt=[0.365629;0.634371;-0.365629;3.364426 \
#; 0.008389; -0.005212; 0.009572; -0.001821; 0.007138; -0.006407 \
#; -0.004881; 0.008586; -0.009572; 0.007061; -0.002098; 0.006407 \
#; -0.007521; 0.007820; -0.008593; -0.011237; 0.011683; -0.012839 \
#; 0.005957; -0.006194; 0.010850; 0.008900; -0.009253; 0.016210 \
#; 0.042178; -0.040816; 0.058656; -0.024947; 0.030478; -0.039260 \
#; -0.039142; 0.043736; -0.058656; 0.029483; -0.026115; 0.039260 \
#; 0.015709; -0.016334; 0.007124; 0.018922; -0.019674; -0.003043 \
#; 0.011505; -0.011962; -0.005529; 0.021737; -0.022600; 0.005426 \
#; 0.003833; -0.003985; -0.016597; -0.003762; 0.003911; -0.031357 \
#; -0.004939; 0.005135; -0.022662; 0.002109; -0.002193; -0.027297 \
# ]
#metaData: qpt=[0.365629;0.634371;-0.365629;3.731661 \
#; 0.000401; -0.000417; -0.000579; 0.000000; 0.000000; 0.000000 \
#; 0.000401; -0.000417; -0.000579; 0.000000; 0.000000; -0.000000 \
#; -0.006399; -0.006154; 0.000000; -0.000000; 0.000000; 0.000000 \
#; -0.006399; -0.006154; 0.000000; -0.000000; 0.000000; 0.000000 \
#; -0.053739; 0.055875; 0.077523; 0.000000; 0.000000; -0.000000 \
#; -0.053739; 0.055875; 0.077523; 0.000000; 0.000000; -0.000000 \
#; -0.028820; -0.027718; 0.000000; 0.006265; 0.006025; 0.000000 \
#; -0.028820; -0.027718; 0.000000; -0.006265; -0.006025; 0.000000 \
#; -0.028820; -0.027718; 0.000000; -0.006265; -0.006025; 0.000000 \
#; -0.028820; -0.027718; 0.000000; 0.006265; 0.006025; 0.000000 \
# ]
#metaData: qpt=[0.365629;0.634371;-0.365629;3.734762 \
#; 0.003483; -0.003860; 0.005197; -0.024595; -0.023620; -0.000025 \
#; -0.003721; 0.003631; -0.005197; -0.024560; -0.023656; 0.000025 \
#; 0.000144; -0.000150; -0.000147; 0.029878; -0.031065; -0.030400 \
#; 0.000102; -0.000106; -0.000208; 0.021074; -0.021911; -0.043102 \
#; -0.001968; 0.002006; -0.002810; -0.004158; -0.004018; 0.000014 \
#; 0.001928; -0.002045; 0.002810; -0.004177; -0.003998; -0.000014 \
#; 0.001886; -0.001961; 0.000682; 0.016128; -0.016769; -0.025691 \
#; -0.001730; 0.001799; -0.000930; 0.016145; -0.016787; -0.025683 \
#; 0.000645; -0.000670; 0.002496; 0.017803; -0.018511; -0.023291 \
#; -0.000472; 0.000491; -0.002721; 0.017809; -0.018516; -0.023266 \
# ]
#metaData: qpt=[0.365629;0.634371;-0.365629;3.778558 \
#; -0.013933; -0.014466; 0.000768; 0.005594; -0.000925; 0.004544 \
#; 0.014998; 0.013359; 0.000768; 0.000706; -0.005626; 0.004544 \
#; 0.000102; 0.000098; -0.000000; 0.000601; 0.000578; -0.000000 \
#; -0.000102; -0.000098; -0.000000; -0.000601; -0.000578; -0.000000 \
#; 0.010079; -0.007861; 0.012653; 0.051695; -0.054192; 0.074894 \
#; 0.007463; -0.010378; 0.012653; 0.052137; -0.053767; 0.074894 \
#; 0.009914; 0.009535; -0.000000; -0.021118; -0.020311; -0.000000 \
#; -0.016301; -0.015678; -0.000000; -0.016689; -0.016051; -0.000000 \
#; 0.016301; 0.015678; 0.000000; 0.016689; 0.016051; -0.000000 \
#; -0.009914; -0.009535; -0.000000; 0.021118; 0.020311; -0.000000 \
# ]
#metaData: qpt=[0.365629;0.634371;-0.365629;4.394914 \
#; -0.006152; -0.013755; 0.005649; 0.017007; 0.010815; 0.003995 \
#; -0.013984; -0.005612; -0.005649; 0.011469; 0.016573; -0.003995 \
#; -0.000466; 0.000484; 0.004087; 0.000658; -0.000685; -0.005780 \
#; -0.002833; 0.002946; 0.000672; 0.004006; -0.004166; -0.000950 \
#; -0.023331; 0.012928; -0.025491; -0.004490; 0.020691; -0.018026 \
#; 0.012010; -0.023817; 0.025491; 0.020501; -0.005293; 0.018026 \
#; 0.020733; -0.021557; 0.004370; 0.045194; -0.046990; -0.005868 \
#; -0.049520; 0.051488; 0.004076; -0.004485; 0.004663; -0.006076 \
#; -0.002825; 0.002938; 0.071437; 0.004212; -0.004379; 0.006469 \
#; -0.003029; 0.003150; -0.029909; 0.004068; -0.004229; -0.065196 \
# ]
#metaData: qpt=[0.365629;0.634371;-0.365629;4.524819 \
#; -0.005571; 0.005792; 0.008036; 0.000000; 0.000000; 0.000000 \
#; 0.005571; -0.005792; -0.008036; 0.000000; 0.000000; -0.000000 \
#; -0.000000; -0.000000; 0.000000; 0.007000; -0.007278; 0.014379 \
#; -0.000000; -0.000000; 0.000000; 0.009967; -0.010363; 0.010098 \
#; -0.042794; 0.044494; 0.061734; 0.000000; 0.000000; 0.000000 \
#; 0.042794; -0.044494; -0.061734; 0.000000; -0.000000; -0.000000 \
#; 0.011157; -0.011600; -0.000781; -0.037241; 0.038721; -0.011183 \
#; -0.011157; 0.011600; 0.000781; -0.037241; 0.038721; -0.011183 \
#; 0.000541; -0.000563; -0.016095; -0.007752; 0.008060; -0.053724 \
#; -0.000541; 0.000563; 0.016095; -0.007752; 0.008060; -0.053724 \
# ]
#metaData: qpt=[0.365629;0.634371;-0.365629;4.891077 \
#; -0.004902; 0.003706; -0.006069; 0.006022; 0.006695; -0.000651 \
#; 0.003513; -0.005042; 0.006069; 0.006925; 0.005757; 0.000651 \
#; -0.002019; 0.002100; 0.001116; 0.018825; -0.019573; -0.010399 \
#; -0.000773; 0.000804; 0.002913; 0.007209; -0.007495; -0.027157 \
#; 0.024666; -0.025016; 0.035128; -0.000323; -0.005539; 0.003768 \
#; -0.024036; 0.025621; -0.035128; -0.005548; -0.000107; -0.003768 \
#; 0.034078; -0.035432; 0.005594; -0.034861; 0.036246; 0.003594 \
#; -0.025908; 0.026938; -0.006229; -0.041296; 0.042937; 0.002326 \
#; 0.004318; -0.004489; 0.037375; -0.001612; 0.001676; 0.059573 \
#; -0.003878; 0.004032; -0.049160; -0.002491; 0.002590; 0.050290 \
# ]
#metaData: qpt=[0.365629;0.634371;-0.365629;5.224944 \
#; 0.005611; -0.005834; -0.008095; -0.000000; 0.000000; -0.000000 \
#; 0.005611; -0.005834; -0.008095; 0.000000; 0.000000; -0.000000 \
#; -0.031509; -0.030305; -0.000000; 0.000000; 0.000000; -0.000000 \
#; -0.031509; -0.030305; 0.000000; 0.000000; 0.000000; -0.000000 \
#; 0.019197; -0.019960; -0.027694; -0.000000; 0.000000; 0.000000 \
#; 0.019197; -0.019960; -0.027694; -0.000000; 0.000000; 0.000000 \
#; -0.034834; -0.033503; 0.000000; -0.029676; -0.028542; 0.000000 \
#; -0.034834; -0.033503; -0.000000; 0.029676; 0.028542; 0.000000 \
#; -0.034834; -0.033503; 0.000000; 0.029676; 0.028542; 0.000000 \
#; -0.034834; -0.033503; -0.000000; -0.029676; -0.028542; 0.000000 \
# ]
#metaData: qpt=[0.365629;0.634371;-0.365629;5.304824 \
#; -0.007756; 0.003222; -0.007699; 0.003691; 0.007941; -0.003165 \
#; -0.002918; 0.007876; -0.007699; -0.008079; -0.003379; -0.003165 \
#; -0.001899; -0.001826; -0.000000; -0.000781; -0.000751; -0.000000 \
#; 0.001899; 0.001826; 0.000000; 0.000781; 0.000751; -0.000000 \
#; 0.004682; -0.013983; 0.013324; 0.014876; 0.006708; 0.005477 \
#; 0.013790; -0.005223; 0.013324; -0.007283; -0.014603; 0.005477 \
#; -0.028669; -0.027574; 0.000000; 0.052938; 0.050915; -0.000000 \
#; 0.016848; 0.016204; -0.000000; -0.057797; -0.055588; 0.000000 \
#; -0.016848; -0.016204; -0.000000; 0.057797; 0.055588; -0.000000 \
#; 0.028669; 0.027574; -0.000000; -0.052938; -0.050915; 0.000000 \
# ]
#metaData: qpt=[0.365629;0.634371;-0.365629;5.326082 \
#; -0.003729; 0.003877; 0.005380; 0.000000; 0.000000; -0.000000 \
#; -0.003729; 0.003877; 0.005380; -0.000000; -0.000000; -0.000000 \
#; -0.019468; -0.018724; 0.000000; 0.000000; 0.000000; -0.000000 \
#; -0.019468; -0.018724; -0.000000; 0.000000; 0.000000; 0.000000 \
#; 0.016007; -0.016643; -0.023092; -0.000000; 0.000000; 0.000000 \
#; 0.016007; -0.016643; -0.023092; -0.000000; 0.000000; 0.000000 \
#; -0.014533; -0.013978; 0.000000; 0.054396; 0.052318; 0.000000 \
#; -0.014533; -0.013978; -0.000000; -0.054396; -0.052318; 0.000000 \
#; -0.014533; -0.013978; 0.000000; -0.054396; -0.052318; -0.000000 \
#; -0.014533; -0.013978; -0.000000; 0.054396; 0.052318; -0.000000 \
# ]
#metaData: qpt=[0.365629;0.634371;-0.365629;5.540322 \
#; -0.014450; -0.014186; 0.000208; 0.003006; 0.000671; 0.001600 \
#; 0.014738; 0.013886; 0.000208; -0.000788; -0.002977; 0.001600 \
#; -0.000096; -0.000092; -0.000000; -0.000735; -0.000707; 0.000000 \
#; 0.000096; 0.000092; -0.000000; 0.000735; 0.000707; -0.000000 \
#; -0.002487; 0.004573; -0.005020; -0.026903; 0.027714; -0.038624 \
#; -0.004473; 0.002663; -0.005020; -0.026645; 0.027962; -0.038624 \
#; -0.003278; -0.003153; 0.000000; -0.052736; -0.050721; -0.000000 \
#; -0.010311; -0.009917; 0.000000; -0.051822; -0.049841; 0.000000 \
#; 0.010311; 0.009917; 0.000000; 0.051822; 0.049841; -0.000000 \
#; 0.003278; 0.003153; 0.000000; 0.052736; 0.050721; 0.000000 \
# ]
#metaData: qpt=[0.365629;0.634371;-0.365629;5.729661 \
#; 0.000328; -0.000341; -0.000473; 0.000000; -0.000000; 0.000000 \
#; -0.000328; 0.000341; 0.000473; -0.000000; 0.000000; 0.000000 \
#; -0.000000; 0.000000; 0.000000; 0.023852; -0.024800; -0.007924 \
#; 0.000000; 0.000000; -0.000000; -0.005493; 0.005711; 0.034409 \
#; 0.004063; -0.004225; -0.005862; -0.000000; 0.000000; -0.000000 \
#; -0.004063; 0.004225; 0.005862; -0.000000; 0.000000; 0.000000 \
#; -0.050977; 0.053003; 0.007162; -0.015952; 0.016586; 0.000109 \
#; 0.050977; -0.053003; -0.007162; -0.015952; 0.016586; 0.000109 \
#; -0.004965; 0.005162; 0.073539; 0.000076; -0.000079; -0.023012 \
#; 0.004965; -0.005162; -0.073539; 0.000076; -0.000079; -0.023012 \
# ]
#metaData: qpt=[0.365629;0.634371;-0.365629;6.416308 \
#; 0.003508; -0.001500; 0.003513; -0.000200; -0.003233; 0.002191 \
#; -0.001362; 0.003564; -0.003513; -0.003239; -0.000074; -0.002191 \
#; 0.012794; -0.013302; 0.030306; -0.020508; 0.021323; -0.048580 \
#; -0.021008; 0.021843; -0.018456; 0.033676; -0.035014; 0.029585 \
#; -0.011470; 0.014512; -0.018410; -0.010032; 0.006285; -0.011485 \
#; 0.014054; -0.012026; 0.018410; 0.005890; -0.010270; 0.011485 \
#; 0.008173; -0.008498; 0.007011; -0.016669; 0.017332; 0.008392 \
#; 0.011378; -0.011830; -0.010620; -0.014670; 0.015253; -0.002607 \
#; 0.007362; -0.007654; -0.016413; 0.001807; -0.001879; 0.021163 \
#; -0.004860; 0.005053; -0.011790; -0.005817; 0.006049; 0.024047 \
# ]
#metaData: qpt=[0.365629;0.634371;-0.365629;6.815212 \
#; -0.002925; 0.003041; 0.004220; -0.000000; -0.000000; 0.000000 \
#; 0.002925; -0.003041; -0.004220; 0.000000; -0.000000; -0.000000 \
#; -0.000000; -0.000000; -0.000000; -0.031901; 0.033168; 0.033841 \
#; -0.000000; -0.000000; 0.000000; 0.023459; -0.024391; -0.046019 \
#; -0.016388; 0.017039; 0.023640; -0.000000; 0.000000; 0.000000 \
#; 0.016388; -0.017039; -0.023640; 0.000000; -0.000000; 0.000000 \
#; -0.030813; 0.032037; -0.015881; 0.011272; -0.011720; 0.005292 \
#; 0.030813; -0.032037; 0.015881; 0.011272; -0.011720; 0.005292 \
#; 0.011009; -0.011446; 0.044450; 0.003668; -0.003814; 0.016261 \
#; -0.011009; 0.011446; -0.044450; 0.003668; -0.003814; 0.016261 \
# ]
#metaData: qpt=[0.365629;0.634371;-0.365629;7.208295 \
#; 0.002567; -0.002669; -0.003703; 0.000000; 0.000000; -0.000000 \
#; 0.002567; -0.002669; -0.003703; 0.000000; -0.000000; -0.000000 \
#; -0.037212; -0.035790; -0.000000; 0.000000; -0.000000; -0.000000 \
#; -0.037212; -0.035790; 0.000000; -0.000000; 0.000000; 0.000000 \
#; -0.015304; 0.015912; 0.022077; -0.000000; 0.000000; 0.000000 \
#; -0.015304; 0.015912; 0.022077; 0.000000; -0.000000; -0.000000 \
#; 0.042346; 0.040728; 0.000000; -0.001950; -0.001876; -0.000000 \
#; 0.042346; 0.040728; -0.000000; 0.001950; 0.001876; -0.000000 \
#; 0.042346; 0.040728; -0.000000; 0.001950; 0.001876; 0.000000 \
#; 0.042346; 0.040728; 0.000000; -0.001950; -0.001876; 0.000000 \
# ]
#metaData: qpt=[0.365629;0.634371;-0.365629;8.900205 \
#; -0.000061; 0.000112; -0.000123; -0.000203; 0.000189; -0.000277 \
#; -0.000110; 0.000065; -0.000123; -0.000181; 0.000210; -0.000277 \
#; 0.004774; 0.004591; -0.000000; 0.010743; 0.010332; 0.000000 \
#; -0.004774; -0.004591; -0.000000; -0.010743; -0.010332; 0.000000 \
#; 0.079705; 0.076003; 0.000473; -0.034533; -0.034690; 0.001064 \
#; -0.079050; -0.076685; 0.000473; 0.036008; 0.033156; 0.001064 \
#; -0.008407; -0.008085; 0.000000; 0.003191; 0.003069; -0.000000 \
#; 0.008002; 0.007697; 0.000000; -0.004100; -0.003944; -0.000000 \
#; -0.008002; -0.007697; -0.000000; 0.004100; 0.003944; 0.000000 \
#; 0.008407; 0.008085; -0.000000; -0.003191; -0.003069; 0.000000 \
# ]
#metaData: qpt=[0.365629;0.634371;-0.365629;9.021629 \
#; -0.000689; 0.000762; -0.001026; -0.000422; -0.000320; -0.000062 \
#; 0.000735; -0.000718; 0.001026; -0.000336; -0.000410; 0.000062 \
#; 0.000642; -0.000667; -0.000433; -0.010556; 0.010976; 0.007125 \
#; 0.000300; -0.000312; -0.000926; -0.004939; 0.005135; 0.015229 \
#; 0.001388; -0.006971; 0.005987; 0.045691; 0.043440; 0.000364 \
#; -0.006912; 0.001658; -0.005987; 0.045186; 0.043964; -0.000364 \
#; 0.000430; -0.000447; -0.006552; -0.011163; 0.011606; -0.071105 \
#; 0.000926; -0.000963; 0.015117; -0.011132; 0.011575; -0.069787 \
#; -0.010479; 0.010896; -0.001336; 0.048377; -0.050299; 0.016060 \
#; 0.004542; -0.004723; -0.000620; 0.049290; -0.051248; 0.016103 \
# ]
#metaData: qpt=[0.365629;0.634371;-0.365629;9.083704 \
#; 0.000548; -0.000570; -0.000790; -0.000000; -0.000000; 0.000000 \
#; -0.000548; 0.000570; 0.000790; 0.000000; -0.000000; 0.000000 \
#; 0.000000; 0.000000; -0.000000; 0.005311; -0.005522; 0.018097 \
#; 0.000000; -0.000000; -0.000000; 0.012545; -0.013043; 0.007661 \
#; 0.003253; -0.003382; -0.004692; -0.000000; -0.000000; -0.000000 \
#; -0.003253; 0.003382; 0.004692; -0.000000; -0.000000; -0.000000 \
#; -0.001441; 0.001498; 0.013686; 0.013317; -0.013846; -0.081627 \
#; 0.001441; -0.001498; -0.013686; 0.013317; -0.013846; -0.081627 \
#; -0.009487; 0.009864; 0.002079; -0.056584; 0.058833; 0.019211 \
#; 0.009487; -0.009864; -0.002079; -0.056584; 0.058833; 0.019211 \
# ]
#metaData: qpt=[0.365629;0.634371;-0.365629;9.580770 \
#; -0.000361; -0.000391; 0.000032; 0.000195; 0.000059; 0.000092 \
#; -0.000405; -0.000346; -0.000032; 0.000067; 0.000193; -0.000092 \
#; 0.001894; -0.001969; 0.009418; -0.000648; 0.000674; -0.003221 \
#; -0.006528; 0.006788; -0.002732; 0.002233; -0.002322; 0.000934 \
#; 0.011895; 0.008982; 0.001772; -0.000056; -0.007244; 0.005182 \
#; 0.009438; 0.011537; -0.001772; -0.007240; 0.000226; -0.005182 \
#; 0.001502; -0.001562; -0.033925; 0.002386; -0.002481; -0.079527 \
#; -0.000274; 0.000285; 0.021884; -0.002806; 0.002918; 0.083646 \
#; -0.015170; 0.015773; 0.000395; -0.057983; 0.060287; 0.004048 \
#; 0.023517; -0.024451; -0.002167; 0.055128; -0.057319; -0.003442 \
# ]
#metaData: qpt=[0.365629;0.634371;-0.365629;12.223304 \
#; 0.003241; 0.003107; 0.000007; 0.000093; 0.000269; -0.000130 \
#; 0.003231; 0.003118; -0.000007; 0.000272; 0.000082; 0.000130 \
#; -0.008053; 0.008373; 0.008053; -0.000454; 0.000472; 0.000454 \
#; -0.005582; 0.005804; 0.011617; -0.000315; 0.000327; 0.000655 \
#; -0.075782; -0.072950; 0.000047; -0.004851; -0.003516; -0.000829 \
#; -0.075846; -0.072883; -0.000047; -0.003702; -0.004711; 0.000829 \
#; -0.000915; 0.000952; -0.042585; -0.003962; 0.004120; -0.008418 \
#; -0.001355; 0.001409; -0.043261; 0.003834; -0.003987; 0.003575 \
#; 0.029989; -0.031180; 0.001955; -0.002478; 0.002577; -0.005531 \
#; 0.029520; -0.030693; 0.001320; 0.005835; -0.006067; 0.005716 \
# ]
#metaData: qpt=[0.365629;0.634371;-0.365629;12.449649 \
#; -0.001256; 0.001306; 0.001812; -0.000000; 0.000000; -0.000000 \
#; 0.001256; -0.001306; -0.001812; 0.000000; -0.000000; -0.000000 \
#; 0.000000; 0.000000; -0.000000; -0.009363; 0.009735; 0.008094 \
#; 0.000000; 0.000000; -0.000000; 0.005611; -0.005834; -0.013508 \
#; 0.000077; -0.000081; -0.000112; 0.000000; 0.000000; 0.000000 \
#; -0.000077; 0.000081; 0.000112; 0.000000; 0.000000; -0.000000 \
#; -0.000530; 0.000551; 0.084962; -0.002691; 0.002798; 0.014031 \
#; 0.000530; -0.000551; -0.084962; -0.002691; 0.002798; 0.014031 \
#; -0.058895; 0.061236; 0.000764; 0.009727; -0.010113; -0.003882 \
#; 0.058895; -0.061236; -0.000764; 0.009727; -0.010113; -0.003882 \
# ]
