# Phonopy generated file for v_sim 3.6
    7.053166972    0.274691506    7.047815897
   -3.663929239   -3.523907949    4.889259621
    3.526583486   -0.000000000    2.444629810 Ba
    0.137345753    3.523907949    2.444629810 Ba
    0.000000000    0.000000000    0.000000000 Zr
    3.663929239    3.523907949    0.000000000 Zr
    5.495893859    5.285861923    0.000000000  S
    1.831964620    1.761953974    0.000000000  S
    4.063651674    3.108302678    2.444629810  S
   -0.399722435    0.415605271    2.444629810  S
    1.969310373    5.285861923    0.576633130  S
    1.694618867   -1.761953974    4.312626491  S
#metaData: qpt=[0.250000;0.250000;0.250000;1.432478 \
#; -0.028531; 0.029665; 0.041159; 0.000000; -0.000000; 0.000000 \
#; -0.026862; 0.027929; -0.038751; -0.009617; 0.009999; -0.013873 \
#; -0.004816; -0.004632; 0.000000; 0.003391; 0.003262; -0.000000 \
#; 0.003391; 0.003262; 0.000000; 0.004816; 0.004632; -0.000000 \
#; -0.000000; -0.000000; 0.000000; -0.000000; 0.000000; -0.000000 \
#; -0.001399; -0.001346; 0.000000; 0.008061; 0.007753; -0.000000 \
#; -0.000318; 0.005232; 0.000307; -0.014586; -0.013067; -0.001766 \
#; -0.005216; 0.000522; 0.000307; 0.013626; 0.014066; -0.001766 \
#; 0.002580; 0.002972; -0.003972; 0.012817; 0.014766; 0.000799 \
#; -0.008032; -0.006441; 0.003470; 0.013326; 0.010687; 0.002091 \
# ]
#metaData: qpt=[0.250000;0.250000;0.250000;1.432478 \
#; 0.025743; -0.026766; 0.037137; 0.012302; -0.012790; 0.017746 \
#; 0.020091; -0.020889; -0.028982; 0.020259; -0.021064; -0.029225 \
#; 0.000983; 0.000946; 0.000000; 0.005807; 0.005585; -0.000000 \
#; -0.005807; -0.005585; -0.000000; 0.000983; 0.000946; -0.000000 \
#; -0.004738; -0.004557; 0.000000; 0.006670; 0.006415; -0.000000 \
#; -0.000000; 0.000000; 0.000000; -0.000000; -0.000000; -0.000000 \
#; -0.006002; -0.010355; 0.001038; 0.013298; 0.009535; -0.001461 \
#; 0.010581; 0.005594; 0.001038; -0.010045; -0.012917; -0.001461 \
#; -0.003807; -0.003053; -0.003928; 0.015087; 0.012099; -0.000991 \
#; -0.010917; -0.012577; 0.002229; 0.007194; 0.008287; 0.003383 \
# ]
#metaData: qpt=[0.250000;0.250000;0.250000;1.722082 \
#; -0.025784; -0.024798; -0.000000; 0.010497; 0.010096; -0.000000 \
#; 0.042182; 0.040570; 0.000000; 0.007941; 0.007638; 0.000000 \
#; 0.000130; -0.000135; -0.003394; -0.008893; 0.009246; -0.006591 \
#; -0.000130; 0.000135; -0.003394; 0.008893; -0.009246; -0.006591 \
#; 0.017389; -0.018080; -0.007782; 0.002034; -0.002115; -0.024819 \
#; -0.017389; 0.018080; -0.007782; -0.002034; 0.002115; -0.024819 \
#; 0.006571; 0.003965; 0.000000; 0.032194; 0.022152; 0.000000 \
#; 0.004218; 0.006412; -0.000000; 0.023389; 0.031307; 0.000000 \
#; 0.013535; 0.013017; -0.014007; -0.000145; -0.000140; -0.027026 \
#; -0.010083; -0.009698; 0.007910; -0.009029; -0.008684; -0.029394 \
# ]
#metaData: qpt=[0.250000;0.250000;0.250000;1.722082 \
#; 0.042863; 0.041225; 0.000000; -0.002280; -0.002193; -0.000000 \
#; 0.024165; 0.023241; -0.000000; 0.013822; 0.013294; -0.000000 \
#; 0.004216; -0.004384; -0.012740; 0.002937; -0.003054; -0.001515 \
#; -0.004216; 0.004384; -0.012740; -0.002937; 0.003054; -0.001515 \
#; -0.007627; 0.007930; -0.025253; 0.016338; -0.016987; -0.000417 \
#; 0.007627; -0.007930; -0.025253; -0.016338; 0.016987; -0.000417 \
#; 0.008161; 0.017912; 0.000000; 0.017449; -0.024235; -0.000000 \
#; 0.018216; 0.007457; -0.000000; -0.023537; 0.018379; -0.000000 \
#; 0.001298; 0.001248; -0.000155; 0.028281; 0.027200; 0.006572 \
#; 0.018134; 0.017441; -0.004551; -0.021741; -0.020910; 0.004744 \
# ]
#metaData: qpt=[0.250000;0.250000;0.250000;2.005682 \
#; -0.025769; 0.026792; -0.037173; -0.010315; 0.010725; -0.014880 \
#; 0.018934; -0.019687; -0.027315; 0.020295; -0.021102; -0.029278 \
#; 0.015350; 0.014763; 0.000000; -0.002872; -0.002763; 0.000000 \
#; 0.002872; 0.002763; -0.000000; 0.015350; 0.014763; -0.000000 \
#; 0.005073; 0.004879; -0.000000; 0.003474; 0.003341; 0.000000 \
#; -0.000000; 0.000000; 0.000000; 0.000000; -0.000000; -0.000000 \
#; -0.002127; 0.009268; -0.000756; 0.010669; -0.006261; -0.000518 \
#; -0.009178; 0.002486; -0.000756; 0.005841; -0.010905; -0.000518 \
#; 0.004779; 0.003358; 0.003289; 0.001118; 0.000786; -0.014053 \
#; 0.002054; 0.002693; -0.011913; 0.003003; 0.003937; 0.008148 \
# ]
#metaData: qpt=[0.250000;0.250000;0.250000;2.005682 \
#; 0.027756; -0.028859; -0.040041; -0.000000; -0.000000; -0.000000 \
#; -0.025121; 0.026119; -0.036239; -0.011805; 0.012274; -0.017030 \
#; 0.008371; 0.008051; 0.000000; 0.013183; 0.012679; 0.000000 \
#; 0.013183; 0.012679; 0.000000; -0.008371; -0.008051; -0.000000 \
#; 0.000000; 0.000000; 0.000000; -0.000000; 0.000000; 0.000000 \
#; 0.006000; 0.005771; 0.000000; 0.001340; 0.001288; 0.000000 \
#; -0.001990; -0.006277; -0.000894; -0.010695; 0.009257; -0.000200 \
#; 0.006350; 0.001744; -0.000894; -0.008833; 0.011048; -0.000200 \
#; 0.003596; 0.004716; -0.002169; -0.000547; -0.000717; -0.014269 \
#; 0.004078; 0.002866; -0.008032; 0.002731; 0.001919; 0.011991 \
# ]
#metaData: qpt=[0.250000;0.250000;0.250000;2.027215 \
#; 0.000000; -0.000000; 0.000000; 0.000000; -0.000000; 0.000000 \
#; -0.000000; 0.000000; 0.000000; -0.000000; 0.000000; 0.000000 \
#; 0.023233; -0.024156; 0.045284; -0.023412; 0.024342; 0.018104 \
#; 0.023233; -0.024156; -0.045284; -0.023412; 0.024342; -0.018104 \
#; 0.008063; -0.008384; -0.005786; -0.010487; 0.010903; 0.020777 \
#; 0.008063; -0.008384; 0.005786; -0.010487; 0.010903; -0.020777 \
#; 0.000000; -0.000000; -0.015115; -0.000000; 0.000000; 0.020421 \
#; 0.000000; 0.000000; 0.015115; -0.000000; 0.000000; -0.020421 \
#; 0.012362; -0.012853; -0.000000; -0.016884; 0.017555; 0.000000 \
#; 0.020518; -0.021333; 0.000000; -0.004112; 0.004275; -0.000000 \
# ]
#metaData: qpt=[0.250000;0.250000;0.250000;2.027215 \
#; -0.000000; 0.000000; -0.000000; 0.000000; -0.000000; 0.000000 \
#; 0.000000; -0.000000; -0.000000; -0.000000; 0.000000; 0.000000 \
#; -0.030708; 0.031928; -0.001441; -0.014140; 0.014702; 0.047560 \
#; -0.030708; 0.031928; 0.001441; -0.014140; 0.014702; -0.047560 \
#; -0.012821; 0.013331; -0.018850; -0.007690; 0.007996; -0.002971 \
#; -0.012821; 0.013331; 0.018850; -0.007690; 0.007996; 0.002971 \
#; 0.000000; -0.000000; -0.029640; 0.000000; -0.000000; 0.005721 \
#; 0.000000; -0.000000; 0.029640; 0.000000; -0.000000; -0.005721 \
#; -0.017275; 0.017962; -0.000000; 0.003427; -0.003563; -0.000000 \
#; -0.015059; 0.015657; 0.000000; -0.009133; 0.009496; 0.000000 \
# ]
#metaData: qpt=[0.250000;0.250000;0.250000;3.256420 \
#; -0.021666; -0.020838; 0.000000; -0.005218; -0.005018; 0.000000 \
#; -0.011192; -0.010764; 0.000000; -0.000631; -0.000607; 0.000000 \
#; 0.007849; -0.008161; -0.002157; 0.001532; -0.001592; 0.003534 \
#; -0.007849; 0.008161; -0.002157; -0.001532; 0.001592; 0.003534 \
#; -0.022312; 0.023198; -0.087001; 0.015152; -0.015754; -0.004025 \
#; 0.022312; -0.023198; -0.087001; -0.015152; 0.015754; -0.004025 \
#; 0.038787; 0.025050; 0.000000; 0.007155; -0.004227; 0.000000 \
#; 0.026541; 0.037782; -0.000000; -0.003945; 0.007315; -0.000000 \
#; -0.008360; -0.008040; 0.029694; 0.011752; 0.011303; -0.004521 \
#; 0.014101; 0.013562; 0.024959; -0.003027; -0.002911; 0.016709 \
# ]
#metaData: qpt=[0.250000;0.250000;0.250000;3.256420 \
#; 0.006038; 0.005807; 0.000000; -0.009444; -0.009083; 0.000000 \
#; -0.008448; -0.008125; -0.000000; 0.020622; 0.019834; -0.000000 \
#; 0.000221; -0.000230; -0.010474; -0.002861; 0.002975; -0.004834 \
#; -0.000221; 0.000230; -0.010474; 0.002861; -0.002975; -0.004834 \
#; 0.033031; -0.034344; -0.036560; -0.050537; 0.052545; 0.013308 \
#; -0.033031; 0.034344; -0.036560; 0.050537; -0.052545; 0.013308 \
#; 0.005261; 0.021508; -0.000000; 0.014000; -0.024825; 0.000000 \
#; 0.021696; 0.004419; 0.000000; -0.024261; 0.014957; 0.000000 \
#; 0.006674; 0.006419; -0.005524; -0.032015; -0.030792; -0.010565 \
#; -0.026536; -0.025522; 0.003056; 0.019115; 0.018384; -0.011523 \
# ]
#metaData: qpt=[0.250000;0.250000;0.250000;3.838094 \
#; -0.000000; 0.000000; -0.000000; -0.000000; 0.000000; -0.000000 \
#; 0.000000; -0.000000; -0.000000; -0.000000; 0.000000; 0.000000 \
#; 0.000311; -0.000323; -0.019290; 0.003196; -0.003323; -0.003141 \
#; 0.000311; -0.000323; 0.019290; 0.003196; -0.003323; 0.003141 \
#; -0.009221; 0.009587; -0.016081; -0.020150; 0.020951; 0.114139 \
#; -0.009221; 0.009587; 0.016081; -0.020150; 0.020951; -0.114139 \
#; -0.000000; -0.000000; -0.001857; 0.000000; 0.000000; 0.011351 \
#; 0.000000; 0.000000; 0.001857; 0.000000; -0.000000; -0.011351 \
#; -0.000826; 0.000859; 0.000000; -0.001692; 0.001759; -0.000000 \
#; 0.000533; -0.000554; 0.000000; -0.001806; 0.001877; 0.000000 \
# ]
#metaData: qpt=[0.250000;0.250000;0.250000;3.838094 \
#; -0.000000; -0.000000; 0.000000; -0.000000; -0.000000; -0.000000 \
#; -0.000000; -0.000000; -0.000000; 0.000000; -0.000000; -0.000000 \
#; 0.009691; -0.010076; 0.003976; 0.009468; -0.009844; -0.002376 \
#; 0.009691; -0.010076; -0.003976; 0.009468; -0.009844; 0.002376 \
#; -0.055942; 0.058165; -0.006553; -0.057051; 0.059318; -0.031288 \
#; -0.055942; 0.058165; 0.006553; -0.057051; 0.059318; 0.031288 \
#; 0.000000; 0.000000; -0.001424; -0.000000; -0.000000; -0.002312 \
#; 0.000000; 0.000000; 0.001424; 0.000000; 0.000000; 0.002312 \
#; -0.007336; 0.007627; 0.000000; -0.003123; 0.003247; -0.000000 \
#; -0.003304; 0.003435; 0.000000; -0.007256; 0.007545; 0.000000 \
# ]
#metaData: qpt=[0.250000;0.250000;0.250000;3.930910 \
#; -0.010197; 0.010603; 0.014711; 0.000000; -0.000000; 0.000000 \
#; 0.005678; -0.005903; 0.008190; -0.008471; 0.008807; -0.012220 \
#; 0.040075; 0.038543; 0.000000; 0.012188; 0.011722; -0.000000 \
#; 0.012188; 0.011722; 0.000000; -0.040075; -0.038543; -0.000000 \
#; -0.000000; -0.000000; -0.000000; -0.000000; -0.000000; -0.000000 \
#; 0.027611; 0.026556; -0.000000; -0.014733; -0.014170; -0.000000 \
#; -0.019586; -0.027472; 0.002339; 0.020837; 0.003860; -0.001248 \
#; 0.028214; 0.018501; 0.002339; -0.004668; -0.020671; -0.001248 \
#; 0.018858; 0.015740; 0.010024; -0.021935; -0.018307; 0.008618 \
#; 0.025071; 0.027765; -0.001578; -0.003014; -0.003338; -0.013124 \
# ]
#metaData: qpt=[0.250000;0.250000;0.250000;3.930910 \
#; 0.010179; -0.010583; 0.014683; 0.000619; -0.000644; 0.000893 \
#; -0.006181; 0.006427; 0.008917; 0.008110; -0.008433; -0.011700 \
#; 0.014599; 0.014041; -0.000000; -0.039261; -0.037760; -0.000000 \
#; 0.039261; 0.037760; 0.000000; 0.014599; 0.014041; 0.000000 \
#; 0.028454; 0.027367; -0.000000; -0.013029; -0.012531; 0.000000 \
#; -0.000000; 0.000000; 0.000000; 0.000000; -0.000000; -0.000000 \
#; 0.020815; 0.027655; 0.002410; -0.019609; -0.002184; -0.001104 \
#; -0.028445; -0.019722; 0.002410; 0.002946; 0.019509; -0.001104 \
#; 0.017595; 0.019485; 0.009482; -0.018113; -0.020059; 0.009211 \
#; 0.028877; 0.024102; -0.000778; -0.001702; -0.001421; -0.013196 \
# ]
#metaData: qpt=[0.250000;0.250000;0.250000;4.661779 \
#; -0.010853; -0.010439; 0.000000; -0.002654; -0.002553; 0.000000 \
#; -0.015589; -0.014993; -0.000000; 0.004770; 0.004588; 0.000000 \
#; -0.007771; 0.008080; -0.026358; -0.003200; 0.003327; 0.002821 \
#; 0.007771; -0.008080; -0.026358; 0.003200; -0.003327; 0.002821 \
#; 0.001760; -0.001830; -0.010566; 0.014221; -0.014786; -0.003542 \
#; -0.001760; 0.001830; -0.010566; -0.014221; 0.014786; -0.003542 \
#; -0.002902; -0.027609; 0.000000; 0.029369; -0.022661; 0.000000 \
#; -0.027701; -0.001825; 0.000000; -0.021500; 0.030229; 0.000000 \
#; 0.004626; 0.004450; -0.085780; 0.018374; 0.017672; 0.028638 \
#; 0.008990; 0.008647; -0.082618; -0.016679; -0.016041; -0.036778 \
# ]
#metaData: qpt=[0.250000;0.250000;0.250000;4.661779 \
#; 0.012303; 0.011833; 0.000000; 0.010696; 0.010287; 0.000000 \
#; -0.010995; -0.010575; 0.000000; -0.001987; -0.001911; -0.000000 \
#; 0.009215; -0.009581; -0.000340; -0.015898; 0.016530; 0.012118 \
#; -0.009215; 0.009581; -0.000340; 0.015898; -0.016530; 0.012118 \
#; 0.007690; -0.007995; 0.010660; 0.000735; -0.000764; -0.017711 \
#; -0.007690; 0.007995; 0.010660; -0.000735; 0.000764; -0.017711 \
#; 0.052933; -0.066055; 0.000000; 0.040821; -0.006156; -0.000000 \
#; -0.063944; 0.055465; -0.000000; -0.004561; 0.041030; -0.000000 \
#; -0.015094; -0.014518; 0.019632; -0.004666; -0.004488; -0.035787 \
#; 0.007986; 0.007681; 0.038643; 0.013632; 0.013111; -0.013150 \
# ]
#metaData: qpt=[0.250000;0.250000;0.250000;4.811875 \
#; -0.003762; 0.003911; 0.005427; -0.000000; -0.000000; 0.000000 \
#; 0.002154; -0.002239; 0.003107; -0.003084; 0.003207; -0.004449 \
#; -0.013162; -0.012659; -0.000000; -0.004140; -0.003982; -0.000000 \
#; -0.004140; -0.003982; -0.000000; 0.013162; 0.012659; -0.000000 \
#; -0.000000; 0.000000; -0.000000; 0.000000; 0.000000; 0.000000 \
#; 0.010815; 0.010401; -0.000000; -0.005639; -0.005423; 0.000000 \
#; -0.054254; -0.009528; -0.000427; -0.023693; 0.059016; 0.000223 \
#; 0.011634; 0.053842; -0.000427; -0.058048; 0.025974; 0.000223 \
#; 0.024269; 0.023781; -0.050005; -0.027690; -0.027134; -0.043827 \
#; 0.037260; 0.035172; 0.007307; -0.004119; -0.003889; 0.066090 \
# ]
#metaData: qpt=[0.250000;0.250000;0.250000;4.811875 \
#; 0.000874; -0.000909; 0.001261; 0.003659; -0.003804; 0.005278 \
#; -0.003500; 0.003639; 0.005049; -0.001378; 0.001433; 0.001988 \
#; -0.013763; -0.013237; -0.000000; -0.000969; -0.000932; -0.000000 \
#; 0.000969; 0.000932; -0.000000; -0.013763; -0.013237; -0.000000 \
#; 0.007997; 0.007691; 0.000000; 0.009209; 0.008857; 0.000000 \
#; 0.000000; -0.000000; 0.000000; 0.000000; 0.000000; 0.000000 \
#; -0.010441; 0.059614; -0.000316; 0.058274; -0.004443; -0.000364 \
#; -0.059163; 0.012755; -0.000316; 0.002170; -0.058403; -0.000364 \
#; 0.033160; 0.031302; 0.031011; 0.017483; 0.016503; -0.058819 \
#; 0.012437; 0.012188; -0.062584; 0.034655; 0.033960; 0.022461 \
# ]
#metaData: qpt=[0.250000;0.250000;0.250000;5.055751 \
#; -0.006671; 0.006936; 0.009623; -0.000000; 0.000000; -0.000000 \
#; 0.000104; -0.000108; 0.000150; 0.006670; -0.006935; 0.009622 \
#; 0.000175; 0.000169; 0.000000; 0.022433; 0.021576; 0.000000 \
#; 0.022433; 0.021576; -0.000000; -0.000175; -0.000169; -0.000000 \
#; 0.000000; 0.000000; -0.000000; 0.000000; 0.000000; 0.000000 \
#; -0.001583; -0.001522; -0.000000; -0.001558; -0.001499; 0.000000 \
#; 0.054160; -0.000535; 0.008835; 0.000728; 0.054154; 0.008698 \
#; -0.001575; -0.054139; 0.008835; -0.054142; 0.001381; 0.008698 \
#; -0.028018; -0.042744; 0.021405; -0.012080; -0.018429; -0.049646 \
#; -0.019568; -0.011763; -0.049305; -0.043502; -0.026152; 0.022178 \
# ]
#metaData: qpt=[0.250000;0.250000;0.250000;5.055751 \
#; -0.006589; 0.006851; -0.009506; -0.001037; 0.001078; -0.001496 \
#; -0.000934; 0.000971; 0.001348; 0.006605; -0.006867; -0.009528 \
#; -0.022188; -0.021340; -0.000000; -0.003315; -0.003188; 0.000000 \
#; 0.003315; 0.003188; 0.000000; -0.022188; -0.021340; 0.000000 \
#; 0.001321; 0.001271; 0.000000; 0.001785; 0.001717; 0.000000 \
#; 0.000000; -0.000000; -0.000000; -0.000000; 0.000000; -0.000000 \
#; 0.053388; -0.008949; -0.007375; 0.009141; 0.053413; -0.009966 \
#; 0.006863; -0.053696; -0.007375; -0.053728; -0.007054; -0.009966 \
#; 0.040333; 0.024247; -0.028864; 0.025467; 0.015310; 0.045714 \
#; 0.008037; 0.012262; 0.052154; 0.029434; 0.044903; -0.014242 \
# ]
#metaData: qpt=[0.250000;0.250000;0.250000;5.902120 \
#; -0.007590; -0.007300; -0.000000; 0.000828; 0.000796; 0.000000 \
#; 0.006929; 0.006664; 0.000000; -0.000025; -0.000024; 0.000000 \
#; -0.001069; 0.001112; 0.000969; -0.016822; 0.017490; -0.003766 \
#; 0.001069; -0.001112; 0.000969; 0.016822; -0.017490; -0.003766 \
#; 0.027553; -0.028648; -0.000329; -0.002905; 0.003020; -0.040390 \
#; -0.027553; 0.028648; -0.000329; 0.002905; -0.003020; -0.040390 \
#; -0.000966; -0.001215; -0.000000; -0.052998; -0.053519; 0.000000 \
#; -0.001252; -0.000918; 0.000000; -0.055542; -0.050873; 0.000000 \
#; -0.035255; -0.033907; 0.015742; 0.018913; 0.018190; 0.034623 \
#; 0.038777; 0.037295; -0.011758; 0.009845; 0.009469; 0.036171 \
# ]
#metaData: qpt=[0.250000;0.250000;0.250000;5.902120 \
#; -0.000645; -0.000620; 0.000000; -0.006899; -0.006635; 0.000000 \
#; 0.000090; 0.000087; 0.000000; -0.007635; -0.007343; 0.000000 \
#; -0.000921; 0.000958; 0.000810; -0.002534; 0.002634; 0.024302 \
#; 0.000921; -0.000958; 0.000810; 0.002534; -0.002634; 0.024302 \
#; 0.027889; -0.028998; -0.000330; -0.002479; 0.002577; 0.039966 \
#; -0.027889; 0.028998; -0.000330; 0.002479; -0.002577; 0.039966 \
#; -0.027347; 0.026426; -0.000000; 0.041064; 0.037354; -0.000000 \
#; 0.025341; -0.028355; -0.000000; 0.038925; 0.039578; -0.000000 \
#; -0.048951; -0.047080; 0.001731; 0.023458; 0.022562; -0.000642 \
#; 0.051950; 0.049965; 0.001711; 0.015738; 0.015136; 0.000695 \
# ]
#metaData: qpt=[0.250000;0.250000;0.250000;7.565372 \
#; -0.005385; -0.005179; 0.000000; -0.003657; -0.003517; 0.000000 \
#; -0.001797; -0.001728; 0.000000; -0.000716; -0.000689; 0.000000 \
#; -0.016468; 0.017122; -0.042694; 0.013279; -0.013807; -0.030018 \
#; 0.016468; -0.017122; -0.042694; -0.013279; 0.013807; -0.030018 \
#; 0.011432; -0.011887; 0.029454; 0.004800; -0.004991; 0.014639 \
#; -0.011432; 0.011887; 0.029454; -0.004800; 0.004991; 0.014639 \
#; 0.039710; 0.000616; 0.000000; -0.000344; 0.011188; 0.000000 \
#; 0.002162; 0.039655; 0.000000; 0.011167; -0.000780; 0.000000 \
#; -0.012403; -0.011929; 0.037989; 0.007892; 0.007590; -0.006449 \
#; 0.014478; 0.013925; 0.032381; 0.002550; 0.002453; 0.020887 \
# ]
#metaData: qpt=[0.250000;0.250000;0.250000;7.565372 \
#; -0.001546; -0.001486; -0.000000; 0.001163; 0.001119; -0.000000 \
#; 0.004234; 0.004072; 0.000000; -0.004944; -0.004755; -0.000000 \
#; 0.027860; -0.028967; 0.012234; 0.023081; -0.023999; -0.027958 \
#; -0.027860; 0.028967; 0.012234; -0.023081; 0.023999; -0.027958 \
#; 0.017030; -0.017707; -0.014090; -0.015160; 0.015763; 0.011018 \
#; -0.017030; 0.017707; -0.014090; 0.015160; -0.015763; 0.011018 \
#; 0.009168; -0.038884; 0.000000; -0.011033; 0.013529; 0.000000 \
#; -0.038498; 0.010675; -0.000000; 0.013089; -0.011552; -0.000000 \
#; -0.013618; -0.013097; -0.026713; 0.016798; 0.016156; 0.009424 \
#; 0.021386; 0.020569; -0.026070; -0.003200; -0.003078; -0.011079 \
# ]
#metaData: qpt=[0.250000;0.250000;0.250000;9.162621 \
#; 0.000000; -0.000000; 0.000000; 0.000000; -0.000000; 0.000000 \
#; -0.000000; 0.000000; 0.000000; -0.000000; 0.000000; 0.000000 \
#; -0.003461; 0.003599; 0.004351; -0.013330; 0.013860; 0.004637 \
#; -0.003461; 0.003599; -0.004351; -0.013330; 0.013860; -0.004637 \
#; -0.003369; 0.003503; -0.005880; -0.013468; 0.014003; 0.004751 \
#; -0.003369; 0.003503; 0.005880; -0.013468; 0.014003; -0.004751 \
#; 0.000000; 0.000000; 0.055371; 0.000000; 0.000000; -0.031464 \
#; -0.000000; -0.000000; -0.055371; -0.000000; -0.000000; 0.031464 \
#; 0.037480; -0.038969; -0.000000; 0.057665; -0.059956; 0.000000 \
#; -0.011275; 0.011723; 0.000000; 0.067845; -0.070540; -0.000000 \
# ]
#metaData: qpt=[0.250000;0.250000;0.250000;9.162621 \
#; -0.000000; 0.000000; 0.000000; 0.000000; -0.000000; 0.000000 \
#; 0.000000; -0.000000; 0.000000; 0.000000; -0.000000; 0.000000 \
#; -0.003800; 0.003951; -0.010212; 0.002234; -0.002322; 0.017042 \
#; -0.003800; 0.003951; 0.010212; 0.002234; -0.002322; -0.017042 \
#; -0.004309; 0.004480; -0.017271; 0.002982; -0.003101; -0.010141 \
#; -0.004309; 0.004480; 0.017271; 0.002982; -0.003101; 0.010141 \
#; -0.000000; -0.000000; 0.087464; -0.000000; -0.000000; 0.046835 \
#; 0.000000; 0.000000; -0.087464; 0.000000; 0.000000; -0.046835 \
#; 0.018484; -0.019219; -0.000000; -0.040091; 0.041684; 0.000000 \
#; 0.040701; -0.042318; 0.000000; -0.017100; 0.017780; -0.000000 \
# ]
#metaData: qpt=[0.250000;0.250000;0.250000;9.163313 \
#; -0.000135; 0.000140; -0.000195; -0.000058; 0.000060; -0.000083 \
#; 0.000021; -0.000022; -0.000031; 0.000145; -0.000151; -0.000209 \
#; -0.006791; -0.006532; 0.000000; -0.000878; -0.000844; 0.000000 \
#; 0.000878; 0.000844; -0.000000; -0.006791; -0.006532; -0.000000 \
#; 0.065650; 0.063141; -0.000000; 0.085143; 0.081889; 0.000000 \
#; 0.000000; 0.000000; 0.000000; 0.000000; 0.000000; -0.000000 \
#; -0.008722; -0.007428; -0.025579; -0.010320; -0.010666; -0.033174 \
#; 0.007763; 0.008426; -0.025579; 0.011060; 0.009897; -0.033174 \
#; 0.013301; -0.036955; 0.000452; 0.008035; -0.022325; -0.000748 \
#; -0.012014; 0.004860; -0.000839; -0.040805; 0.016509; 0.000247 \
# ]
#metaData: qpt=[0.250000;0.250000;0.250000;9.163313 \
#; 0.000147; -0.000153; -0.000212; 0.000000; -0.000000; 0.000000 \
#; -0.000077; 0.000080; -0.000111; -0.000125; 0.000130; -0.000181 \
#; -0.001859; -0.001788; -0.000000; -0.006591; -0.006339; 0.000000 \
#; -0.006591; -0.006339; 0.000000; 0.001859; 0.001788; -0.000000 \
#; -0.000000; -0.000000; -0.000000; -0.000000; -0.000000; -0.000000 \
#; 0.093804; 0.090219; 0.000000; 0.052536; 0.050528; 0.000000 \
#; 0.012073; 0.011019; -0.036549; 0.006067; 0.006894; -0.020469 \
#; -0.011481; -0.011635; -0.036549; -0.007125; -0.005794; -0.020469 \
#; -0.042121; 0.017041; 0.000122; -0.005936; 0.002402; -0.000866 \
#; 0.009889; -0.027474; -0.000674; 0.011988; -0.033305; 0.000556 \
# ]
#metaData: qpt=[0.250000;0.250000;0.250000;12.035655 \
#; -0.001512; 0.001572; -0.002181; -0.000413; 0.000430; -0.000596 \
#; 0.001479; -0.001538; -0.002133; 0.000520; -0.000541; -0.000750 \
#; -0.007599; -0.007308; -0.000000; 0.003984; 0.003832; 0.000000 \
#; -0.003984; -0.003832; -0.000000; -0.007599; -0.007308; -0.000000 \
#; 0.055712; 0.053583; -0.000000; 0.017387; 0.016722; -0.000000 \
#; 0.000000; 0.000000; 0.000000; -0.000000; -0.000000; 0.000000 \
#; 0.000203; -0.002827; 0.073187; -0.005247; 0.004639; 0.022840 \
#; 0.002817; -0.000313; 0.073187; -0.004431; 0.005424; 0.022840 \
#; -0.054390; 0.053817; 0.000497; 0.003705; -0.003666; 0.007296 \
#; 0.040487; -0.044238; 0.004558; 0.032276; -0.035266; -0.005718 \
# ]
#metaData: qpt=[0.250000;0.250000;0.250000;12.035655 \
#; -0.001568; 0.001630; 0.002262; 0.000000; -0.000000; 0.000000 \
#; 0.001564; -0.001626; 0.002256; 0.000112; -0.000116; 0.000161 \
#; 0.005847; 0.005623; 0.000000; 0.006279; 0.006039; 0.000000 \
#; 0.006279; 0.006039; 0.000000; -0.005847; -0.005623; -0.000000 \
#; 0.000000; 0.000000; -0.000000; 0.000000; 0.000000; 0.000000 \
#; -0.058325; -0.056096; 0.000000; -0.002082; -0.002002; -0.000000 \
#; -0.001187; -0.001504; -0.076620; -0.005115; 0.005220; -0.002735 \
#; 0.001549; 0.001128; -0.076620; -0.005017; 0.005314; -0.002735 \
#; -0.048902; 0.053433; -0.002403; 0.017015; -0.018591; -0.006907 \
#; 0.050080; -0.049552; -0.002889; 0.021540; -0.021313; 0.006718 \
# ]
