# Phonopy generated file for v_sim 3.6
    7.053166972    0.274691506    7.047815897
   -3.663929239   -3.523907949    4.889259621
    3.526583486   -0.000000000    2.444629810 Ba
    0.137345753    3.523907949    2.444629810 Ba
    0.000000000    0.000000000    0.000000000 Zr
    3.663929239    3.523907949    0.000000000 Zr
    5.495893859    5.285861923    0.000000000  S
    1.831964620    1.761953974    0.000000000  S
    4.063651674    3.108302678    2.444629810  S
   -0.399722435    0.415605271    2.444629810  S
    1.969310373    5.285861923    0.576633130  S
    1.694618867   -1.761953974    4.312626491  S
#metaData: qpt=[0.000000;0.000000;0.500000;0.924891 \
#; 0.028171; 0.027094; 0.000000; 0.006683; 0.006428; -0.000000 \
#; 0.028171; 0.027094; -0.000000; 0.006683; 0.006428; -0.000000 \
#; -0.000000; -0.000000; 0.000000; -0.000000; -0.000000; -0.000000 \
#; -0.000000; -0.000000; -0.000000; -0.000000; -0.000000; 0.000000 \
#; -0.010470; 0.010886; 0.000000; 0.044132; -0.045885; -0.000000 \
#; 0.010470; -0.010886; 0.000000; -0.044132; 0.045885; 0.000000 \
#; 0.007395; 0.007113; 0.000000; 0.001754; 0.001687; 0.000000 \
#; 0.007395; 0.007113; -0.000000; 0.001754; 0.001687; -0.000000 \
#; 0.006475; 0.006228; -0.000000; 0.046768; 0.044981; 0.000000 \
#; 0.026793; 0.025769; -0.000000; -0.038875; -0.037390; 0.000000 \
# ]
#metaData: qpt=[0.000000;0.000000;0.500000;1.007287 \
#; 0.000000; 0.000000; -0.053745; 0.000000; 0.000000; 0.000000 \
#; 0.000000; 0.000000; 0.053745; 0.000000; 0.000000; 0.000000 \
#; 0.000000; 0.000000; 0.000000; 0.017099; 0.016445; 0.000000 \
#; 0.000000; 0.000000; -0.000000; 0.017099; 0.016445; -0.000000 \
#; -0.000000; 0.000000; 0.000000; -0.001503; -0.001446; -0.000000 \
#; 0.000000; -0.000000; 0.000000; -0.001503; -0.001446; -0.000000 \
#; 0.000000; 0.000000; -0.000000; 0.000000; 0.000000; 0.000000 \
#; 0.000000; 0.000000; -0.000000; 0.000000; 0.000000; -0.000000 \
#; -0.010494; -0.010093; -0.000000; -0.027016; -0.025983; 0.000000 \
#; 0.010494; 0.010093; -0.000000; -0.027016; -0.025983; -0.000000 \
# ]
#metaData: qpt=[0.000000;0.000000;0.500000;1.185103 \
#; 0.000000; 0.000000; 0.017271; 0.000000; 0.000000; -0.000000 \
#; 0.000000; 0.000000; -0.017271; 0.000000; 0.000000; 0.000000 \
#; 0.000000; 0.000000; 0.000000; 0.049127; 0.047250; 0.000000 \
#; 0.000000; 0.000000; -0.000000; 0.049127; 0.047250; -0.000000 \
#; -0.000000; 0.000000; 0.000000; 0.021651; 0.020823; 0.000000 \
#; 0.000000; -0.000000; 0.000000; 0.021651; 0.020823; 0.000000 \
#; 0.000000; 0.000000; -0.000000; -0.000000; 0.000000; 0.000000 \
#; -0.000000; 0.000000; 0.000000; 0.000000; 0.000000; -0.000000 \
#; 0.003650; 0.003511; -0.000000; 0.009397; 0.009038; 0.000000 \
#; -0.003650; -0.003511; -0.000000; 0.009397; 0.009038; -0.000000 \
# ]
#metaData: qpt=[0.000000;0.000000;0.500000;1.707240 \
#; 0.041585; -0.043237; 0.000000; -0.000000; -0.000000; -0.000000 \
#; 0.041585; -0.043237; 0.000000; 0.000000; 0.000000; -0.000000 \
#; 0.000000; -0.000000; -0.000000; 0.000000; 0.000000; -0.000000 \
#; -0.000000; 0.000000; 0.000000; 0.000000; -0.000000; 0.000000 \
#; 0.000000; -0.000000; -0.000000; 0.001567; 0.001507; 0.000000 \
#; 0.000000; -0.000000; -0.000000; -0.001567; -0.001507; 0.000000 \
#; 0.009080; -0.009441; 0.000000; 0.000000; -0.000000; -0.000000 \
#; 0.009080; -0.009441; -0.000000; -0.000000; 0.000000; 0.000000 \
#; 0.000526; -0.000547; 0.000000; 0.001355; -0.001409; -0.000000 \
#; 0.000526; -0.000547; 0.000000; -0.001355; 0.001409; -0.000000 \
# ]
#metaData: qpt=[0.000000;0.000000;0.500000;1.857934 \
#; -0.040290; 0.041891; 0.000000; -0.000000; -0.000000; 0.000000 \
#; 0.040290; -0.041891; 0.000000; 0.000000; 0.000000; -0.000000 \
#; 0.000000; -0.000000; -0.000000; -0.012324; -0.011853; -0.000000 \
#; 0.000000; -0.000000; 0.000000; 0.012324; 0.011853; 0.000000 \
#; 0.000000; -0.000000; -0.000000; 0.000000; -0.000000; 0.000000 \
#; 0.000000; -0.000000; -0.000000; 0.000000; -0.000000; 0.000000 \
#; 0.012355; 0.011882; 0.000000; 0.000000; -0.000000; -0.000000 \
#; -0.012355; -0.011882; -0.000000; -0.000000; 0.000000; 0.000000 \
#; 0.000000; -0.000000; 0.000000; -0.000000; 0.000000; -0.000000 \
#; 0.000000; -0.000000; 0.000000; 0.000000; -0.000000; -0.000000 \
# ]
#metaData: qpt=[0.000000;0.000000;0.500000;1.864513 \
#; -0.000000; 0.000000; -0.000000; 0.000000; 0.000000; 0.000000 \
#; 0.000000; -0.000000; 0.000000; -0.000000; -0.000000; 0.000000 \
#; -0.041288; 0.042929; 0.013463; -0.011627; 0.012089; 0.003791 \
#; -0.041288; 0.042929; -0.013463; -0.011627; 0.012089; -0.003791 \
#; -0.031871; 0.033138; 0.000000; -0.008975; 0.009331; -0.000000 \
#; -0.031871; 0.033138; 0.000000; -0.008975; 0.009331; -0.000000 \
#; 0.000000; 0.000000; -0.004854; -0.000000; 0.000000; 0.017236 \
#; -0.000000; -0.000000; 0.004854; 0.000000; -0.000000; -0.017236 \
#; -0.027097; 0.028174; -0.000000; 0.002610; -0.002714; 0.000000 \
#; -0.021754; 0.022618; -0.000000; -0.016366; 0.017017; -0.000000 \
# ]
#metaData: qpt=[0.000000;0.000000;0.500000;1.878803 \
#; 0.034149; 0.032844; 0.000000; 0.016244; 0.015623; 0.000000 \
#; -0.034149; -0.032844; -0.000000; -0.016244; -0.015623; 0.000000 \
#; -0.006006; 0.006245; 0.000920; 0.012627; -0.013129; -0.001935 \
#; 0.006006; -0.006245; 0.000920; -0.012627; 0.013129; -0.001935 \
#; 0.000000; -0.000000; 0.005664; -0.000000; 0.000000; -0.011907 \
#; 0.000000; -0.000000; 0.005664; -0.000000; 0.000000; -0.011907 \
#; -0.017754; 0.018460; -0.000000; -0.008445; 0.008781; -0.000000 \
#; 0.017754; -0.018460; 0.000000; 0.008445; -0.008781; 0.000000 \
#; 0.000000; -0.000000; -0.002987; -0.000000; 0.000000; 0.040573 \
#; 0.000000; -0.000000; -0.029593; -0.000000; 0.000000; 0.027917 \
# ]
#metaData: qpt=[0.000000;0.000000;0.500000;2.183154 \
#; -0.000000; 0.000000; 0.000000; 0.000000; 0.000000; 0.000000 \
#; 0.000000; 0.000000; 0.000000; -0.000000; 0.000000; 0.000000 \
#; -0.007944; 0.008259; -0.048208; -0.008113; 0.008435; -0.049235 \
#; -0.007944; 0.008259; 0.048208; -0.008113; 0.008435; 0.049235 \
#; 0.002319; -0.002412; -0.000000; 0.002369; -0.002463; 0.000000 \
#; 0.002319; -0.002412; -0.000000; 0.002369; -0.002463; -0.000000 \
#; 0.000000; 0.000000; 0.022799; -0.000000; 0.000000; -0.022323 \
#; -0.000000; 0.000000; -0.022799; 0.000000; -0.000000; 0.022323 \
#; -0.010583; 0.011003; -0.000000; -0.004795; 0.004985; 0.000000 \
#; -0.004571; 0.004752; 0.000000; -0.010681; 0.011106; -0.000000 \
# ]
#metaData: qpt=[0.000000;0.000000;0.500000;2.330409 \
#; -0.000000; 0.000000; -0.058419; -0.000000; -0.000000; 0.000000 \
#; 0.000000; -0.000000; -0.058419; 0.000000; 0.000000; -0.000000 \
#; -0.000000; 0.000000; -0.000000; -0.000000; -0.000000; -0.000000 \
#; -0.000000; 0.000000; 0.000000; 0.000000; 0.000000; 0.000000 \
#; 0.000000; -0.000000; -0.000000; -0.000000; 0.000000; -0.000000 \
#; 0.000000; -0.000000; -0.000000; 0.000000; -0.000000; -0.000000 \
#; 0.000000; 0.000000; -0.005217; 0.000000; -0.000000; -0.000000 \
#; 0.000000; -0.000000; -0.005217; -0.000000; 0.000000; 0.000000 \
#; -0.000000; 0.000000; -0.011160; -0.000000; -0.000000; -0.028730 \
#; -0.000000; 0.000000; -0.011160; 0.000000; 0.000000; 0.028730 \
# ]
#metaData: qpt=[0.000000;0.000000;0.500000;2.848343 \
#; -0.029720; -0.028584; -0.000000; -0.001587; -0.001526; 0.000000 \
#; -0.029720; -0.028584; -0.000000; -0.001587; -0.001526; -0.000000 \
#; 0.000000; -0.000000; 0.000000; 0.000000; -0.000000; 0.000000 \
#; 0.000000; -0.000000; -0.000000; -0.000000; -0.000000; 0.000000 \
#; -0.002865; 0.002979; 0.000000; 0.053666; -0.055798; -0.000000 \
#; 0.002865; -0.002979; 0.000000; -0.053666; 0.055798; 0.000000 \
#; -0.022534; -0.021673; 0.000000; -0.001203; -0.001157; -0.000000 \
#; -0.022534; -0.021673; -0.000000; -0.001203; -0.001157; 0.000000 \
#; 0.008108; 0.007798; 0.000000; 0.024700; 0.023756; 0.000000 \
#; 0.010692; 0.010283; -0.000000; -0.023696; -0.022791; 0.000000 \
# ]
#metaData: qpt=[0.000000;0.000000;0.500000;3.285674 \
#; 0.000000; 0.000000; 0.000000; -0.000000; -0.000000; -0.000000 \
#; 0.000000; 0.000000; -0.000000; 0.000000; 0.000000; 0.000000 \
#; 0.020068; -0.020866; -0.007963; -0.007834; 0.008145; 0.003108 \
#; 0.020068; -0.020866; 0.007963; -0.007834; 0.008145; -0.003108 \
#; -0.072060; 0.074923; 0.000000; 0.028130; -0.029248; -0.000000 \
#; -0.072060; 0.074923; 0.000000; 0.028130; -0.029248; -0.000000 \
#; -0.000000; 0.000000; -0.000924; -0.000000; 0.000000; -0.002367 \
#; 0.000000; -0.000000; 0.000924; 0.000000; -0.000000; 0.002367 \
#; -0.006857; 0.007129; -0.000000; 0.006295; -0.006545; -0.000000 \
#; -0.009308; 0.009678; -0.000000; 0.000015; -0.000016; -0.000000 \
# ]
#metaData: qpt=[0.000000;0.000000;0.500000;3.707702 \
#; -0.008080; -0.007771; 0.000000; 0.005149; 0.004952; -0.000000 \
#; 0.008080; 0.007771; 0.000000; -0.005149; -0.004952; -0.000000 \
#; 0.001287; -0.001338; -0.017004; 0.002019; -0.002099; -0.026682 \
#; -0.001287; 0.001338; -0.017004; -0.002019; 0.002099; -0.026682 \
#; -0.000000; 0.000000; -0.048486; -0.000000; 0.000000; -0.076080 \
#; -0.000000; 0.000000; -0.048486; -0.000000; 0.000000; -0.076080 \
#; -0.035805; 0.037228; 0.000000; 0.022819; -0.023726; 0.000000 \
#; 0.035805; -0.037228; -0.000000; -0.022819; 0.023726; 0.000000 \
#; 0.000000; 0.000000; -0.006547; 0.000000; 0.000000; -0.004802 \
#; -0.000000; 0.000000; -0.001588; -0.000000; 0.000000; -0.007962 \
# ]
#metaData: qpt=[0.000000;0.000000;0.500000;4.164957 \
#; 0.000000; -0.000000; 0.021270; -0.000000; -0.000000; 0.000000 \
#; -0.000000; -0.000000; -0.021270; 0.000000; 0.000000; -0.000000 \
#; -0.000000; 0.000000; -0.000000; 0.003990; 0.003838; -0.000000 \
#; -0.000000; -0.000000; -0.000000; 0.003990; 0.003838; -0.000000 \
#; -0.000000; 0.000000; 0.000000; -0.026411; -0.025402; 0.000000 \
#; 0.000000; 0.000000; -0.000000; -0.026411; -0.025402; -0.000000 \
#; 0.000000; 0.000000; -0.000000; 0.000000; 0.000000; -0.000000 \
#; -0.000000; -0.000000; -0.000000; -0.000000; 0.000000; -0.000000 \
#; -0.028859; -0.027756; -0.000000; -0.074291; -0.071452; 0.000000 \
#; 0.028859; 0.027756; -0.000000; -0.074291; -0.071452; -0.000000 \
# ]
#metaData: qpt=[0.000000;0.000000;0.500000;4.325330 \
#; 0.000000; 0.000000; 0.000000; -0.000000; -0.000000; 0.000000 \
#; 0.000000; 0.000000; -0.000000; 0.000000; -0.000000; -0.000000 \
#; -0.000000; 0.000000; -0.000000; 0.000000; -0.000000; -0.000000 \
#; -0.000000; -0.000000; 0.000000; -0.000000; 0.000000; 0.000000 \
#; 0.000000; -0.000000; -0.005327; -0.000000; 0.000000; -0.124769 \
#; 0.000000; -0.000000; 0.005327; 0.000000; -0.000000; 0.124769 \
#; 0.000000; 0.000000; 0.000000; 0.000000; 0.000000; -0.000000 \
#; 0.000000; -0.000000; -0.000000; 0.000000; -0.000000; 0.000000 \
#; -0.000000; -0.000000; 0.000000; -0.000000; -0.000000; 0.000000 \
#; 0.000000; 0.000000; -0.000000; -0.000000; -0.000000; 0.000000 \
# ]
#metaData: qpt=[0.000000;0.000000;0.500000;4.705309 \
#; -0.006545; -0.006295; -0.000000; 0.010441; 0.010042; 0.000000 \
#; 0.006545; 0.006295; -0.000000; -0.010441; -0.010042; -0.000000 \
#; 0.004351; -0.004524; 0.019021; 0.002728; -0.002836; 0.011924 \
#; -0.004351; 0.004524; 0.019021; -0.002728; 0.002836; 0.011924 \
#; -0.000000; 0.000000; -0.037014; 0.000000; -0.000000; -0.023204 \
#; -0.000000; 0.000000; -0.037014; -0.000000; 0.000000; -0.023204 \
#; 0.013054; -0.013572; -0.000000; -0.020822; 0.021649; 0.000000 \
#; -0.013054; 0.013572; 0.000000; 0.020822; -0.021649; -0.000000 \
#; -0.000000; -0.000000; 0.096167; -0.000000; -0.000000; 0.018441 \
#; -0.000000; -0.000000; 0.058501; -0.000000; -0.000000; 0.078523 \
# ]
#metaData: qpt=[0.000000;0.000000;0.500000;4.833216 \
#; 0.004392; -0.004567; 0.000000; 0.000000; 0.000000; -0.000000 \
#; 0.004392; -0.004567; 0.000000; 0.000000; -0.000000; -0.000000 \
#; -0.000000; -0.000000; 0.000000; -0.000000; -0.000000; -0.000000 \
#; 0.000000; 0.000000; -0.000000; 0.000000; 0.000000; -0.000000 \
#; -0.000000; -0.000000; -0.000000; 0.003563; 0.003427; 0.000000 \
#; 0.000000; 0.000000; 0.000000; -0.003563; -0.003427; 0.000000 \
#; -0.085844; 0.089255; 0.000000; -0.000000; 0.000000; 0.000000 \
#; -0.085844; 0.089255; 0.000000; -0.000000; 0.000000; -0.000000 \
#; -0.002004; 0.002084; -0.000000; -0.005159; 0.005364; -0.000000 \
#; -0.002004; 0.002084; -0.000000; 0.005159; -0.005364; 0.000000 \
# ]
#metaData: qpt=[0.000000;0.000000;0.500000;4.843509 \
#; -0.009396; 0.009770; -0.000000; -0.000000; 0.000000; -0.000000 \
#; 0.009396; -0.009770; -0.000000; 0.000000; -0.000000; -0.000000 \
#; -0.000000; -0.000000; -0.000000; 0.021989; 0.021149; -0.000000 \
#; 0.000000; 0.000000; -0.000000; -0.021989; -0.021149; -0.000000 \
#; -0.000000; -0.000000; -0.000000; 0.000000; 0.000000; 0.000000 \
#; 0.000000; 0.000000; 0.000000; -0.000000; -0.000000; 0.000000 \
#; -0.079479; -0.076441; -0.000000; -0.000000; 0.000000; -0.000000 \
#; 0.079479; 0.076441; -0.000000; -0.000000; 0.000000; -0.000000 \
#; -0.000000; -0.000000; 0.000000; -0.000000; 0.000000; 0.000000 \
#; -0.000000; 0.000000; 0.000000; -0.000000; -0.000000; -0.000000 \
# ]
#metaData: qpt=[0.000000;0.000000;0.500000;4.975986 \
#; 0.000000; -0.000000; -0.014575; -0.000000; -0.000000; -0.000000 \
#; 0.000000; 0.000000; -0.014575; 0.000000; 0.000000; -0.000000 \
#; -0.000000; -0.000000; -0.000000; -0.000000; -0.000000; 0.000000 \
#; 0.000000; -0.000000; -0.000000; 0.000000; 0.000000; 0.000000 \
#; -0.000000; -0.000000; -0.000000; 0.000000; 0.000000; 0.000000 \
#; -0.000000; 0.000000; -0.000000; -0.000000; -0.000000; 0.000000 \
#; 0.000000; 0.000000; -0.012820; -0.000000; 0.000000; -0.000000 \
#; -0.000000; -0.000000; -0.012820; 0.000000; 0.000000; -0.000000 \
#; -0.000000; 0.000000; 0.043634; -0.000000; 0.000000; 0.112328 \
#; -0.000000; -0.000000; 0.043634; 0.000000; 0.000000; -0.112328 \
# ]
#metaData: qpt=[0.000000;0.000000;0.500000;5.010791 \
#; 0.013691; 0.013168; -0.000000; 0.001095; 0.001053; 0.000000 \
#; -0.013691; -0.013168; -0.000000; -0.001095; -0.001053; 0.000000 \
#; 0.001195; -0.001243; 0.000410; -0.014946; 0.015540; -0.005127 \
#; -0.001195; 0.001243; 0.000410; 0.014946; -0.015540; -0.005127 \
#; -0.000000; 0.000000; 0.005073; -0.000000; 0.000000; -0.063429 \
#; -0.000000; -0.000000; 0.005073; -0.000000; 0.000000; -0.063429 \
#; 0.058728; -0.061062; -0.000000; 0.004697; -0.004884; -0.000000 \
#; -0.058728; 0.061062; -0.000000; -0.004697; 0.004884; 0.000000 \
#; -0.000000; 0.000000; -0.010575; 0.000000; 0.000000; -0.035348 \
#; -0.000000; -0.000000; 0.016059; -0.000000; 0.000000; -0.033218 \
# ]
#metaData: qpt=[0.000000;0.000000;0.500000;5.429710 \
#; -0.011504; -0.011064; -0.000000; 0.000938; 0.000902; -0.000000 \
#; -0.011504; -0.011064; -0.000000; 0.000938; 0.000902; 0.000000 \
#; -0.000000; 0.000000; 0.000000; -0.000000; -0.000000; -0.000000 \
#; 0.000000; -0.000000; -0.000000; 0.000000; 0.000000; -0.000000 \
#; 0.000060; -0.000062; -0.000000; 0.000735; -0.000764; -0.000000 \
#; -0.000060; 0.000062; -0.000000; -0.000735; 0.000764; -0.000000 \
#; 0.085042; 0.081792; -0.000000; -0.006935; -0.006670; 0.000000 \
#; 0.085042; 0.081792; -0.000000; -0.006935; -0.006670; 0.000000 \
#; 0.006906; 0.006642; -0.000000; 0.014228; 0.013684; -0.000000 \
#; 0.004510; 0.004337; -0.000000; -0.015159; -0.014580; -0.000000 \
# ]
#metaData: qpt=[0.000000;0.000000;0.500000;6.516733 \
#; 0.005792; 0.005571; 0.000000; -0.000747; -0.000718; -0.000000 \
#; 0.005792; 0.005571; 0.000000; -0.000747; -0.000718; 0.000000 \
#; 0.000000; -0.000000; 0.000000; -0.000000; -0.000000; -0.000000 \
#; -0.000000; 0.000000; 0.000000; 0.000000; 0.000000; -0.000000 \
#; 0.006456; -0.006713; -0.000000; 0.050065; -0.052054; 0.000000 \
#; -0.006456; 0.006713; -0.000000; -0.050065; 0.052054; -0.000000 \
#; 0.015818; 0.015213; -0.000000; -0.002040; -0.001962; 0.000000 \
#; 0.015818; 0.015213; 0.000000; -0.002040; -0.001962; -0.000000 \
#; -0.033642; -0.032357; -0.000000; -0.061763; -0.059402; 0.000000 \
#; -0.016872; -0.016228; -0.000000; 0.068277; 0.065668; -0.000000 \
# ]
#metaData: qpt=[0.000000;0.000000;0.500000;6.527691 \
#; -0.006164; 0.006409; 0.000000; -0.000000; -0.000000; 0.000000 \
#; 0.006164; -0.006409; 0.000000; 0.000000; 0.000000; -0.000000 \
#; -0.000000; 0.000000; 0.000000; 0.047030; 0.045233; 0.000000 \
#; 0.000000; -0.000000; 0.000000; -0.047030; -0.045233; 0.000000 \
#; -0.000000; 0.000000; -0.000000; 0.000000; 0.000000; -0.000000 \
#; -0.000000; 0.000000; -0.000000; 0.000000; 0.000000; -0.000000 \
#; 0.040399; 0.038855; 0.000000; 0.000000; -0.000000; -0.000000 \
#; -0.040399; -0.038855; 0.000000; -0.000000; 0.000000; 0.000000 \
#; 0.000000; -0.000000; -0.000000; 0.000000; -0.000000; -0.000000 \
#; 0.000000; -0.000000; -0.000000; 0.000000; 0.000000; 0.000000 \
# ]
#metaData: qpt=[0.000000;0.000000;0.500000;7.196654 \
#; 0.001124; 0.001081; -0.000000; -0.005272; -0.005070; -0.000000 \
#; -0.001124; -0.001081; 0.000000; 0.005272; 0.005070; 0.000000 \
#; -0.043194; 0.044910; 0.021688; -0.009212; 0.009578; 0.004626 \
#; 0.043194; -0.044910; 0.021688; 0.009212; -0.009578; 0.004626 \
#; 0.000000; -0.000000; -0.004839; 0.000000; 0.000000; -0.001032 \
#; -0.000000; 0.000000; -0.004839; 0.000000; 0.000000; -0.001032 \
#; -0.006505; 0.006764; 0.000000; 0.030501; -0.031713; -0.000000 \
#; 0.006505; -0.006764; -0.000000; -0.030501; 0.031713; 0.000000 \
#; -0.000000; -0.000000; 0.018682; -0.000000; -0.000000; -0.003022 \
#; 0.000000; 0.000000; 0.015823; 0.000000; -0.000000; 0.010381 \
# ]
#metaData: qpt=[0.000000;0.000000;0.500000;7.583469 \
#; 0.000068; 0.000065; -0.000000; -0.000068; -0.000065; -0.000000 \
#; -0.000068; -0.000065; -0.000000; 0.000068; 0.000065; -0.000000 \
#; 0.010732; -0.011158; 0.041515; 0.010751; -0.011179; 0.041590 \
#; -0.010732; 0.011158; 0.041515; -0.010751; 0.011179; 0.041590 \
#; 0.000000; -0.000000; -0.025481; 0.000000; 0.000000; -0.025527 \
#; -0.000000; 0.000000; -0.025481; 0.000000; 0.000000; -0.025527 \
#; -0.011352; 0.011803; 0.000000; 0.011331; -0.011782; -0.000000 \
#; 0.011352; -0.011803; -0.000000; -0.011331; 0.011782; 0.000000 \
#; -0.000000; 0.000000; -0.046350; -0.000000; -0.000000; -0.020465 \
#; 0.000000; 0.000000; -0.020381; -0.000000; -0.000000; -0.046387 \
# ]
#metaData: qpt=[0.000000;0.000000;0.500000;8.926112 \
#; 0.000000; 0.000000; -0.001286; -0.000000; -0.000000; -0.000000 \
#; -0.000000; -0.000000; 0.001286; 0.000000; 0.000000; -0.000000 \
#; 0.000000; -0.000000; 0.000000; 0.011200; 0.010772; 0.000000 \
#; 0.000000; -0.000000; 0.000000; 0.011200; 0.010772; 0.000000 \
#; 0.000000; -0.000000; -0.000000; -0.083265; -0.080083; -0.000000 \
#; 0.000000; -0.000000; -0.000000; -0.083265; -0.080083; -0.000000 \
#; 0.000000; 0.000000; -0.000000; 0.000000; -0.000000; 0.000000 \
#; 0.000000; -0.000000; 0.000000; -0.000000; 0.000000; -0.000000 \
#; 0.010292; 0.009899; -0.000000; 0.026496; 0.025483; -0.000000 \
#; -0.010292; -0.009899; -0.000000; 0.026496; 0.025483; -0.000000 \
# ]
#metaData: qpt=[0.000000;0.000000;0.500000;9.078137 \
#; 0.000946; -0.000984; -0.000000; 0.000000; 0.000000; 0.000000 \
#; 0.000946; -0.000984; 0.000000; -0.000000; 0.000000; 0.000000 \
#; -0.000000; 0.000000; 0.000000; -0.000000; 0.000000; 0.000000 \
#; -0.000000; 0.000000; -0.000000; -0.000000; 0.000000; -0.000000 \
#; -0.000000; 0.000000; 0.000000; -0.066683; -0.064135; 0.000000 \
#; -0.000000; 0.000000; 0.000000; 0.066683; 0.064135; 0.000000 \
#; 0.001393; -0.001448; 0.000000; -0.000000; 0.000000; -0.000000 \
#; 0.001393; -0.001448; -0.000000; 0.000000; -0.000000; 0.000000 \
#; -0.021036; 0.021872; 0.000000; -0.054154; 0.056305; -0.000000 \
#; -0.021036; 0.021872; -0.000000; 0.054154; -0.056305; 0.000000 \
# ]
#metaData: qpt=[0.000000;0.000000;0.500000;9.114741 \
#; -0.000000; -0.000000; -0.000000; 0.000000; -0.000000; 0.000000 \
#; -0.000000; -0.000000; 0.000000; -0.000000; -0.000000; 0.000000 \
#; 0.000376; -0.000391; 0.013887; 0.000445; -0.000463; 0.016453 \
#; 0.000376; -0.000391; -0.013887; 0.000445; -0.000463; -0.016453 \
#; 0.001366; -0.001420; 0.000000; 0.001618; -0.001682; -0.000000 \
#; 0.001366; -0.001420; 0.000000; 0.001618; -0.001682; 0.000000 \
#; 0.000000; -0.000000; 0.086686; 0.000000; 0.000000; -0.073165 \
#; -0.000000; 0.000000; -0.086686; 0.000000; -0.000000; 0.073165 \
#; -0.022753; 0.023657; 0.000000; -0.012408; 0.012902; 0.000000 \
#; -0.008410; 0.008745; -0.000000; -0.024514; 0.025488; 0.000000 \
# ]
#metaData: qpt=[0.000000;0.000000;0.500000;9.206691 \
#; -0.000000; 0.000000; -0.000000; 0.000000; 0.000000; 0.000000 \
#; -0.000000; 0.000000; 0.000000; -0.000000; -0.000000; 0.000000 \
#; -0.013768; 0.014316; 0.000745; -0.003309; 0.003441; 0.000179 \
#; -0.013768; 0.014316; -0.000745; -0.003309; 0.003441; -0.000179 \
#; -0.019408; 0.020179; -0.000000; -0.004665; 0.004850; -0.000000 \
#; -0.019408; 0.020179; 0.000000; -0.004665; 0.004850; -0.000000 \
#; -0.000000; -0.000000; 0.008691; 0.000000; 0.000000; -0.036159 \
#; 0.000000; 0.000000; -0.008691; -0.000000; -0.000000; 0.036159 \
#; 0.075856; -0.078871; -0.000000; -0.010276; 0.010684; -0.000000 \
#; 0.062902; -0.065401; -0.000000; 0.043625; -0.045359; -0.000000 \
# ]
#metaData: qpt=[0.000000;0.000000;0.500000;11.785047 \
#; -0.000000; 0.000000; 0.003961; -0.000000; 0.000000; -0.000000 \
#; -0.000000; -0.000000; 0.003961; 0.000000; 0.000000; 0.000000 \
#; -0.000000; 0.000000; 0.000000; -0.000000; -0.000000; 0.000000 \
#; 0.000000; -0.000000; -0.000000; 0.000000; 0.000000; -0.000000 \
#; -0.000000; -0.000000; 0.000000; 0.000000; 0.000000; 0.000000 \
#; 0.000000; 0.000000; -0.000000; -0.000000; -0.000000; 0.000000 \
#; 0.000000; 0.000000; -0.124114; 0.000000; -0.000000; -0.000000 \
#; 0.000000; 0.000000; -0.124114; 0.000000; -0.000000; 0.000000 \
#; -0.000000; 0.000000; -0.004038; -0.000000; 0.000000; -0.010395 \
#; -0.000000; 0.000000; -0.004038; 0.000000; -0.000000; 0.010395 \
# ]
#metaData: qpt=[0.000000;0.000000;0.500000;12.304481 \
#; -0.000294; 0.000306; 0.000000; -0.000000; -0.000000; 0.000000 \
#; -0.000294; 0.000306; -0.000000; 0.000000; -0.000000; 0.000000 \
#; 0.000000; -0.000000; -0.000000; -0.000000; -0.000000; -0.000000 \
#; -0.000000; -0.000000; 0.000000; 0.000000; 0.000000; 0.000000 \
#; 0.000000; 0.000000; 0.000000; 0.060330; 0.058025; -0.000000 \
#; -0.000000; -0.000000; 0.000000; -0.060330; -0.058025; 0.000000 \
#; 0.006373; -0.006626; 0.000000; -0.000000; 0.000000; -0.000000 \
#; 0.006373; -0.006626; 0.000000; -0.000000; 0.000000; -0.000000 \
#; -0.023147; 0.024066; -0.000000; -0.059586; 0.061954; -0.000000 \
#; -0.023147; 0.024066; -0.000000; 0.059586; -0.061954; 0.000000 \
# ]
