# Phonopy generated file for v_sim 3.6
    7.125788583    0.000000000   10.019708833
    0.000000000    0.000000000    7.042128924
    0.316594495    7.514781625    0.066203515 Ba
    6.809194088    2.504927208    6.975925409 Ba
    3.879488786    7.514781625    3.454860947 Ba
    3.246299796    2.504927208    3.587267977 Ba
    3.562894291    0.000000000    0.000000000 Zr
    3.562894291    5.009854417    0.000000000 Zr
    0.000000000    0.000000000    3.521064462 Zr
    0.000000000    5.009854417    3.521064462 Zr
    5.079186380    0.323706455    5.020328363  S
    5.079186380    4.686147961    5.020328363  S
    2.046602202    9.696002378    2.021800561  S
    2.046602202    5.333560872    2.021800561  S
    5.609496494    9.696002378    1.499263901  S
    5.609496494    5.333560872    1.499263901  S
    1.516292089    0.323706455    5.542865023  S
    1.516292089    4.686147961    5.542865023  S
    3.518182954    7.514781625    6.607816528  S
    3.607605629    2.504927208    0.434312397  S
    7.081077245    7.514781625    3.955376859  S
    0.044711337    2.504927208    3.086752066  S
#metaData: qpt=[0.000000;0.500000;0.000000;1.154005 \
#; -0.000000; -0.002615; -0.000000; -0.000000; -0.008757; 0.000000 \
#; -0.001479; 0.000000; -0.032666; 0.000442; 0.000000; 0.009756 \
#; 0.000000; 0.002615; -0.000000; -0.000000; 0.008757; 0.000000 \
#; 0.001479; -0.000000; -0.032666; -0.000442; -0.000000; 0.009756 \
#; -0.002815; 0.001323; -0.032494; -0.001520; 0.000714; -0.017548 \
#; -0.001520; -0.000714; -0.017548; 0.002815; 0.001323; 0.032494 \
#; 0.002815; -0.001323; -0.032494; 0.001520; -0.000714; -0.017548 \
#; 0.001520; 0.000714; -0.017548; -0.002815; -0.001323; 0.032494 \
#; -0.000506; 0.001514; -0.021624; -0.000210; 0.000629; -0.008982 \
#; -0.000308; -0.000921; -0.013157; 0.000453; 0.001356; 0.019369 \
#; 0.001189; -0.000104; -0.016562; 0.000808; -0.000070; -0.011250 \
#; 0.000551; 0.000048; -0.007680; -0.001327; -0.000116; 0.018490 \
#; -0.001189; 0.000104; -0.016562; -0.000808; 0.000070; -0.011250 \
#; -0.000551; -0.000048; -0.007680; 0.001327; 0.000116; 0.018490 \
#; 0.000506; -0.001514; -0.021624; 0.000210; -0.000629; -0.008982 \
#; 0.000308; 0.000921; -0.013157; -0.000453; -0.001356; 0.019369 \
#; 0.000000; -0.000732; -0.000000; -0.000000; -0.002450; 0.000000 \
#; 0.001289; 0.000000; -0.021436; -0.000385; 0.000000; 0.006402 \
#; 0.000000; 0.000732; -0.000000; 0.000000; 0.002450; 0.000000 \
#; -0.001289; -0.000000; -0.021436; 0.000385; -0.000000; 0.006402 \
# ]
#metaData: qpt=[0.000000;0.500000;0.000000;1.154005 \
#; 0.001544; 0.000000; 0.034092; -0.000000; -0.000000; -0.000000 \
#; -0.000000; -0.000000; -0.000000; 0.000000; -0.009139; -0.000000 \
#; -0.001544; -0.000000; 0.034092; 0.000000; 0.000000; -0.000000 \
#; -0.000000; 0.000000; -0.000000; 0.000000; 0.009139; -0.000000 \
#; 0.002263; -0.001063; 0.026113; -0.002263; 0.001063; -0.026113 \
#; 0.002263; 0.001063; 0.026113; 0.002263; 0.001063; 0.026113 \
#; -0.002263; 0.001063; 0.026113; 0.002263; -0.001063; -0.026113 \
#; -0.002263; -0.001063; 0.026113; -0.002263; -0.001063; 0.026113 \
#; -0.000908; 0.000079; 0.012650; 0.001114; -0.000097; -0.015519 \
#; -0.000908; -0.000079; 0.012650; -0.001114; -0.000097; 0.015519 \
#; 0.000425; -0.001271; 0.018149; -0.000346; 0.001036; -0.014794 \
#; 0.000425; 0.001271; 0.018149; 0.000346; 0.001036; 0.014794 \
#; -0.000425; 0.001271; 0.018149; 0.000346; -0.001036; -0.014794 \
#; -0.000425; -0.001271; 0.018149; -0.000346; -0.001036; 0.014794 \
#; 0.000908; -0.000079; 0.012650; -0.001114; 0.000097; -0.015519 \
#; 0.000908; 0.000079; 0.012650; 0.001114; 0.000097; 0.015519 \
#; -0.001345; 0.000000; 0.022371; 0.000000; -0.000000; -0.000000 \
#; -0.000000; -0.000000; -0.000000; 0.000000; -0.002557; -0.000000 \
#; 0.001345; -0.000000; 0.022371; -0.000000; 0.000000; -0.000000 \
#; -0.000000; 0.000000; -0.000000; 0.000000; 0.002557; -0.000000 \
# ]
#metaData: qpt=[0.000000;0.500000;0.000000;1.171698 \
#; -0.000000; 0.000143; -0.000000; -0.000000; -0.006504; -0.000000 \
#; -0.039480; -0.000000; -0.005076; -0.000871; 0.000000; -0.000112 \
#; -0.000000; 0.000143; 0.000000; 0.000000; -0.006504; -0.000000 \
#; -0.039480; 0.000000; 0.005076; -0.000871; 0.000000; 0.000112 \
#; -0.022873; 0.000422; 0.002013; -0.023905; 0.000441; 0.002104 \
#; -0.023905; -0.000441; 0.002104; 0.022873; 0.000422; -0.002013 \
#; -0.022873; 0.000422; -0.002013; -0.023905; 0.000441; -0.002104 \
#; -0.023905; -0.000441; -0.002104; 0.022873; 0.000422; 0.002013 \
#; -0.020471; 0.000137; -0.004559; -0.017452; 0.000117; -0.003886 \
#; -0.021220; -0.000142; -0.004726; 0.016532; 0.000111; 0.003682 \
#; -0.007053; -0.002553; 0.004788; -0.009053; -0.003277; 0.006145 \
#; -0.007445; 0.002695; 0.005054; 0.008733; -0.003161; -0.005928 \
#; -0.007053; -0.002553; -0.004788; -0.009053; -0.003277; -0.006145 \
#; -0.007445; 0.002695; -0.005054; 0.008733; -0.003161; 0.005928 \
#; -0.020471; 0.000137; 0.004559; -0.017452; 0.000117; 0.003886 \
#; -0.021220; -0.000142; 0.004726; 0.016532; 0.000111; -0.003682 \
#; -0.000000; -0.000005; 0.000000; 0.000000; 0.000244; -0.000000 \
#; -0.019811; -0.000000; 0.003689; -0.000437; -0.000000; 0.000081 \
#; -0.000000; -0.000005; -0.000000; 0.000000; 0.000244; -0.000000 \
#; -0.019811; 0.000000; -0.003689; -0.000437; -0.000000; -0.000081 \
# ]
#metaData: qpt=[0.000000;0.500000;0.000000;1.171698 \
#; -0.039490; -0.000000; -0.005077; 0.000000; 0.000000; -0.000000 \
#; 0.000000; -0.000000; 0.000000; 0.000000; 0.006505; 0.000000 \
#; -0.039490; -0.000000; 0.005077; 0.000000; 0.000000; -0.000000 \
#; 0.000000; 0.000000; -0.000000; 0.000000; 0.006505; -0.000000 \
#; -0.023395; 0.000432; 0.002059; 0.023395; -0.000432; -0.002059 \
#; -0.023395; -0.000432; 0.002059; -0.023395; -0.000432; 0.002059 \
#; -0.023395; 0.000432; -0.002059; 0.023395; -0.000432; 0.002059 \
#; -0.023395; -0.000432; -0.002059; -0.023395; -0.000432; -0.002059 \
#; -0.007251; -0.002625; 0.004922; 0.008895; 0.003220; -0.006038 \
#; -0.007251; 0.002625; 0.004922; -0.008895; 0.003220; 0.006038 \
#; -0.020851; 0.000140; -0.004643; 0.016996; -0.000114; 0.003785 \
#; -0.020851; -0.000140; -0.004643; -0.016996; -0.000114; -0.003785 \
#; -0.020851; 0.000140; 0.004643; 0.016996; -0.000114; -0.003785 \
#; -0.020851; -0.000140; 0.004643; -0.016996; -0.000114; 0.003785 \
#; -0.007251; -0.002625; -0.004922; 0.008895; 0.003220; 0.006038 \
#; -0.007251; 0.002625; -0.004922; -0.008895; 0.003220; -0.006038 \
#; -0.019816; 0.000000; 0.003690; 0.000000; -0.000000; -0.000000 \
#; 0.000000; -0.000000; -0.000000; 0.000000; -0.000244; -0.000000 \
#; -0.019816; 0.000000; -0.003690; 0.000000; -0.000000; -0.000000 \
#; 0.000000; 0.000000; 0.000000; 0.000000; -0.000244; 0.000000 \
# ]
#metaData: qpt=[0.000000;0.500000;0.000000;1.834832 \
#; 0.024763; -0.000000; -0.011071; 0.000000; 0.000000; 0.000000 \
#; -0.000000; 0.000000; -0.000000; -0.000000; 0.042038; -0.000000 \
#; -0.024763; 0.000000; -0.011071; 0.000000; 0.000000; 0.000000 \
#; 0.000000; -0.000000; -0.000000; 0.000000; -0.042038; 0.000000 \
#; 0.005934; -0.002730; 0.014526; -0.005934; 0.002730; -0.014526 \
#; 0.005934; 0.002730; 0.014526; 0.005934; 0.002730; 0.014526 \
#; -0.005934; 0.002730; 0.014526; 0.005934; -0.002730; -0.014526 \
#; -0.005934; -0.002730; 0.014526; -0.005934; -0.002730; 0.014526 \
#; -0.007440; 0.008197; -0.009346; 0.009127; -0.010056; 0.011466 \
#; -0.007440; -0.008197; -0.009346; -0.009127; -0.010056; -0.011466 \
#; -0.007787; 0.005472; -0.010205; 0.006348; -0.004461; 0.008318 \
#; -0.007787; -0.005472; -0.010205; -0.006348; -0.004461; -0.008318 \
#; 0.007787; -0.005472; -0.010205; -0.006348; 0.004461; 0.008318 \
#; 0.007787; 0.005472; -0.010205; 0.006348; 0.004461; -0.008318 \
#; 0.007440; -0.008197; -0.009346; -0.009127; 0.010056; 0.011466 \
#; 0.007440; 0.008197; -0.009346; 0.009127; 0.010056; -0.011466 \
#; 0.014976; 0.000000; -0.007805; -0.000000; 0.000000; 0.000000 \
#; -0.000000; 0.000000; -0.000000; -0.000000; 0.001490; 0.000000 \
#; -0.014976; 0.000000; -0.007805; 0.000000; 0.000000; 0.000000 \
#; 0.000000; -0.000000; -0.000000; 0.000000; -0.001490; -0.000000 \
# ]
#metaData: qpt=[0.000000;0.500000;0.000000;1.834832 \
#; 0.000000; 0.041647; -0.000000; -0.000000; -0.005722; 0.000000 \
#; 0.003371; 0.000000; -0.001507; 0.024533; 0.000000; -0.010968 \
#; 0.000000; -0.041647; -0.000000; -0.000000; 0.005722; 0.000000 \
#; -0.003371; -0.000000; -0.001507; -0.024533; -0.000000; -0.010968 \
#; -0.005071; 0.002333; -0.012413; 0.006686; -0.003076; 0.016368 \
#; 0.006686; 0.003076; 0.016368; 0.005071; 0.002333; 0.012413 \
#; 0.005071; -0.002333; -0.012413; -0.006686; 0.003076; 0.016368 \
#; -0.006686; -0.003076; 0.016368; -0.005071; -0.002333; 0.012413 \
#; 0.005229; -0.003674; 0.006852; -0.008579; 0.006029; -0.011242 \
#; -0.007349; -0.005164; -0.009630; -0.006851; -0.004814; -0.008977 \
#; 0.008029; -0.008847; 0.010087; -0.008613; 0.009490; -0.010820 \
#; -0.010055; -0.011079; -0.012631; -0.006128; -0.006752; -0.007698 \
#; -0.008029; 0.008847; 0.010087; 0.008613; -0.009490; -0.010820 \
#; 0.010055; 0.011079; -0.012631; 0.006128; 0.006752; -0.007698 \
#; -0.005229; 0.003674; 0.006852; 0.008579; -0.006029; -0.011242 \
#; 0.007349; 0.005164; -0.009630; 0.006851; 0.004814; -0.008977 \
#; 0.000000; 0.001476; -0.000000; -0.000000; -0.000203; 0.000000 \
#; 0.002039; -0.000000; -0.001062; 0.014837; 0.000000; -0.007732 \
#; -0.000000; -0.001476; 0.000000; -0.000000; 0.000203; 0.000000 \
#; -0.002039; -0.000000; -0.001062; -0.014837; 0.000000; -0.007732 \
# ]
#metaData: qpt=[0.000000;0.500000;0.000000;1.909000 \
#; -0.028542; -0.000000; -0.038033; 0.000000; 0.000000; 0.000000 \
#; -0.000000; 0.000000; 0.000000; -0.000000; -0.011748; 0.000000 \
#; 0.028542; 0.000000; -0.038033; -0.000000; 0.000000; 0.000000 \
#; 0.000000; 0.000000; -0.000000; 0.000000; 0.011748; 0.000000 \
#; 0.000996; -0.006271; 0.019079; -0.000996; 0.006271; -0.019079 \
#; 0.000996; 0.006271; 0.019079; 0.000996; 0.006271; 0.019079 \
#; -0.000996; 0.006271; 0.019079; 0.000996; -0.006271; -0.019079 \
#; -0.000996; -0.006271; 0.019079; -0.000996; -0.006271; 0.019079 \
#; -0.000573; -0.004401; 0.001481; 0.000703; 0.005399; -0.001817 \
#; -0.000573; 0.004401; 0.001481; -0.000703; 0.005399; 0.001817 \
#; -0.003428; -0.001748; -0.001955; 0.002795; 0.001425; 0.001593 \
#; -0.003428; 0.001748; -0.001955; -0.002795; 0.001425; -0.001593 \
#; 0.003428; 0.001748; -0.001955; -0.002795; -0.001425; 0.001593 \
#; 0.003428; -0.001748; -0.001955; 0.002795; -0.001425; -0.001593 \
#; 0.000573; 0.004401; 0.001481; -0.000703; -0.005399; -0.001817 \
#; 0.000573; -0.004401; 0.001481; 0.000703; -0.005399; 0.001817 \
#; -0.009362; -0.000000; -0.021361; -0.000000; 0.000000; 0.000000 \
#; -0.000000; 0.000000; -0.000000; -0.000000; 0.001162; 0.000000 \
#; 0.009362; -0.000000; -0.021361; -0.000000; 0.000000; 0.000000 \
#; -0.000000; 0.000000; 0.000000; 0.000000; -0.001162; 0.000000 \
# ]
#metaData: qpt=[0.000000;0.500000;0.000000;1.909000 \
#; -0.000000; -0.007503; -0.000000; -0.000000; -0.009040; -0.000000 \
#; 0.021963; 0.000000; 0.029267; -0.018229; 0.000000; -0.024290 \
#; 0.000000; 0.007503; -0.000000; 0.000000; 0.009040; 0.000000 \
#; -0.021963; -0.000000; 0.029267; 0.018229; 0.000000; -0.024290 \
#; -0.001403; 0.008831; -0.026866; -0.000130; 0.000821; -0.002496 \
#; -0.000130; -0.000821; -0.002496; 0.001403; 0.008831; 0.026866 \
#; 0.001403; -0.008831; -0.026866; 0.000130; -0.000821; -0.002496 \
#; 0.000130; 0.000821; -0.002496; -0.001403; -0.008831; 0.026866 \
#; 0.004423; 0.002256; 0.002522; -0.000039; -0.000020; -0.000022 \
#; 0.000853; -0.000435; 0.000487; -0.004340; 0.002213; -0.002475 \
#; 0.000890; 0.006835; -0.002301; 0.000175; 0.001344; -0.000452 \
#; -0.000008; 0.000062; 0.000021; -0.000907; 0.006965; 0.002345 \
#; -0.000890; -0.006835; -0.002301; -0.000175; -0.001344; -0.000452 \
#; 0.000008; -0.000062; 0.000021; 0.000907; -0.006965; 0.002345 \
#; -0.004423; -0.002256; 0.002522; 0.000039; 0.000020; -0.000022 \
#; -0.000853; 0.000435; 0.000487; 0.004340; -0.002213; -0.002475 \
#; 0.000000; 0.000742; -0.000000; 0.000000; 0.000894; 0.000000 \
#; 0.007204; -0.000000; 0.016437; -0.005979; 0.000000; -0.013642 \
#; 0.000000; -0.000742; -0.000000; 0.000000; -0.000894; -0.000000 \
#; -0.007204; -0.000000; 0.016437; 0.005979; 0.000000; -0.013642 \
# ]
#metaData: qpt=[0.000000;0.500000;0.000000;1.954305 \
#; -0.016162; 0.000000; 0.030405; -0.000000; -0.000000; -0.000000 \
#; 0.000000; -0.000000; -0.000000; -0.000000; -0.041820; -0.000000 \
#; -0.016162; 0.000000; -0.030405; 0.000000; -0.000000; -0.000000 \
#; 0.000000; -0.000000; 0.000000; 0.000000; -0.041820; 0.000000 \
#; 0.006096; 0.001986; -0.006939; -0.006096; -0.001986; 0.006939 \
#; 0.006096; -0.001986; -0.006939; 0.006096; -0.001986; -0.006939 \
#; 0.006096; 0.001986; 0.006939; -0.006096; -0.001986; -0.006939 \
#; 0.006096; -0.001986; 0.006939; 0.006096; -0.001986; 0.006939 \
#; -0.006981; 0.011936; -0.004670; 0.008564; -0.014643; 0.005729 \
#; -0.006981; -0.011936; -0.004670; -0.008564; -0.014643; -0.005729 \
#; -0.009145; 0.008632; -0.004940; 0.007455; -0.007036; 0.004027 \
#; -0.009145; -0.008632; -0.004940; -0.007455; -0.007036; -0.004027 \
#; -0.009145; 0.008632; 0.004940; 0.007455; -0.007036; -0.004027 \
#; -0.009145; -0.008632; 0.004940; -0.007455; -0.007036; 0.004027 \
#; -0.006981; 0.011936; 0.004670; 0.008564; -0.014643; -0.005729 \
#; -0.006981; -0.011936; 0.004670; -0.008564; -0.014643; 0.005729 \
#; -0.010740; 0.000000; -0.011626; 0.000000; -0.000000; -0.000000 \
#; 0.000000; -0.000000; 0.000000; 0.000000; -0.009185; 0.000000 \
#; -0.010740; 0.000000; 0.011626; 0.000000; -0.000000; -0.000000 \
#; 0.000000; -0.000000; -0.000000; 0.000000; -0.009185; -0.000000 \
# ]
#metaData: qpt=[0.000000;0.500000;0.000000;1.954305 \
#; 0.000000; 0.040529; -0.000000; -0.000000; -0.010311; -0.000000 \
#; 0.003985; -0.000000; -0.007496; 0.015663; 0.000000; -0.029466 \
#; 0.000000; 0.040529; 0.000000; 0.000000; -0.010311; 0.000000 \
#; 0.003985; -0.000000; 0.007496; 0.015663; 0.000000; 0.029466 \
#; 0.004405; 0.001435; -0.005014; -0.007411; -0.002414; 0.008436 \
#; -0.007411; 0.002414; 0.008436; -0.004405; 0.001435; 0.005014 \
#; 0.004405; 0.001435; 0.005014; -0.007411; -0.002414; -0.008436 \
#; -0.007411; 0.002414; -0.008436; -0.004405; 0.001435; -0.005014 \
#; -0.004970; 0.004691; -0.002685; 0.010701; -0.010100; 0.005781 \
#; 0.009479; 0.008947; 0.005121; 0.007025; 0.006631; 0.003795 \
#; -0.006578; 0.011248; -0.004400; 0.008876; -0.015178; 0.005938 \
#; 0.010020; 0.017134; 0.006703; 0.004654; 0.007957; 0.003113 \
#; -0.006578; 0.011248; 0.004400; 0.008876; -0.015178; -0.005938 \
#; 0.010020; 0.017134; -0.006703; 0.004654; 0.007957; -0.003113 \
#; -0.004970; 0.004691; 0.002685; 0.010701; -0.010100; -0.005781 \
#; 0.009479; 0.008947; -0.005121; 0.007025; 0.006631; -0.003795 \
#; 0.000000; 0.008901; 0.000000; 0.000000; -0.002264; 0.000000 \
#; 0.002648; -0.000000; 0.002866; 0.010408; 0.000000; 0.011267 \
#; 0.000000; 0.008901; -0.000000; 0.000000; -0.002264; -0.000000 \
#; 0.002648; -0.000000; -0.002866; 0.010408; 0.000000; -0.011267 \
# ]
#metaData: qpt=[0.000000;0.500000;0.000000;2.024120 \
#; 0.032416; 0.000000; 0.031298; -0.000000; -0.000000; 0.000000 \
#; 0.000000; 0.000000; -0.000000; -0.000000; 0.001862; -0.000000 \
#; 0.032416; 0.000000; -0.031298; -0.000000; -0.000000; -0.000000 \
#; 0.000000; 0.000000; -0.000000; 0.000000; 0.001862; 0.000000 \
#; -0.023712; 0.001021; 0.000273; 0.023712; -0.001021; -0.000273 \
#; -0.023712; -0.001021; 0.000273; -0.023712; -0.001021; 0.000273 \
#; -0.023712; 0.001021; -0.000273; 0.023712; -0.001021; 0.000273 \
#; -0.023712; -0.001021; -0.000273; -0.023712; -0.001021; -0.000273 \
#; -0.004946; 0.001555; 0.000108; 0.006068; -0.001907; -0.000133 \
#; -0.004946; -0.001555; 0.000108; -0.006068; -0.001907; 0.000133 \
#; 0.001472; -0.000853; 0.006867; -0.001200; 0.000695; -0.005598 \
#; 0.001472; 0.000853; 0.006867; 0.001200; 0.000695; 0.005598 \
#; 0.001472; -0.000853; -0.006867; -0.001200; 0.000695; 0.005598 \
#; 0.001472; 0.000853; -0.006867; 0.001200; 0.000695; -0.005598 \
#; -0.004946; 0.001555; -0.000108; 0.006068; -0.001907; 0.000133 \
#; -0.004946; -0.001555; -0.000108; -0.006068; -0.001907; -0.000133 \
#; 0.006258; 0.000000; -0.011467; -0.000000; -0.000000; -0.000000 \
#; 0.000000; -0.000000; -0.000000; -0.000000; 0.000233; 0.000000 \
#; 0.006258; 0.000000; 0.011467; -0.000000; -0.000000; 0.000000 \
#; 0.000000; -0.000000; -0.000000; 0.000000; 0.000233; 0.000000 \
# ]
#metaData: qpt=[0.000000;0.500000;0.000000;2.024120 \
#; -0.000000; -0.001291; -0.000000; 0.000000; 0.001341; -0.000000 \
#; -0.023357; -0.000000; -0.022552; -0.022477; 0.000000; -0.021702 \
#; 0.000000; -0.001291; 0.000000; 0.000000; 0.001341; -0.000000 \
#; -0.023357; -0.000000; 0.022552; -0.022477; 0.000000; 0.021702 \
#; 0.000644; -0.000028; -0.000007; 0.033527; -0.001444; -0.000386 \
#; 0.033527; 0.001444; -0.000386; -0.000644; -0.000028; 0.000007 \
#; 0.000644; -0.000028; 0.000007; 0.033527; -0.001444; 0.000386 \
#; 0.033527; 0.001444; 0.000386; -0.000644; -0.000028; -0.000007 \
#; -0.000229; 0.000133; -0.001067; -0.001885; 0.001093; -0.008795 \
#; -0.001893; -0.001097; -0.008830; -0.000156; -0.000090; -0.000728 \
#; -0.000644; 0.000202; 0.000014; 0.007802; -0.002452; -0.000171 \
#; 0.007772; 0.002443; -0.000170; -0.000943; -0.000296; 0.000021 \
#; -0.000644; 0.000202; -0.000014; 0.007802; -0.002452; 0.000171 \
#; 0.007772; 0.002443; 0.000170; -0.000943; -0.000296; -0.000021 \
#; -0.000229; 0.000133; 0.001067; -0.001885; 0.001093; 0.008795 \
#; -0.001893; -0.001097; 0.008830; -0.000156; -0.000090; 0.000728 \
#; 0.000000; -0.000162; 0.000000; 0.000000; 0.000168; -0.000000 \
#; -0.004509; -0.000000; 0.008263; -0.004339; -0.000000; 0.007951 \
#; 0.000000; -0.000162; -0.000000; 0.000000; 0.000168; -0.000000 \
#; -0.004509; -0.000000; -0.008263; -0.004339; -0.000000; -0.007951 \
# ]
#metaData: qpt=[0.000000;0.500000;0.000000;2.204823 \
#; -0.007896; -0.000000; 0.031559; 0.000000; -0.000000; 0.000000 \
#; -0.000000; -0.000000; -0.000000; 0.000000; 0.031292; -0.000000 \
#; -0.007896; 0.000000; -0.031559; -0.000000; 0.000000; -0.000000 \
#; 0.000000; -0.000000; -0.000000; -0.000000; 0.031292; 0.000000 \
#; 0.010450; -0.007553; -0.005778; -0.010450; 0.007553; 0.005778 \
#; 0.010450; 0.007553; -0.005778; 0.010450; 0.007553; -0.005778 \
#; 0.010450; -0.007553; 0.005778; -0.010450; 0.007553; -0.005778 \
#; 0.010450; 0.007553; 0.005778; 0.010450; 0.007553; 0.005778 \
#; 0.008995; -0.003260; 0.007837; -0.011035; 0.003999; -0.009614 \
#; 0.008995; 0.003260; 0.007837; 0.011035; 0.003999; 0.009614 \
#; -0.017787; -0.015108; -0.018678; 0.014499; 0.012315; 0.015225 \
#; -0.017787; 0.015108; -0.018678; -0.014499; 0.012315; -0.015225 \
#; -0.017787; -0.015108; 0.018678; 0.014499; 0.012315; -0.015225 \
#; -0.017787; 0.015108; 0.018678; -0.014499; 0.012315; 0.015225 \
#; 0.008995; -0.003260; -0.007837; -0.011035; 0.003999; 0.009614 \
#; 0.008995; 0.003260; -0.007837; 0.011035; 0.003999; -0.009614 \
#; -0.005251; -0.000000; -0.024998; -0.000000; -0.000000; -0.000000 \
#; -0.000000; -0.000000; -0.000000; 0.000000; 0.014239; 0.000000 \
#; -0.005251; -0.000000; 0.024998; -0.000000; 0.000000; 0.000000 \
#; 0.000000; -0.000000; -0.000000; 0.000000; 0.014239; -0.000000 \
# ]
#metaData: qpt=[0.000000;0.500000;0.000000;2.204823 \
#; -0.000000; -0.020793; -0.000000; 0.000000; 0.023385; 0.000000 \
#; 0.005900; -0.000000; -0.023585; 0.005246; -0.000000; -0.020971 \
#; 0.000000; -0.020793; 0.000000; -0.000000; 0.023385; -0.000000 \
#; 0.005900; -0.000000; 0.023585; 0.005246; -0.000000; 0.020971 \
#; -0.000866; 0.000626; 0.000479; -0.014753; 0.010664; 0.008157 \
#; -0.014753; -0.010664; 0.008157; 0.000866; 0.000626; -0.000479 \
#; -0.000866; 0.000626; -0.000479; -0.014753; 0.010664; -0.008157 \
#; -0.014753; -0.010664; -0.008157; 0.000866; 0.000626; 0.000479 \
#; 0.003658; 0.003107; 0.003841; 0.022654; 0.019242; 0.023790 \
#; 0.022926; -0.019473; 0.024076; 0.000984; -0.000836; 0.001033 \
#; 0.000611; -0.000221; 0.000532; -0.014224; 0.005155; -0.012392 \
#; -0.014055; -0.005094; -0.012245; 0.002269; 0.000823; 0.001977 \
#; 0.000611; -0.000221; -0.000532; -0.014224; 0.005155; 0.012392 \
#; -0.014055; -0.005094; 0.012245; 0.002269; 0.000823; -0.001977 \
#; 0.003658; 0.003107; -0.003841; 0.022654; 0.019242; -0.023790 \
#; 0.022926; -0.019473; -0.024076; 0.000984; -0.000836; -0.001033 \
#; 0.000000; -0.009462; 0.000000; 0.000000; 0.010641; -0.000000 \
#; 0.003924; -0.000000; 0.018681; 0.003489; -0.000000; 0.016611 \
#; 0.000000; -0.009462; -0.000000; -0.000000; 0.010641; 0.000000 \
#; 0.003924; -0.000000; -0.018681; 0.003489; -0.000000; -0.016611 \
# ]
#metaData: qpt=[0.000000;0.500000;0.000000;2.276123 \
#; 0.000000; 0.034848; 0.000000; 0.000000; 0.012045; -0.000000 \
#; 0.013923; -0.000000; -0.005117; -0.040280; 0.000000; 0.014804 \
#; -0.000000; -0.034848; -0.000000; -0.000000; -0.012045; 0.000000 \
#; -0.013923; -0.000000; -0.005117; 0.040280; 0.000000; 0.014804 \
#; 0.008238; 0.001526; 0.003954; -0.004006; -0.000742; -0.001923 \
#; -0.004006; 0.000742; -0.001923; -0.008238; 0.001526; -0.003954 \
#; -0.008238; -0.001526; 0.003954; 0.004006; 0.000742; -0.001923 \
#; 0.004006; -0.000742; -0.001923; 0.008238; -0.001526; -0.003954 \
#; -0.003833; 0.004695; -0.005642; 0.002371; -0.002905; 0.003491 \
#; 0.001550; 0.001899; 0.002282; 0.004232; 0.005185; 0.006230 \
#; 0.001049; -0.001897; -0.000133; -0.000384; 0.000695; 0.000049 \
#; -0.000588; -0.001063; 0.000075; -0.000950; -0.001718; 0.000121 \
#; -0.001049; 0.001897; -0.000133; 0.000384; -0.000695; 0.000049 \
#; 0.000588; 0.001063; 0.000075; 0.000950; 0.001718; 0.000121 \
#; 0.003833; -0.004695; -0.005642; -0.002371; 0.002905; 0.003491 \
#; -0.001550; -0.001899; 0.002282; -0.004232; -0.005185; 0.006230 \
#; -0.000000; 0.000817; -0.000000; -0.000000; 0.000282; -0.000000 \
#; 0.003012; -0.000000; -0.002350; -0.008713; 0.000000; 0.006798 \
#; -0.000000; -0.000817; 0.000000; -0.000000; -0.000282; 0.000000 \
#; -0.003012; -0.000000; -0.002350; 0.008713; 0.000000; 0.006798 \
# ]
#metaData: qpt=[0.000000;0.500000;0.000000;2.276123 \
#; 0.042618; -0.000000; -0.015664; 0.000000; -0.000000; 0.000000 \
#; -0.000000; -0.000000; -0.000000; 0.000000; -0.036871; -0.000000 \
#; -0.042618; 0.000000; -0.015664; 0.000000; 0.000000; -0.000000 \
#; -0.000000; -0.000000; 0.000000; -0.000000; 0.036871; 0.000000 \
#; 0.006477; 0.001200; 0.003109; -0.006477; -0.001200; -0.003109 \
#; 0.006477; -0.001200; 0.003109; 0.006477; -0.001200; 0.003109 \
#; -0.006477; -0.001200; 0.003109; 0.006477; 0.001200; -0.003109 \
#; -0.006477; 0.001200; 0.003109; -0.006477; 0.001200; 0.003109 \
#; 0.000706; -0.001276; -0.000090; -0.000866; 0.001566; 0.000110 \
#; 0.000706; 0.001276; -0.000090; 0.000866; 0.001566; -0.000110 \
#; -0.003493; 0.004280; -0.005142; 0.002848; -0.003489; 0.004192 \
#; -0.003493; -0.004280; -0.005142; -0.002848; -0.003489; -0.004192 \
#; 0.003493; -0.004280; -0.005142; -0.002848; 0.003489; 0.004192 \
#; 0.003493; 0.004280; -0.005142; 0.002848; 0.003489; -0.004192 \
#; -0.000706; 0.001276; -0.000090; 0.000866; -0.001566; 0.000110 \
#; -0.000706; -0.001276; -0.000090; -0.000866; -0.001566; -0.000110 \
#; 0.009219; -0.000000; -0.007192; -0.000000; -0.000000; -0.000000 \
#; -0.000000; -0.000000; 0.000000; 0.000000; -0.000865; 0.000000 \
#; -0.009219; -0.000000; -0.007192; -0.000000; -0.000000; 0.000000 \
#; -0.000000; -0.000000; 0.000000; 0.000000; 0.000865; -0.000000 \
# ]
#metaData: qpt=[0.000000;0.500000;0.000000;3.015097 \
#; -0.000000; -0.014710; 0.000000; -0.000000; -0.012575; -0.000000 \
#; -0.008438; 0.000000; 0.012530; 0.009870; 0.000000; -0.014657 \
#; -0.000000; -0.014710; -0.000000; 0.000000; -0.012575; -0.000000 \
#; -0.008438; 0.000000; -0.012530; 0.009870; 0.000000; 0.014657 \
#; 0.007404; 0.006550; -0.000293; -0.000579; -0.000512; 0.000023 \
#; -0.000579; 0.000512; 0.000023; -0.007404; 0.006550; 0.000293 \
#; 0.007404; 0.006550; 0.000293; -0.000579; -0.000512; -0.000023 \
#; -0.000579; 0.000512; -0.000023; -0.007404; 0.006550; -0.000293 \
#; 0.024490; 0.031613; 0.027697; -0.004446; -0.005739; -0.005028 \
#; 0.000583; -0.000752; 0.000659; -0.024884; 0.032121; -0.028142 \
#; -0.030241; -0.027165; -0.029850; -0.000708; -0.000636; -0.000699 \
#; 0.005403; -0.004853; 0.005333; 0.029763; -0.026736; 0.029378 \
#; -0.030241; -0.027165; 0.029850; -0.000708; -0.000636; 0.000699 \
#; 0.005403; -0.004853; -0.005333; 0.029763; -0.026736; -0.029378 \
#; 0.024490; 0.031613; -0.027697; -0.004446; -0.005739; 0.005028 \
#; 0.000583; -0.000752; -0.000659; -0.024884; 0.032121; 0.028142 \
#; -0.000000; 0.001387; 0.000000; 0.000000; 0.001186; 0.000000 \
#; -0.005000; 0.000000; 0.021313; 0.005849; -0.000000; -0.024931 \
#; -0.000000; 0.001387; -0.000000; 0.000000; 0.001186; 0.000000 \
#; -0.005000; 0.000000; -0.021313; 0.005849; -0.000000; 0.024931 \
# ]
#metaData: qpt=[0.000000;0.500000;0.000000;3.015097 \
#; -0.012985; 0.000000; 0.019283; 0.000000; 0.000000; 0.000000 \
#; 0.000000; 0.000000; -0.000000; -0.000000; 0.019352; 0.000000 \
#; -0.012985; 0.000000; -0.019283; 0.000000; 0.000000; 0.000000 \
#; 0.000000; 0.000000; 0.000000; -0.000000; 0.019352; -0.000000 \
#; 0.005252; 0.004646; -0.000208; -0.005252; -0.004646; 0.000208 \
#; 0.005252; -0.004646; -0.000208; 0.005252; -0.004646; -0.000208 \
#; 0.005252; 0.004646; 0.000208; -0.005252; -0.004646; -0.000208 \
#; 0.005252; -0.004646; 0.000208; 0.005252; -0.004646; 0.000208 \
#; -0.019112; -0.017168; -0.018865; 0.023447; 0.021062; 0.023143 \
#; -0.019112; 0.017168; -0.018865; -0.023447; 0.021062; -0.023143 \
#; 0.019293; 0.024904; 0.021819; -0.015726; -0.020300; -0.017786 \
#; 0.019293; -0.024904; 0.021819; 0.015726; -0.020300; 0.017786 \
#; 0.019293; 0.024904; -0.021819; -0.015726; -0.020300; 0.017786 \
#; 0.019293; -0.024904; -0.021819; 0.015726; -0.020300; -0.017786 \
#; -0.019112; -0.017168; 0.018865; 0.023447; 0.021062; -0.023143 \
#; -0.019112; 0.017168; 0.018865; -0.023447; 0.021062; 0.023143 \
#; -0.007695; -0.000000; 0.032799; 0.000000; -0.000000; -0.000000 \
#; 0.000000; 0.000000; -0.000000; -0.000000; -0.001825; 0.000000 \
#; -0.007695; -0.000000; -0.032799; 0.000000; -0.000000; 0.000000 \
#; 0.000000; 0.000000; 0.000000; -0.000000; -0.001825; -0.000000 \
# ]
#metaData: qpt=[0.000000;0.500000;0.000000;3.232352 \
#; -0.010789; -0.000000; 0.011304; -0.000000; -0.000000; -0.000000 \
#; 0.000000; -0.000000; -0.000000; 0.000000; 0.004879; -0.000000 \
#; -0.010789; -0.000000; -0.011304; -0.000000; 0.000000; -0.000000 \
#; -0.000000; 0.000000; -0.000000; 0.000000; 0.004879; 0.000000 \
#; -0.002120; 0.014663; 0.003278; 0.002120; -0.014663; -0.003278 \
#; -0.002120; -0.014663; 0.003278; -0.002120; -0.014663; 0.003278 \
#; -0.002120; 0.014663; -0.003278; 0.002120; -0.014663; 0.003278 \
#; -0.002120; -0.014663; -0.003278; -0.002120; -0.014663; -0.003278 \
#; 0.031735; 0.009603; 0.018993; -0.038932; -0.011780; -0.023300 \
#; 0.031735; -0.009603; 0.018993; 0.038932; -0.011780; 0.023300 \
#; 0.015247; 0.021488; -0.002994; -0.012428; -0.017516; 0.002441 \
#; 0.015247; -0.021488; -0.002994; 0.012428; -0.017516; -0.002441 \
#; 0.015247; 0.021488; 0.002994; -0.012428; -0.017516; -0.002441 \
#; 0.015247; -0.021488; 0.002994; 0.012428; -0.017516; 0.002441 \
#; 0.031735; 0.009603; -0.018993; -0.038932; -0.011780; 0.023300 \
#; 0.031735; -0.009603; -0.018993; 0.038932; -0.011780; -0.023300 \
#; 0.035729; 0.000000; 0.023759; 0.000000; -0.000000; 0.000000 \
#; -0.000000; 0.000000; 0.000000; -0.000000; -0.018183; -0.000000 \
#; 0.035729; 0.000000; -0.023759; 0.000000; -0.000000; 0.000000 \
#; 0.000000; 0.000000; 0.000000; -0.000000; -0.018183; 0.000000 \
# ]
#metaData: qpt=[0.000000;0.500000;0.000000;3.232352 \
#; 0.000000; 0.004440; -0.000000; -0.000000; -0.002023; 0.000000 \
#; -0.004474; 0.000000; 0.004688; -0.009817; 0.000000; 0.010286 \
#; -0.000000; 0.004440; -0.000000; 0.000000; -0.002023; 0.000000 \
#; -0.004474; -0.000000; -0.004688; -0.009817; -0.000000; -0.010286 \
#; 0.001050; -0.007262; -0.001623; -0.002809; 0.019423; 0.004342 \
#; -0.002809; -0.019423; 0.004342; -0.001050; -0.007262; 0.001623 \
#; 0.001050; -0.007262; 0.001623; -0.002809; 0.019423; -0.004342 \
#; -0.002809; -0.019423; -0.004342; -0.001050; -0.007262; -0.001623 \
#; -0.004987; -0.007028; 0.000979; 0.019028; 0.026817; -0.003737 \
#; 0.017632; -0.024850; -0.003463; 0.008720; -0.012290; -0.001713 \
#; -0.022266; -0.006737; -0.013326; 0.045022; 0.013623; 0.026946 \
#; 0.048587; -0.014702; 0.029079; 0.012733; -0.003853; 0.007620 \
#; -0.022266; -0.006737; 0.013326; 0.045022; 0.013623; -0.026946 \
#; 0.048587; -0.014702; -0.029079; 0.012733; -0.003853; -0.007620 \
#; -0.004987; -0.007028; -0.000979; 0.019028; 0.026817; 0.003737 \
#; 0.017632; -0.024850; 0.003463; 0.008720; -0.012290; 0.001713 \
#; 0.000000; -0.016546; 0.000000; -0.000000; 0.007540; -0.000000 \
#; 0.014817; -0.000000; 0.009853; 0.032512; -0.000000; 0.021619 \
#; -0.000000; -0.016546; 0.000000; 0.000000; 0.007540; -0.000000 \
#; 0.014817; -0.000000; -0.009853; 0.032512; 0.000000; -0.021619 \
# ]
#metaData: qpt=[0.000000;0.500000;0.000000;3.291005 \
#; -0.000000; -0.009002; 0.000000; 0.000000; 0.003191; -0.000000 \
#; -0.001818; -0.000000; 0.007074; -0.005130; -0.000000; 0.019957 \
#; 0.000000; 0.009002; 0.000000; -0.000000; -0.003191; -0.000000 \
#; 0.001818; 0.000000; 0.007074; 0.005130; -0.000000; 0.019957 \
#; -0.002223; 0.004603; -0.001395; 0.004665; -0.009659; 0.002928 \
#; 0.004665; 0.009659; 0.002928; 0.002223; 0.004603; 0.001395 \
#; 0.002223; -0.004603; -0.001395; -0.004665; 0.009659; 0.002928 \
#; -0.004665; -0.009659; 0.002928; -0.002223; -0.004603; 0.001395 \
#; 0.005926; 0.008567; 0.014937; -0.016583; -0.023972; -0.041795 \
#; -0.015048; 0.021753; -0.037926; -0.009148; 0.013224; -0.023056 \
#; 0.009904; 0.012285; 0.023016; -0.016292; -0.020209; -0.037861 \
#; -0.017954; 0.022270; -0.041723; -0.006416; 0.007959; -0.014911 \
#; -0.009904; -0.012285; 0.023016; 0.016292; 0.020209; -0.037861 \
#; 0.017954; -0.022270; -0.041723; 0.006416; -0.007959; -0.014911 \
#; -0.005926; -0.008567; 0.014937; 0.016583; 0.023972; -0.041795 \
#; 0.015048; -0.021753; -0.037926; 0.009148; -0.013224; -0.023056 \
#; -0.000000; 0.006588; -0.000000; 0.000000; -0.002335; 0.000000 \
#; -0.001561; 0.000000; -0.008154; -0.004404; 0.000000; -0.023001 \
#; 0.000000; -0.006588; -0.000000; 0.000000; 0.002335; 0.000000 \
#; 0.001561; 0.000000; -0.008154; 0.004404; 0.000000; -0.023001 \
# ]
#metaData: qpt=[0.000000;0.500000;0.000000;3.291005 \
#; 0.005442; -0.000000; -0.021174; -0.000000; 0.000000; -0.000000 \
#; 0.000000; -0.000000; -0.000000; 0.000000; 0.009551; -0.000000 \
#; -0.005442; -0.000000; -0.021174; -0.000000; 0.000000; -0.000000 \
#; 0.000000; 0.000000; -0.000000; 0.000000; -0.009551; 0.000000 \
#; -0.003654; 0.007566; -0.002294; 0.003654; -0.007566; 0.002294 \
#; -0.003654; -0.007566; -0.002294; -0.003654; -0.007566; -0.002294 \
#; 0.003654; -0.007566; -0.002294; -0.003654; 0.007566; 0.002294 \
#; 0.003654; 0.007566; -0.002294; 0.003654; 0.007566; -0.002294 \
#; 0.012046; 0.014943; 0.027995; -0.014778; -0.018331; -0.034344 \
#; 0.012046; -0.014943; 0.027995; 0.014778; -0.018331; 0.034344 \
#; 0.013650; 0.019732; 0.034403; -0.011126; -0.016084; -0.028043 \
#; 0.013650; -0.019732; 0.034403; 0.011126; -0.016084; 0.028043 \
#; -0.013650; -0.019732; 0.034403; 0.011126; 0.016084; -0.028043 \
#; -0.013650; 0.019732; 0.034403; -0.011126; 0.016084; 0.028043 \
#; -0.012046; -0.014943; 0.027995; 0.014778; 0.018331; -0.034344 \
#; -0.012046; 0.014943; 0.027995; -0.014778; 0.018331; 0.034344 \
#; 0.004673; 0.000000; 0.024403; 0.000000; -0.000000; 0.000000 \
#; -0.000000; 0.000000; -0.000000; -0.000000; -0.006990; -0.000000 \
#; -0.004673; 0.000000; 0.024403; -0.000000; -0.000000; 0.000000 \
#; -0.000000; 0.000000; 0.000000; -0.000000; 0.006990; 0.000000 \
# ]
#metaData: qpt=[0.000000;0.500000;0.000000;3.323369 \
#; -0.009191; -0.000000; -0.001203; -0.000000; 0.000000; -0.000000 \
#; 0.000000; -0.000000; -0.000000; 0.000000; -0.006404; -0.000000 \
#; 0.009191; -0.000000; -0.001203; -0.000000; 0.000000; -0.000000 \
#; 0.000000; 0.000000; 0.000000; 0.000000; 0.006404; 0.000000 \
#; 0.005032; -0.000981; -0.001412; -0.005032; 0.000981; 0.001412 \
#; 0.005032; 0.000981; -0.001412; 0.005032; 0.000981; -0.001412 \
#; -0.005032; 0.000981; -0.001412; 0.005032; -0.000981; 0.001412 \
#; -0.005032; -0.000981; -0.001412; -0.005032; -0.000981; -0.001412 \
#; 0.000957; 0.026399; 0.001910; -0.001174; -0.032386; -0.002343 \
#; 0.000957; -0.026399; 0.001910; 0.001174; -0.032386; 0.002343 \
#; -0.005866; -0.028374; -0.002617; 0.004781; 0.023129; 0.002133 \
#; -0.005866; 0.028374; -0.002617; -0.004781; 0.023129; -0.002133 \
#; 0.005866; 0.028374; -0.002617; -0.004781; -0.023129; 0.002133 \
#; 0.005866; -0.028374; -0.002617; 0.004781; -0.023129; -0.002133 \
#; -0.000957; -0.026399; 0.001910; 0.001174; 0.032386; -0.002343 \
#; -0.000957; 0.026399; 0.001910; -0.001174; 0.032386; 0.002343 \
#; 0.090601; 0.000000; 0.013745; 0.000000; -0.000000; 0.000000 \
#; -0.000000; 0.000000; -0.000000; -0.000000; 0.000942; -0.000000 \
#; -0.090601; 0.000000; 0.013745; -0.000000; -0.000000; 0.000000 \
#; -0.000000; -0.000000; 0.000000; -0.000000; -0.000942; 0.000000 \
# ]
#metaData: qpt=[0.000000;0.500000;0.000000;3.323369 \
#; 0.000000; 0.006282; 0.000000; 0.000000; 0.001243; 0.000000 \
#; -0.001784; 0.000000; -0.000233; 0.009016; 0.000000; 0.001180 \
#; -0.000000; -0.006282; -0.000000; 0.000000; -0.001243; 0.000000 \
#; 0.001784; -0.000000; -0.000233; -0.009016; -0.000000; 0.001180 \
#; 0.005913; -0.001152; -0.001659; -0.003960; 0.000772; 0.001111 \
#; -0.003960; -0.000772; 0.001111; -0.005913; -0.001152; 0.001659 \
#; -0.005913; 0.001152; -0.001659; 0.003960; -0.000772; 0.001111 \
#; 0.003960; 0.000772; 0.001111; 0.005913; 0.001152; 0.001659 \
#; -0.005829; -0.028196; -0.002601; 0.004826; 0.023346; 0.002153 \
#; 0.003552; -0.017182; 0.001585; 0.006682; -0.032324; 0.002981 \
#; 0.001337; 0.036894; 0.002669; -0.000711; -0.019611; -0.001419 \
#; -0.000966; 0.026647; -0.001927; -0.001166; 0.032183; -0.002328 \
#; -0.001337; -0.036894; 0.002669; 0.000711; 0.019611; -0.001419 \
#; 0.000966; -0.026647; -0.001927; 0.001166; -0.032183; -0.002328 \
#; 0.005829; 0.028196; -0.002601; -0.004826; -0.023346; 0.002153 \
#; -0.003552; 0.017182; 0.001585; -0.006682; 0.032324; 0.002981 \
#; -0.000000; -0.000924; 0.000000; -0.000000; -0.000183; -0.000000 \
#; 0.017585; -0.000000; 0.002668; -0.088878; -0.000000; -0.013484 \
#; 0.000000; 0.000924; -0.000000; 0.000000; 0.000183; -0.000000 \
#; -0.017585; -0.000000; 0.002668; 0.088878; -0.000000; -0.013484 \
# ]
#metaData: qpt=[0.000000;0.500000;0.000000;4.026997 \
#; -0.000000; -0.000849; 0.000000; 0.000000; 0.009945; -0.000000 \
#; -0.018088; 0.000000; 0.005498; -0.001544; -0.000000; 0.000469 \
#; -0.000000; -0.000849; -0.000000; 0.000000; 0.009945; -0.000000 \
#; -0.018088; 0.000000; -0.005498; -0.001544; -0.000000; -0.000469 \
#; -0.004474; -0.017163; 0.000109; -0.005308; -0.020366; 0.000130 \
#; -0.005308; 0.020366; 0.000130; 0.004474; -0.017163; -0.000109 \
#; -0.004474; -0.017163; -0.000109; -0.005308; -0.020366; -0.000130 \
#; -0.005308; 0.020366; -0.000130; 0.004474; -0.017163; 0.000109 \
#; 0.032417; -0.016471; 0.016092; 0.031374; -0.015940; 0.015574 \
#; 0.037265; 0.018934; 0.018498; -0.025427; -0.012919; -0.012622 \
#; 0.010327; -0.006065; -0.001431; 0.015135; -0.008888; -0.002098 \
#; 0.012743; 0.007483; -0.001766; -0.013166; -0.007732; 0.001825 \
#; 0.010327; -0.006065; 0.001431; 0.015135; -0.008888; 0.002098 \
#; 0.012743; 0.007483; 0.001766; -0.013166; -0.007732; -0.001825 \
#; 0.032417; -0.016471; -0.016092; 0.031374; -0.015940; -0.015574 \
#; 0.037265; 0.018934; -0.018498; -0.025427; -0.012919; 0.012622 \
#; 0.000000; 0.001844; -0.000000; 0.000000; -0.021601; 0.000000 \
#; 0.036859; 0.000000; -0.020836; 0.003146; 0.000000; -0.001778 \
#; 0.000000; 0.001844; 0.000000; 0.000000; -0.021601; -0.000000 \
#; 0.036859; 0.000000; 0.020836; 0.003146; 0.000000; 0.001778 \
# ]
#metaData: qpt=[0.000000;0.500000;0.000000;4.026997 \
#; 0.018153; -0.000000; -0.005518; 0.000000; 0.000000; 0.000000 \
#; -0.000000; 0.000000; 0.000000; -0.000000; 0.009982; 0.000000 \
#; 0.018153; -0.000000; 0.005518; -0.000000; 0.000000; 0.000000 \
#; -0.000000; 0.000000; -0.000000; -0.000000; 0.009982; -0.000000 \
#; 0.004909; 0.018833; -0.000120; -0.004909; -0.018833; 0.000120 \
#; 0.004909; -0.018833; -0.000120; 0.004909; -0.018833; -0.000120 \
#; 0.004909; 0.018833; 0.000120; -0.004909; -0.018833; -0.000120 \
#; 0.004909; -0.018833; 0.000120; 0.004909; -0.018833; 0.000120 \
#; -0.011577; 0.006798; 0.001605; 0.014202; -0.008340; -0.001968 \
#; -0.011577; -0.006798; 0.001605; -0.014202; -0.008340; 0.001968 \
#; -0.034968; 0.017766; -0.017358; 0.028503; -0.014482; 0.014149 \
#; -0.034968; -0.017766; -0.017358; -0.028503; -0.014482; -0.014149 \
#; -0.034968; 0.017766; 0.017358; 0.028503; -0.014482; -0.014149 \
#; -0.034968; -0.017766; 0.017358; -0.028503; -0.014482; 0.014149 \
#; -0.011577; 0.006798; -0.001605; 0.014202; -0.008340; 0.001968 \
#; -0.011577; -0.006798; -0.001605; -0.014202; -0.008340; -0.001968 \
#; -0.036993; 0.000000; 0.020911; -0.000000; -0.000000; -0.000000 \
#; 0.000000; -0.000000; -0.000000; 0.000000; -0.021679; -0.000000 \
#; -0.036993; 0.000000; -0.020911; -0.000000; -0.000000; -0.000000 \
#; 0.000000; 0.000000; 0.000000; 0.000000; -0.021679; 0.000000 \
# ]
#metaData: qpt=[0.000000;0.500000;0.000000;4.206886 \
#; 0.000000; 0.002916; -0.000000; -0.000000; -0.005569; -0.000000 \
#; -0.001726; -0.000000; -0.000210; -0.000903; 0.000000; -0.000110 \
#; -0.000000; 0.002916; -0.000000; 0.000000; -0.005569; -0.000000 \
#; -0.001726; -0.000000; 0.000210; -0.000903; 0.000000; 0.000110 \
#; 0.000254; 0.001684; -0.000191; 0.000812; 0.005387; -0.000611 \
#; 0.000812; -0.005387; -0.000611; -0.000254; 0.001684; 0.000191 \
#; 0.000254; 0.001684; 0.000191; 0.000812; 0.005387; 0.000611 \
#; 0.000812; -0.005387; 0.000611; -0.000254; 0.001684; -0.000191 \
#; 0.009992; -0.002457; 0.011756; 0.023336; -0.005737; 0.027455 \
#; 0.024871; 0.006115; 0.029262; -0.005083; -0.001250; -0.005980 \
#; 0.002702; 0.005586; 0.002297; 0.013222; 0.027334; 0.011239 \
#; 0.012406; -0.025647; 0.010545; -0.005312; 0.010982; -0.004515 \
#; 0.002702; 0.005586; -0.002297; 0.013222; 0.027334; -0.011239 \
#; 0.012406; -0.025647; -0.010545; -0.005312; 0.010982; 0.004515 \
#; 0.009992; -0.002457; -0.011756; 0.023336; -0.005737; -0.027455 \
#; 0.024871; 0.006115; -0.029262; -0.005083; -0.001250; 0.005980 \
#; -0.000000; 0.000452; -0.000000; -0.000000; -0.000863; -0.000000 \
#; -0.082900; -0.000000; -0.029783; -0.043403; -0.000000; -0.015593 \
#; -0.000000; 0.000452; 0.000000; -0.000000; -0.000863; 0.000000 \
#; -0.082900; 0.000000; 0.029783; -0.043403; 0.000000; 0.015593 \
# ]
#metaData: qpt=[0.000000;0.500000;0.000000;4.206886 \
#; -0.001948; -0.000000; -0.000237; 0.000000; 0.000000; -0.000000 \
#; 0.000000; 0.000000; -0.000000; 0.000000; 0.006286; -0.000000 \
#; -0.001948; 0.000000; 0.000237; 0.000000; 0.000000; -0.000000 \
#; -0.000000; 0.000000; -0.000000; 0.000000; 0.006286; 0.000000 \
#; 0.000601; 0.003991; -0.000453; -0.000601; -0.003991; 0.000453 \
#; 0.000601; -0.003991; -0.000453; 0.000601; -0.003991; -0.000453 \
#; 0.000601; 0.003991; 0.000453; -0.000601; -0.003991; -0.000453 \
#; 0.000601; -0.003991; 0.000453; 0.000601; -0.003991; 0.000453 \
#; 0.008527; 0.017627; 0.007248; -0.010460; -0.021625; -0.008892 \
#; 0.008527; -0.017627; 0.007248; 0.010460; -0.021625; 0.008892 \
#; 0.019676; -0.004838; 0.023150; -0.016039; 0.003943; -0.018870 \
#; 0.019676; 0.004838; 0.023150; 0.016039; 0.003943; 0.018870 \
#; 0.019676; -0.004838; -0.023150; -0.016039; 0.003943; 0.018870 \
#; 0.019676; 0.004838; -0.023150; 0.016039; 0.003943; -0.018870 \
#; 0.008527; 0.017627; -0.007248; -0.010460; -0.021625; 0.008892 \
#; 0.008527; -0.017627; -0.007248; 0.010460; -0.021625; -0.008892 \
#; -0.093575; -0.000000; -0.033618; 0.000000; 0.000000; 0.000000 \
#; 0.000000; 0.000000; 0.000000; 0.000000; 0.000974; 0.000000 \
#; -0.093575; -0.000000; 0.033618; 0.000000; 0.000000; -0.000000 \
#; 0.000000; 0.000000; -0.000000; 0.000000; 0.000974; -0.000000 \
# ]
#metaData: qpt=[0.000000;0.500000;0.000000;4.409993 \
#; -0.000000; -0.001052; -0.000000; -0.000000; -0.003882; -0.000000 \
#; 0.000555; -0.000000; -0.011105; -0.000150; 0.000000; 0.003009 \
#; -0.000000; 0.001052; -0.000000; -0.000000; 0.003882; -0.000000 \
#; -0.000555; 0.000000; -0.011105; 0.000150; -0.000000; 0.003009 \
#; -0.003661; 0.026408; 0.003768; -0.002100; 0.015148; 0.002161 \
#; -0.002100; -0.015148; 0.002161; 0.003661; 0.026408; -0.003768 \
#; 0.003661; -0.026408; 0.003768; 0.002100; -0.015148; 0.002161 \
#; 0.002100; 0.015148; 0.002161; -0.003661; -0.026408; -0.003768 \
#; -0.013656; -0.024451; 0.001403; -0.006087; -0.010898; 0.000625 \
#; -0.008715; 0.015604; 0.000895; 0.012148; -0.021752; -0.001248 \
#; -0.009296; -0.031152; -0.007093; -0.006668; -0.022347; -0.005088 \
#; -0.004657; 0.015608; -0.003554; 0.010449; -0.035018; 0.007973 \
#; 0.009296; 0.031152; -0.007093; 0.006668; 0.022347; -0.005088 \
#; 0.004657; -0.015608; -0.003554; -0.010449; 0.035018; 0.007973 \
#; 0.013656; 0.024451; 0.001403; 0.006087; 0.010898; 0.000625 \
#; 0.008715; -0.015604; 0.000895; -0.012148; 0.021752; -0.001248 \
#; 0.000000; 0.002019; 0.000000; 0.000000; 0.007450; 0.000000 \
#; 0.008273; 0.000000; 0.061824; -0.002242; -0.000000; -0.016753 \
#; -0.000000; -0.002019; 0.000000; 0.000000; -0.007450; 0.000000 \
#; -0.008273; -0.000000; 0.061824; 0.002242; 0.000000; -0.016753 \
# ]
#metaData: qpt=[0.000000;0.500000;0.000000;4.409993 \
#; 0.000575; 0.000000; -0.011506; 0.000000; 0.000000; -0.000000 \
#; -0.000000; -0.000000; 0.000000; -0.000000; 0.004022; -0.000000 \
#; -0.000575; -0.000000; -0.011506; -0.000000; -0.000000; -0.000000 \
#; -0.000000; 0.000000; 0.000000; 0.000000; -0.004022; -0.000000 \
#; -0.002984; 0.021527; 0.003071; 0.002984; -0.021527; -0.003071 \
#; -0.002984; -0.021527; 0.003071; -0.002984; -0.021527; 0.003071 \
#; 0.002984; -0.021527; 0.003071; -0.002984; 0.021527; -0.003071 \
#; 0.002984; 0.021527; 0.003071; 0.002984; 0.021527; 0.003071 \
#; -0.007228; -0.024223; -0.005515; 0.008868; 0.029717; 0.006766 \
#; -0.007228; 0.024223; -0.005515; -0.008868; 0.029717; -0.006766 \
#; -0.011589; -0.020749; 0.001191; 0.009446; 0.016914; -0.000971 \
#; -0.011589; 0.020749; 0.001191; -0.009446; 0.016914; 0.000971 \
#; 0.011589; 0.020749; 0.001191; -0.009446; -0.016914; -0.000971 \
#; 0.011589; -0.020749; 0.001191; 0.009446; -0.016914; 0.000971 \
#; 0.007228; 0.024223; -0.005515; -0.008868; -0.029717; 0.006766 \
#; 0.007228; -0.024223; -0.005515; 0.008868; -0.029717; -0.006766 \
#; 0.008571; -0.000000; 0.064054; 0.000000; -0.000000; 0.000000 \
#; -0.000000; 0.000000; -0.000000; 0.000000; -0.007719; 0.000000 \
#; -0.008571; 0.000000; 0.064054; -0.000000; 0.000000; 0.000000 \
#; -0.000000; -0.000000; -0.000000; -0.000000; 0.007719; 0.000000 \
# ]
#metaData: qpt=[0.000000;0.500000;0.000000;4.743502 \
#; -0.000000; -0.012043; 0.000000; -0.000000; -0.009080; -0.000000 \
#; -0.004911; -0.000000; -0.003539; 0.006514; -0.000000; 0.004694 \
#; 0.000000; -0.012043; -0.000000; -0.000000; -0.009080; 0.000000 \
#; -0.004911; -0.000000; 0.003539; 0.006514; -0.000000; -0.004694 \
#; -0.000435; 0.015961; -0.007555; 0.000061; -0.002239; 0.001060 \
#; 0.000061; 0.002239; 0.001060; 0.000435; 0.015961; 0.007555 \
#; -0.000435; 0.015961; 0.007555; 0.000061; -0.002239; -0.001060 \
#; 0.000061; 0.002239; -0.001060; 0.000435; 0.015961; -0.007555 \
#; 0.007778; -0.010455; 0.002559; -0.001910; 0.002568; -0.000629 \
#; -0.000303; -0.000408; -0.000100; -0.008003; -0.010758; -0.002633 \
#; -0.022836; 0.045599; -0.025888; 0.000865; -0.001728; 0.000981 \
#; 0.005451; 0.010885; 0.006180; 0.022193; 0.044315; 0.025159 \
#; -0.022836; 0.045599; 0.025888; 0.000865; -0.001728; -0.000981 \
#; 0.005451; 0.010885; -0.006180; 0.022193; 0.044315; -0.025159 \
#; 0.007778; -0.010455; -0.002559; -0.001910; 0.002568; 0.000629 \
#; -0.000303; -0.000408; 0.000100; -0.008003; -0.010758; 0.002633 \
#; -0.000000; 0.002749; 0.000000; 0.000000; 0.002073; -0.000000 \
#; 0.031050; 0.000000; -0.031745; -0.041182; 0.000000; 0.042105 \
#; -0.000000; 0.002749; -0.000000; 0.000000; 0.002073; 0.000000 \
#; 0.031050; 0.000000; 0.031745; -0.041182; 0.000000; -0.042105 \
# ]
#metaData: qpt=[0.000000;0.500000;0.000000;4.743502 \
#; -0.008158; -0.000000; -0.005878; -0.000000; -0.000000; 0.000000 \
#; -0.000000; 0.000000; -0.000000; -0.000000; 0.015082; 0.000000 \
#; -0.008158; 0.000000; 0.005878; 0.000000; -0.000000; 0.000000 \
#; 0.000000; 0.000000; 0.000000; 0.000000; 0.015082; 0.000000 \
#; -0.000311; 0.011397; -0.005394; 0.000311; -0.011397; 0.005394 \
#; -0.000311; -0.011397; -0.005394; -0.000311; -0.011397; -0.005394 \
#; -0.000311; 0.011397; 0.005394; 0.000311; -0.011397; -0.005394 \
#; -0.000311; -0.011397; 0.005394; -0.000311; -0.011397; 0.005394 \
#; -0.014439; 0.028831; -0.016369; 0.017713; -0.035370; 0.020081 \
#; -0.014439; -0.028831; -0.016369; -0.017713; -0.035370; -0.020081 \
#; 0.006208; -0.008345; 0.002042; -0.005060; 0.006802; -0.001665 \
#; 0.006208; 0.008345; 0.002042; 0.005060; 0.006802; 0.001665 \
#; 0.006208; -0.008345; -0.002042; -0.005060; 0.006802; 0.001665 \
#; 0.006208; 0.008345; -0.002042; 0.005060; 0.006802; -0.001665 \
#; -0.014439; 0.028831; 0.016369; 0.017713; -0.035370; -0.020081 \
#; -0.014439; -0.028831; 0.016369; -0.017713; -0.035370; 0.020081 \
#; 0.051576; 0.000000; -0.052731; -0.000000; 0.000000; 0.000000 \
#; 0.000000; -0.000000; -0.000000; -0.000000; -0.003443; 0.000000 \
#; 0.051576; -0.000000; 0.052731; -0.000000; 0.000000; -0.000000 \
#; 0.000000; -0.000000; 0.000000; -0.000000; -0.003443; 0.000000 \
# ]
#metaData: qpt=[0.000000;0.500000;0.000000;4.750649 \
#; 0.013664; -0.000000; -0.002607; -0.000000; -0.000000; -0.000000 \
#; -0.000000; 0.000000; -0.000000; -0.000000; 0.010387; 0.000000 \
#; -0.013664; 0.000000; -0.002607; -0.000000; -0.000000; -0.000000 \
#; 0.000000; 0.000000; 0.000000; 0.000000; -0.010387; 0.000000 \
#; -0.004108; -0.007812; -0.001319; 0.004108; 0.007812; 0.001319 \
#; -0.004108; 0.007812; -0.001319; -0.004108; 0.007812; -0.001319 \
#; 0.004108; 0.007812; -0.001319; -0.004108; -0.007812; 0.001319 \
#; 0.004108; -0.007812; -0.001319; 0.004108; -0.007812; -0.001319 \
#; 0.011019; -0.016674; 0.019410; -0.013518; 0.020455; -0.023812 \
#; 0.011019; 0.016674; 0.019410; 0.013518; 0.020455; 0.023812 \
#; 0.006826; -0.047004; 0.009945; -0.005564; 0.038315; -0.008107 \
#; 0.006826; 0.047004; 0.009945; 0.005564; 0.038315; 0.008107 \
#; -0.006826; 0.047004; 0.009945; 0.005564; -0.038315; -0.008107 \
#; -0.006826; -0.047004; 0.009945; -0.005564; -0.038315; 0.008107 \
#; -0.011019; 0.016674; 0.019410; 0.013518; -0.020455; -0.023812 \
#; -0.011019; -0.016674; 0.019410; -0.013518; -0.020455; 0.023812 \
#; -0.008465; 0.000000; -0.039982; 0.000000; 0.000000; 0.000000 \
#; 0.000000; -0.000000; -0.000000; -0.000000; -0.000287; 0.000000 \
#; 0.008465; -0.000000; -0.039982; 0.000000; 0.000000; -0.000000 \
#; 0.000000; -0.000000; 0.000000; -0.000000; 0.000287; 0.000000 \
# ]
#metaData: qpt=[0.000000;0.500000;0.000000;4.750649 \
#; 0.000000; 0.010374; -0.000000; -0.000000; -0.000531; -0.000000 \
#; 0.000699; -0.000000; -0.000133; 0.013646; 0.000000; -0.002604 \
#; -0.000000; -0.010374; -0.000000; -0.000000; 0.000531; 0.000000 \
#; -0.000699; -0.000000; -0.000133; -0.013646; 0.000000; -0.002604 \
#; 0.003892; 0.007402; 0.001250; -0.004312; -0.008202; -0.001385 \
#; -0.004312; 0.008202; -0.001385; -0.003892; 0.007402; -0.001250 \
#; -0.003892; -0.007402; 0.001250; 0.004312; 0.008202; -0.001385 \
#; 0.004312; -0.008202; -0.001385; 0.003892; -0.007402; -0.001250 \
#; -0.005208; 0.035860; -0.007587; 0.007102; -0.048902; 0.010347 \
#; 0.005906; 0.040669; 0.008605; 0.006532; 0.044983; 0.009517 \
#; -0.012936; 0.019576; -0.022788; 0.011696; -0.017698; 0.020603 \
#; 0.014064; 0.021282; 0.024774; 0.010313; 0.015606; 0.018167 \
#; 0.012936; -0.019576; -0.022788; -0.011696; 0.017698; 0.020603 \
#; -0.014064; -0.021282; 0.024774; -0.010313; -0.015606; 0.018167 \
#; 0.005208; -0.035860; -0.007587; -0.007102; 0.048902; 0.010347 \
#; -0.005906; -0.040669; 0.008605; -0.006532; -0.044983; 0.009517 \
#; 0.000000; -0.000287; -0.000000; 0.000000; 0.000015; -0.000000 \
#; -0.000433; 0.000000; -0.002045; -0.008454; -0.000000; -0.039929 \
#; 0.000000; 0.000287; 0.000000; 0.000000; -0.000015; 0.000000 \
#; 0.000433; 0.000000; -0.002045; 0.008454; -0.000000; -0.039929 \
# ]
#metaData: qpt=[0.000000;0.500000;0.000000;5.027655 \
#; -0.000000; 0.000998; 0.000000; -0.000000; -0.000355; -0.000000 \
#; 0.001008; -0.000000; -0.001936; 0.002830; -0.000000; -0.005435 \
#; 0.000000; -0.000998; 0.000000; -0.000000; 0.000355; -0.000000 \
#; -0.001008; -0.000000; -0.001936; -0.002830; 0.000000; -0.005435 \
#; -0.000143; 0.015736; 0.003050; 0.000302; -0.033156; -0.006426 \
#; 0.000302; 0.033156; -0.006426; 0.000143; 0.015736; -0.003050 \
#; 0.000143; -0.015736; 0.003050; -0.000302; 0.033156; -0.006426 \
#; -0.000302; -0.033156; -0.006426; -0.000143; -0.015736; -0.003050 \
#; -0.000047; -0.003355; -0.004056; 0.000133; 0.009436; 0.011405 \
#; 0.000121; -0.008566; 0.010354; 0.000073; -0.005189; 0.006272 \
#; 0.007454; 0.014421; -0.000806; -0.012306; -0.023808; 0.001331 \
#; -0.013556; 0.026226; 0.001466; -0.004820; 0.009325; 0.000521 \
#; -0.007454; -0.014421; -0.000806; 0.012306; 0.023808; 0.001331 \
#; 0.013556; -0.026226; 0.001466; 0.004820; -0.009325; 0.000521 \
#; 0.000047; 0.003355; -0.004056; -0.000133; -0.009436; 0.011405 \
#; -0.000121; 0.008566; 0.010354; -0.000073; 0.005189; 0.006272 \
#; -0.000000; 0.012648; -0.000000; 0.000000; -0.004506; 0.000000 \
#; 0.007386; -0.000000; 0.022082; 0.020730; -0.000000; 0.061979 \
#; 0.000000; -0.012648; -0.000000; -0.000000; 0.004506; 0.000000 \
#; -0.007386; 0.000000; 0.022082; -0.020730; 0.000000; 0.061979 \
# ]
#metaData: qpt=[0.000000;0.500000;0.000000;5.027655 \
#; -0.003004; -0.000000; 0.005769; 0.000000; 0.000000; -0.000000 \
#; -0.000000; -0.000000; 0.000000; -0.000000; -0.001059; 0.000000 \
#; 0.003004; 0.000000; 0.005769; -0.000000; -0.000000; 0.000000 \
#; 0.000000; 0.000000; 0.000000; 0.000000; 0.001059; 0.000000 \
#; -0.000237; 0.025952; 0.005030; 0.000237; -0.025952; -0.005030 \
#; -0.000237; -0.025952; 0.005030; -0.000237; -0.025952; 0.005030 \
#; 0.000237; -0.025952; 0.005030; -0.000237; 0.025952; -0.005030 \
#; 0.000237; 0.025952; 0.005030; 0.000237; 0.025952; 0.005030 \
#; 0.009090; 0.017587; -0.000983; -0.011152; -0.021575; 0.001206 \
#; 0.009090; -0.017587; -0.000983; 0.011152; -0.021575; -0.001206 \
#; -0.000110; -0.007763; -0.009383; 0.000089; 0.006328; 0.007648 \
#; -0.000110; 0.007763; -0.009383; -0.000089; 0.006328; -0.007648 \
#; 0.000110; 0.007763; -0.009383; -0.000089; -0.006328; 0.007648 \
#; 0.000110; -0.007763; -0.009383; 0.000089; -0.006328; -0.007648 \
#; -0.009090; -0.017587; -0.000983; 0.011152; 0.021575; 0.001206 \
#; -0.009090; 0.017587; -0.000983; -0.011152; 0.021575; -0.001206 \
#; -0.022007; -0.000000; -0.065795; 0.000000; 0.000000; -0.000000 \
#; -0.000000; -0.000000; -0.000000; -0.000000; -0.013426; -0.000000 \
#; 0.022007; 0.000000; -0.065795; 0.000000; -0.000000; 0.000000 \
#; 0.000000; 0.000000; -0.000000; 0.000000; 0.013426; -0.000000 \
# ]
#metaData: qpt=[0.000000;0.500000;0.000000;5.833849 \
#; 0.005277; 0.000000; -0.004634; -0.000000; -0.000000; -0.000000 \
#; -0.000000; 0.000000; 0.000000; -0.000000; -0.003092; 0.000000 \
#; -0.005277; -0.000000; -0.004634; 0.000000; 0.000000; 0.000000 \
#; 0.000000; 0.000000; 0.000000; 0.000000; 0.003092; 0.000000 \
#; -0.008202; -0.005582; 0.000304; 0.008202; 0.005582; -0.000304 \
#; -0.008202; 0.005582; 0.000304; -0.008202; 0.005582; 0.000304 \
#; 0.008202; 0.005582; 0.000304; -0.008202; -0.005582; -0.000304 \
#; 0.008202; -0.005582; 0.000304; 0.008202; -0.005582; 0.000304 \
#; 0.000348; 0.028857; 0.001574; -0.000427; -0.035401; -0.001930 \
#; 0.000348; -0.028857; 0.001574; 0.000427; -0.035401; 0.001930 \
#; -0.014526; -0.020832; -0.012938; 0.011841; 0.016981; 0.010546 \
#; -0.014526; 0.020832; -0.012938; -0.011841; 0.016981; -0.010546 \
#; 0.014526; 0.020832; -0.012938; -0.011841; -0.016981; 0.010546 \
#; 0.014526; -0.020832; -0.012938; 0.011841; -0.016981; -0.010546 \
#; -0.000348; -0.028857; 0.001574; 0.000427; 0.035401; -0.001930 \
#; -0.000348; 0.028857; 0.001574; -0.000427; 0.035401; 0.001930 \
#; -0.070213; -0.000000; 0.048880; 0.000000; 0.000000; -0.000000 \
#; 0.000000; 0.000000; -0.000000; 0.000000; 0.003705; -0.000000 \
#; 0.070213; 0.000000; 0.048880; -0.000000; -0.000000; 0.000000 \
#; -0.000000; -0.000000; -0.000000; -0.000000; -0.003705; -0.000000 \
# ]
#metaData: qpt=[0.000000;0.500000;0.000000;5.833849 \
#; -0.000000; 0.003092; 0.000000; -0.000000; -0.000045; 0.000000 \
#; -0.000076; 0.000000; 0.000067; -0.005276; 0.000000; 0.004633 \
#; 0.000000; -0.003092; 0.000000; 0.000000; 0.000045; -0.000000 \
#; 0.000076; 0.000000; 0.000067; 0.005276; -0.000000; 0.004633 \
#; -0.008083; -0.005501; 0.000300; 0.008320; 0.005663; -0.000309 \
#; 0.008320; -0.005663; -0.000309; 0.008083; -0.005501; -0.000300 \
#; 0.008083; 0.005501; 0.000300; -0.008320; -0.005663; -0.000309 \
#; -0.008320; 0.005663; -0.000309; -0.008083; 0.005501; -0.000300 \
#; -0.011629; -0.016677; -0.010358; 0.014696; 0.021076; 0.013090 \
#; 0.012050; -0.017281; 0.010733; 0.014353; -0.020583; 0.012784 \
#; 0.000421; 0.034979; 0.001907; -0.000354; -0.029367; -0.001601 \
#; -0.000432; 0.035816; -0.001953; -0.000341; 0.028341; -0.001545 \
#; -0.000421; -0.034979; 0.001907; 0.000354; 0.029367; -0.001601 \
#; 0.000432; -0.035816; -0.001953; 0.000341; -0.028341; -0.001545 \
#; 0.011629; 0.016677; -0.010358; -0.014696; -0.021076; 0.013090 \
#; -0.012050; 0.017281; 0.010733; -0.014353; 0.020583; 0.012784 \
#; 0.000000; -0.003705; -0.000000; -0.000000; 0.000054; 0.000000 \
#; 0.001018; -0.000000; -0.000708; 0.070205; -0.000000; -0.048875 \
#; -0.000000; 0.003705; -0.000000; 0.000000; -0.000054; 0.000000 \
#; -0.001018; 0.000000; -0.000708; -0.070205; 0.000000; -0.048875 \
# ]
#metaData: qpt=[0.000000;0.500000;0.000000;5.890886 \
#; -0.003295; -0.000000; 0.010873; 0.000000; 0.000000; -0.000000 \
#; 0.000000; -0.000000; -0.000000; 0.000000; 0.000056; -0.000000 \
#; -0.003295; -0.000000; -0.010873; 0.000000; 0.000000; 0.000000 \
#; 0.000000; 0.000000; 0.000000; 0.000000; 0.000056; 0.000000 \
#; 0.002922; 0.002981; 0.015236; -0.002922; -0.002981; -0.015236 \
#; 0.002922; -0.002981; 0.015236; 0.002922; -0.002981; 0.015236 \
#; 0.002922; 0.002981; -0.015236; -0.002922; -0.002981; 0.015236 \
#; 0.002922; -0.002981; -0.015236; 0.002922; -0.002981; -0.015236 \
#; -0.005019; 0.017840; -0.003936; 0.006157; -0.021886; 0.004829 \
#; -0.005019; -0.017840; -0.003936; -0.006157; -0.021886; -0.004829 \
#; -0.001241; -0.040316; 0.005975; 0.001012; 0.032863; -0.004871 \
#; -0.001241; 0.040316; 0.005975; -0.001012; 0.032863; 0.004871 \
#; -0.001241; -0.040316; -0.005975; 0.001012; 0.032863; 0.004871 \
#; -0.001241; 0.040316; -0.005975; -0.001012; 0.032863; -0.004871 \
#; -0.005019; 0.017840; 0.003936; 0.006157; -0.021886; -0.004829 \
#; -0.005019; -0.017840; 0.003936; -0.006157; -0.021886; 0.004829 \
#; -0.000040; -0.000000; 0.069777; 0.000000; 0.000000; -0.000000 \
#; 0.000000; 0.000000; -0.000000; 0.000000; 0.000604; -0.000000 \
#; -0.000040; -0.000000; -0.069777; -0.000000; 0.000000; 0.000000 \
#; 0.000000; -0.000000; 0.000000; 0.000000; 0.000604; 0.000000 \
# ]
#metaData: qpt=[0.000000;0.500000;0.000000;5.890886 \
#; 0.000000; -0.000033; -0.000000; 0.000000; 0.000045; 0.000000 \
#; 0.002657; 0.000000; -0.008766; 0.001949; -0.000000; -0.006432 \
#; 0.000000; -0.000033; 0.000000; -0.000000; 0.000045; -0.000000 \
#; 0.002657; 0.000000; 0.008766; 0.001949; -0.000000; 0.006432 \
#; -0.000627; -0.000640; -0.003272; -0.004084; -0.004167; -0.021298 \
#; -0.004084; 0.004167; -0.021298; 0.000627; -0.000640; 0.003272 \
#; -0.000627; -0.000640; 0.003272; -0.004084; -0.004167; 0.021298 \
#; -0.004084; 0.004167; 0.021298; 0.000627; -0.000640; -0.003272 \
#; 0.000402; 0.013067; -0.001937; 0.001550; 0.050345; -0.007462 \
#; 0.001599; -0.051946; -0.007699; -0.000082; 0.002649; 0.000393 \
#; 0.000404; -0.001438; 0.000317; 0.007933; -0.028200; 0.006222 \
#; 0.007688; 0.027331; 0.006030; -0.001995; -0.007093; -0.001565 \
#; 0.000404; -0.001438; -0.000317; 0.007933; -0.028200; -0.006222 \
#; 0.007688; 0.027331; -0.006030; -0.001995; -0.007093; 0.001565 \
#; 0.000402; 0.013067; 0.001937; 0.001550; 0.050345; 0.007462 \
#; 0.001599; -0.051946; 0.007699; -0.000082; 0.002649; -0.000393 \
#; 0.000000; -0.000357; -0.000000; -0.000000; 0.000487; 0.000000 \
#; 0.000032; -0.000000; -0.056260; 0.000024; -0.000000; -0.041275 \
#; 0.000000; -0.000357; 0.000000; 0.000000; 0.000487; -0.000000 \
#; 0.000032; 0.000000; 0.056260; 0.000024; -0.000000; 0.041275 \
# ]
#metaData: qpt=[0.000000;0.500000;0.000000;6.456707 \
#; 0.000000; -0.002605; -0.000001; -0.000000; -0.002478; -0.000000 \
#; -0.002044; 0.000000; 0.003024; 0.002149; -0.000000; -0.003179 \
#; -0.000000; 0.002605; -0.000001; 0.000000; 0.002478; 0.000000 \
#; 0.002044; 0.000000; 0.003024; -0.002149; 0.000000; -0.003179 \
#; 0.000641; -0.000346; -0.000238; -0.000016; 0.000009; 0.000006 \
#; -0.000016; -0.000009; 0.000006; -0.000641; -0.000346; 0.000238 \
#; -0.000641; 0.000346; -0.000238; 0.000016; -0.000009; 0.000006 \
#; 0.000016; 0.000009; 0.000006; 0.000641; 0.000346; 0.000238 \
#; -0.043050; 0.019456; -0.041872; 0.005480; -0.002476; 0.005330 \
#; -0.003318; -0.001499; -0.003227; 0.043263; 0.019553; 0.042080 \
#; 0.040459; -0.015328; 0.040373; 0.003096; -0.001173; 0.003089 \
#; -0.005116; -0.001938; -0.005105; -0.040246; -0.015247; -0.040160 \
#; -0.040459; 0.015328; 0.040373; -0.003096; 0.001173; 0.003089 \
#; 0.005116; 0.001938; -0.005105; 0.040246; 0.015247; -0.040160 \
#; 0.043050; -0.019456; -0.041872; -0.005480; 0.002476; 0.005330 \
#; 0.003318; 0.001499; -0.003227; -0.043263; -0.019553; 0.042080 \
#; -0.000002; -0.003092; -0.000001; 0.000000; -0.002941; -0.000000 \
#; 0.009691; 0.000000; 0.005315; -0.010189; -0.000001; -0.005588 \
#; 0.000002; 0.003092; -0.000001; -0.000000; 0.002941; 0.000000 \
#; -0.009691; 0.000000; 0.005315; 0.010189; 0.000001; -0.005588 \
# ]
#metaData: qpt=[0.000000;0.500000;0.000000;6.456707 \
#; 0.002965; 0.000000; -0.004388; 0.000000; 0.000000; -0.000000 \
#; 0.000000; -0.000000; -0.000000; -0.000000; -0.003596; 0.000000 \
#; -0.002965; -0.000000; -0.004388; 0.000000; -0.000000; 0.000000 \
#; -0.000000; -0.000000; -0.000000; 0.000000; 0.003596; 0.000000 \
#; -0.000454; 0.000245; 0.000168; 0.000453; -0.000245; -0.000168 \
#; -0.000453; -0.000245; 0.000168; -0.000453; -0.000245; 0.000168 \
#; 0.000454; -0.000245; 0.000168; -0.000453; 0.000245; -0.000168 \
#; 0.000453; 0.000245; 0.000168; 0.000453; 0.000245; 0.000168 \
#; -0.025630; 0.009709; -0.025575; 0.031449; -0.011914; 0.031381 \
#; -0.025635; -0.009712; -0.025580; -0.031455; -0.011917; -0.031387 \
#; 0.033630; -0.015200; 0.032710; -0.027418; 0.012391; -0.026668 \
#; 0.033636; 0.015202; 0.032716; 0.027422; 0.012393; 0.026672 \
#; -0.033630; 0.015200; 0.032710; 0.027418; -0.012391; -0.026668 \
#; -0.033636; -0.015202; 0.032716; -0.027422; -0.012393; 0.026672 \
#; 0.025630; -0.009709; -0.025575; -0.031449; 0.011914; 0.031381 \
#; 0.025635; 0.009712; -0.025580; 0.031455; 0.011917; -0.031387 \
#; -0.014062; 0.000000; -0.007712; 0.000000; 0.000000; 0.000000 \
#; -0.000001; -0.000000; -0.000001; 0.000001; -0.004267; 0.000001 \
#; 0.014062; -0.000000; -0.007712; -0.000000; -0.000000; -0.000000 \
#; 0.000001; -0.000000; -0.000001; -0.000001; 0.004267; 0.000001 \
# ]
#metaData: qpt=[0.000000;0.500000;0.000000;6.570620 \
#; -0.000000; 0.003097; 0.000000; -0.000000; -0.005441; -0.000000 \
#; 0.002622; 0.000000; -0.004669; 0.001492; -0.000000; -0.002657 \
#; -0.000000; 0.003097; -0.000000; -0.000000; -0.005441; -0.000000 \
#; 0.002622; 0.000000; 0.004669; 0.001492; -0.000000; 0.002657 \
#; -0.001269; -0.004213; -0.009076; -0.004624; -0.015346; -0.033058 \
#; -0.004623; 0.015345; -0.033055; 0.001270; -0.004215; 0.009080 \
#; -0.001269; -0.004213; 0.009076; -0.004624; -0.015346; 0.033058 \
#; -0.004623; 0.015345; 0.033055; 0.001270; -0.004215; -0.009080 \
#; -0.000256; 0.004407; 0.001979; -0.000660; 0.011384; 0.005109 \
#; -0.000698; -0.012035; 0.005403; 0.000117; 0.002025; -0.000908 \
#; 0.000127; 0.005892; 0.000516; 0.000758; 0.035060; 0.003070 \
#; 0.000717; -0.033151; 0.002903; -0.000278; 0.012840; -0.001124 \
#; 0.000127; 0.005892; -0.000516; 0.000758; 0.035060; -0.003070 \
#; 0.000717; -0.033151; -0.002903; -0.000278; 0.012840; 0.001124 \
#; -0.000256; 0.004407; -0.001979; -0.000660; 0.011384; -0.005109 \
#; -0.000698; -0.012035; -0.005403; 0.000117; 0.002025; 0.000908 \
#; 0.000000; 0.010733; -0.000004; 0.000000; -0.018860; -0.000000 \
#; -0.000457; 0.000000; 0.052344; -0.000260; -0.000001; 0.029789 \
#; 0.000000; 0.010733; 0.000004; 0.000000; -0.018860; 0.000000 \
#; -0.000457; 0.000000; -0.052344; -0.000260; -0.000001; -0.029789 \
# ]
#metaData: qpt=[0.000000;0.500000;0.000000;6.570620 \
#; -0.003017; -0.000000; 0.005372; 0.000000; 0.000000; -0.000000 \
#; -0.000000; -0.000000; 0.000000; -0.000000; -0.006260; 0.000000 \
#; -0.003017; -0.000000; -0.005372; 0.000000; 0.000000; 0.000000 \
#; -0.000000; -0.000000; -0.000000; -0.000000; -0.006260; -0.000000 \
#; 0.003390; 0.011253; 0.024240; -0.003390; -0.011252; -0.024237 \
#; 0.003391; -0.011254; 0.024242; 0.003390; -0.011252; 0.024239 \
#; 0.003390; 0.011253; -0.024240; -0.003390; -0.011252; 0.024237 \
#; 0.003391; -0.011254; -0.024242; 0.003390; -0.011252; -0.024239 \
#; -0.000486; -0.022462; -0.001967; 0.000596; 0.027556; 0.002413 \
#; -0.000486; 0.022463; -0.001967; -0.000596; 0.027556; -0.002413 \
#; 0.000549; -0.009461; -0.004247; -0.000447; 0.007709; 0.003462 \
#; 0.000549; 0.009463; -0.004247; 0.000447; 0.007711; -0.003462 \
#; 0.000549; -0.009461; 0.004247; -0.000447; 0.007709; -0.003462 \
#; 0.000549; 0.009463; 0.004247; 0.000447; 0.007711; 0.003462 \
#; -0.000486; -0.022462; 0.001967; 0.000596; 0.027556; -0.002413 \
#; -0.000486; 0.022463; 0.001967; -0.000596; 0.027556; 0.002413 \
#; 0.000526; -0.000001; -0.060227; 0.000000; 0.000001; 0.000000 \
#; 0.000000; -0.000000; -0.000004; 0.000000; -0.021701; -0.000002 \
#; 0.000526; -0.000001; 0.060227; -0.000000; 0.000001; -0.000000 \
#; 0.000000; -0.000000; 0.000004; 0.000000; -0.021701; 0.000002 \
# ]
#metaData: qpt=[0.000000;0.500000;0.000000;6.753730 \
#; 0.006697; -0.000103; 0.000838; 0.000000; 0.000062; 0.000000 \
#; 0.000119; -0.000000; 0.000015; 0.000198; -0.003474; 0.000025 \
#; -0.006697; 0.000103; 0.000838; -0.000000; -0.000062; 0.000000 \
#; -0.000119; 0.000000; 0.000015; -0.000198; 0.003474; 0.000025 \
#; -0.033510; -0.001194; 0.004856; 0.032301; 0.001151; -0.004681 \
#; -0.035519; 0.001266; 0.005147; -0.034310; 0.001223; 0.004972 \
#; 0.033510; 0.001194; 0.004856; -0.032301; -0.001151; -0.004681 \
#; 0.035519; -0.001266; 0.005147; 0.034310; -0.001223; 0.004972 \
#; -0.004946; 0.000336; -0.004326; 0.005945; -0.000112; 0.005185 \
#; -0.005108; -0.000733; -0.004489; -0.006144; -0.000600; -0.005385 \
#; -0.003279; 0.008217; -0.003295; 0.002492; -0.006684; 0.002528 \
#; -0.003640; -0.008245; -0.003611; -0.002786; -0.006707; -0.002785 \
#; 0.003279; -0.008217; -0.003295; -0.002492; 0.006684; 0.002528 \
#; 0.003640; 0.008245; -0.003611; 0.002786; 0.006707; -0.002785 \
#; 0.004946; -0.000336; -0.004326; -0.005945; 0.000112; 0.005185 \
#; 0.005108; 0.000733; -0.004489; 0.006144; 0.000600; -0.005385 \
#; 0.034197; 0.000004; -0.016182; 0.000000; -0.000002; -0.000000 \
#; 0.000610; 0.000000; -0.000289; 0.001013; 0.000123; -0.000479 \
#; -0.034197; -0.000004; -0.016182; -0.000000; 0.000002; 0.000000 \
#; -0.000610; 0.000000; -0.000289; -0.001013; -0.000123; -0.000479 \
# ]
#metaData: qpt=[0.000000;0.500000;0.000000;6.753730 \
#; -0.000232; -0.002976; -0.000029; 0.000000; 0.001792; 0.000000 \
#; 0.003454; -0.000000; 0.000432; 0.005737; 0.000120; 0.000718 \
#; 0.000232; 0.002976; -0.000029; 0.000000; -0.001792; -0.000000 \
#; -0.003454; -0.000000; 0.000432; -0.005737; -0.000120; 0.000718 \
#; 0.012731; 0.000454; -0.001845; -0.047715; -0.001700; 0.006915 \
#; -0.045370; 0.001617; 0.006575; -0.010385; 0.000370; 0.001505 \
#; -0.012731; -0.000454; -0.001845; 0.047715; 0.001700; 0.006915 \
#; 0.045370; -0.001617; 0.006575; 0.010385; -0.000370; 0.001505 \
#; 0.000787; -0.001514; 0.000766; -0.004516; 0.010520; -0.004496 \
#; -0.003921; -0.009972; -0.003948; -0.001260; -0.003571; -0.001288 \
#; 0.002775; -0.000492; 0.002443; -0.007493; 0.000809; -0.006571 \
#; -0.007666; -0.000323; -0.006695; -0.001017; 0.000145; -0.000878 \
#; -0.002775; 0.000492; 0.002443; 0.007493; -0.000809; -0.006571 \
#; 0.007666; 0.000323; -0.006695; 0.001017; -0.000145; -0.000878 \
#; -0.000787; 0.001514; 0.000766; 0.004516; -0.010520; -0.004496 \
#; 0.003921; 0.009972; -0.003948; 0.001260; 0.003571; -0.001288 \
#; -0.001182; 0.000105; 0.000560; -0.000000; -0.000063; 0.000000 \
#; 0.017640; -0.000000; -0.008347; 0.029296; -0.000004; -0.013863 \
#; 0.001182; -0.000105; 0.000560; 0.000000; 0.000063; -0.000000 \
#; -0.017640; -0.000000; -0.008347; -0.029296; 0.000004; -0.013863 \
# ]
#metaData: qpt=[0.000000;0.500000;0.000000;7.061561 \
#; -0.001101; 0.001418; -0.001366; 0.000000; 0.002495; 0.000000 \
#; -0.000668; -0.000000; -0.000829; 0.000380; -0.004111; 0.000471 \
#; -0.001101; 0.001418; 0.001366; -0.000000; 0.002495; -0.000000 \
#; -0.000668; 0.000000; 0.000829; 0.000380; -0.004111; -0.000471 \
#; -0.003294; 0.026140; -0.032946; 0.001246; -0.009884; 0.012457 \
#; -0.002130; -0.016902; -0.021303; -0.000081; -0.000646; -0.000814 \
#; -0.003294; 0.026140; 0.032946; 0.001246; -0.009884; -0.012457 \
#; -0.002130; -0.016902; 0.021303; -0.000081; -0.000646; 0.000814 \
#; 0.008474; -0.043723; 0.002538; -0.003639; 0.018842; -0.000204 \
#; 0.005409; 0.027936; 0.001218; -0.000122; -0.000525; -0.001416 \
#; 0.009194; -0.047431; 0.002815; -0.002993; 0.015380; -0.001733 \
#; 0.006121; 0.031533; 0.002431; 0.000488; 0.002421; 0.001421 \
#; 0.009194; -0.047431; -0.002815; -0.002993; 0.015380; 0.001733 \
#; 0.006121; 0.031533; -0.002431; 0.000488; 0.002421; -0.001421 \
#; 0.008474; -0.043723; -0.002538; -0.003639; 0.018842; 0.000204 \
#; 0.005409; 0.027936; -0.001218; -0.000122; -0.000525; 0.001416 \
#; -0.002267; 0.007171; 0.008275; 0.000000; 0.012619; -0.000000 \
#; -0.001376; 0.000000; 0.005022; 0.000782; -0.020792; -0.002854 \
#; -0.002267; 0.007171; -0.008275; -0.000000; 0.012619; -0.000000 \
#; -0.001376; 0.000000; -0.005022; 0.000782; -0.020792; 0.002854 \
# ]
#metaData: qpt=[0.000000;0.500000;0.000000;7.061561 \
#; -0.000769; -0.002031; -0.000954; -0.000000; -0.003574; -0.000000 \
#; 0.000957; 0.000000; 0.001188; -0.000544; -0.002870; -0.000675 \
#; -0.000769; -0.002031; 0.000954; -0.000000; -0.003574; 0.000000 \
#; 0.000957; 0.000000; -0.001188; -0.000544; -0.002870; 0.000675 \
#; 0.001123; -0.008913; 0.011233; 0.001812; -0.014376; 0.018119 \
#; -0.000545; -0.004321; -0.005446; -0.003479; -0.027610; -0.034798 \
#; 0.001123; -0.008913; -0.011233; 0.001812; -0.014376; -0.018119 \
#; -0.000545; -0.004321; 0.005446; -0.003479; -0.027610; 0.034798 \
#; -0.004402; 0.022606; -0.002671; -0.004281; 0.022117; -0.000892 \
#; -0.000010; 0.000010; -0.000780; 0.009669; 0.049862; 0.003212 \
#; -0.001553; 0.008123; 0.000971; -0.005182; 0.026734; -0.001595 \
#; 0.002850; 0.014653; 0.001520; 0.008771; 0.045300; 0.002043 \
#; -0.001553; 0.008123; -0.000971; -0.005182; 0.026734; 0.001595 \
#; 0.002850; 0.014653; -0.001520; 0.008771; 0.045300; -0.002043 \
#; -0.004402; 0.022606; 0.002671; -0.004281; 0.022117; 0.000892 \
#; -0.000010; 0.000010; 0.000780; 0.009669; 0.049862; -0.003212 \
#; -0.001583; -0.010273; 0.005777; 0.000000; -0.018078; 0.000000 \
#; 0.001971; -0.000000; -0.007195; -0.001120; -0.014514; 0.004089 \
#; -0.001583; -0.010273; -0.005777; 0.000000; -0.018078; 0.000000 \
#; 0.001971; -0.000000; 0.007195; -0.001120; -0.014514; -0.004089 \
# ]
#metaData: qpt=[0.000000;0.500000;0.000000;8.321129 \
#; 0.000536; 0.000000; -0.000649; -0.000000; -0.000000; -0.000000 \
#; 0.000000; 0.000000; -0.000000; 0.000000; 0.000645; -0.000000 \
#; 0.000536; 0.000000; 0.000649; 0.000000; -0.000000; 0.000000 \
#; 0.000000; 0.000000; 0.000000; 0.000000; 0.000645; 0.000000 \
#; -0.005571; -0.000504; 0.000772; 0.005569; 0.000504; -0.000771 \
#; -0.005572; 0.000504; 0.000772; -0.005569; 0.000504; 0.000771 \
#; -0.005571; -0.000504; -0.000772; 0.005569; 0.000504; 0.000771 \
#; -0.005572; 0.000504; -0.000772; -0.005569; 0.000504; -0.000771 \
#; 0.023854; 0.001493; -0.041263; -0.029261; -0.001831; 0.050608 \
#; 0.023855; -0.001493; -0.041264; 0.029261; -0.001831; -0.050609 \
#; 0.007758; 0.001168; -0.029501; -0.006314; -0.000951; 0.024030 \
#; 0.007759; -0.001168; -0.029503; 0.006314; -0.000951; -0.024031 \
#; 0.007758; 0.001168; 0.029501; -0.006314; -0.000951; -0.024030 \
#; 0.007759; -0.001168; 0.029503; 0.006314; -0.000951; 0.024031 \
#; 0.023854; 0.001493; 0.041263; -0.029261; -0.001831; -0.050608 \
#; 0.023855; -0.001493; 0.041264; 0.029261; -0.001831; 0.050609 \
#; -0.026073; -0.000000; 0.007644; -0.000000; 0.000000; -0.000000 \
#; -0.000006; 0.000000; 0.000002; -0.000000; -0.000230; 0.000000 \
#; -0.026073; -0.000000; -0.007644; -0.000000; 0.000000; -0.000000 \
#; -0.000006; -0.000000; -0.000002; -0.000000; -0.000230; -0.000000 \
# ]
#metaData: qpt=[0.000000;0.500000;0.000000;8.321129 \
#; 0.000000; -0.000048; -0.000000; 0.000000; 0.000644; -0.000000 \
#; -0.000534; -0.000000; 0.000647; -0.000039; 0.000000; 0.000048 \
#; 0.000000; -0.000048; 0.000000; -0.000000; 0.000644; -0.000000 \
#; -0.000534; -0.000000; -0.000647; -0.000039; 0.000000; -0.000048 \
#; 0.005143; 0.000465; -0.000712; 0.005967; 0.000540; -0.000827 \
#; 0.005965; -0.000540; -0.000826; -0.005145; 0.000466; 0.000713 \
#; 0.005143; 0.000465; 0.000712; 0.005967; 0.000540; 0.000827 \
#; 0.005965; -0.000540; 0.000826; -0.005145; 0.000466; -0.000713 \
#; -0.007261; -0.001094; 0.027631; -0.006881; -0.001035; 0.026162 \
#; -0.008194; 0.001234; 0.031178; 0.005737; -0.000863; -0.021811 \
#; -0.021628; -0.001353; 0.037406; -0.030943; -0.001936; 0.053524 \
#; -0.025944; 0.001623; 0.044872; 0.027425; -0.001716; -0.047438 \
#; -0.021628; -0.001353; -0.037406; -0.030943; -0.001936; -0.053524 \
#; -0.025944; 0.001623; -0.044872; 0.027425; -0.001716; 0.047438 \
#; -0.007261; -0.001094; -0.027631; -0.006881; -0.001035; -0.026162 \
#; -0.008194; 0.001234; -0.031178; 0.005737; -0.000863; 0.021811 \
#; -0.000006; 0.000017; 0.000002; 0.000000; -0.000229; -0.000000 \
#; 0.026002; -0.000000; -0.007623; 0.001923; -0.000000; -0.000564 \
#; -0.000006; 0.000017; -0.000002; 0.000000; -0.000229; 0.000000 \
#; 0.026002; 0.000000; 0.007623; 0.001923; -0.000000; 0.000564 \
# ]
#metaData: qpt=[0.000000;0.500000;0.000000;8.379825 \
#; -0.000000; -0.000134; 0.000000; 0.000000; 0.000114; 0.000000 \
#; -0.000703; 0.000000; 0.000208; -0.000827; -0.000000; 0.000245 \
#; 0.000000; 0.000134; 0.000000; -0.000000; -0.000114; -0.000000 \
#; 0.000703; 0.000000; 0.000208; 0.000827; 0.000000; 0.000245 \
#; -0.000093; 0.000300; 0.000260; 0.001145; -0.003713; -0.003214 \
#; 0.001145; 0.003714; -0.003214; 0.000093; 0.000301; -0.000260 \
#; 0.000093; -0.000300; 0.000260; -0.001145; 0.003713; -0.003214 \
#; -0.001145; -0.003714; -0.003214; -0.000093; -0.000301; -0.000260 \
#; 0.000005; 0.000040; -0.000318; 0.000377; 0.001938; -0.015378 \
#; 0.000365; -0.001906; -0.015123; 0.000065; -0.000351; -0.002785 \
#; 0.006569; -0.000037; -0.004598; -0.035653; 0.000201; 0.024954 \
#; -0.036246; -0.000205; 0.025366; 0.000754; 0.000004; -0.000529 \
#; -0.006569; 0.000037; -0.004598; 0.035653; -0.000201; 0.024954 \
#; 0.036246; 0.000205; 0.025366; -0.000754; -0.000004; -0.000529 \
#; -0.000005; -0.000040; -0.000318; -0.000377; -0.001938; -0.015378 \
#; -0.000365; 0.001906; -0.015123; -0.000065; 0.000351; -0.002785 \
#; -0.000000; -0.080018; -0.000000; 0.000000; 0.068044; -0.000000 \
#; -0.000174; -0.000000; -0.002455; -0.000205; -0.000011; -0.002887 \
#; 0.000000; 0.080018; -0.000000; 0.000000; -0.068044; 0.000000 \
#; 0.000174; 0.000000; -0.002455; 0.000205; 0.000011; -0.002887 \
# ]
#metaData: qpt=[0.000000;0.500000;0.000000;8.379825 \
#; 0.001085; -0.000000; -0.000322; 0.000000; 0.000000; 0.000000 \
#; -0.000000; 0.000000; 0.000000; -0.000000; 0.000176; 0.000000 \
#; -0.001085; 0.000000; -0.000322; 0.000000; -0.000000; -0.000000 \
#; 0.000000; 0.000000; 0.000000; 0.000000; -0.000176; 0.000000 \
#; -0.000812; 0.002635; 0.002280; 0.000812; -0.002635; -0.002281 \
#; -0.000812; -0.002634; 0.002280; -0.000812; -0.002635; 0.002280 \
#; 0.000812; -0.002635; 0.002280; -0.000812; 0.002635; -0.002281 \
#; 0.000812; 0.002634; 0.002280; 0.000812; 0.002635; 0.002280 \
#; 0.022906; -0.000129; -0.016031; -0.028100; 0.000159; 0.019665 \
#; 0.022906; 0.000129; -0.016033; 0.028101; 0.000159; -0.019667 \
#; -0.000289; -0.001503; 0.011921; 0.000233; 0.001225; -0.009715 \
#; -0.000294; 0.001503; 0.011924; -0.000236; 0.001225; 0.009717 \
#; 0.000289; 0.001503; 0.011921; -0.000233; -0.001225; -0.009715 \
#; 0.000294; -0.001503; 0.011924; 0.000236; -0.001225; 0.009717 \
#; -0.022906; 0.000129; -0.016031; 0.028100; -0.000159; 0.019665 \
#; -0.022906; -0.000129; -0.016033; -0.028101; -0.000159; -0.019667 \
#; 0.000269; -0.000008; 0.003789; 0.000000; 0.000007; 0.000000 \
#; -0.000000; -0.000000; -0.000000; -0.000000; 0.105038; -0.000000 \
#; -0.000269; 0.000008; 0.003789; 0.000000; -0.000007; 0.000000 \
#; 0.000000; -0.000000; -0.000000; 0.000000; -0.105038; -0.000000 \
# ]
#metaData: qpt=[0.000000;0.500000;0.000000;8.531744 \
#; 0.000000; 0.000407; -0.000000; 0.000000; 0.000058; -0.000000 \
#; 0.000067; -0.000000; -0.000066; -0.000468; -0.000000; 0.000459 \
#; 0.000000; 0.000407; 0.000000; 0.000000; 0.000058; -0.000000 \
#; 0.000067; -0.000000; 0.000066; -0.000468; -0.000000; -0.000459 \
#; 0.001756; 0.000145; -0.000164; -0.001316; -0.000109; 0.000123 \
#; -0.001315; 0.000109; 0.000123; -0.001756; 0.000145; 0.000164 \
#; 0.001756; 0.000145; 0.000164; -0.001316; -0.000109; -0.000123 \
#; -0.001315; 0.000109; -0.000123; -0.001756; 0.000145; -0.000164 \
#; -0.036592; 0.001260; 0.042245; 0.033704; -0.001160; -0.038913 \
#; 0.025646; 0.000883; -0.029605; 0.042648; 0.001469; -0.049232 \
#; 0.030395; -0.002134; -0.021156; -0.018275; 0.001283; 0.012719 \
#; -0.024045; -0.001688; 0.016743; -0.026102; -0.001832; 0.018174 \
#; 0.030395; -0.002134; 0.021156; -0.018275; 0.001283; -0.012719 \
#; -0.024045; -0.001688; -0.016743; -0.026102; -0.001832; -0.018174 \
#; -0.036592; 0.001260; -0.042245; 0.033704; -0.001160; 0.038913 \
#; 0.025646; 0.000883; 0.029605; 0.042648; 0.001469; 0.049232 \
#; 0.000003; 0.000919; -0.000002; 0.000000; 0.000132; -0.000000 \
#; 0.002071; 0.000000; -0.000960; -0.014434; -0.000000; 0.006690 \
#; 0.000003; 0.000919; 0.000002; 0.000000; 0.000132; 0.000000 \
#; 0.002071; -0.000000; 0.000960; -0.014434; -0.000000; -0.006690 \
# ]
#metaData: qpt=[0.000000;0.500000;0.000000;8.531744 \
#; -0.000473; 0.000000; 0.000464; 0.000000; 0.000000; 0.000000 \
#; 0.000000; 0.000000; -0.000000; -0.000000; 0.000411; 0.000000 \
#; -0.000473; 0.000000; -0.000464; -0.000000; 0.000000; -0.000000 \
#; 0.000000; 0.000000; 0.000000; -0.000000; 0.000411; -0.000000 \
#; -0.001551; -0.000128; 0.000145; 0.001551; 0.000128; -0.000145 \
#; -0.001552; 0.000128; 0.000145; -0.001552; 0.000128; 0.000145 \
#; -0.001551; -0.000128; -0.000145; 0.001551; 0.000128; 0.000145 \
#; -0.001552; 0.000128; -0.000145; -0.001552; 0.000128; -0.000145 \
#; -0.022424; 0.001574; 0.015615; 0.027507; -0.001931; -0.019153 \
#; -0.022410; -0.001573; 0.015598; -0.027489; -0.001930; 0.019132 \
#; 0.038574; -0.001329; -0.044529; -0.031442; 0.001083; 0.036296 \
#; 0.038562; 0.001328; -0.044520; 0.031431; 0.001082; -0.036289 \
#; 0.038574; -0.001329; 0.044529; -0.031442; 0.001083; -0.036296 \
#; 0.038562; 0.001328; 0.044520; 0.031431; 0.001082; 0.036289 \
#; -0.022424; 0.001574; -0.015615; 0.027507; -0.001931; 0.019153 \
#; -0.022410; -0.001573; -0.015598; -0.027489; -0.001930; -0.019132 \
#; -0.014582; 0.000000; 0.006758; -0.000000; 0.000000; 0.000000 \
#; 0.000000; -0.000000; -0.000000; -0.000003; 0.000928; 0.000002 \
#; -0.014582; 0.000000; -0.006758; -0.000000; 0.000000; 0.000000 \
#; 0.000000; 0.000000; 0.000000; -0.000003; 0.000928; -0.000002 \
# ]
#metaData: qpt=[0.000000;0.500000;0.000000;8.562234 \
#; -0.000000; 0.000566; 0.000000; -0.000000; -0.000634; 0.000000 \
#; 0.000803; 0.000000; -0.000477; 0.000718; -0.000000; -0.000426 \
#; 0.000000; -0.000566; 0.000000; -0.000000; 0.000634; -0.000000 \
#; -0.000803; -0.000000; -0.000477; -0.000718; 0.000000; -0.000426 \
#; -0.000139; -0.000146; 0.000433; -0.002468; -0.002599; 0.007700 \
#; -0.002468; 0.002598; 0.007700; 0.000139; -0.000146; -0.000433 \
#; 0.000139; 0.000146; 0.000433; 0.002468; 0.002599; 0.007700 \
#; 0.002468; -0.002598; 0.007700; -0.000139; 0.000146; -0.000433 \
#; 0.008764; -0.000313; -0.004719; 0.055116; -0.001966; -0.029679 \
#; 0.055751; 0.001989; -0.030021; 0.002526; 0.000090; -0.001360 \
#; -0.002076; 0.000129; 0.000880; 0.045791; -0.002837; -0.019413 \
#; 0.045268; 0.002805; -0.019191; -0.007199; -0.000446; 0.003052 \
#; 0.002076; -0.000129; 0.000880; -0.045791; 0.002837; -0.019413 \
#; -0.045268; -0.002805; -0.019191; 0.007199; 0.000446; 0.003052 \
#; -0.008764; 0.000313; -0.004719; -0.055116; 0.001966; -0.029679 \
#; -0.055751; -0.001989; -0.030021; -0.002526; -0.000090; -0.001360 \
#; -0.000000; -0.022711; -0.000000; -0.000000; 0.025419; 0.000000 \
#; 0.004511; -0.000000; 0.023090; 0.004031; 0.000000; 0.020631 \
#; 0.000000; 0.022711; -0.000000; -0.000000; -0.025419; -0.000000 \
#; -0.004511; 0.000000; 0.023090; -0.004031; -0.000000; 0.020631 \
# ]
#metaData: qpt=[0.000000;0.500000;0.000000;8.562234 \
#; -0.001077; -0.000000; 0.000640; 0.000000; 0.000000; -0.000000 \
#; -0.000000; -0.000000; 0.000000; -0.000000; -0.000850; 0.000000 \
#; 0.001077; 0.000000; 0.000640; 0.000000; -0.000000; 0.000000 \
#; 0.000000; 0.000000; 0.000000; 0.000000; 0.000850; 0.000000 \
#; 0.001748; 0.001840; -0.005454; -0.001748; -0.001840; 0.005454 \
#; 0.001748; -0.001840; -0.005454; 0.001748; -0.001840; -0.005454 \
#; -0.001748; -0.001840; -0.005454; 0.001748; 0.001840; 0.005454 \
#; -0.001748; 0.001840; -0.005454; -0.001748; 0.001840; -0.005454 \
#; -0.028961; 0.001794; 0.012278; 0.035529; -0.002201; -0.015062 \
#; -0.028961; -0.001794; 0.012278; -0.035529; -0.002201; 0.015062 \
#; -0.043258; 0.001543; 0.023293; 0.035261; -0.001258; -0.018987 \
#; -0.043258; -0.001543; 0.023294; -0.035261; -0.001258; 0.018987 \
#; 0.043258; -0.001543; 0.023293; -0.035261; 0.001258; -0.018987 \
#; 0.043258; 0.001543; 0.023294; 0.035261; 0.001258; 0.018987 \
#; 0.028961; -0.001794; 0.012278; -0.035529; 0.002201; -0.015062 \
#; 0.028961; 0.001794; 0.012278; 0.035529; 0.002201; 0.015062 \
#; -0.006050; 0.000000; -0.030964; -0.000000; -0.000000; -0.000000 \
#; -0.000000; 0.000000; -0.000000; -0.000000; 0.034087; -0.000000 \
#; 0.006050; -0.000000; -0.030964; -0.000000; 0.000000; -0.000000 \
#; 0.000000; -0.000000; -0.000000; 0.000000; -0.034087; -0.000000 \
# ]
#metaData: qpt=[0.000000;0.500000;0.000000;11.956229 \
#; -0.000023; 0.000000; -0.000090; -0.000000; -0.000000; -0.000000 \
#; -0.000000; -0.000000; -0.000000; 0.000000; -0.006100; -0.000000 \
#; -0.000023; 0.000000; 0.000090; -0.000000; -0.000000; -0.000000 \
#; 0.000000; 0.000000; -0.000000; -0.000000; -0.006100; -0.000000 \
#; 0.000022; 0.012977; 0.000452; -0.000022; -0.012977; -0.000452 \
#; 0.000022; -0.012977; 0.000452; 0.000022; -0.012977; 0.000452 \
#; 0.000022; 0.012977; -0.000452; -0.000022; -0.012977; 0.000452 \
#; 0.000022; -0.012977; -0.000452; 0.000022; -0.012977; -0.000452 \
#; 0.001482; -0.004777; 0.000681; -0.001818; 0.005861; -0.000835 \
#; 0.001482; 0.004777; 0.000681; 0.001818; 0.005861; 0.000835 \
#; -0.001144; 0.000382; -0.001532; 0.000933; -0.000311; 0.001249 \
#; -0.001144; -0.000382; -0.001532; -0.000933; -0.000311; -0.001249 \
#; -0.001144; 0.000382; 0.001532; 0.000933; -0.000311; -0.001249 \
#; -0.001144; -0.000382; 0.001532; -0.000933; -0.000311; 0.001249 \
#; 0.001482; -0.004777; -0.000681; -0.001818; 0.005861; 0.000835 \
#; 0.001482; 0.004777; -0.000681; 0.001818; 0.005861; -0.000835 \
#; 0.000182; -0.000000; -0.000421; -0.000000; 0.000000; 0.000000 \
#; -0.000000; -0.000000; 0.000000; 0.000000; 0.115657; 0.000000 \
#; 0.000182; -0.000000; 0.000421; 0.000000; 0.000000; 0.000000 \
#; -0.000000; -0.000000; -0.000000; 0.000000; 0.115657; -0.000000 \
# ]
#metaData: qpt=[0.000000;0.500000;0.000000;11.956229 \
#; 0.000000; 0.001227; -0.000000; 0.000000; 0.005976; 0.000000 \
#; -0.000022; -0.000000; -0.000088; 0.000005; 0.000000; 0.000018 \
#; -0.000000; 0.001227; -0.000000; 0.000000; 0.005976; -0.000000 \
#; -0.000022; -0.000000; 0.000088; 0.000005; 0.000000; -0.000018 \
#; 0.000026; 0.015323; 0.000534; 0.000017; 0.010101; 0.000352 \
#; 0.000017; -0.010101; 0.000352; -0.000026; 0.015323; -0.000534 \
#; 0.000026; 0.015323; -0.000534; 0.000017; 0.010101; -0.000352 \
#; 0.000017; -0.010101; -0.000352; -0.000026; 0.015323; 0.000534 \
#; -0.001308; 0.000437; -0.001752; -0.000683; 0.000228; -0.000915 \
#; -0.000933; -0.000312; -0.001250; 0.001144; 0.000382; 0.001532 \
#; 0.001818; -0.005859; 0.000835; 0.001483; -0.004780; 0.000681 \
#; 0.001086; 0.003501; 0.000499; -0.002079; -0.006702; -0.000955 \
#; 0.001818; -0.005859; -0.000835; 0.001483; -0.004780; -0.000681 \
#; 0.001086; 0.003501; -0.000499; -0.002079; -0.006702; 0.000955 \
#; -0.001308; 0.000437; 0.001752; -0.000683; 0.000228; 0.000915 \
#; -0.000933; -0.000312; 0.001250; 0.001144; 0.000382; -0.001532 \
#; 0.000000; -0.023270; 0.000000; -0.000000; -0.113292; -0.000000 \
#; 0.000179; 0.000000; -0.000412; -0.000037; 0.000000; 0.000085 \
#; 0.000000; -0.023270; -0.000000; -0.000000; -0.113292; -0.000000 \
#; 0.000179; 0.000000; 0.000412; -0.000037; 0.000000; -0.000085 \
# ]
#metaData: qpt=[0.000000;0.500000;0.000000;12.574339 \
#; 0.000000; -0.000008; 0.000000; 0.000000; 0.000082; 0.000000 \
#; -0.000596; -0.000000; -0.000257; -0.000061; 0.000000; -0.000026 \
#; -0.000000; 0.000008; 0.000000; 0.000000; -0.000082; -0.000000 \
#; 0.000596; -0.000000; -0.000257; 0.000061; 0.000000; -0.000026 \
#; 0.000033; 0.004167; 0.000761; 0.000041; 0.005110; 0.000933 \
#; 0.000041; -0.005110; 0.000933; -0.000033; 0.004167; -0.000761 \
#; -0.000033; -0.004167; 0.000761; -0.000041; -0.005110; 0.000933 \
#; -0.000041; 0.005110; 0.000933; 0.000033; -0.004167; -0.000761 \
#; 0.028469; -0.000039; -0.027504; 0.028459; -0.000039; -0.027494 \
#; 0.033614; 0.000046; -0.032474; -0.022147; -0.000030; 0.021396 \
#; -0.021475; 0.000045; 0.021050; -0.032593; 0.000068; 0.031948 \
#; -0.027595; -0.000057; 0.027049; 0.027605; 0.000057; -0.027058 \
#; 0.021475; -0.000045; 0.021050; 0.032593; -0.000068; 0.031948 \
#; 0.027595; 0.000057; 0.027049; -0.027605; -0.000057; -0.027058 \
#; -0.028469; 0.000039; -0.027504; -0.028459; 0.000039; -0.027494 \
#; -0.033614; -0.000046; -0.032474; 0.022147; 0.000030; 0.021396 \
#; -0.000000; 0.005603; 0.000000; -0.000000; -0.055110; 0.000000 \
#; 0.001482; -0.000000; 0.005209; 0.000151; -0.000000; 0.000530 \
#; 0.000000; -0.005603; -0.000000; 0.000000; 0.055110; 0.000000 \
#; -0.001482; -0.000000; 0.005209; -0.000151; 0.000000; 0.000530 \
# ]
#metaData: qpt=[0.000000;0.500000;0.000000;12.574339 \
#; -0.000599; -0.000000; -0.000258; 0.000000; 0.000000; 0.000000 \
#; 0.000000; 0.000000; -0.000000; 0.000000; -0.000083; -0.000000 \
#; 0.000599; -0.000000; -0.000258; 0.000000; 0.000000; -0.000000 \
#; 0.000000; 0.000000; -0.000000; 0.000000; 0.000083; -0.000000 \
#; 0.000037; 0.004662; 0.000851; -0.000037; -0.004662; -0.000851 \
#; 0.000037; -0.004662; 0.000851; 0.000037; -0.004662; 0.000851 \
#; -0.000037; -0.004662; 0.000851; 0.000037; 0.004662; -0.000851 \
#; -0.000037; 0.004662; 0.000851; -0.000037; 0.004662; 0.000851 \
#; -0.024661; 0.000051; 0.024173; 0.030254; -0.000063; -0.029655 \
#; -0.024661; -0.000051; 0.024173; -0.030254; -0.000063; 0.029655 \
#; 0.031201; -0.000043; -0.030144; -0.025433; 0.000035; 0.024571 \
#; 0.031201; 0.000043; -0.030144; 0.025433; 0.000035; -0.024571 \
#; -0.031201; 0.000043; -0.030144; 0.025433; -0.000035; 0.024571 \
#; -0.031201; -0.000043; -0.030144; -0.025433; -0.000035; -0.024571 \
#; 0.024661; -0.000051; 0.024173; -0.030254; 0.000063; -0.029655 \
#; 0.024661; 0.000051; 0.024173; 0.030254; 0.000063; 0.029655 \
#; 0.001490; 0.000000; 0.005236; 0.000000; -0.000000; 0.000000 \
#; 0.000000; 0.000000; 0.000000; 0.000000; 0.055394; 0.000000 \
#; -0.001490; 0.000000; 0.005236; -0.000000; 0.000000; 0.000000 \
#; -0.000000; -0.000000; 0.000000; -0.000000; -0.055394; 0.000000 \
# ]
