# Phonopy generated file for v_sim 3.6
    7.125788583    0.000000000   10.019708833
    0.000000000    0.000000000    7.042128924
    0.316594495    7.514781625    0.066203515 Ba
    6.809194088    2.504927208    6.975925409 Ba
    3.879488786    7.514781625    3.454860947 Ba
    3.246299796    2.504927208    3.587267977 Ba
    3.562894291    0.000000000    0.000000000 Zr
    3.562894291    5.009854417    0.000000000 Zr
    0.000000000    0.000000000    3.521064462 Zr
    0.000000000    5.009854417    3.521064462 Zr
    5.079186380    0.323706455    5.020328363  S
    5.079186380    4.686147961    5.020328363  S
    2.046602202    9.696002378    2.021800561  S
    2.046602202    5.333560872    2.021800561  S
    5.609496494    9.696002378    1.499263901  S
    5.609496494    5.333560872    1.499263901  S
    1.516292089    0.323706455    5.542865023  S
    1.516292089    4.686147961    5.542865023  S
    3.518182954    7.514781625    6.607816528  S
    3.607605629    2.504927208    0.434312397  S
    7.081077245    7.514781625    3.955376859  S
    0.044711337    2.504927208    3.086752066  S
#metaData: qpt=[0.000000;0.000000;0.000000;-0.003046 \
#; -0.000000; 0.027721; 0.000000; 0.000000; 0.000000; 0.000000 \
#; -0.000000; 0.027721; 0.000000; 0.000000; 0.000000; 0.000000 \
#; -0.000000; 0.027721; 0.000000; 0.000000; 0.000000; 0.000000 \
#; -0.000000; 0.027721; 0.000000; 0.000000; 0.000000; 0.000000 \
#; 0.000007; 0.027748; -0.000004; 0.000000; 0.000000; 0.000000 \
#; -0.000007; 0.027748; 0.000004; 0.000000; 0.000000; 0.000000 \
#; 0.000007; 0.027748; 0.000004; 0.000000; 0.000000; 0.000000 \
#; -0.000007; 0.027748; -0.000004; 0.000000; 0.000000; 0.000000 \
#; 0.000020; 0.027784; 0.000010; 0.000000; 0.000000; 0.000000 \
#; -0.000020; 0.027784; -0.000010; 0.000000; 0.000000; 0.000000 \
#; 0.000020; 0.027784; 0.000010; 0.000000; 0.000000; 0.000000 \
#; -0.000020; 0.027784; -0.000010; 0.000000; 0.000000; 0.000000 \
#; 0.000020; 0.027784; -0.000010; 0.000000; 0.000000; 0.000000 \
#; -0.000020; 0.027784; 0.000010; 0.000000; 0.000000; 0.000000 \
#; 0.000020; 0.027784; -0.000010; 0.000000; 0.000000; 0.000000 \
#; -0.000020; 0.027784; 0.000010; 0.000000; 0.000000; 0.000000 \
#; -0.000000; 0.027777; 0.000000; 0.000000; 0.000000; 0.000000 \
#; -0.000000; 0.027777; 0.000000; 0.000000; 0.000000; 0.000000 \
#; -0.000000; 0.027777; 0.000000; 0.000000; 0.000000; 0.000000 \
#; -0.000000; 0.027777; 0.000000; 0.000000; 0.000000; 0.000000 \
# ]
#metaData: qpt=[0.000000;0.000000;0.000000;-0.001633 \
#; -0.000016; -0.000000; 0.027755; 0.000000; 0.000000; 0.000000 \
#; -0.000016; -0.000000; 0.027755; 0.000000; 0.000000; 0.000000 \
#; 0.000016; -0.000000; 0.027755; 0.000000; 0.000000; 0.000000 \
#; 0.000016; -0.000000; 0.027755; 0.000000; 0.000000; 0.000000 \
#; -0.000011; 0.000006; 0.027715; 0.000000; 0.000000; 0.000000 \
#; -0.000011; -0.000006; 0.027715; 0.000000; 0.000000; 0.000000 \
#; 0.000011; -0.000006; 0.027715; 0.000000; 0.000000; 0.000000 \
#; 0.000011; 0.000006; 0.027715; 0.000000; 0.000000; 0.000000 \
#; 0.000010; -0.000003; 0.027765; 0.000000; 0.000000; 0.000000 \
#; 0.000010; 0.000003; 0.027765; 0.000000; 0.000000; 0.000000 \
#; 0.000010; -0.000003; 0.027765; 0.000000; 0.000000; 0.000000 \
#; 0.000010; 0.000003; 0.027765; 0.000000; 0.000000; 0.000000 \
#; -0.000010; 0.000003; 0.027765; 0.000000; 0.000000; 0.000000 \
#; -0.000010; -0.000003; 0.027765; 0.000000; 0.000000; 0.000000 \
#; -0.000010; 0.000003; 0.027765; 0.000000; 0.000000; 0.000000 \
#; -0.000010; -0.000003; 0.027765; 0.000000; 0.000000; 0.000000 \
#; -0.000004; -0.000000; 0.027766; 0.000000; 0.000000; 0.000000 \
#; -0.000004; -0.000000; 0.027766; 0.000000; 0.000000; 0.000000 \
#; 0.000004; -0.000000; 0.027766; 0.000000; 0.000000; 0.000000 \
#; 0.000004; -0.000000; 0.027766; 0.000000; 0.000000; 0.000000 \
# ]
#metaData: qpt=[0.000000;0.000000;0.000000;-0.001199 \
#; 0.027758; 0.000000; 0.000010; 0.000000; 0.000000; 0.000000 \
#; 0.027758; 0.000000; 0.000010; 0.000000; 0.000000; 0.000000 \
#; 0.027758; 0.000000; -0.000010; 0.000000; 0.000000; 0.000000 \
#; 0.027758; 0.000000; -0.000010; 0.000000; 0.000000; 0.000000 \
#; 0.027725; -0.000001; 0.000001; 0.000000; 0.000000; 0.000000 \
#; 0.027725; 0.000001; 0.000001; 0.000000; 0.000000; 0.000000 \
#; 0.027725; -0.000001; -0.000001; 0.000000; 0.000000; 0.000000 \
#; 0.027725; 0.000001; -0.000001; 0.000000; 0.000000; 0.000000 \
#; 0.027749; 0.000001; 0.000003; 0.000000; 0.000000; 0.000000 \
#; 0.027749; -0.000001; 0.000003; 0.000000; 0.000000; 0.000000 \
#; 0.027749; 0.000001; 0.000003; 0.000000; 0.000000; 0.000000 \
#; 0.027749; -0.000001; 0.000003; 0.000000; 0.000000; 0.000000 \
#; 0.027749; 0.000001; -0.000003; 0.000000; 0.000000; 0.000000 \
#; 0.027749; -0.000001; -0.000003; 0.000000; 0.000000; 0.000000 \
#; 0.027749; 0.000001; -0.000003; 0.000000; 0.000000; 0.000000 \
#; 0.027749; -0.000001; -0.000003; 0.000000; 0.000000; 0.000000 \
#; 0.027751; 0.000000; -0.000005; 0.000000; 0.000000; 0.000000 \
#; 0.027751; 0.000000; -0.000005; 0.000000; 0.000000; 0.000000 \
#; 0.027751; 0.000000; 0.000005; 0.000000; 0.000000; 0.000000 \
#; 0.027751; 0.000000; 0.000005; 0.000000; 0.000000; 0.000000 \
# ]
#metaData: qpt=[0.000000;0.000000;0.000000;1.353812 \
#; 0.000000; -0.012595; 0.000000; 0.000000; 0.000000; 0.000000 \
#; -0.000000; -0.012595; -0.000000; 0.000000; 0.000000; 0.000000 \
#; 0.000000; -0.012595; 0.000000; 0.000000; 0.000000; 0.000000 \
#; 0.000000; -0.012595; 0.000000; 0.000000; 0.000000; 0.000000 \
#; -0.038807; 0.026889; 0.010874; 0.000000; 0.000000; 0.000000 \
#; 0.038807; 0.026889; -0.010874; 0.000000; 0.000000; 0.000000 \
#; -0.038807; 0.026889; -0.010874; 0.000000; 0.000000; 0.000000 \
#; 0.038807; 0.026889; 0.010874; 0.000000; 0.000000; 0.000000 \
#; -0.006503; -0.011854; 0.006027; 0.000000; 0.000000; 0.000000 \
#; 0.006503; -0.011854; -0.006027; 0.000000; 0.000000; 0.000000 \
#; -0.006503; -0.011854; 0.006027; 0.000000; 0.000000; 0.000000 \
#; 0.006503; -0.011854; -0.006027; 0.000000; 0.000000; 0.000000 \
#; -0.006503; -0.011854; -0.006027; 0.000000; 0.000000; 0.000000 \
#; 0.006503; -0.011854; 0.006027; 0.000000; 0.000000; 0.000000 \
#; -0.006503; -0.011854; -0.006027; 0.000000; 0.000000; 0.000000 \
#; 0.006503; -0.011854; 0.006027; 0.000000; 0.000000; 0.000000 \
#; -0.000000; 0.001160; 0.000000; 0.000000; 0.000000; 0.000000 \
#; -0.000000; 0.001160; 0.000000; 0.000000; 0.000000; 0.000000 \
#; 0.000000; 0.001160; 0.000000; 0.000000; 0.000000; 0.000000 \
#; 0.000000; 0.001160; -0.000000; 0.000000; 0.000000; 0.000000 \
# ]
#metaData: qpt=[0.000000;0.000000;0.000000;1.504537 \
#; 0.000000; -0.022282; -0.000000; 0.000000; 0.000000; 0.000000 \
#; -0.000000; -0.022282; -0.000000; 0.000000; 0.000000; 0.000000 \
#; -0.000000; 0.022282; 0.000000; 0.000000; 0.000000; 0.000000 \
#; -0.000000; 0.022282; -0.000000; 0.000000; 0.000000; 0.000000 \
#; -0.005028; -0.010529; -0.039345; 0.000000; 0.000000; 0.000000 \
#; 0.005028; -0.010529; 0.039345; 0.000000; 0.000000; 0.000000 \
#; 0.005028; 0.010529; -0.039345; 0.000000; 0.000000; 0.000000 \
#; -0.005028; 0.010529; 0.039345; 0.000000; 0.000000; 0.000000 \
#; -0.001810; 0.005225; -0.019593; 0.000000; 0.000000; 0.000000 \
#; 0.001810; 0.005225; 0.019593; 0.000000; 0.000000; 0.000000 \
#; -0.001810; 0.005225; -0.019593; 0.000000; 0.000000; 0.000000 \
#; 0.001810; 0.005225; 0.019593; 0.000000; 0.000000; 0.000000 \
#; 0.001810; -0.005225; -0.019593; 0.000000; 0.000000; 0.000000 \
#; -0.001810; -0.005225; 0.019593; 0.000000; 0.000000; 0.000000 \
#; 0.001810; -0.005225; -0.019593; 0.000000; 0.000000; 0.000000 \
#; -0.001810; -0.005225; 0.019593; 0.000000; 0.000000; 0.000000 \
#; -0.000000; -0.007076; 0.000000; 0.000000; 0.000000; 0.000000 \
#; 0.000000; -0.007076; 0.000000; 0.000000; 0.000000; 0.000000 \
#; 0.000000; 0.007076; -0.000000; 0.000000; 0.000000; 0.000000 \
#; -0.000000; 0.007076; -0.000000; 0.000000; 0.000000; 0.000000 \
# ]
#metaData: qpt=[0.000000;0.000000;0.000000;1.703327 \
#; 0.000000; -0.030654; 0.000000; 0.000000; 0.000000; 0.000000 \
#; -0.000000; -0.030654; -0.000000; 0.000000; 0.000000; 0.000000 \
#; 0.000000; 0.030654; -0.000000; 0.000000; 0.000000; 0.000000 \
#; -0.000000; 0.030654; 0.000000; 0.000000; 0.000000; 0.000000 \
#; 0.004186; -0.010541; 0.031919; 0.000000; 0.000000; 0.000000 \
#; -0.004186; -0.010541; -0.031919; 0.000000; 0.000000; 0.000000 \
#; -0.004186; 0.010541; 0.031919; 0.000000; 0.000000; 0.000000 \
#; 0.004186; 0.010541; -0.031919; 0.000000; 0.000000; 0.000000 \
#; -0.010419; 0.010404; -0.005740; 0.000000; 0.000000; 0.000000 \
#; 0.010419; 0.010404; 0.005740; 0.000000; 0.000000; 0.000000 \
#; -0.010419; 0.010404; -0.005740; 0.000000; 0.000000; 0.000000 \
#; 0.010419; 0.010404; 0.005740; 0.000000; 0.000000; 0.000000 \
#; 0.010419; -0.010404; -0.005740; 0.000000; 0.000000; 0.000000 \
#; -0.010419; -0.010404; 0.005740; 0.000000; 0.000000; 0.000000 \
#; 0.010419; -0.010404; -0.005740; 0.000000; 0.000000; 0.000000 \
#; -0.010419; -0.010404; 0.005740; 0.000000; 0.000000; 0.000000 \
#; 0.000000; -0.002903; -0.000000; 0.000000; 0.000000; 0.000000 \
#; -0.000000; -0.002903; 0.000000; 0.000000; 0.000000; 0.000000 \
#; 0.000000; 0.002903; 0.000000; 0.000000; 0.000000; 0.000000 \
#; 0.000000; 0.002903; -0.000000; 0.000000; 0.000000; 0.000000 \
# ]
#metaData: qpt=[0.000000;0.000000;0.000000;1.722084 \
#; -0.038525; -0.000000; -0.012173; 0.000000; 0.000000; 0.000000 \
#; 0.038525; -0.000000; 0.012173; 0.000000; 0.000000; 0.000000 \
#; -0.038525; 0.000000; 0.012173; 0.000000; 0.000000; 0.000000 \
#; 0.038525; 0.000000; -0.012173; 0.000000; 0.000000; 0.000000 \
#; -0.000000; 0.000000; -0.000000; 0.000000; 0.000000; 0.000000 \
#; -0.000000; -0.000000; -0.000000; 0.000000; 0.000000; 0.000000 \
#; 0.000000; -0.000000; -0.000000; 0.000000; 0.000000; 0.000000 \
#; 0.000000; 0.000000; -0.000000; 0.000000; 0.000000; 0.000000 \
#; 0.013645; -0.003270; 0.012675; 0.000000; 0.000000; 0.000000 \
#; 0.013645; 0.003270; 0.012675; 0.000000; 0.000000; 0.000000 \
#; -0.013645; 0.003270; -0.012675; 0.000000; 0.000000; 0.000000 \
#; -0.013645; -0.003270; -0.012675; 0.000000; 0.000000; 0.000000 \
#; -0.013645; 0.003270; 0.012675; 0.000000; 0.000000; 0.000000 \
#; -0.013645; -0.003270; 0.012675; 0.000000; 0.000000; 0.000000 \
#; 0.013645; -0.003270; -0.012675; 0.000000; 0.000000; 0.000000 \
#; 0.013645; 0.003270; -0.012675; 0.000000; 0.000000; 0.000000 \
#; -0.006968; 0.000000; 0.006486; 0.000000; 0.000000; 0.000000 \
#; 0.006968; 0.000000; -0.006486; 0.000000; 0.000000; 0.000000 \
#; -0.006968; -0.000000; -0.006486; 0.000000; 0.000000; 0.000000 \
#; 0.006968; -0.000000; 0.006486; 0.000000; 0.000000; 0.000000 \
# ]
#metaData: qpt=[0.000000;0.000000;0.000000;1.763035 \
#; 0.006313; -0.000000; -0.017796; 0.000000; 0.000000; 0.000000 \
#; 0.006313; 0.000000; -0.017796; 0.000000; 0.000000; 0.000000 \
#; -0.006313; 0.000000; -0.017796; 0.000000; 0.000000; 0.000000 \
#; -0.006313; -0.000000; -0.017796; 0.000000; 0.000000; 0.000000 \
#; 0.011411; -0.009019; 0.041352; 0.000000; 0.000000; 0.000000 \
#; 0.011411; 0.009019; 0.041352; 0.000000; 0.000000; 0.000000 \
#; -0.011411; 0.009019; 0.041352; 0.000000; 0.000000; 0.000000 \
#; -0.011411; -0.009019; 0.041352; 0.000000; 0.000000; 0.000000 \
#; -0.009331; 0.002481; -0.011050; 0.000000; 0.000000; 0.000000 \
#; -0.009331; -0.002481; -0.011050; 0.000000; 0.000000; 0.000000 \
#; -0.009331; 0.002481; -0.011050; 0.000000; 0.000000; 0.000000 \
#; -0.009331; -0.002481; -0.011050; 0.000000; 0.000000; 0.000000 \
#; 0.009331; -0.002481; -0.011050; 0.000000; 0.000000; 0.000000 \
#; 0.009331; 0.002481; -0.011050; 0.000000; 0.000000; 0.000000 \
#; 0.009331; -0.002481; -0.011050; 0.000000; 0.000000; 0.000000 \
#; 0.009331; 0.002481; -0.011050; 0.000000; 0.000000; 0.000000 \
#; 0.002700; -0.000000; -0.019107; 0.000000; 0.000000; 0.000000 \
#; 0.002700; -0.000000; -0.019107; 0.000000; 0.000000; 0.000000 \
#; -0.002700; 0.000000; -0.019107; 0.000000; 0.000000; 0.000000 \
#; -0.002700; 0.000000; -0.019107; 0.000000; 0.000000; 0.000000 \
# ]
#metaData: qpt=[0.000000;0.000000;0.000000;1.860466 \
#; 0.038255; -0.000000; 0.007582; 0.000000; 0.000000; 0.000000 \
#; 0.038255; -0.000000; 0.007582; 0.000000; 0.000000; 0.000000 \
#; -0.038255; 0.000000; 0.007582; 0.000000; 0.000000; 0.000000 \
#; -0.038255; 0.000000; 0.007582; 0.000000; 0.000000; 0.000000 \
#; 0.011426; 0.004166; -0.008120; 0.000000; 0.000000; 0.000000 \
#; 0.011426; -0.004166; -0.008120; 0.000000; 0.000000; 0.000000 \
#; -0.011426; -0.004166; -0.008120; 0.000000; 0.000000; 0.000000 \
#; -0.011426; 0.004166; -0.008120; 0.000000; 0.000000; 0.000000 \
#; -0.005076; 0.010639; -0.008079; 0.000000; 0.000000; 0.000000 \
#; -0.005076; -0.010639; -0.008079; 0.000000; 0.000000; 0.000000 \
#; -0.005076; 0.010639; -0.008079; 0.000000; 0.000000; 0.000000 \
#; -0.005076; -0.010639; -0.008079; 0.000000; 0.000000; 0.000000 \
#; 0.005076; -0.010639; -0.008079; 0.000000; 0.000000; 0.000000 \
#; 0.005076; 0.010639; -0.008079; 0.000000; 0.000000; 0.000000 \
#; 0.005076; -0.010639; -0.008079; 0.000000; 0.000000; 0.000000 \
#; 0.005076; 0.010639; -0.008079; 0.000000; 0.000000; 0.000000 \
#; 0.014795; 0.000000; 0.006866; 0.000000; 0.000000; 0.000000 \
#; 0.014795; 0.000000; 0.006866; 0.000000; 0.000000; 0.000000 \
#; -0.014795; -0.000000; 0.006866; 0.000000; 0.000000; 0.000000 \
#; -0.014795; -0.000000; 0.006866; 0.000000; 0.000000; 0.000000 \
# ]
#metaData: qpt=[0.000000;0.000000;0.000000;1.925542 \
#; -0.014251; -0.000000; -0.039005; 0.000000; 0.000000; 0.000000 \
#; 0.014251; -0.000000; 0.039005; 0.000000; 0.000000; 0.000000 \
#; 0.014251; 0.000000; -0.039005; 0.000000; 0.000000; 0.000000 \
#; -0.014251; 0.000000; 0.039005; 0.000000; 0.000000; 0.000000 \
#; -0.000000; 0.000000; -0.000000; 0.000000; 0.000000; 0.000000 \
#; -0.000000; 0.000000; 0.000000; 0.000000; 0.000000; 0.000000 \
#; 0.000000; -0.000000; -0.000000; 0.000000; 0.000000; 0.000000 \
#; 0.000000; -0.000000; -0.000000; 0.000000; 0.000000; 0.000000 \
#; 0.002846; -0.007069; 0.003177; 0.000000; 0.000000; 0.000000 \
#; 0.002846; 0.007069; 0.003177; 0.000000; 0.000000; 0.000000 \
#; -0.002846; 0.007069; -0.003177; 0.000000; 0.000000; 0.000000 \
#; -0.002846; -0.007069; -0.003177; 0.000000; 0.000000; 0.000000 \
#; 0.002846; -0.007069; -0.003177; 0.000000; 0.000000; 0.000000 \
#; 0.002846; 0.007069; -0.003177; 0.000000; 0.000000; 0.000000 \
#; -0.002846; 0.007069; 0.003177; 0.000000; 0.000000; 0.000000 \
#; -0.002846; -0.007069; 0.003177; 0.000000; 0.000000; 0.000000 \
#; -0.008642; 0.000000; -0.014147; 0.000000; 0.000000; 0.000000 \
#; 0.008642; 0.000000; 0.014147; 0.000000; 0.000000; 0.000000 \
#; 0.008642; -0.000000; -0.014147; 0.000000; 0.000000; 0.000000 \
#; -0.008642; -0.000000; 0.014147; 0.000000; 0.000000; 0.000000 \
# ]
#metaData: qpt=[0.000000;0.000000;0.000000;1.931703 \
#; -0.000000; -0.012134; 0.000000; 0.000000; 0.000000; 0.000000 \
#; -0.000000; -0.012134; -0.000000; 0.000000; 0.000000; 0.000000 \
#; 0.000000; 0.012134; 0.000000; 0.000000; 0.000000; 0.000000 \
#; 0.000000; 0.012134; -0.000000; 0.000000; 0.000000; 0.000000 \
#; -0.002809; 0.048894; -0.001947; 0.000000; 0.000000; 0.000000 \
#; 0.002809; 0.048894; 0.001947; 0.000000; 0.000000; 0.000000 \
#; 0.002809; -0.048894; -0.001947; 0.000000; 0.000000; 0.000000 \
#; -0.002809; -0.048894; 0.001947; 0.000000; 0.000000; 0.000000 \
#; 0.001181; 0.005949; -0.002590; 0.000000; 0.000000; 0.000000 \
#; -0.001181; 0.005949; 0.002590; 0.000000; 0.000000; 0.000000 \
#; 0.001181; 0.005949; -0.002590; 0.000000; 0.000000; 0.000000 \
#; -0.001181; 0.005949; 0.002590; 0.000000; 0.000000; 0.000000 \
#; -0.001181; -0.005949; -0.002590; 0.000000; 0.000000; 0.000000 \
#; 0.001181; -0.005949; 0.002590; 0.000000; 0.000000; 0.000000 \
#; -0.001181; -0.005949; -0.002590; 0.000000; 0.000000; 0.000000 \
#; 0.001181; -0.005949; 0.002590; 0.000000; 0.000000; 0.000000 \
#; 0.000000; 0.015639; 0.000000; 0.000000; 0.000000; 0.000000 \
#; -0.000000; 0.015639; -0.000000; 0.000000; 0.000000; 0.000000 \
#; -0.000000; -0.015639; 0.000000; 0.000000; 0.000000; 0.000000 \
#; 0.000000; -0.015639; -0.000000; 0.000000; 0.000000; 0.000000 \
# ]
#metaData: qpt=[0.000000;0.000000;0.000000;1.975196 \
#; -0.006946; 0.000000; -0.039078; 0.000000; 0.000000; 0.000000 \
#; -0.006946; 0.000000; -0.039078; 0.000000; 0.000000; 0.000000 \
#; -0.006946; -0.000000; 0.039078; 0.000000; 0.000000; 0.000000 \
#; -0.006946; -0.000000; 0.039078; 0.000000; 0.000000; 0.000000 \
#; 0.002837; 0.000409; 0.013185; 0.000000; 0.000000; 0.000000 \
#; 0.002837; -0.000409; 0.013185; 0.000000; 0.000000; 0.000000 \
#; 0.002837; 0.000409; -0.013185; 0.000000; 0.000000; 0.000000 \
#; 0.002837; -0.000409; -0.013185; 0.000000; 0.000000; 0.000000 \
#; 0.009577; -0.005400; 0.005144; 0.000000; 0.000000; 0.000000 \
#; 0.009577; 0.005400; 0.005144; 0.000000; 0.000000; 0.000000 \
#; 0.009577; -0.005400; 0.005144; 0.000000; 0.000000; 0.000000 \
#; 0.009577; 0.005400; 0.005144; 0.000000; 0.000000; 0.000000 \
#; 0.009577; -0.005400; -0.005144; 0.000000; 0.000000; 0.000000 \
#; 0.009577; 0.005400; -0.005144; 0.000000; 0.000000; 0.000000 \
#; 0.009577; -0.005400; -0.005144; 0.000000; 0.000000; 0.000000 \
#; 0.009577; 0.005400; -0.005144; 0.000000; 0.000000; 0.000000 \
#; 0.002606; -0.000000; 0.015185; 0.000000; 0.000000; 0.000000 \
#; 0.002606; -0.000000; 0.015185; 0.000000; 0.000000; 0.000000 \
#; 0.002606; 0.000000; -0.015185; 0.000000; 0.000000; 0.000000 \
#; 0.002606; 0.000000; -0.015185; 0.000000; 0.000000; 0.000000 \
# ]
#metaData: qpt=[0.000000;0.000000;0.000000;2.089938 \
#; 0.019631; 0.000000; -0.001252; 0.000000; 0.000000; 0.000000 \
#; 0.019631; 0.000000; -0.001252; 0.000000; 0.000000; 0.000000 \
#; 0.019631; -0.000000; 0.001252; 0.000000; 0.000000; 0.000000 \
#; 0.019631; 0.000000; 0.001252; 0.000000; 0.000000; 0.000000 \
#; -0.042754; 0.002313; 0.008881; 0.000000; 0.000000; 0.000000 \
#; -0.042754; -0.002313; 0.008881; 0.000000; 0.000000; 0.000000 \
#; -0.042754; 0.002313; -0.008881; 0.000000; 0.000000; 0.000000 \
#; -0.042754; -0.002313; -0.008881; 0.000000; 0.000000; 0.000000 \
#; 0.009825; -0.000965; 0.009519; 0.000000; 0.000000; 0.000000 \
#; 0.009825; 0.000965; 0.009519; 0.000000; 0.000000; 0.000000 \
#; 0.009825; -0.000965; 0.009519; 0.000000; 0.000000; 0.000000 \
#; 0.009825; 0.000965; 0.009519; 0.000000; 0.000000; 0.000000 \
#; 0.009825; -0.000965; -0.009519; 0.000000; 0.000000; 0.000000 \
#; 0.009825; 0.000965; -0.009519; 0.000000; 0.000000; 0.000000 \
#; 0.009825; -0.000965; -0.009519; 0.000000; 0.000000; 0.000000 \
#; 0.009825; 0.000965; -0.009519; 0.000000; 0.000000; 0.000000 \
#; 0.017782; -0.000000; 0.002696; 0.000000; 0.000000; 0.000000 \
#; 0.017782; -0.000000; 0.002696; 0.000000; 0.000000; 0.000000 \
#; 0.017782; 0.000000; -0.002696; 0.000000; 0.000000; 0.000000 \
#; 0.017782; 0.000000; -0.002696; 0.000000; 0.000000; 0.000000 \
# ]
#metaData: qpt=[0.000000;0.000000;0.000000;2.243463 \
#; 0.006482; 0.000000; -0.035334; 0.000000; 0.000000; 0.000000 \
#; -0.006482; -0.000000; 0.035334; 0.000000; 0.000000; 0.000000 \
#; 0.006482; -0.000000; 0.035334; 0.000000; 0.000000; 0.000000 \
#; -0.006482; 0.000000; -0.035334; 0.000000; 0.000000; 0.000000 \
#; 0.000000; 0.000000; 0.000000; 0.000000; 0.000000; 0.000000 \
#; 0.000000; 0.000000; -0.000000; 0.000000; 0.000000; 0.000000 \
#; 0.000000; 0.000000; 0.000000; 0.000000; 0.000000; 0.000000 \
#; 0.000000; 0.000000; 0.000000; 0.000000; 0.000000; 0.000000 \
#; -0.018814; -0.012913; -0.018383; 0.000000; 0.000000; 0.000000 \
#; -0.018814; 0.012913; -0.018383; 0.000000; 0.000000; 0.000000 \
#; 0.018814; 0.012913; 0.018383; 0.000000; 0.000000; 0.000000 \
#; 0.018814; -0.012913; 0.018383; 0.000000; 0.000000; 0.000000 \
#; 0.018814; 0.012913; -0.018383; 0.000000; 0.000000; 0.000000 \
#; 0.018814; -0.012913; -0.018383; 0.000000; 0.000000; 0.000000 \
#; -0.018814; -0.012913; 0.018383; 0.000000; 0.000000; 0.000000 \
#; -0.018814; 0.012913; 0.018383; 0.000000; 0.000000; 0.000000 \
#; 0.004017; 0.000000; 0.023164; 0.000000; 0.000000; 0.000000 \
#; -0.004017; -0.000000; -0.023164; 0.000000; 0.000000; 0.000000 \
#; 0.004017; 0.000000; -0.023164; 0.000000; 0.000000; 0.000000 \
#; -0.004017; -0.000000; 0.023164; 0.000000; 0.000000; 0.000000 \
# ]
#metaData: qpt=[0.000000;0.000000;0.000000;2.298497 \
#; 0.000000; 0.042438; 0.000000; 0.000000; 0.000000; 0.000000 \
#; 0.000000; -0.042438; -0.000000; 0.000000; 0.000000; 0.000000 \
#; -0.000000; -0.042438; -0.000000; 0.000000; 0.000000; 0.000000 \
#; 0.000000; 0.042438; 0.000000; 0.000000; 0.000000; 0.000000 \
#; 0.000000; 0.000000; 0.000000; 0.000000; 0.000000; 0.000000 \
#; -0.000000; 0.000000; -0.000000; 0.000000; 0.000000; 0.000000 \
#; 0.000000; 0.000000; -0.000000; 0.000000; 0.000000; 0.000000 \
#; -0.000000; 0.000000; 0.000000; 0.000000; 0.000000; 0.000000 \
#; -0.003676; 0.003811; -0.003711; 0.000000; 0.000000; 0.000000 \
#; 0.003676; 0.003811; 0.003711; 0.000000; 0.000000; 0.000000 \
#; 0.003676; -0.003811; 0.003711; 0.000000; 0.000000; 0.000000 \
#; -0.003676; -0.003811; -0.003711; 0.000000; 0.000000; 0.000000 \
#; -0.003676; 0.003811; 0.003711; 0.000000; 0.000000; 0.000000 \
#; 0.003676; 0.003811; -0.003711; 0.000000; 0.000000; 0.000000 \
#; 0.003676; -0.003811; -0.003711; 0.000000; 0.000000; 0.000000 \
#; -0.003676; -0.003811; 0.003711; 0.000000; 0.000000; 0.000000 \
#; -0.000000; 0.000180; -0.000000; 0.000000; 0.000000; 0.000000 \
#; 0.000000; -0.000180; 0.000000; 0.000000; 0.000000; 0.000000 \
#; -0.000000; -0.000180; 0.000000; 0.000000; 0.000000; 0.000000 \
#; 0.000000; 0.000180; -0.000000; 0.000000; 0.000000; 0.000000 \
# ]
#metaData: qpt=[0.000000;0.000000;0.000000;2.299921 \
#; 0.000000; 0.017604; -0.000000; 0.000000; 0.000000; 0.000000 \
#; 0.000000; 0.017604; 0.000000; 0.000000; 0.000000; 0.000000 \
#; -0.000000; 0.017604; 0.000000; 0.000000; 0.000000; 0.000000 \
#; -0.000000; 0.017604; -0.000000; 0.000000; 0.000000; 0.000000 \
#; -0.031759; -0.031346; -0.004960; 0.000000; 0.000000; 0.000000 \
#; 0.031759; -0.031346; 0.004960; 0.000000; 0.000000; 0.000000 \
#; -0.031759; -0.031346; 0.004960; 0.000000; 0.000000; 0.000000 \
#; 0.031759; -0.031346; -0.004960; 0.000000; 0.000000; 0.000000 \
#; -0.016899; 0.008613; -0.001422; 0.000000; 0.000000; 0.000000 \
#; 0.016899; 0.008613; 0.001422; 0.000000; 0.000000; 0.000000 \
#; -0.016899; 0.008613; -0.001422; 0.000000; 0.000000; 0.000000 \
#; 0.016899; 0.008613; 0.001422; 0.000000; 0.000000; 0.000000 \
#; -0.016899; 0.008613; 0.001422; 0.000000; 0.000000; 0.000000 \
#; 0.016899; 0.008613; -0.001422; 0.000000; 0.000000; 0.000000 \
#; -0.016899; 0.008613; 0.001422; 0.000000; 0.000000; 0.000000 \
#; 0.016899; 0.008613; -0.001422; 0.000000; 0.000000; 0.000000 \
#; 0.000000; -0.003339; 0.000000; 0.000000; 0.000000; 0.000000 \
#; -0.000000; -0.003339; -0.000000; 0.000000; 0.000000; 0.000000 \
#; -0.000000; -0.003339; 0.000000; 0.000000; 0.000000; 0.000000 \
#; 0.000000; -0.003339; 0.000000; 0.000000; 0.000000; 0.000000 \
# ]
#metaData: qpt=[0.000000;0.000000;0.000000;2.414653 \
#; -0.039833; -0.000000; 0.012974; 0.000000; 0.000000; 0.000000 \
#; 0.039833; -0.000000; -0.012974; 0.000000; 0.000000; 0.000000 \
#; 0.039833; -0.000000; 0.012974; 0.000000; 0.000000; 0.000000 \
#; -0.039833; -0.000000; -0.012974; 0.000000; 0.000000; 0.000000 \
#; -0.000000; 0.000000; 0.000000; 0.000000; 0.000000; 0.000000 \
#; -0.000000; 0.000000; 0.000000; 0.000000; 0.000000; 0.000000 \
#; -0.000000; 0.000000; -0.000000; 0.000000; 0.000000; 0.000000 \
#; -0.000000; 0.000000; 0.000000; 0.000000; 0.000000; 0.000000 \
#; -0.001250; 0.010856; -0.002649; 0.000000; 0.000000; 0.000000 \
#; -0.001250; -0.010856; -0.002649; 0.000000; 0.000000; 0.000000 \
#; 0.001250; -0.010856; 0.002649; 0.000000; 0.000000; 0.000000 \
#; 0.001250; 0.010856; 0.002649; 0.000000; 0.000000; 0.000000 \
#; -0.001250; 0.010856; 0.002649; 0.000000; 0.000000; 0.000000 \
#; -0.001250; -0.010856; 0.002649; 0.000000; 0.000000; 0.000000 \
#; 0.001250; -0.010856; -0.002649; 0.000000; 0.000000; 0.000000 \
#; 0.001250; 0.010856; -0.002649; 0.000000; 0.000000; 0.000000 \
#; 0.002152; -0.000000; 0.004792; 0.000000; 0.000000; 0.000000 \
#; -0.002152; -0.000000; -0.004792; 0.000000; 0.000000; 0.000000 \
#; -0.002152; -0.000000; 0.004792; 0.000000; 0.000000; 0.000000 \
#; 0.002152; -0.000000; -0.004792; 0.000000; 0.000000; 0.000000 \
# ]
#metaData: qpt=[0.000000;0.000000;0.000000;2.492170 \
#; -0.000000; -0.034001; -0.000000; 0.000000; 0.000000; 0.000000 \
#; -0.000000; 0.034001; 0.000000; 0.000000; 0.000000; 0.000000 \
#; -0.000000; -0.034001; -0.000000; 0.000000; 0.000000; 0.000000 \
#; 0.000000; 0.034001; 0.000000; 0.000000; 0.000000; 0.000000 \
#; 0.000000; 0.000000; -0.000000; 0.000000; 0.000000; 0.000000 \
#; -0.000000; 0.000000; -0.000000; 0.000000; 0.000000; 0.000000 \
#; 0.000000; 0.000000; -0.000000; 0.000000; 0.000000; 0.000000 \
#; -0.000000; 0.000000; 0.000000; 0.000000; 0.000000; 0.000000 \
#; -0.026370; 0.000325; -0.026867; 0.000000; 0.000000; 0.000000 \
#; 0.026370; 0.000325; 0.026867; 0.000000; 0.000000; 0.000000 \
#; 0.026370; -0.000325; 0.026867; 0.000000; 0.000000; 0.000000 \
#; -0.026370; -0.000325; -0.026867; 0.000000; 0.000000; 0.000000 \
#; 0.026370; -0.000325; -0.026867; 0.000000; 0.000000; 0.000000 \
#; -0.026370; -0.000325; 0.026867; 0.000000; 0.000000; 0.000000 \
#; -0.026370; 0.000325; 0.026867; 0.000000; 0.000000; 0.000000 \
#; 0.026370; 0.000325; -0.026867; 0.000000; 0.000000; 0.000000 \
#; 0.000000; -0.003355; 0.000000; 0.000000; 0.000000; 0.000000 \
#; -0.000000; 0.003355; -0.000000; 0.000000; 0.000000; 0.000000 \
#; -0.000000; -0.003355; 0.000000; 0.000000; 0.000000; 0.000000 \
#; 0.000000; 0.003355; 0.000000; 0.000000; 0.000000; 0.000000 \
# ]
#metaData: qpt=[0.000000;0.000000;0.000000;2.636339 \
#; 0.003370; 0.000000; -0.007647; 0.000000; 0.000000; 0.000000 \
#; -0.003370; -0.000000; 0.007647; 0.000000; 0.000000; 0.000000 \
#; -0.003370; 0.000000; -0.007647; 0.000000; 0.000000; 0.000000 \
#; 0.003370; -0.000000; 0.007647; 0.000000; 0.000000; 0.000000 \
#; 0.000000; 0.000000; -0.000000; 0.000000; 0.000000; 0.000000 \
#; -0.000000; 0.000000; 0.000000; 0.000000; 0.000000; 0.000000 \
#; 0.000000; 0.000000; -0.000000; 0.000000; 0.000000; 0.000000 \
#; -0.000000; 0.000000; 0.000000; 0.000000; 0.000000; 0.000000 \
#; 0.004987; 0.041446; 0.004057; 0.000000; 0.000000; 0.000000 \
#; 0.004987; -0.041446; 0.004057; 0.000000; 0.000000; 0.000000 \
#; -0.004987; -0.041446; -0.004057; 0.000000; 0.000000; 0.000000 \
#; -0.004987; 0.041446; -0.004057; 0.000000; 0.000000; 0.000000 \
#; 0.004987; 0.041446; -0.004057; 0.000000; 0.000000; 0.000000 \
#; 0.004987; -0.041446; -0.004057; 0.000000; 0.000000; 0.000000 \
#; -0.004987; -0.041446; 0.004057; 0.000000; 0.000000; 0.000000 \
#; -0.004987; 0.041446; 0.004057; 0.000000; 0.000000; 0.000000 \
#; 0.063091; 0.000000; -0.000366; 0.000000; 0.000000; 0.000000 \
#; -0.063091; -0.000000; 0.000366; 0.000000; 0.000000; 0.000000 \
#; -0.063091; 0.000000; -0.000366; 0.000000; 0.000000; 0.000000 \
#; 0.063091; -0.000000; 0.000366; 0.000000; 0.000000; 0.000000 \
# ]
#metaData: qpt=[0.000000;0.000000;0.000000;2.853721 \
#; -0.011351; 0.000000; 0.020054; 0.000000; 0.000000; 0.000000 \
#; 0.011351; -0.000000; -0.020054; 0.000000; 0.000000; 0.000000 \
#; -0.011351; 0.000000; -0.020054; 0.000000; 0.000000; 0.000000 \
#; 0.011351; -0.000000; 0.020054; 0.000000; 0.000000; 0.000000 \
#; 0.000000; -0.000000; -0.000000; 0.000000; 0.000000; 0.000000 \
#; 0.000000; -0.000000; -0.000000; 0.000000; 0.000000; 0.000000 \
#; 0.000000; 0.000000; -0.000000; 0.000000; 0.000000; 0.000000 \
#; -0.000000; 0.000000; 0.000000; 0.000000; 0.000000; 0.000000 \
#; -0.023041; -0.034265; -0.024538; 0.000000; 0.000000; 0.000000 \
#; -0.023041; 0.034265; -0.024538; 0.000000; 0.000000; 0.000000 \
#; 0.023041; 0.034265; 0.024538; 0.000000; 0.000000; 0.000000 \
#; 0.023041; -0.034265; 0.024538; 0.000000; 0.000000; 0.000000 \
#; 0.023041; 0.034265; -0.024538; 0.000000; 0.000000; 0.000000 \
#; 0.023041; -0.034265; -0.024538; 0.000000; 0.000000; 0.000000 \
#; -0.023041; -0.034265; 0.024538; 0.000000; 0.000000; 0.000000 \
#; -0.023041; 0.034265; 0.024538; 0.000000; 0.000000; 0.000000 \
#; -0.000525; -0.000000; 0.030149; 0.000000; 0.000000; 0.000000 \
#; 0.000525; -0.000000; -0.030149; 0.000000; 0.000000; 0.000000 \
#; -0.000525; 0.000000; -0.030149; 0.000000; 0.000000; 0.000000 \
#; 0.000525; -0.000000; 0.030149; 0.000000; 0.000000; 0.000000 \
# ]
#metaData: qpt=[0.000000;0.000000;0.000000;3.122360 \
#; 0.000000; 0.018602; 0.000000; 0.000000; 0.000000; 0.000000 \
#; 0.000000; 0.018602; 0.000000; 0.000000; 0.000000; 0.000000 \
#; 0.000000; 0.018602; 0.000000; 0.000000; 0.000000; 0.000000 \
#; 0.000000; 0.018602; 0.000000; 0.000000; 0.000000; 0.000000 \
#; 0.008497; 0.009922; 0.002134; 0.000000; 0.000000; 0.000000 \
#; -0.008497; 0.009922; -0.002134; 0.000000; 0.000000; 0.000000 \
#; 0.008497; 0.009922; -0.002134; 0.000000; 0.000000; 0.000000 \
#; -0.008497; 0.009922; 0.002134; 0.000000; 0.000000; 0.000000 \
#; -0.025822; -0.041561; -0.014605; 0.000000; 0.000000; 0.000000 \
#; 0.025822; -0.041561; 0.014605; 0.000000; 0.000000; 0.000000 \
#; -0.025822; -0.041561; -0.014605; 0.000000; 0.000000; 0.000000 \
#; 0.025822; -0.041561; 0.014605; 0.000000; 0.000000; 0.000000 \
#; -0.025822; -0.041561; 0.014605; 0.000000; 0.000000; 0.000000 \
#; 0.025822; -0.041561; -0.014605; 0.000000; 0.000000; 0.000000 \
#; -0.025822; -0.041561; 0.014605; 0.000000; 0.000000; 0.000000 \
#; 0.025822; -0.041561; -0.014605; 0.000000; 0.000000; 0.000000 \
#; -0.000000; -0.024542; -0.000000; 0.000000; 0.000000; 0.000000 \
#; -0.000000; -0.024542; -0.000000; 0.000000; 0.000000; 0.000000 \
#; 0.000000; -0.024542; -0.000000; 0.000000; 0.000000; 0.000000 \
#; -0.000000; -0.024542; -0.000000; 0.000000; 0.000000; 0.000000 \
# ]
#metaData: qpt=[0.000000;0.000000;0.000000;3.197135 \
#; 0.003515; 0.000000; -0.024070; 0.000000; 0.000000; 0.000000 \
#; 0.003515; -0.000000; -0.024070; 0.000000; 0.000000; 0.000000 \
#; -0.003515; 0.000000; -0.024070; 0.000000; 0.000000; 0.000000 \
#; -0.003515; -0.000000; -0.024070; 0.000000; 0.000000; 0.000000 \
#; -0.001082; 0.006253; -0.002010; 0.000000; 0.000000; 0.000000 \
#; -0.001082; -0.006253; -0.002010; 0.000000; 0.000000; 0.000000 \
#; 0.001082; -0.006253; -0.002010; 0.000000; 0.000000; 0.000000 \
#; 0.001082; 0.006253; -0.002010; 0.000000; 0.000000; 0.000000 \
#; 0.009678; 0.019289; 0.038794; 0.000000; 0.000000; 0.000000 \
#; 0.009678; -0.019289; 0.038794; 0.000000; 0.000000; 0.000000 \
#; 0.009678; 0.019289; 0.038794; 0.000000; 0.000000; 0.000000 \
#; 0.009678; -0.019289; 0.038794; 0.000000; 0.000000; 0.000000 \
#; -0.009678; -0.019289; 0.038794; 0.000000; 0.000000; 0.000000 \
#; -0.009678; 0.019289; 0.038794; 0.000000; 0.000000; 0.000000 \
#; -0.009678; -0.019289; 0.038794; 0.000000; 0.000000; 0.000000 \
#; -0.009678; 0.019289; 0.038794; 0.000000; 0.000000; 0.000000 \
#; 0.014933; -0.000000; 0.031189; 0.000000; 0.000000; 0.000000 \
#; 0.014933; -0.000000; 0.031189; 0.000000; 0.000000; 0.000000 \
#; -0.014933; -0.000000; 0.031189; 0.000000; 0.000000; 0.000000 \
#; -0.014933; -0.000000; 0.031189; 0.000000; 0.000000; 0.000000 \
# ]
#metaData: qpt=[0.000000;0.000000;0.000000;3.209023 \
#; 0.000000; 0.023818; 0.000000; 0.000000; 0.000000; 0.000000 \
#; -0.000000; -0.023818; 0.000000; 0.000000; 0.000000; 0.000000 \
#; 0.000000; 0.023818; 0.000000; 0.000000; 0.000000; 0.000000 \
#; 0.000000; -0.023818; 0.000000; 0.000000; 0.000000; 0.000000 \
#; 0.000000; -0.000000; 0.000000; 0.000000; 0.000000; 0.000000 \
#; -0.000000; 0.000000; -0.000000; 0.000000; 0.000000; 0.000000 \
#; -0.000000; 0.000000; 0.000000; 0.000000; 0.000000; 0.000000 \
#; 0.000000; -0.000000; 0.000000; 0.000000; 0.000000; 0.000000 \
#; -0.032475; -0.022617; -0.033258; 0.000000; 0.000000; 0.000000 \
#; 0.032475; -0.022617; 0.033258; 0.000000; 0.000000; 0.000000 \
#; 0.032475; 0.022617; 0.033258; 0.000000; 0.000000; 0.000000 \
#; -0.032475; 0.022617; -0.033258; 0.000000; 0.000000; 0.000000 \
#; 0.032475; 0.022617; -0.033258; 0.000000; 0.000000; 0.000000 \
#; -0.032475; 0.022617; 0.033258; 0.000000; 0.000000; 0.000000 \
#; -0.032475; -0.022617; 0.033258; 0.000000; 0.000000; 0.000000 \
#; 0.032475; -0.022617; -0.033258; 0.000000; 0.000000; 0.000000 \
#; -0.000000; 0.004834; -0.000000; 0.000000; 0.000000; 0.000000 \
#; -0.000000; -0.004834; -0.000000; 0.000000; 0.000000; 0.000000 \
#; 0.000000; 0.004834; -0.000000; 0.000000; 0.000000; 0.000000 \
#; 0.000000; -0.004834; -0.000000; 0.000000; 0.000000; 0.000000 \
# ]
#metaData: qpt=[0.000000;0.000000;0.000000;3.237116 \
#; -0.023804; 0.000000; 0.008658; 0.000000; 0.000000; 0.000000 \
#; -0.023804; -0.000000; 0.008658; 0.000000; 0.000000; 0.000000 \
#; -0.023804; 0.000000; -0.008658; 0.000000; 0.000000; 0.000000 \
#; -0.023804; -0.000000; -0.008658; 0.000000; 0.000000; 0.000000 \
#; -0.003715; 0.005631; 0.000279; 0.000000; 0.000000; 0.000000 \
#; -0.003715; -0.005631; 0.000279; 0.000000; 0.000000; 0.000000 \
#; -0.003715; 0.005631; -0.000279; 0.000000; 0.000000; 0.000000 \
#; -0.003715; -0.005631; -0.000279; 0.000000; 0.000000; 0.000000 \
#; 0.031136; 0.013255; 0.002433; 0.000000; 0.000000; 0.000000 \
#; 0.031136; -0.013255; 0.002433; 0.000000; 0.000000; 0.000000 \
#; 0.031136; 0.013255; 0.002433; 0.000000; 0.000000; 0.000000 \
#; 0.031136; -0.013255; 0.002433; 0.000000; 0.000000; 0.000000 \
#; 0.031136; 0.013255; -0.002433; 0.000000; 0.000000; 0.000000 \
#; 0.031136; -0.013255; -0.002433; 0.000000; 0.000000; 0.000000 \
#; 0.031136; 0.013255; -0.002433; 0.000000; 0.000000; 0.000000 \
#; 0.031136; -0.013255; -0.002433; 0.000000; 0.000000; 0.000000 \
#; 0.050269; -0.000000; 0.009531; 0.000000; 0.000000; 0.000000 \
#; 0.050269; -0.000000; 0.009531; 0.000000; 0.000000; 0.000000 \
#; 0.050269; -0.000000; -0.009531; 0.000000; 0.000000; 0.000000 \
#; 0.050269; -0.000000; -0.009531; 0.000000; 0.000000; 0.000000 \
# ]
#metaData: qpt=[0.000000;0.000000;0.000000;3.321090 \
#; 0.000000; 0.006500; -0.000000; 0.000000; 0.000000; 0.000000 \
#; -0.000000; 0.006500; -0.000000; 0.000000; 0.000000; 0.000000 \
#; -0.000000; -0.006500; -0.000000; 0.000000; 0.000000; 0.000000 \
#; -0.000000; -0.006500; -0.000000; 0.000000; 0.000000; 0.000000 \
#; 0.006929; 0.004835; 0.006305; 0.000000; 0.000000; 0.000000 \
#; -0.006929; 0.004835; -0.006305; 0.000000; 0.000000; 0.000000 \
#; -0.006929; -0.004835; 0.006305; 0.000000; 0.000000; 0.000000 \
#; 0.006929; -0.004835; -0.006305; 0.000000; 0.000000; 0.000000 \
#; -0.022651; -0.031966; -0.045941; 0.000000; 0.000000; 0.000000 \
#; 0.022651; -0.031966; 0.045941; 0.000000; 0.000000; 0.000000 \
#; -0.022651; -0.031966; -0.045941; 0.000000; 0.000000; 0.000000 \
#; 0.022651; -0.031966; 0.045941; 0.000000; 0.000000; 0.000000 \
#; 0.022651; 0.031966; -0.045941; 0.000000; 0.000000; 0.000000 \
#; -0.022651; 0.031966; 0.045941; 0.000000; 0.000000; 0.000000 \
#; 0.022651; 0.031966; -0.045941; 0.000000; 0.000000; 0.000000 \
#; -0.022651; 0.031966; 0.045941; 0.000000; 0.000000; 0.000000 \
#; 0.000000; -0.003113; 0.000000; 0.000000; 0.000000; 0.000000 \
#; 0.000000; -0.003113; 0.000000; 0.000000; 0.000000; 0.000000 \
#; -0.000000; 0.003113; 0.000000; 0.000000; 0.000000; 0.000000 \
#; 0.000000; 0.003113; 0.000000; 0.000000; 0.000000; 0.000000 \
# ]
#metaData: qpt=[0.000000;0.000000;0.000000;3.925228 \
#; 0.000000; 0.015381; 0.000000; 0.000000; 0.000000; 0.000000 \
#; -0.000000; 0.015381; 0.000000; 0.000000; 0.000000; 0.000000 \
#; -0.000000; 0.015381; -0.000000; 0.000000; 0.000000; 0.000000 \
#; -0.000000; 0.015381; -0.000000; 0.000000; 0.000000; 0.000000 \
#; -0.006329; -0.003578; 0.009790; 0.000000; 0.000000; 0.000000 \
#; 0.006329; -0.003578; -0.009790; 0.000000; 0.000000; 0.000000 \
#; -0.006329; -0.003578; -0.009790; 0.000000; 0.000000; 0.000000 \
#; 0.006329; -0.003578; 0.009790; 0.000000; 0.000000; 0.000000 \
#; 0.046544; -0.019328; 0.022282; 0.000000; 0.000000; 0.000000 \
#; -0.046544; -0.019328; -0.022282; 0.000000; 0.000000; 0.000000 \
#; 0.046544; -0.019328; 0.022282; 0.000000; 0.000000; 0.000000 \
#; -0.046544; -0.019328; -0.022282; 0.000000; 0.000000; 0.000000 \
#; 0.046544; -0.019328; -0.022282; 0.000000; 0.000000; 0.000000 \
#; -0.046544; -0.019328; 0.022282; 0.000000; 0.000000; 0.000000 \
#; 0.046544; -0.019328; -0.022282; 0.000000; 0.000000; 0.000000 \
#; -0.046544; -0.019328; 0.022282; 0.000000; 0.000000; 0.000000 \
#; -0.000000; -0.016990; 0.000000; 0.000000; 0.000000; 0.000000 \
#; -0.000000; -0.016990; 0.000000; 0.000000; 0.000000; 0.000000 \
#; -0.000000; -0.016990; -0.000000; 0.000000; 0.000000; 0.000000 \
#; -0.000000; -0.016990; 0.000000; 0.000000; 0.000000; 0.000000 \
# ]
#metaData: qpt=[0.000000;0.000000;0.000000;3.968913 \
#; -0.000239; -0.000000; 0.004540; 0.000000; 0.000000; 0.000000 \
#; -0.000239; -0.000000; 0.004540; 0.000000; 0.000000; 0.000000 \
#; -0.000239; -0.000000; -0.004540; 0.000000; 0.000000; 0.000000 \
#; -0.000239; -0.000000; -0.004540; 0.000000; 0.000000; 0.000000 \
#; 0.001298; 0.011693; 0.002710; 0.000000; 0.000000; 0.000000 \
#; 0.001298; -0.011693; 0.002710; 0.000000; 0.000000; 0.000000 \
#; 0.001298; 0.011693; -0.002710; 0.000000; 0.000000; 0.000000 \
#; 0.001298; -0.011693; -0.002710; 0.000000; 0.000000; 0.000000 \
#; 0.027037; 0.020557; 0.028425; 0.000000; 0.000000; 0.000000 \
#; 0.027037; -0.020557; 0.028425; 0.000000; 0.000000; 0.000000 \
#; 0.027037; 0.020557; 0.028425; 0.000000; 0.000000; 0.000000 \
#; 0.027037; -0.020557; 0.028425; 0.000000; 0.000000; 0.000000 \
#; 0.027037; 0.020557; -0.028425; 0.000000; 0.000000; 0.000000 \
#; 0.027037; -0.020557; -0.028425; 0.000000; 0.000000; 0.000000 \
#; 0.027037; 0.020557; -0.028425; 0.000000; 0.000000; 0.000000 \
#; 0.027037; -0.020557; -0.028425; 0.000000; 0.000000; 0.000000 \
#; -0.056747; 0.000000; 0.012301; 0.000000; 0.000000; 0.000000 \
#; -0.056747; 0.000000; 0.012301; 0.000000; 0.000000; 0.000000 \
#; -0.056747; 0.000000; -0.012301; 0.000000; 0.000000; 0.000000 \
#; -0.056747; 0.000000; -0.012301; 0.000000; 0.000000; 0.000000 \
# ]
#metaData: qpt=[0.000000;0.000000;0.000000;3.969094 \
#; -0.010768; -0.000000; -0.000950; 0.000000; 0.000000; 0.000000 \
#; -0.010768; -0.000000; -0.000950; 0.000000; 0.000000; 0.000000 \
#; 0.010768; -0.000000; -0.000950; 0.000000; 0.000000; 0.000000 \
#; 0.010768; 0.000000; -0.000950; 0.000000; 0.000000; 0.000000 \
#; 0.008183; -0.000005; -0.001290; 0.000000; 0.000000; 0.000000 \
#; 0.008183; 0.000005; -0.001290; 0.000000; 0.000000; 0.000000 \
#; -0.008183; 0.000005; -0.001290; 0.000000; 0.000000; 0.000000 \
#; -0.008183; -0.000005; -0.001290; 0.000000; 0.000000; 0.000000 \
#; -0.022610; -0.008498; -0.017729; 0.000000; 0.000000; 0.000000 \
#; -0.022610; 0.008498; -0.017729; 0.000000; 0.000000; 0.000000 \
#; -0.022610; -0.008498; -0.017729; 0.000000; 0.000000; 0.000000 \
#; -0.022610; 0.008498; -0.017729; 0.000000; 0.000000; 0.000000 \
#; 0.022610; 0.008498; -0.017729; 0.000000; 0.000000; 0.000000 \
#; 0.022610; -0.008498; -0.017729; 0.000000; 0.000000; 0.000000 \
#; 0.022610; 0.008498; -0.017729; 0.000000; 0.000000; 0.000000 \
#; 0.022610; -0.008498; -0.017729; 0.000000; 0.000000; 0.000000 \
#; 0.058658; 0.000000; 0.043195; 0.000000; 0.000000; 0.000000 \
#; 0.058658; 0.000000; 0.043195; 0.000000; 0.000000; 0.000000 \
#; -0.058658; 0.000000; 0.043195; 0.000000; 0.000000; 0.000000 \
#; -0.058658; 0.000000; 0.043195; 0.000000; 0.000000; 0.000000 \
# ]
#metaData: qpt=[0.000000;0.000000;0.000000;4.158620 \
#; 0.008664; -0.000000; 0.000428; 0.000000; 0.000000; 0.000000 \
#; -0.008664; -0.000000; -0.000428; 0.000000; 0.000000; 0.000000 \
#; 0.008664; -0.000000; -0.000428; 0.000000; 0.000000; 0.000000 \
#; -0.008664; 0.000000; 0.000428; 0.000000; 0.000000; 0.000000 \
#; 0.000000; 0.000000; -0.000000; 0.000000; 0.000000; 0.000000 \
#; 0.000000; -0.000000; 0.000000; 0.000000; 0.000000; 0.000000 \
#; -0.000000; 0.000000; -0.000000; 0.000000; 0.000000; 0.000000 \
#; -0.000000; -0.000000; -0.000000; 0.000000; 0.000000; 0.000000 \
#; 0.023733; -0.024022; 0.027664; 0.000000; 0.000000; 0.000000 \
#; 0.023733; 0.024022; 0.027664; 0.000000; 0.000000; 0.000000 \
#; -0.023733; 0.024022; -0.027664; 0.000000; 0.000000; 0.000000 \
#; -0.023733; -0.024022; -0.027664; 0.000000; 0.000000; 0.000000 \
#; -0.023733; 0.024022; 0.027664; 0.000000; 0.000000; 0.000000 \
#; -0.023733; -0.024022; 0.027664; 0.000000; 0.000000; 0.000000 \
#; 0.023733; -0.024022; -0.027664; 0.000000; 0.000000; 0.000000 \
#; 0.023733; 0.024022; -0.027664; 0.000000; 0.000000; 0.000000 \
#; 0.045217; 0.000000; 0.040246; 0.000000; 0.000000; 0.000000 \
#; -0.045217; 0.000000; -0.040246; 0.000000; 0.000000; 0.000000 \
#; 0.045217; 0.000000; -0.040246; 0.000000; 0.000000; 0.000000 \
#; -0.045217; 0.000000; 0.040246; 0.000000; 0.000000; 0.000000 \
# ]
#metaData: qpt=[0.000000;0.000000;0.000000;4.391261 \
#; -0.000000; -0.013381; -0.000000; 0.000000; 0.000000; 0.000000 \
#; 0.000000; -0.013381; 0.000000; 0.000000; 0.000000; 0.000000 \
#; 0.000000; 0.013381; 0.000000; 0.000000; 0.000000; 0.000000 \
#; 0.000000; 0.013381; 0.000000; 0.000000; 0.000000; 0.000000 \
#; -0.009670; -0.000725; -0.001268; 0.000000; 0.000000; 0.000000 \
#; 0.009670; -0.000725; 0.001268; 0.000000; 0.000000; 0.000000 \
#; 0.009670; 0.000725; -0.001268; 0.000000; 0.000000; 0.000000 \
#; -0.009670; 0.000725; 0.001268; 0.000000; 0.000000; 0.000000 \
#; 0.008420; -0.051659; 0.025207; 0.000000; 0.000000; 0.000000 \
#; -0.008420; -0.051659; -0.025207; 0.000000; 0.000000; 0.000000 \
#; 0.008420; -0.051659; 0.025207; 0.000000; 0.000000; 0.000000 \
#; -0.008420; -0.051659; -0.025207; 0.000000; 0.000000; 0.000000 \
#; -0.008420; 0.051659; 0.025207; 0.000000; 0.000000; 0.000000 \
#; 0.008420; 0.051659; -0.025207; 0.000000; 0.000000; 0.000000 \
#; -0.008420; 0.051659; 0.025207; 0.000000; 0.000000; 0.000000 \
#; 0.008420; 0.051659; -0.025207; 0.000000; 0.000000; 0.000000 \
#; 0.000000; 0.002968; 0.000000; 0.000000; 0.000000; 0.000000 \
#; -0.000000; 0.002968; -0.000000; 0.000000; 0.000000; 0.000000 \
#; 0.000000; -0.002968; 0.000000; 0.000000; 0.000000; 0.000000 \
#; 0.000000; -0.002968; -0.000000; 0.000000; 0.000000; 0.000000 \
# ]
#metaData: qpt=[0.000000;0.000000;0.000000;4.571052 \
#; -0.010399; 0.000000; 0.009732; 0.000000; 0.000000; 0.000000 \
#; -0.010399; 0.000000; 0.009732; 0.000000; 0.000000; 0.000000 \
#; 0.010399; -0.000000; 0.009732; 0.000000; 0.000000; 0.000000 \
#; 0.010399; -0.000000; 0.009732; 0.000000; 0.000000; 0.000000 \
#; 0.011795; -0.007312; -0.002442; 0.000000; 0.000000; 0.000000 \
#; 0.011795; 0.007312; -0.002442; 0.000000; 0.000000; 0.000000 \
#; -0.011795; 0.007312; -0.002442; 0.000000; 0.000000; 0.000000 \
#; -0.011795; -0.007312; -0.002442; 0.000000; 0.000000; 0.000000 \
#; 0.012687; 0.041502; 0.000559; 0.000000; 0.000000; 0.000000 \
#; 0.012687; -0.041502; 0.000559; 0.000000; 0.000000; 0.000000 \
#; 0.012687; 0.041502; 0.000559; 0.000000; 0.000000; 0.000000 \
#; 0.012687; -0.041502; 0.000559; 0.000000; 0.000000; 0.000000 \
#; -0.012687; -0.041502; 0.000559; 0.000000; 0.000000; 0.000000 \
#; -0.012687; 0.041502; 0.000559; 0.000000; 0.000000; 0.000000 \
#; -0.012687; -0.041502; 0.000559; 0.000000; 0.000000; 0.000000 \
#; -0.012687; 0.041502; 0.000559; 0.000000; 0.000000; 0.000000 \
#; 0.036208; -0.000000; -0.035855; 0.000000; 0.000000; 0.000000 \
#; 0.036208; -0.000000; -0.035855; 0.000000; 0.000000; 0.000000 \
#; -0.036208; 0.000000; -0.035855; 0.000000; 0.000000; 0.000000 \
#; -0.036208; -0.000000; -0.035855; 0.000000; 0.000000; 0.000000 \
# ]
#metaData: qpt=[0.000000;0.000000;0.000000;4.663365 \
#; 0.006317; 0.000000; -0.001005; 0.000000; 0.000000; 0.000000 \
#; 0.006317; 0.000000; -0.001005; 0.000000; 0.000000; 0.000000 \
#; 0.006317; -0.000000; 0.001005; 0.000000; 0.000000; 0.000000 \
#; 0.006317; -0.000000; 0.001005; 0.000000; 0.000000; 0.000000 \
#; 0.003340; 0.026447; 0.004357; 0.000000; 0.000000; 0.000000 \
#; 0.003340; -0.026447; 0.004357; 0.000000; 0.000000; 0.000000 \
#; 0.003340; 0.026447; -0.004357; 0.000000; 0.000000; 0.000000 \
#; 0.003340; -0.026447; -0.004357; 0.000000; 0.000000; 0.000000 \
#; -0.024644; 0.030535; -0.011527; 0.000000; 0.000000; 0.000000 \
#; -0.024644; -0.030535; -0.011527; 0.000000; 0.000000; 0.000000 \
#; -0.024644; 0.030535; -0.011527; 0.000000; 0.000000; 0.000000 \
#; -0.024644; -0.030535; -0.011527; 0.000000; 0.000000; 0.000000 \
#; -0.024644; 0.030535; 0.011527; 0.000000; 0.000000; 0.000000 \
#; -0.024644; -0.030535; 0.011527; 0.000000; 0.000000; 0.000000 \
#; -0.024644; 0.030535; 0.011527; 0.000000; 0.000000; 0.000000 \
#; -0.024644; -0.030535; 0.011527; 0.000000; 0.000000; 0.000000 \
#; 0.012738; -0.000000; 0.045158; 0.000000; 0.000000; 0.000000 \
#; 0.012738; -0.000000; 0.045158; 0.000000; 0.000000; 0.000000 \
#; 0.012738; 0.000000; -0.045158; 0.000000; 0.000000; 0.000000 \
#; 0.012738; 0.000000; -0.045158; 0.000000; 0.000000; 0.000000 \
# ]
#metaData: qpt=[0.000000;0.000000;0.000000;4.864336 \
#; 0.000000; 0.001493; -0.000000; 0.000000; 0.000000; 0.000000 \
#; 0.000000; -0.001493; -0.000000; 0.000000; 0.000000; 0.000000 \
#; 0.000000; -0.001493; 0.000000; 0.000000; 0.000000; 0.000000 \
#; -0.000000; 0.001493; 0.000000; 0.000000; 0.000000; 0.000000 \
#; -0.000000; 0.000000; -0.000000; 0.000000; 0.000000; 0.000000 \
#; -0.000000; -0.000000; -0.000000; 0.000000; 0.000000; 0.000000 \
#; -0.000000; 0.000000; 0.000000; 0.000000; 0.000000; 0.000000 \
#; -0.000000; -0.000000; 0.000000; 0.000000; 0.000000; 0.000000 \
#; -0.012197; -0.059845; -0.012795; 0.000000; 0.000000; 0.000000 \
#; 0.012197; -0.059845; 0.012795; 0.000000; 0.000000; 0.000000 \
#; 0.012197; 0.059845; 0.012795; 0.000000; 0.000000; 0.000000 \
#; -0.012197; 0.059845; -0.012795; 0.000000; 0.000000; 0.000000 \
#; -0.012197; -0.059845; 0.012795; 0.000000; 0.000000; 0.000000 \
#; 0.012197; -0.059845; -0.012795; 0.000000; 0.000000; 0.000000 \
#; 0.012197; 0.059845; -0.012795; 0.000000; 0.000000; 0.000000 \
#; -0.012197; 0.059845; 0.012795; 0.000000; 0.000000; 0.000000 \
#; 0.000000; 0.000729; 0.000000; 0.000000; 0.000000; 0.000000 \
#; -0.000000; -0.000729; -0.000000; 0.000000; 0.000000; 0.000000 \
#; -0.000000; -0.000729; 0.000000; 0.000000; 0.000000; 0.000000 \
#; 0.000000; 0.000729; -0.000000; 0.000000; 0.000000; 0.000000 \
# ]
#metaData: qpt=[0.000000;0.000000;0.000000;4.887417 \
#; -0.009376; 0.000000; 0.000979; 0.000000; 0.000000; 0.000000 \
#; 0.009376; -0.000000; -0.000979; 0.000000; 0.000000; 0.000000 \
#; -0.009376; -0.000000; -0.000979; 0.000000; 0.000000; 0.000000 \
#; 0.009376; -0.000000; 0.000979; 0.000000; 0.000000; 0.000000 \
#; 0.000000; 0.000000; -0.000000; 0.000000; 0.000000; 0.000000 \
#; -0.000000; -0.000000; -0.000000; 0.000000; 0.000000; 0.000000 \
#; 0.000000; 0.000000; 0.000000; 0.000000; 0.000000; 0.000000 \
#; 0.000000; -0.000000; 0.000000; 0.000000; 0.000000; 0.000000 \
#; -0.016251; 0.017387; -0.011254; 0.000000; 0.000000; 0.000000 \
#; -0.016251; -0.017387; -0.011254; 0.000000; 0.000000; 0.000000 \
#; 0.016251; -0.017387; 0.011254; 0.000000; 0.000000; 0.000000 \
#; 0.016251; 0.017387; 0.011254; 0.000000; 0.000000; 0.000000 \
#; 0.016251; -0.017387; -0.011254; 0.000000; 0.000000; 0.000000 \
#; 0.016251; 0.017387; -0.011254; 0.000000; 0.000000; 0.000000 \
#; -0.016251; 0.017387; 0.011254; 0.000000; 0.000000; 0.000000 \
#; -0.016251; -0.017387; 0.011254; 0.000000; 0.000000; 0.000000 \
#; 0.074976; -0.000000; -0.020241; 0.000000; 0.000000; 0.000000 \
#; -0.074976; 0.000000; 0.020241; 0.000000; 0.000000; 0.000000 \
#; 0.074976; -0.000000; 0.020241; 0.000000; 0.000000; 0.000000 \
#; -0.074976; 0.000000; -0.020241; 0.000000; 0.000000; 0.000000 \
# ]
#metaData: qpt=[0.000000;0.000000;0.000000;5.120500 \
#; 0.001618; 0.000000; -0.012509; 0.000000; 0.000000; 0.000000 \
#; 0.001618; -0.000000; -0.012509; 0.000000; 0.000000; 0.000000 \
#; 0.001618; 0.000000; 0.012509; 0.000000; 0.000000; 0.000000 \
#; 0.001618; -0.000000; 0.012509; 0.000000; 0.000000; 0.000000 \
#; -0.003792; 0.011178; -0.019714; 0.000000; 0.000000; 0.000000 \
#; -0.003792; -0.011178; -0.019714; 0.000000; 0.000000; 0.000000 \
#; -0.003792; 0.011178; 0.019714; 0.000000; 0.000000; 0.000000 \
#; -0.003792; -0.011178; 0.019714; 0.000000; 0.000000; 0.000000 \
#; -0.000098; 0.031071; -0.004613; 0.000000; 0.000000; 0.000000 \
#; -0.000098; -0.031071; -0.004613; 0.000000; 0.000000; 0.000000 \
#; -0.000098; 0.031071; -0.004613; 0.000000; 0.000000; 0.000000 \
#; -0.000098; -0.031071; -0.004613; 0.000000; 0.000000; 0.000000 \
#; -0.000098; 0.031071; 0.004613; 0.000000; 0.000000; 0.000000 \
#; -0.000098; -0.031071; 0.004613; 0.000000; 0.000000; 0.000000 \
#; -0.000098; 0.031071; 0.004613; 0.000000; 0.000000; 0.000000 \
#; -0.000098; -0.031071; 0.004613; 0.000000; 0.000000; 0.000000 \
#; 0.004058; -0.000000; -0.060203; 0.000000; 0.000000; 0.000000 \
#; 0.004058; -0.000000; -0.060203; 0.000000; 0.000000; 0.000000 \
#; 0.004058; 0.000000; 0.060203; 0.000000; 0.000000; 0.000000 \
#; 0.004058; -0.000000; 0.060203; 0.000000; 0.000000; 0.000000 \
# ]
#metaData: qpt=[0.000000;0.000000;0.000000;5.150004 \
#; -0.001359; 0.000000; -0.006497; 0.000000; 0.000000; 0.000000 \
#; 0.001359; -0.000000; 0.006497; 0.000000; 0.000000; 0.000000 \
#; 0.001359; 0.000000; -0.006497; 0.000000; 0.000000; 0.000000 \
#; -0.001359; -0.000000; 0.006497; 0.000000; 0.000000; 0.000000 \
#; -0.000000; 0.000000; -0.000000; 0.000000; 0.000000; 0.000000 \
#; -0.000000; -0.000000; -0.000000; 0.000000; 0.000000; 0.000000 \
#; -0.000000; 0.000000; 0.000000; 0.000000; 0.000000; 0.000000 \
#; -0.000000; -0.000000; 0.000000; 0.000000; 0.000000; 0.000000 \
#; -0.005226; -0.017078; -0.011614; 0.000000; 0.000000; 0.000000 \
#; -0.005226; 0.017078; -0.011614; 0.000000; 0.000000; 0.000000 \
#; 0.005226; 0.017078; 0.011614; 0.000000; 0.000000; 0.000000 \
#; 0.005226; -0.017078; 0.011614; 0.000000; 0.000000; 0.000000 \
#; -0.005226; -0.017078; 0.011614; 0.000000; 0.000000; 0.000000 \
#; -0.005226; 0.017078; 0.011614; 0.000000; 0.000000; 0.000000 \
#; 0.005226; 0.017078; -0.011614; 0.000000; 0.000000; 0.000000 \
#; 0.005226; -0.017078; -0.011614; 0.000000; 0.000000; 0.000000 \
#; 0.022152; 0.000000; 0.078808; 0.000000; 0.000000; 0.000000 \
#; -0.022152; -0.000000; -0.078808; 0.000000; 0.000000; 0.000000 \
#; -0.022152; 0.000000; 0.078808; 0.000000; 0.000000; 0.000000 \
#; 0.022152; -0.000000; -0.078808; 0.000000; 0.000000; 0.000000 \
# ]
#metaData: qpt=[0.000000;0.000000;0.000000;5.171171 \
#; 0.000000; 0.009115; 0.000000; 0.000000; 0.000000; 0.000000 \
#; -0.000000; -0.009115; 0.000000; 0.000000; 0.000000; 0.000000 \
#; -0.000000; 0.009115; -0.000000; 0.000000; 0.000000; 0.000000 \
#; 0.000000; -0.009115; -0.000000; 0.000000; 0.000000; 0.000000 \
#; 0.000000; -0.000000; 0.000000; 0.000000; 0.000000; 0.000000 \
#; 0.000000; 0.000000; 0.000000; 0.000000; 0.000000; 0.000000 \
#; 0.000000; -0.000000; -0.000000; 0.000000; 0.000000; 0.000000 \
#; 0.000000; 0.000000; -0.000000; 0.000000; 0.000000; 0.000000 \
#; -0.011140; 0.057891; -0.013735; 0.000000; 0.000000; 0.000000 \
#; 0.011140; 0.057891; 0.013735; 0.000000; 0.000000; 0.000000 \
#; 0.011140; -0.057891; 0.013735; 0.000000; 0.000000; 0.000000 \
#; -0.011140; -0.057891; -0.013735; 0.000000; 0.000000; 0.000000 \
#; 0.011140; -0.057891; -0.013735; 0.000000; 0.000000; 0.000000 \
#; -0.011140; -0.057891; 0.013735; 0.000000; 0.000000; 0.000000 \
#; -0.011140; 0.057891; 0.013735; 0.000000; 0.000000; 0.000000 \
#; 0.011140; 0.057891; -0.013735; 0.000000; 0.000000; 0.000000 \
#; -0.000000; 0.010664; -0.000000; 0.000000; 0.000000; 0.000000 \
#; 0.000000; -0.010664; 0.000000; 0.000000; 0.000000; 0.000000 \
#; 0.000000; 0.010664; -0.000000; 0.000000; 0.000000; 0.000000 \
#; -0.000000; -0.010664; 0.000000; 0.000000; 0.000000; 0.000000 \
# ]
#metaData: qpt=[0.000000;0.000000;0.000000;5.255264 \
#; 0.004552; 0.000000; -0.000284; 0.000000; 0.000000; 0.000000 \
#; 0.004552; -0.000000; -0.000284; 0.000000; 0.000000; 0.000000 \
#; -0.004552; 0.000000; -0.000284; 0.000000; 0.000000; 0.000000 \
#; -0.004552; -0.000000; -0.000284; 0.000000; 0.000000; 0.000000 \
#; 0.007421; -0.002657; -0.002236; 0.000000; 0.000000; 0.000000 \
#; 0.007421; 0.002657; -0.002236; 0.000000; 0.000000; 0.000000 \
#; -0.007421; 0.002657; -0.002236; 0.000000; 0.000000; 0.000000 \
#; -0.007421; -0.002657; -0.002236; 0.000000; 0.000000; 0.000000 \
#; 0.016391; -0.039636; 0.021504; 0.000000; 0.000000; 0.000000 \
#; 0.016391; 0.039636; 0.021504; 0.000000; 0.000000; 0.000000 \
#; 0.016391; -0.039636; 0.021504; 0.000000; 0.000000; 0.000000 \
#; 0.016391; 0.039636; 0.021504; 0.000000; 0.000000; 0.000000 \
#; -0.016391; 0.039636; 0.021504; 0.000000; 0.000000; 0.000000 \
#; -0.016391; -0.039636; 0.021504; 0.000000; 0.000000; 0.000000 \
#; -0.016391; 0.039636; 0.021504; 0.000000; 0.000000; 0.000000 \
#; -0.016391; -0.039636; 0.021504; 0.000000; 0.000000; 0.000000 \
#; 0.040717; 0.000000; -0.035435; 0.000000; 0.000000; 0.000000 \
#; 0.040717; -0.000000; -0.035435; 0.000000; 0.000000; 0.000000 \
#; -0.040717; 0.000000; -0.035435; 0.000000; 0.000000; 0.000000 \
#; -0.040717; -0.000000; -0.035435; 0.000000; 0.000000; 0.000000 \
# ]
#metaData: qpt=[0.000000;0.000000;0.000000;6.148355 \
#; -0.003337; 0.000000; 0.003705; 0.000000; 0.000000; 0.000000 \
#; 0.003337; 0.000000; -0.003705; 0.000000; 0.000000; 0.000000 \
#; 0.003337; 0.000000; 0.003705; 0.000000; 0.000000; 0.000000 \
#; -0.003337; -0.000000; -0.003705; 0.000000; 0.000000; 0.000000 \
#; -0.000000; 0.000000; -0.000000; 0.000000; 0.000000; 0.000000 \
#; -0.000000; -0.000000; -0.000000; 0.000000; 0.000000; 0.000000 \
#; -0.000000; -0.000000; 0.000000; 0.000000; 0.000000; 0.000000 \
#; 0.000000; 0.000000; 0.000000; 0.000000; 0.000000; 0.000000 \
#; -0.012445; -0.037491; -0.011303; 0.000000; 0.000000; 0.000000 \
#; -0.012445; 0.037491; -0.011303; 0.000000; 0.000000; 0.000000 \
#; 0.012445; 0.037491; 0.011303; 0.000000; 0.000000; 0.000000 \
#; 0.012445; -0.037491; 0.011303; 0.000000; 0.000000; 0.000000 \
#; -0.012445; -0.037491; 0.011303; 0.000000; 0.000000; 0.000000 \
#; -0.012445; 0.037491; 0.011303; 0.000000; 0.000000; 0.000000 \
#; 0.012445; 0.037491; -0.011303; 0.000000; 0.000000; 0.000000 \
#; 0.012445; -0.037491; -0.011303; 0.000000; 0.000000; 0.000000 \
#; 0.055158; -0.000000; -0.035673; 0.000000; 0.000000; 0.000000 \
#; -0.055158; 0.000000; 0.035673; 0.000000; 0.000000; 0.000000 \
#; -0.055158; -0.000000; -0.035673; 0.000000; 0.000000; 0.000000 \
#; 0.055158; 0.000000; 0.035673; 0.000000; 0.000000; 0.000000 \
# ]
#metaData: qpt=[0.000000;0.000000;0.000000;6.256649 \
#; -0.000000; -0.004153; 0.000000; 0.000000; 0.000000; 0.000000 \
#; -0.000000; 0.004153; 0.000000; 0.000000; 0.000000; 0.000000 \
#; 0.000000; 0.004153; -0.000000; 0.000000; 0.000000; 0.000000 \
#; -0.000000; -0.004153; -0.000000; 0.000000; 0.000000; 0.000000 \
#; 0.000000; -0.000000; 0.000000; 0.000000; 0.000000; 0.000000 \
#; -0.000000; -0.000000; 0.000000; 0.000000; 0.000000; 0.000000 \
#; -0.000000; 0.000000; -0.000000; 0.000000; 0.000000; 0.000000 \
#; 0.000000; -0.000000; 0.000000; 0.000000; 0.000000; 0.000000 \
#; -0.042421; 0.017372; -0.041925; 0.000000; 0.000000; 0.000000 \
#; 0.042421; 0.017372; 0.041925; 0.000000; 0.000000; 0.000000 \
#; 0.042421; -0.017372; 0.041925; 0.000000; 0.000000; 0.000000 \
#; -0.042421; -0.017372; -0.041925; 0.000000; 0.000000; 0.000000 \
#; -0.042421; 0.017372; 0.041925; 0.000000; 0.000000; 0.000000 \
#; 0.042421; 0.017372; -0.041925; 0.000000; 0.000000; 0.000000 \
#; 0.042421; -0.017372; -0.041925; 0.000000; 0.000000; 0.000000 \
#; -0.042421; -0.017372; 0.041925; 0.000000; 0.000000; 0.000000 \
#; 0.000000; -0.002428; 0.000000; 0.000000; 0.000000; 0.000000 \
#; -0.000000; 0.002428; -0.000000; 0.000000; 0.000000; 0.000000 \
#; 0.000000; 0.002428; 0.000000; 0.000000; 0.000000; 0.000000 \
#; -0.000000; -0.002428; -0.000000; 0.000000; 0.000000; 0.000000 \
# ]
#metaData: qpt=[0.000000;0.000000;0.000000;6.371600 \
#; 0.001439; 0.000000; -0.004485; 0.000000; 0.000000; 0.000000 \
#; -0.001439; 0.000000; 0.004485; 0.000000; 0.000000; 0.000000 \
#; 0.001439; -0.000000; 0.004485; 0.000000; 0.000000; 0.000000 \
#; -0.001439; -0.000000; -0.004485; 0.000000; 0.000000; 0.000000 \
#; -0.000000; 0.000000; -0.000000; 0.000000; 0.000000; 0.000000 \
#; 0.000000; -0.000000; -0.000000; 0.000000; 0.000000; 0.000000 \
#; 0.000000; -0.000000; 0.000000; 0.000000; 0.000000; 0.000000 \
#; -0.000000; 0.000000; 0.000000; 0.000000; 0.000000; 0.000000 \
#; 0.000765; -0.040775; 0.006788; 0.000000; 0.000000; 0.000000 \
#; 0.000765; 0.040775; 0.006788; 0.000000; 0.000000; 0.000000 \
#; -0.000765; 0.040775; -0.006788; 0.000000; 0.000000; 0.000000 \
#; -0.000765; -0.040775; -0.006788; 0.000000; 0.000000; 0.000000 \
#; -0.000765; 0.040775; 0.006788; 0.000000; 0.000000; 0.000000 \
#; -0.000765; -0.040775; 0.006788; 0.000000; 0.000000; 0.000000 \
#; 0.000765; -0.040775; -0.006788; 0.000000; 0.000000; 0.000000 \
#; 0.000765; 0.040775; -0.006788; 0.000000; 0.000000; 0.000000 \
#; 0.004677; 0.000000; -0.065287; 0.000000; 0.000000; 0.000000 \
#; -0.004677; -0.000000; 0.065287; 0.000000; 0.000000; 0.000000 \
#; 0.004677; 0.000000; 0.065287; 0.000000; 0.000000; 0.000000 \
#; -0.004677; -0.000000; -0.065287; 0.000000; 0.000000; 0.000000 \
# ]
#metaData: qpt=[0.000000;0.000000;0.000000;6.595703 \
#; 0.000000; 0.000705; 0.000000; 0.000000; 0.000000; 0.000000 \
#; -0.000000; 0.000705; -0.000000; 0.000000; 0.000000; 0.000000 \
#; -0.000000; 0.000705; -0.000000; 0.000000; 0.000000; 0.000000 \
#; -0.000000; 0.000705; -0.000000; 0.000000; 0.000000; 0.000000 \
#; 0.006540; -0.008595; 0.049922; 0.000000; 0.000000; 0.000000 \
#; -0.006540; -0.008595; -0.049922; 0.000000; 0.000000; 0.000000 \
#; 0.006540; -0.008595; -0.049922; 0.000000; 0.000000; 0.000000 \
#; -0.006540; -0.008595; 0.049922; 0.000000; 0.000000; 0.000000 \
#; -0.009413; 0.009260; -0.002758; 0.000000; 0.000000; 0.000000 \
#; 0.009413; 0.009260; 0.002758; 0.000000; 0.000000; 0.000000 \
#; -0.009413; 0.009260; -0.002758; 0.000000; 0.000000; 0.000000 \
#; 0.009413; 0.009260; 0.002758; 0.000000; 0.000000; 0.000000 \
#; -0.009413; 0.009260; 0.002758; 0.000000; 0.000000; 0.000000 \
#; 0.009413; 0.009260; -0.002758; 0.000000; 0.000000; 0.000000 \
#; -0.009413; 0.009260; 0.002758; 0.000000; 0.000000; 0.000000 \
#; 0.009413; 0.009260; -0.002758; 0.000000; 0.000000; 0.000000 \
#; 0.000000; 0.002924; -0.000000; 0.000000; 0.000000; 0.000000 \
#; -0.000000; 0.002924; 0.000000; 0.000000; 0.000000; 0.000000 \
#; 0.000000; 0.002924; 0.000000; 0.000000; 0.000000; 0.000000 \
#; -0.000000; 0.002924; 0.000000; 0.000000; 0.000000; 0.000000 \
# ]
#metaData: qpt=[0.000000;0.000000;0.000000;6.617704 \
#; 0.000000; -0.003868; -0.000000; 0.000000; 0.000000; 0.000000 \
#; -0.000000; -0.003868; 0.000000; 0.000000; 0.000000; 0.000000 \
#; -0.000000; 0.003868; -0.000000; 0.000000; 0.000000; 0.000000 \
#; 0.000000; 0.003868; 0.000000; 0.000000; 0.000000; 0.000000 \
#; 0.050397; 0.001656; -0.007301; 0.000000; 0.000000; 0.000000 \
#; -0.050397; 0.001656; 0.007301; 0.000000; 0.000000; 0.000000 \
#; -0.050397; -0.001656; -0.007301; 0.000000; 0.000000; 0.000000 \
#; 0.050397; -0.001656; 0.007301; 0.000000; 0.000000; 0.000000 \
#; 0.008700; -0.005662; 0.008072; 0.000000; 0.000000; 0.000000 \
#; -0.008700; -0.005662; -0.008072; 0.000000; 0.000000; 0.000000 \
#; 0.008700; -0.005662; 0.008072; 0.000000; 0.000000; 0.000000 \
#; -0.008700; -0.005662; -0.008072; 0.000000; 0.000000; 0.000000 \
#; -0.008700; 0.005662; 0.008072; 0.000000; 0.000000; 0.000000 \
#; 0.008700; 0.005662; -0.008072; 0.000000; 0.000000; 0.000000 \
#; -0.008700; 0.005662; 0.008072; 0.000000; 0.000000; 0.000000 \
#; 0.008700; 0.005662; -0.008072; 0.000000; 0.000000; 0.000000 \
#; -0.000000; 0.001252; -0.000000; 0.000000; 0.000000; 0.000000 \
#; 0.000000; 0.001252; 0.000000; 0.000000; 0.000000; 0.000000 \
#; 0.000000; -0.001252; 0.000000; 0.000000; 0.000000; 0.000000 \
#; -0.000000; -0.001252; 0.000000; 0.000000; 0.000000; 0.000000 \
# ]
#metaData: qpt=[0.000000;0.000000;0.000000;6.632801 \
#; -0.002455; -0.000000; 0.004034; 0.000000; 0.000000; 0.000000 \
#; 0.002455; -0.000000; -0.004034; 0.000000; 0.000000; 0.000000 \
#; 0.002455; 0.000000; 0.004034; 0.000000; 0.000000; 0.000000 \
#; -0.002455; 0.000000; -0.004034; 0.000000; 0.000000; 0.000000 \
#; 0.000000; -0.000000; -0.000000; 0.000000; 0.000000; 0.000000 \
#; -0.000000; 0.000000; 0.000000; 0.000000; 0.000000; 0.000000 \
#; -0.000000; 0.000000; -0.000000; 0.000000; 0.000000; 0.000000 \
#; 0.000000; -0.000000; -0.000000; 0.000000; 0.000000; 0.000000 \
#; 0.041213; -0.017780; 0.041346; 0.000000; 0.000000; 0.000000 \
#; 0.041213; 0.017780; 0.041346; 0.000000; 0.000000; 0.000000 \
#; -0.041213; 0.017780; -0.041346; 0.000000; 0.000000; 0.000000 \
#; -0.041213; -0.017780; -0.041346; 0.000000; 0.000000; 0.000000 \
#; 0.041213; -0.017780; -0.041346; 0.000000; 0.000000; 0.000000 \
#; 0.041213; 0.017780; -0.041346; 0.000000; 0.000000; 0.000000 \
#; -0.041213; 0.017780; 0.041346; 0.000000; 0.000000; 0.000000 \
#; -0.041213; -0.017780; 0.041346; 0.000000; 0.000000; 0.000000 \
#; 0.014225; 0.000000; 0.007191; 0.000000; 0.000000; 0.000000 \
#; -0.014225; 0.000000; -0.007191; 0.000000; 0.000000; 0.000000 \
#; -0.014225; 0.000000; 0.007191; 0.000000; 0.000000; 0.000000 \
#; 0.014225; -0.000000; -0.007191; 0.000000; 0.000000; 0.000000 \
# ]
#metaData: qpt=[0.000000;0.000000;0.000000;6.768039 \
#; 0.001398; 0.000000; -0.000670; 0.000000; 0.000000; 0.000000 \
#; 0.001398; -0.000000; -0.000670; 0.000000; 0.000000; 0.000000 \
#; -0.001398; -0.000000; -0.000670; 0.000000; 0.000000; 0.000000 \
#; -0.001398; -0.000000; -0.000670; 0.000000; 0.000000; 0.000000 \
#; 0.011977; -0.047703; -0.009568; 0.000000; 0.000000; 0.000000 \
#; 0.011977; 0.047703; -0.009568; 0.000000; 0.000000; 0.000000 \
#; -0.011977; 0.047703; -0.009568; 0.000000; 0.000000; 0.000000 \
#; -0.011977; -0.047703; -0.009568; 0.000000; 0.000000; 0.000000 \
#; 0.002092; -0.002921; 0.005592; 0.000000; 0.000000; 0.000000 \
#; 0.002092; 0.002921; 0.005592; 0.000000; 0.000000; 0.000000 \
#; 0.002092; -0.002921; 0.005592; 0.000000; 0.000000; 0.000000 \
#; 0.002092; 0.002921; 0.005592; 0.000000; 0.000000; 0.000000 \
#; -0.002092; 0.002921; 0.005592; 0.000000; 0.000000; 0.000000 \
#; -0.002092; -0.002921; 0.005592; 0.000000; 0.000000; 0.000000 \
#; -0.002092; 0.002921; 0.005592; 0.000000; 0.000000; 0.000000 \
#; -0.002092; -0.002921; 0.005592; 0.000000; 0.000000; 0.000000 \
#; -0.014083; 0.000000; 0.018900; 0.000000; 0.000000; 0.000000 \
#; -0.014083; -0.000000; 0.018900; 0.000000; 0.000000; 0.000000 \
#; 0.014083; 0.000000; 0.018900; 0.000000; 0.000000; 0.000000 \
#; 0.014083; -0.000000; 0.018900; 0.000000; 0.000000; 0.000000 \
# ]
#metaData: qpt=[0.000000;0.000000;0.000000;6.864573 \
#; -0.007524; 0.000000; -0.000171; 0.000000; 0.000000; 0.000000 \
#; -0.007524; -0.000000; -0.000171; 0.000000; 0.000000; 0.000000 \
#; 0.007524; -0.000000; -0.000171; 0.000000; 0.000000; 0.000000 \
#; 0.007524; -0.000000; -0.000171; 0.000000; 0.000000; 0.000000 \
#; 0.045472; 0.016306; -0.004165; 0.000000; 0.000000; 0.000000 \
#; 0.045472; -0.016306; -0.004165; 0.000000; 0.000000; 0.000000 \
#; -0.045472; -0.016306; -0.004165; 0.000000; 0.000000; 0.000000 \
#; -0.045472; 0.016306; -0.004165; 0.000000; 0.000000; 0.000000 \
#; 0.004269; -0.004994; 0.002427; 0.000000; 0.000000; 0.000000 \
#; 0.004269; 0.004994; 0.002427; 0.000000; 0.000000; 0.000000 \
#; 0.004269; -0.004994; 0.002427; 0.000000; 0.000000; 0.000000 \
#; 0.004269; 0.004994; 0.002427; 0.000000; 0.000000; 0.000000 \
#; -0.004269; 0.004994; 0.002427; 0.000000; 0.000000; 0.000000 \
#; -0.004269; -0.004994; 0.002427; 0.000000; 0.000000; 0.000000 \
#; -0.004269; 0.004994; 0.002427; 0.000000; 0.000000; 0.000000 \
#; -0.004269; -0.004994; 0.002427; 0.000000; 0.000000; 0.000000 \
#; -0.026609; 0.000000; 0.007722; 0.000000; 0.000000; 0.000000 \
#; -0.026609; 0.000000; 0.007722; 0.000000; 0.000000; 0.000000 \
#; 0.026609; -0.000000; 0.007722; 0.000000; 0.000000; 0.000000 \
#; 0.026609; 0.000000; 0.007722; 0.000000; 0.000000; 0.000000 \
# ]
#metaData: qpt=[0.000000;0.000000;0.000000;6.905339 \
#; 0.001846; -0.000000; -0.006117; 0.000000; 0.000000; 0.000000 \
#; 0.001846; 0.000000; -0.006117; 0.000000; 0.000000; 0.000000 \
#; 0.001846; -0.000000; 0.006117; 0.000000; 0.000000; 0.000000 \
#; 0.001846; 0.000000; 0.006117; 0.000000; 0.000000; 0.000000 \
#; -0.005582; -0.006852; -0.045077; 0.000000; 0.000000; 0.000000 \
#; -0.005582; 0.006852; -0.045077; 0.000000; 0.000000; 0.000000 \
#; -0.005582; -0.006852; 0.045077; 0.000000; 0.000000; 0.000000 \
#; -0.005582; 0.006852; 0.045077; 0.000000; 0.000000; 0.000000 \
#; 0.003543; -0.005909; 0.006178; 0.000000; 0.000000; 0.000000 \
#; 0.003543; 0.005909; 0.006178; 0.000000; 0.000000; 0.000000 \
#; 0.003543; -0.005909; 0.006178; 0.000000; 0.000000; 0.000000 \
#; 0.003543; 0.005909; 0.006178; 0.000000; 0.000000; 0.000000 \
#; 0.003543; -0.005909; -0.006178; 0.000000; 0.000000; 0.000000 \
#; 0.003543; 0.005909; -0.006178; 0.000000; 0.000000; 0.000000 \
#; 0.003543; -0.005909; -0.006178; 0.000000; 0.000000; 0.000000 \
#; 0.003543; 0.005909; -0.006178; 0.000000; 0.000000; 0.000000 \
#; 0.000895; -0.000000; 0.038040; 0.000000; 0.000000; 0.000000 \
#; 0.000895; 0.000000; 0.038040; 0.000000; 0.000000; 0.000000 \
#; 0.000895; -0.000000; -0.038040; 0.000000; 0.000000; 0.000000 \
#; 0.000895; 0.000000; -0.038040; 0.000000; 0.000000; 0.000000 \
# ]
#metaData: qpt=[0.000000;0.000000;0.000000;7.599233 \
#; -0.001884; -0.000000; 0.000983; 0.000000; 0.000000; 0.000000 \
#; -0.001884; 0.000000; 0.000983; 0.000000; 0.000000; 0.000000 \
#; -0.001884; -0.000000; -0.000983; 0.000000; 0.000000; 0.000000 \
#; -0.001884; -0.000000; -0.000983; 0.000000; 0.000000; 0.000000 \
#; 0.000135; 0.041137; -0.006391; 0.000000; 0.000000; 0.000000 \
#; 0.000135; -0.041137; -0.006391; 0.000000; 0.000000; 0.000000 \
#; 0.000135; 0.041137; 0.006391; 0.000000; 0.000000; 0.000000 \
#; 0.000135; -0.041137; 0.006391; 0.000000; 0.000000; 0.000000 \
#; 0.004889; -0.036525; -0.001510; 0.000000; 0.000000; 0.000000 \
#; 0.004889; 0.036525; -0.001510; 0.000000; 0.000000; 0.000000 \
#; 0.004889; -0.036525; -0.001510; 0.000000; 0.000000; 0.000000 \
#; 0.004889; 0.036525; -0.001510; 0.000000; 0.000000; 0.000000 \
#; 0.004889; -0.036525; 0.001510; 0.000000; 0.000000; 0.000000 \
#; 0.004889; 0.036525; 0.001510; 0.000000; 0.000000; 0.000000 \
#; 0.004889; -0.036525; 0.001510; 0.000000; 0.000000; 0.000000 \
#; 0.004889; 0.036525; 0.001510; 0.000000; 0.000000; 0.000000 \
#; -0.002083; -0.000000; -0.011055; 0.000000; 0.000000; 0.000000 \
#; -0.002083; -0.000000; -0.011055; 0.000000; 0.000000; 0.000000 \
#; -0.002083; -0.000000; 0.011055; 0.000000; 0.000000; 0.000000 \
#; -0.002083; -0.000000; 0.011055; 0.000000; 0.000000; 0.000000 \
# ]
#metaData: qpt=[0.000000;0.000000;0.000000;8.232196 \
#; -0.000000; 0.000518; 0.000000; 0.000000; 0.000000; 0.000000 \
#; -0.000000; 0.000518; 0.000000; 0.000000; 0.000000; 0.000000 \
#; 0.000000; 0.000518; -0.000000; 0.000000; 0.000000; 0.000000 \
#; 0.000000; 0.000518; -0.000000; 0.000000; 0.000000; 0.000000 \
#; 0.008277; 0.001294; -0.002236; 0.000000; 0.000000; 0.000000 \
#; -0.008277; 0.001294; 0.002236; 0.000000; 0.000000; 0.000000 \
#; 0.008277; 0.001294; 0.002236; 0.000000; 0.000000; 0.000000 \
#; -0.008277; 0.001294; -0.002236; 0.000000; 0.000000; 0.000000 \
#; -0.025389; 0.003026; 0.055373; 0.000000; 0.000000; 0.000000 \
#; 0.025389; 0.003026; -0.055373; 0.000000; 0.000000; 0.000000 \
#; -0.025389; 0.003026; 0.055373; 0.000000; 0.000000; 0.000000 \
#; 0.025389; 0.003026; -0.055373; 0.000000; 0.000000; 0.000000 \
#; -0.025389; 0.003026; -0.055373; 0.000000; 0.000000; 0.000000 \
#; 0.025389; 0.003026; 0.055373; 0.000000; 0.000000; 0.000000 \
#; -0.025389; 0.003026; -0.055373; 0.000000; 0.000000; 0.000000 \
#; 0.025389; 0.003026; 0.055373; 0.000000; 0.000000; 0.000000 \
#; 0.000000; -0.011956; -0.000000; 0.000000; 0.000000; 0.000000 \
#; -0.000000; -0.011956; -0.000000; 0.000000; 0.000000; 0.000000 \
#; -0.000000; -0.011956; -0.000000; 0.000000; 0.000000; 0.000000 \
#; 0.000000; -0.011956; -0.000000; 0.000000; 0.000000; 0.000000 \
# ]
#metaData: qpt=[0.000000;0.000000;0.000000;8.304365 \
#; -0.000000; -0.000061; 0.000000; 0.000000; 0.000000; 0.000000 \
#; -0.000000; -0.000061; 0.000000; 0.000000; 0.000000; 0.000000 \
#; 0.000000; 0.000061; 0.000000; 0.000000; 0.000000; 0.000000 \
#; -0.000000; 0.000061; -0.000000; 0.000000; 0.000000; 0.000000 \
#; 0.000006; 0.009941; 0.001138; 0.000000; 0.000000; 0.000000 \
#; -0.000006; 0.009941; -0.001138; 0.000000; 0.000000; 0.000000 \
#; -0.000006; -0.009941; 0.001138; 0.000000; 0.000000; 0.000000 \
#; 0.000006; -0.009941; -0.001138; 0.000000; 0.000000; 0.000000 \
#; 0.000106; -0.000330; 0.004799; 0.000000; 0.000000; 0.000000 \
#; -0.000106; -0.000330; -0.004799; 0.000000; 0.000000; 0.000000 \
#; 0.000106; -0.000330; 0.004799; 0.000000; 0.000000; 0.000000 \
#; -0.000106; -0.000330; -0.004799; 0.000000; 0.000000; 0.000000 \
#; -0.000106; 0.000330; 0.004799; 0.000000; 0.000000; 0.000000 \
#; 0.000106; 0.000330; -0.004799; 0.000000; 0.000000; 0.000000 \
#; -0.000106; 0.000330; 0.004799; 0.000000; 0.000000; 0.000000 \
#; 0.000106; 0.000330; -0.004799; 0.000000; 0.000000; 0.000000 \
#; -0.000000; -0.086410; -0.000000; 0.000000; 0.000000; 0.000000 \
#; 0.000000; -0.086410; -0.000000; 0.000000; 0.000000; 0.000000 \
#; 0.000000; 0.086410; 0.000000; 0.000000; 0.000000; 0.000000 \
#; 0.000000; 0.086410; 0.000000; 0.000000; 0.000000; 0.000000 \
# ]
#metaData: qpt=[0.000000;0.000000;0.000000;8.307338 \
#; -0.000000; -0.000269; -0.000000; 0.000000; 0.000000; 0.000000 \
#; 0.000000; 0.000269; 0.000000; 0.000000; 0.000000; 0.000000 \
#; 0.000000; -0.000269; -0.000000; 0.000000; 0.000000; 0.000000 \
#; -0.000000; 0.000269; -0.000000; 0.000000; 0.000000; 0.000000 \
#; 0.000000; -0.000000; -0.000000; 0.000000; 0.000000; 0.000000 \
#; 0.000000; -0.000000; 0.000000; 0.000000; 0.000000; 0.000000 \
#; 0.000000; 0.000000; -0.000000; 0.000000; 0.000000; 0.000000 \
#; -0.000000; 0.000000; 0.000000; 0.000000; 0.000000; 0.000000 \
#; 0.044926; -0.001474; -0.043336; 0.000000; 0.000000; 0.000000 \
#; -0.044926; -0.001474; 0.043336; 0.000000; 0.000000; 0.000000 \
#; -0.044926; 0.001474; 0.043336; 0.000000; 0.000000; 0.000000 \
#; 0.044926; 0.001474; -0.043336; 0.000000; 0.000000; 0.000000 \
#; -0.044926; 0.001474; -0.043336; 0.000000; 0.000000; 0.000000 \
#; 0.044926; 0.001474; 0.043336; 0.000000; 0.000000; 0.000000 \
#; 0.044926; -0.001474; 0.043336; 0.000000; 0.000000; 0.000000 \
#; -0.044926; -0.001474; -0.043336; 0.000000; 0.000000; 0.000000 \
#; 0.000000; -0.000781; -0.000000; 0.000000; 0.000000; 0.000000 \
#; 0.000000; 0.000781; -0.000000; 0.000000; 0.000000; 0.000000 \
#; 0.000000; -0.000781; 0.000000; 0.000000; 0.000000; 0.000000 \
#; 0.000000; 0.000781; 0.000000; 0.000000; 0.000000; 0.000000 \
# ]
#metaData: qpt=[0.000000;0.000000;0.000000;8.315380 \
#; -0.000000; 0.000201; 0.000000; 0.000000; 0.000000; 0.000000 \
#; -0.000000; -0.000201; -0.000000; 0.000000; 0.000000; 0.000000 \
#; 0.000000; -0.000201; -0.000000; 0.000000; 0.000000; 0.000000 \
#; -0.000000; 0.000201; -0.000000; 0.000000; 0.000000; 0.000000 \
#; 0.000000; -0.000000; -0.000000; 0.000000; 0.000000; 0.000000 \
#; -0.000000; -0.000000; 0.000000; 0.000000; 0.000000; 0.000000 \
#; 0.000000; 0.000000; -0.000000; 0.000000; 0.000000; 0.000000 \
#; -0.000000; 0.000000; 0.000000; 0.000000; 0.000000; 0.000000 \
#; -0.025441; -0.001073; 0.027304; 0.000000; 0.000000; 0.000000 \
#; 0.025441; -0.001073; -0.027304; 0.000000; 0.000000; 0.000000 \
#; 0.025441; 0.001073; -0.027304; 0.000000; 0.000000; 0.000000 \
#; -0.025441; 0.001073; 0.027304; 0.000000; 0.000000; 0.000000 \
#; -0.025441; -0.001073; -0.027304; 0.000000; 0.000000; 0.000000 \
#; 0.025441; -0.001073; 0.027304; 0.000000; 0.000000; 0.000000 \
#; 0.025441; 0.001073; 0.027304; 0.000000; 0.000000; 0.000000 \
#; -0.025441; 0.001073; -0.027304; 0.000000; 0.000000; 0.000000 \
#; 0.000000; -0.070780; -0.000000; 0.000000; 0.000000; 0.000000 \
#; 0.000000; 0.070780; -0.000000; 0.000000; 0.000000; 0.000000 \
#; 0.000000; 0.070780; -0.000000; 0.000000; 0.000000; 0.000000 \
#; 0.000000; -0.070780; -0.000000; 0.000000; 0.000000; 0.000000 \
# ]
#metaData: qpt=[0.000000;0.000000;0.000000;8.423080 \
#; 0.000389; -0.000000; -0.000623; 0.000000; 0.000000; 0.000000 \
#; 0.000389; -0.000000; -0.000623; 0.000000; 0.000000; 0.000000 \
#; 0.000389; 0.000000; 0.000623; 0.000000; 0.000000; 0.000000 \
#; 0.000389; 0.000000; 0.000623; 0.000000; 0.000000; 0.000000 \
#; -0.007979; -0.001722; 0.000037; 0.000000; 0.000000; 0.000000 \
#; -0.007979; 0.001722; 0.000037; 0.000000; 0.000000; 0.000000 \
#; -0.007979; -0.001722; -0.000037; 0.000000; 0.000000; 0.000000 \
#; -0.007979; 0.001722; -0.000037; 0.000000; 0.000000; 0.000000 \
#; 0.024422; 0.001955; -0.052663; 0.000000; 0.000000; 0.000000 \
#; 0.024422; -0.001955; -0.052663; 0.000000; 0.000000; 0.000000 \
#; 0.024422; 0.001955; -0.052663; 0.000000; 0.000000; 0.000000 \
#; 0.024422; -0.001955; -0.052663; 0.000000; 0.000000; 0.000000 \
#; 0.024422; 0.001955; 0.052663; 0.000000; 0.000000; 0.000000 \
#; 0.024422; -0.001955; 0.052663; 0.000000; 0.000000; 0.000000 \
#; 0.024422; 0.001955; 0.052663; 0.000000; 0.000000; 0.000000 \
#; 0.024422; -0.001955; 0.052663; 0.000000; 0.000000; 0.000000 \
#; -0.027816; -0.000000; 0.009218; 0.000000; 0.000000; 0.000000 \
#; -0.027816; -0.000000; 0.009218; 0.000000; 0.000000; 0.000000 \
#; -0.027816; 0.000000; -0.009218; 0.000000; 0.000000; 0.000000 \
#; -0.027816; 0.000000; -0.009218; 0.000000; 0.000000; 0.000000 \
# ]
#metaData: qpt=[0.000000;0.000000;0.000000;8.425417 \
#; 0.000000; 0.000927; -0.000000; 0.000000; 0.000000; 0.000000 \
#; 0.000000; 0.000927; -0.000000; 0.000000; 0.000000; 0.000000 \
#; 0.000000; -0.000927; 0.000000; 0.000000; 0.000000; 0.000000 \
#; 0.000000; -0.000927; 0.000000; 0.000000; 0.000000; 0.000000 \
#; 0.002902; 0.001546; -0.008595; 0.000000; 0.000000; 0.000000 \
#; -0.002902; 0.001546; 0.008595; 0.000000; 0.000000; 0.000000 \
#; -0.002902; -0.001546; -0.008595; 0.000000; 0.000000; 0.000000 \
#; 0.002902; -0.001546; 0.008595; 0.000000; 0.000000; 0.000000 \
#; -0.055911; 0.002307; 0.025322; 0.000000; 0.000000; 0.000000 \
#; 0.055911; 0.002307; -0.025322; 0.000000; 0.000000; 0.000000 \
#; -0.055911; 0.002307; 0.025322; 0.000000; 0.000000; 0.000000 \
#; 0.055911; 0.002307; -0.025322; 0.000000; 0.000000; 0.000000 \
#; 0.055911; -0.002307; 0.025322; 0.000000; 0.000000; 0.000000 \
#; -0.055911; -0.002307; -0.025322; 0.000000; 0.000000; 0.000000 \
#; 0.055911; -0.002307; 0.025322; 0.000000; 0.000000; 0.000000 \
#; -0.055911; -0.002307; -0.025322; 0.000000; 0.000000; 0.000000 \
#; -0.000000; 0.002840; 0.000000; 0.000000; 0.000000; 0.000000 \
#; -0.000000; 0.002840; 0.000000; 0.000000; 0.000000; 0.000000 \
#; -0.000000; -0.002840; -0.000000; 0.000000; 0.000000; 0.000000 \
#; -0.000000; -0.002840; -0.000000; 0.000000; 0.000000; 0.000000 \
# ]
#metaData: qpt=[0.000000;0.000000;0.000000;8.648770 \
#; -0.001189; 0.000000; 0.000633; 0.000000; 0.000000; 0.000000 \
#; -0.001189; 0.000000; 0.000633; 0.000000; 0.000000; 0.000000 \
#; 0.001189; -0.000000; 0.000633; 0.000000; 0.000000; 0.000000 \
#; 0.001189; 0.000000; 0.000633; 0.000000; 0.000000; 0.000000 \
#; 0.002498; -0.000820; -0.008423; 0.000000; 0.000000; 0.000000 \
#; 0.002498; 0.000820; -0.008423; 0.000000; 0.000000; 0.000000 \
#; -0.002498; 0.000820; -0.008423; 0.000000; 0.000000; 0.000000 \
#; -0.002498; -0.000820; -0.008423; 0.000000; 0.000000; 0.000000 \
#; -0.052240; 0.002892; 0.024930; 0.000000; 0.000000; 0.000000 \
#; -0.052240; -0.002892; 0.024930; 0.000000; 0.000000; 0.000000 \
#; -0.052240; 0.002892; 0.024930; 0.000000; 0.000000; 0.000000 \
#; -0.052240; -0.002892; 0.024930; 0.000000; 0.000000; 0.000000 \
#; 0.052240; -0.002892; 0.024930; 0.000000; 0.000000; 0.000000 \
#; 0.052240; 0.002892; 0.024930; 0.000000; 0.000000; 0.000000 \
#; 0.052240; -0.002892; 0.024930; 0.000000; 0.000000; 0.000000 \
#; 0.052240; 0.002892; 0.024930; 0.000000; 0.000000; 0.000000 \
#; -0.005710; 0.000000; -0.028604; 0.000000; 0.000000; 0.000000 \
#; -0.005710; 0.000000; -0.028604; 0.000000; 0.000000; 0.000000 \
#; 0.005710; 0.000000; -0.028604; 0.000000; 0.000000; 0.000000 \
#; 0.005710; 0.000000; -0.028604; 0.000000; 0.000000; 0.000000 \
# ]
#metaData: qpt=[0.000000;0.000000;0.000000;8.686564 \
#; -0.000000; -0.000329; 0.000000; 0.000000; 0.000000; 0.000000 \
#; 0.000000; -0.000329; 0.000000; 0.000000; 0.000000; 0.000000 \
#; 0.000000; -0.000329; -0.000000; 0.000000; 0.000000; 0.000000 \
#; 0.000000; -0.000329; 0.000000; 0.000000; 0.000000; 0.000000 \
#; -0.001548; 0.008842; -0.000219; 0.000000; 0.000000; 0.000000 \
#; 0.001548; 0.008842; 0.000219; 0.000000; 0.000000; 0.000000 \
#; -0.001548; 0.008842; 0.000219; 0.000000; 0.000000; 0.000000 \
#; 0.001548; 0.008842; -0.000219; 0.000000; 0.000000; 0.000000 \
#; 0.002179; 0.026768; -0.008777; 0.000000; 0.000000; 0.000000 \
#; -0.002179; 0.026768; 0.008777; 0.000000; 0.000000; 0.000000 \
#; 0.002179; 0.026768; -0.008777; 0.000000; 0.000000; 0.000000 \
#; -0.002179; 0.026768; 0.008777; 0.000000; 0.000000; 0.000000 \
#; 0.002179; 0.026768; 0.008777; 0.000000; 0.000000; 0.000000 \
#; -0.002179; 0.026768; -0.008777; 0.000000; 0.000000; 0.000000 \
#; 0.002179; 0.026768; 0.008777; 0.000000; 0.000000; 0.000000 \
#; -0.002179; 0.026768; -0.008777; 0.000000; 0.000000; 0.000000 \
#; -0.000000; -0.077275; -0.000000; 0.000000; 0.000000; 0.000000 \
#; -0.000000; -0.077275; -0.000000; 0.000000; 0.000000; 0.000000 \
#; -0.000000; -0.077275; -0.000000; 0.000000; 0.000000; 0.000000 \
#; 0.000000; -0.077275; -0.000000; 0.000000; 0.000000; 0.000000 \
# ]
#metaData: qpt=[0.000000;0.000000;0.000000;8.715558 \
#; 0.000604; 0.000000; -0.000614; 0.000000; 0.000000; 0.000000 \
#; -0.000604; -0.000000; 0.000614; 0.000000; 0.000000; 0.000000 \
#; 0.000604; -0.000000; 0.000614; 0.000000; 0.000000; 0.000000 \
#; -0.000604; -0.000000; -0.000614; 0.000000; 0.000000; 0.000000 \
#; -0.000000; 0.000000; 0.000000; 0.000000; 0.000000; 0.000000 \
#; -0.000000; 0.000000; 0.000000; 0.000000; 0.000000; 0.000000 \
#; 0.000000; -0.000000; 0.000000; 0.000000; 0.000000; 0.000000 \
#; 0.000000; 0.000000; 0.000000; 0.000000; 0.000000; 0.000000 \
#; 0.044721; -0.002325; -0.043130; 0.000000; 0.000000; 0.000000 \
#; 0.044721; 0.002325; -0.043130; 0.000000; 0.000000; 0.000000 \
#; -0.044721; 0.002325; 0.043130; 0.000000; 0.000000; 0.000000 \
#; -0.044721; -0.002325; 0.043130; 0.000000; 0.000000; 0.000000 \
#; -0.044721; 0.002325; -0.043130; 0.000000; 0.000000; 0.000000 \
#; -0.044721; -0.002325; -0.043130; 0.000000; 0.000000; 0.000000 \
#; 0.044721; -0.002325; 0.043130; 0.000000; 0.000000; 0.000000 \
#; 0.044721; 0.002325; 0.043130; 0.000000; 0.000000; 0.000000 \
#; 0.006714; -0.000000; -0.004298; 0.000000; 0.000000; 0.000000 \
#; -0.006714; -0.000000; 0.004298; 0.000000; 0.000000; 0.000000 \
#; 0.006714; -0.000000; 0.004298; 0.000000; 0.000000; 0.000000 \
#; -0.006714; -0.000000; -0.004298; 0.000000; 0.000000; 0.000000 \
# ]
#metaData: qpt=[0.000000;0.000000;0.000000;11.763295 \
#; 0.000000; 0.003735; -0.000000; 0.000000; 0.000000; 0.000000 \
#; -0.000000; -0.003735; 0.000000; 0.000000; 0.000000; 0.000000 \
#; 0.000000; 0.003735; -0.000000; 0.000000; 0.000000; 0.000000 \
#; -0.000000; -0.003735; -0.000000; 0.000000; 0.000000; 0.000000 \
#; 0.000000; -0.000000; 0.000000; 0.000000; 0.000000; 0.000000 \
#; 0.000000; 0.000000; 0.000000; 0.000000; 0.000000; 0.000000 \
#; -0.000000; 0.000000; -0.000000; 0.000000; 0.000000; 0.000000 \
#; -0.000000; -0.000000; -0.000000; 0.000000; 0.000000; 0.000000 \
#; -0.002543; 0.005810; -0.002095; 0.000000; 0.000000; 0.000000 \
#; 0.002543; 0.005810; 0.002095; 0.000000; 0.000000; 0.000000 \
#; 0.002543; -0.005810; 0.002095; 0.000000; 0.000000; 0.000000 \
#; -0.002543; -0.005810; -0.002095; 0.000000; 0.000000; 0.000000 \
#; 0.002543; -0.005810; -0.002095; 0.000000; 0.000000; 0.000000 \
#; -0.002543; -0.005810; 0.002095; 0.000000; 0.000000; 0.000000 \
#; -0.002543; 0.005810; 0.002095; 0.000000; 0.000000; 0.000000 \
#; 0.002543; 0.005810; -0.002095; 0.000000; 0.000000; 0.000000 \
#; 0.000000; -0.087458; 0.000000; 0.000000; 0.000000; 0.000000 \
#; 0.000000; 0.087458; 0.000000; 0.000000; 0.000000; 0.000000 \
#; -0.000000; -0.087458; 0.000000; 0.000000; 0.000000; 0.000000 \
#; 0.000000; 0.087458; -0.000000; 0.000000; 0.000000; 0.000000 \
# ]
#metaData: qpt=[0.000000;0.000000;0.000000;12.209522 \
#; 0.000595; 0.000000; 0.000253; 0.000000; 0.000000; 0.000000 \
#; -0.000595; -0.000000; -0.000253; 0.000000; 0.000000; 0.000000 \
#; -0.000595; -0.000000; 0.000253; 0.000000; 0.000000; 0.000000 \
#; 0.000595; -0.000000; -0.000253; 0.000000; 0.000000; 0.000000 \
#; -0.000000; -0.000000; 0.000000; 0.000000; 0.000000; 0.000000 \
#; -0.000000; 0.000000; 0.000000; 0.000000; 0.000000; 0.000000 \
#; 0.000000; -0.000000; -0.000000; 0.000000; 0.000000; 0.000000 \
#; 0.000000; 0.000000; 0.000000; 0.000000; 0.000000; 0.000000 \
#; 0.044539; 0.000089; -0.043512; 0.000000; 0.000000; 0.000000 \
#; 0.044539; -0.000089; -0.043512; 0.000000; 0.000000; 0.000000 \
#; -0.044539; -0.000089; 0.043512; 0.000000; 0.000000; 0.000000 \
#; -0.044539; 0.000089; 0.043512; 0.000000; 0.000000; 0.000000 \
#; 0.044539; 0.000089; 0.043512; 0.000000; 0.000000; 0.000000 \
#; 0.044539; -0.000089; 0.043512; 0.000000; 0.000000; 0.000000 \
#; -0.044539; -0.000089; -0.043512; 0.000000; 0.000000; 0.000000 \
#; -0.044539; 0.000089; -0.043512; 0.000000; 0.000000; 0.000000 \
#; -0.001604; -0.000000; -0.006295; 0.000000; 0.000000; 0.000000 \
#; 0.001604; 0.000000; 0.006295; 0.000000; 0.000000; 0.000000 \
#; 0.001604; 0.000000; -0.006295; 0.000000; 0.000000; 0.000000 \
#; -0.001604; -0.000000; 0.006295; 0.000000; 0.000000; 0.000000 \
# ]
#metaData: qpt=[0.000000;0.000000;0.000000;12.772757 \
#; -0.000000; 0.000087; -0.000000; 0.000000; 0.000000; 0.000000 \
#; -0.000000; -0.000087; 0.000000; 0.000000; 0.000000; 0.000000 \
#; -0.000000; -0.000087; 0.000000; 0.000000; 0.000000; 0.000000 \
#; 0.000000; 0.000087; -0.000000; 0.000000; 0.000000; 0.000000 \
#; 0.000000; 0.000000; 0.000000; 0.000000; 0.000000; 0.000000 \
#; -0.000000; -0.000000; -0.000000; 0.000000; 0.000000; 0.000000 \
#; -0.000000; -0.000000; 0.000000; 0.000000; 0.000000; 0.000000 \
#; 0.000000; 0.000000; -0.000000; 0.000000; 0.000000; 0.000000 \
#; 0.035915; -0.000174; -0.034903; 0.000000; 0.000000; 0.000000 \
#; -0.035915; -0.000174; 0.034903; 0.000000; 0.000000; 0.000000 \
#; -0.035915; 0.000174; 0.034903; 0.000000; 0.000000; 0.000000 \
#; 0.035915; 0.000174; -0.034903; 0.000000; 0.000000; 0.000000 \
#; 0.035915; -0.000174; 0.034903; 0.000000; 0.000000; 0.000000 \
#; -0.035915; -0.000174; -0.034903; 0.000000; 0.000000; 0.000000 \
#; -0.035915; 0.000174; -0.034903; 0.000000; 0.000000; 0.000000 \
#; 0.035915; 0.000174; 0.034903; 0.000000; 0.000000; 0.000000 \
#; 0.000000; -0.052741; -0.000000; 0.000000; 0.000000; 0.000000 \
#; -0.000000; 0.052741; 0.000000; 0.000000; 0.000000; 0.000000 \
#; 0.000000; 0.052741; -0.000000; 0.000000; 0.000000; 0.000000 \
#; -0.000000; -0.052741; -0.000000; 0.000000; 0.000000; 0.000000 \
# ]
