# Phonopy generated file for v_sim 3.6
    7.125788583    0.000000000   10.019708833
    0.000000000    0.000000000    7.042128924
    0.316594495    7.514781625    0.066203515 Ba
    6.809194088    2.504927208    6.975925409 Ba
    3.879488786    7.514781625    3.454860947 Ba
    3.246299796    2.504927208    3.587267977 Ba
    3.562894291    0.000000000    0.000000000 Zr
    3.562894291    5.009854417    0.000000000 Zr
    0.000000000    0.000000000    3.521064462 Zr
    0.000000000    5.009854417    3.521064462 Zr
    5.079186380    0.323706455    5.020328363  S
    5.079186380    4.686147961    5.020328363  S
    2.046602202    9.696002378    2.021800561  S
    2.046602202    5.333560872    2.021800561  S
    5.609496494    9.696002378    1.499263901  S
    5.609496494    5.333560872    1.499263901  S
    1.516292089    0.323706455    5.542865023  S
    1.516292089    4.686147961    5.542865023  S
    3.518182954    7.514781625    6.607816528  S
    3.607605629    2.504927208    0.434312397  S
    7.081077245    7.514781625    3.955376859  S
    0.044711337    2.504927208    3.086752066  S
#metaData: qpt=[0.000000;0.500000;0.500000;1.083600 \
#; -0.000000; 0.000527; -0.000000; -0.000000; -0.001038; 0.000000 \
#; -0.014206; -0.000000; -0.040292; -0.008304; 0.000000; -0.023553 \
#; -0.000000; 0.001005; 0.000000; 0.000000; 0.000587; -0.000000 \
#; 0.007451; 0.000000; -0.021134; -0.014671; 0.000000; 0.041612 \
#; -0.000235; -0.003843; 0.000373; -0.000798; -0.013073; 0.001269 \
#; -0.000798; 0.013073; 0.001269; 0.000235; -0.003843; -0.000373 \
#; 0.000798; 0.013073; 0.001269; -0.000235; -0.003843; -0.000373 \
#; -0.000235; 0.003843; -0.000373; -0.000798; 0.013073; -0.001269 \
#; 0.004794; 0.012884; 0.003179; -0.008479; -0.022790; -0.005623 \
#; -0.007339; 0.019725; -0.004867; -0.006405; 0.017214; -0.004247 \
#; 0.003541; -0.003447; 0.000674; 0.001863; -0.001814; 0.000355 \
#; 0.001111; 0.001082; 0.000212; -0.003844; -0.003742; -0.000732 \
#; -0.003014; 0.002935; 0.000574; -0.002631; 0.002561; 0.000501 \
#; -0.001969; -0.001917; 0.000375; 0.003483; 0.003391; -0.000663 \
#; 0.002705; 0.007270; -0.001794; -0.009357; -0.025150; 0.006206 \
#; -0.008620; 0.023168; 0.005717; -0.004536; 0.012191; 0.003008 \
#; -0.000000; 0.008668; -0.000000; -0.000000; -0.010434; -0.000000 \
#; -0.010010; 0.000000; -0.042942; -0.003159; 0.000000; -0.013553 \
#; 0.000000; 0.012936; -0.000000; 0.000000; 0.004083; -0.000000 \
#; 0.006707; 0.000000; -0.028775; -0.008074; 0.000000; 0.034637 \
# ]
#metaData: qpt=[0.000000;0.500000;0.500000;1.083600 \
#; -0.016455; -0.000000; -0.046671; 0.000000; 0.000000; -0.000000 \
#; 0.000000; -0.000069; 0.000000; 0.000000; 0.001162; 0.000000 \
#; -0.000971; -0.000000; 0.002755; 0.016426; -0.000000; -0.046590 \
#; -0.000000; 0.001164; 0.000000; 0.000000; 0.000000; -0.000000 \
#; -0.000605; -0.009916; 0.000962; 0.000571; 0.009346; -0.000907 \
#; -0.000571; 0.009346; 0.000907; -0.000605; 0.009916; 0.000962 \
#; 0.000571; 0.009346; 0.000907; 0.000605; 0.009916; 0.000962 \
#; -0.000605; 0.009916; -0.000962; 0.000571; -0.009346; 0.000907 \
#; 0.003997; -0.003891; 0.000761; 0.000178; -0.000174; 0.000034 \
#; -0.000980; -0.000955; -0.000187; 0.003879; 0.003776; 0.000739 \
#; -0.000141; -0.000379; -0.000093; 0.009740; 0.026177; 0.006459 \
#; -0.009568; 0.025716; -0.006345; 0.001825; -0.004906; 0.001211 \
#; -0.002387; -0.006416; 0.001583; 0.009444; 0.025382; -0.006263 \
#; -0.009731; 0.026154; 0.006453; -0.000434; 0.001167; 0.000288 \
#; -0.003930; 0.003826; 0.000748; 0.000750; -0.000730; -0.000143 \
#; 0.000058; 0.000056; -0.000011; -0.004001; -0.003895; 0.000762 \
#; -0.010236; -0.000000; -0.043912; -0.002324; 0.000000; -0.009971 \
#; 0.000000; 0.002218; 0.000000; 0.000000; 0.013383; 0.000000 \
#; 0.001716; -0.000000; -0.007362; 0.010355; -0.000000; -0.044425 \
#; -0.000000; 0.013229; 0.000000; 0.000000; 0.003004; -0.000000 \
# ]
#metaData: qpt=[0.000000;0.500000;0.500000;1.442241 \
#; 0.017141; -0.000000; 0.041989; 0.000000; 0.000000; -0.000000 \
#; 0.000000; 0.001607; 0.000000; 0.000000; -0.027167; 0.000000 \
#; -0.001012; 0.000000; 0.002479; 0.017111; 0.000000; -0.041916 \
#; 0.000000; 0.027215; -0.000000; -0.000000; -0.000000; 0.000000 \
#; 0.002744; -0.003985; -0.009793; -0.002586; 0.003757; 0.009231 \
#; 0.002586; 0.003757; -0.009231; 0.002744; 0.003985; -0.009793 \
#; 0.002586; -0.003757; 0.009231; 0.002744; -0.003985; 0.009793 \
#; -0.002744; -0.003985; -0.009793; 0.002586; 0.003757; 0.009231 \
#; -0.006999; 0.017450; -0.009255; -0.000312; 0.000779; -0.000413 \
#; 0.001717; 0.004281; 0.002270; -0.006792; -0.016935; -0.008981 \
#; 0.000091; -0.000109; -0.000059; -0.006308; 0.007529; 0.004058 \
#; 0.006197; 0.007396; -0.003986; -0.001182; -0.001411; 0.000761 \
#; -0.001546; 0.001845; -0.000995; 0.006116; -0.007300; 0.003935 \
#; -0.006302; -0.007522; -0.004054; -0.000281; -0.000336; -0.000181 \
#; -0.006882; 0.017158; 0.009100; 0.001313; -0.003273; -0.001736 \
#; 0.000101; 0.000253; -0.000134; -0.007005; -0.017466; 0.009263 \
#; 0.002505; -0.000000; -0.033972; 0.000569; 0.000000; -0.007714 \
#; 0.000000; -0.000331; -0.000000; 0.000000; -0.001997; -0.000000 \
#; 0.000420; 0.000000; 0.005695; 0.002534; 0.000000; 0.034368 \
#; 0.000000; 0.001974; 0.000000; -0.000000; 0.000448; -0.000000 \
# ]
#metaData: qpt=[0.000000;0.500000;0.500000;1.442241 \
#; -0.000000; -0.025968; -0.000000; 0.000000; 0.008143; 0.000000 \
#; 0.004154; -0.000000; 0.010176; 0.016630; 0.000000; 0.040738 \
#; 0.000000; 0.006595; -0.000000; -0.000000; 0.026404; 0.000000 \
#; 0.016356; -0.000000; -0.040066; -0.005129; 0.000000; 0.012563 \
#; -0.001844; 0.002679; 0.006582; 0.003289; -0.004777; -0.011738 \
#; 0.003289; 0.004777; -0.011738; 0.001844; 0.002679; -0.006582 \
#; 0.003289; -0.004777; 0.011738; 0.001844; -0.002679; 0.006582 \
#; 0.001844; 0.002679; 0.006582; -0.003289; -0.004777; -0.011738 \
#; -0.006098; 0.007278; 0.003923; 0.001617; -0.001930; -0.001040 \
#; 0.000355; 0.000423; -0.000228; 0.006298; 0.007518; -0.004052 \
#; -0.001999; 0.004985; -0.002643; -0.006715; 0.016741; -0.008879 \
#; -0.006174; -0.015393; -0.008163; 0.003312; 0.008257; 0.004379 \
#; -0.000394; 0.000982; 0.000521; -0.006995; 0.017440; 0.009249 \
#; -0.006772; -0.016884; 0.008954; 0.001796; 0.004478; -0.002375 \
#; 0.005559; -0.006635; 0.003576; -0.002982; 0.003559; -0.001918 \
#; -0.001800; -0.002149; -0.001158; -0.006046; -0.007217; -0.003890 \
#; -0.000000; -0.002018; 0.000000; -0.000000; 0.000163; 0.000000 \
#; 0.001159; 0.000000; -0.015717; 0.002293; 0.000000; -0.031090 \
#; -0.000000; 0.000913; -0.000000; -0.000000; 0.001806; -0.000000 \
#; 0.002561; -0.000000; 0.034724; -0.000207; -0.000000; -0.002804 \
# ]
#metaData: qpt=[0.000000;0.500000;0.500000;1.646959 \
#; -0.048698; -0.000000; 0.016531; -0.000000; -0.000000; 0.000000 \
#; 0.000000; 0.000077; -0.000000; -0.000000; -0.001294; 0.000000 \
#; -0.002875; 0.000000; -0.000976; 0.048613; -0.000000; 0.016502 \
#; 0.000000; -0.001296; 0.000000; 0.000000; -0.000000; 0.000000 \
#; -0.008416; 0.001245; -0.004706; 0.007933; -0.001173; 0.004436 \
#; -0.007933; -0.001173; -0.004436; -0.008416; -0.001245; -0.004706 \
#; 0.007933; -0.001173; -0.004436; 0.008416; -0.001245; -0.004706 \
#; -0.008416; -0.001245; 0.004706; 0.007933; 0.001173; -0.004436 \
#; 0.001248; -0.014749; -0.002373; 0.000056; -0.000658; -0.000106 \
#; -0.000306; -0.003618; 0.000582; 0.001211; 0.014314; -0.002303 \
#; -0.000387; 0.000145; -0.000174; 0.026769; -0.010040; 0.012043 \
#; -0.026297; -0.009863; -0.011830; 0.005017; 0.001882; 0.002257 \
#; -0.006561; 0.002461; 0.002951; 0.025955; -0.009735; -0.011677 \
#; -0.026745; -0.010031; 0.012032; -0.001193; -0.000448; 0.000537 \
#; -0.001227; 0.014502; -0.002333; 0.000234; -0.002767; 0.000445 \
#; 0.000018; 0.000214; 0.000034; -0.001249; -0.014762; -0.002375 \
#; -0.026346; -0.000000; 0.010631; -0.005982; -0.000000; 0.002414 \
#; 0.000000; -0.000725; -0.000000; -0.000000; -0.004375; 0.000000 \
#; 0.004417; 0.000000; 0.001782; 0.026653; -0.000000; 0.010755 \
#; 0.000000; -0.004324; 0.000000; 0.000000; -0.000982; 0.000000 \
# ]
#metaData: qpt=[0.000000;0.500000;0.500000;1.646959 \
#; -0.000000; 0.000558; 0.000000; 0.000000; 0.001170; 0.000000 \
#; -0.045110; 0.000000; 0.015313; 0.018347; -0.000000; -0.006228 \
#; -0.000000; -0.001201; -0.000000; 0.000000; 0.000488; 0.000000 \
#; -0.020978; -0.000000; -0.007121; -0.043948; 0.000000; -0.014918 \
#; -0.010785; 0.001595; -0.006030; -0.004178; 0.000618; -0.002336 \
#; -0.004178; -0.000618; -0.002336; 0.010785; 0.001595; 0.006030 \
#; 0.004178; -0.000618; -0.002336; -0.010785; 0.001595; 0.006030 \
#; -0.010785; -0.001595; 0.006030; -0.004178; -0.000618; 0.002336 \
#; -0.010444; 0.003917; -0.004699; -0.024650; 0.009245; -0.011089 \
#; -0.026250; -0.009845; -0.011809; 0.005260; 0.001973; 0.002366 \
#; 0.001135; -0.013414; -0.002158; -0.000522; 0.006166; 0.000992 \
#; -0.000740; -0.008744; 0.001407; -0.001007; -0.011896; 0.001914 \
#; -0.001225; 0.014476; -0.002329; 0.000245; -0.002901; 0.000467 \
#; 0.000487; 0.005760; 0.000927; 0.001150; 0.013594; 0.002187 \
#; -0.015856; 0.005947; 0.007133; -0.021571; 0.008090; 0.009704 \
#; -0.024325; -0.009123; 0.010943; 0.011182; 0.004194; -0.005030 \
#; -0.000000; 0.000977; 0.000000; -0.000000; 0.004326; 0.000000 \
#; -0.022151; -0.000000; 0.008938; 0.015467; -0.000000; -0.006242 \
#; 0.000000; -0.003636; 0.000000; 0.000000; 0.002539; 0.000000 \
#; -0.005950; -0.000000; -0.002401; -0.026353; -0.000000; -0.010634 \
# ]
#metaData: qpt=[0.000000;0.500000;0.500000;1.881788 \
#; 0.017519; -0.000000; 0.026902; -0.000000; -0.000000; 0.000000 \
#; 0.000000; -0.002761; 0.000000; -0.000000; 0.046680; -0.000000 \
#; -0.001034; -0.000000; 0.001588; 0.017488; 0.000000; -0.026855 \
#; -0.000000; -0.046761; 0.000000; -0.000000; -0.000000; 0.000000 \
#; 0.002185; -0.007073; 0.005637; -0.002060; 0.006667; -0.005313 \
#; 0.002060; 0.006667; 0.005313; 0.002185; 0.007073; 0.005637 \
#; 0.002060; -0.006667; -0.005313; 0.002185; -0.007073; -0.005637 \
#; -0.002185; -0.007073; 0.005637; 0.002060; 0.006667; -0.005313 \
#; 0.012855; -0.009107; 0.009011; 0.000574; -0.000406; 0.000402 \
#; -0.003153; -0.002234; -0.002210; 0.012476; 0.008838; 0.008744 \
#; 0.000000; 0.000086; 0.000064; -0.000024; -0.005915; -0.004410 \
#; 0.000024; -0.005811; 0.004333; -0.000004; 0.001109; -0.000827 \
#; -0.000006; -0.001450; 0.001081; 0.000023; 0.005735; -0.004276 \
#; -0.000024; 0.005910; 0.004406; -0.000001; 0.000264; 0.000197 \
#; 0.012640; -0.008954; -0.008860; -0.002411; 0.001708; 0.001690 \
#; -0.000186; -0.000132; 0.000131; 0.012867; 0.009115; -0.009019 \
#; 0.001424; -0.000000; -0.009703; 0.000323; -0.000000; -0.002203 \
#; 0.000000; 0.000624; -0.000000; -0.000000; 0.003767; 0.000000 \
#; 0.000239; -0.000000; 0.001627; 0.001441; 0.000000; 0.009817 \
#; -0.000000; -0.003724; -0.000000; -0.000000; -0.000846; -0.000000 \
# ]
#metaData: qpt=[0.000000;0.500000;0.500000;1.881788 \
#; -0.000000; -0.045066; -0.000000; -0.000000; -0.012477; -0.000000 \
#; 0.005663; 0.000000; 0.008696; -0.016578; -0.000000; -0.025457 \
#; 0.000000; -0.015115; -0.000000; -0.000000; 0.044251; 0.000000 \
#; -0.016883; 0.000000; 0.025926; -0.004674; 0.000000; 0.007178 \
#; 0.002655; -0.008595; 0.006850; -0.001402; 0.004538; -0.003617 \
#; -0.001402; -0.004538; -0.003617; -0.002655; -0.008595; -0.006850 \
#; -0.001402; 0.004538; 0.003617; -0.002655; 0.008595; 0.006850 \
#; -0.002655; -0.008595; 0.006850; 0.001402; 0.004538; -0.003617 \
#; 0.000023; 0.005625; 0.004194; 0.000007; 0.001831; 0.001365 \
#; 0.000012; -0.002927; 0.002183; -0.000021; 0.005140; -0.003833 \
#; 0.003613; -0.002559; 0.002532; -0.012351; 0.008749; -0.008657 \
#; -0.012825; -0.009085; -0.008989; -0.001049; -0.000743; -0.000735 \
#; 0.006368; -0.004511; -0.004463; -0.011182; 0.007921; 0.007838 \
#; -0.012236; -0.008668; 0.008577; -0.003983; -0.002821; 0.002792 \
#; -0.000024; -0.005896; 0.004396; -0.000002; -0.000482; 0.000359 \
#; -0.000007; 0.001661; 0.001238; 0.000023; -0.005678; -0.004233 \
#; -0.000000; -0.003363; 0.000000; -0.000000; -0.001808; 0.000000 \
#; 0.000154; -0.000000; -0.001051; -0.001453; -0.000000; 0.009895 \
#; -0.000000; -0.000404; -0.000000; -0.000000; 0.003797; -0.000000 \
#; -0.001286; 0.000000; -0.008764; -0.000692; 0.000000; -0.004713 \
# ]
#metaData: qpt=[0.000000;0.500000;0.500000;1.987496 \
#; 0.000000; 0.049938; -0.000000; 0.000000; 0.027631; 0.000000 \
#; 0.000123; 0.000000; -0.001153; -0.000195; -0.000000; 0.001821 \
#; 0.000000; -0.030531; 0.000000; -0.000000; 0.048220; -0.000000 \
#; 0.000202; -0.000000; 0.001886; 0.000112; 0.000000; 0.001043 \
#; 0.000109; 0.000576; 0.010549; -0.000028; -0.000147; -0.002699 \
#; -0.000028; 0.000147; -0.002699; -0.000109; 0.000576; -0.010549 \
#; 0.000028; 0.000147; -0.002699; 0.000109; 0.000576; -0.010549 \
#; 0.000109; -0.000576; -0.010549; -0.000028; 0.000147; 0.002699 \
#; 0.005039; 0.002430; 0.005076; 0.003089; 0.001490; 0.003112 \
#; 0.004042; -0.001949; 0.004072; -0.004313; 0.002080; -0.004345 \
#; 0.002491; -0.006834; 0.005290; -0.004353; 0.011939; -0.009242 \
#; -0.004765; -0.013072; -0.010118; -0.001563; -0.004286; -0.003318 \
#; -0.003429; 0.009407; 0.007281; 0.003659; -0.010038; -0.007770 \
#; 0.004276; 0.011728; -0.009078; 0.002621; 0.007190; -0.005565 \
#; 0.005616; 0.002708; -0.005658; 0.001842; 0.000888; -0.001855 \
#; 0.002936; -0.001416; -0.002958; -0.005130; 0.002473; 0.005168 \
#; -0.000000; 0.003024; 0.000000; -0.000000; 0.002699; 0.000000 \
#; -0.003611; -0.000000; 0.000341; 0.010171; -0.000000; -0.000962 \
#; 0.000000; -0.001356; 0.000000; 0.000000; 0.003820; 0.000000 \
#; -0.008052; -0.000000; -0.000761; -0.007187; -0.000000; -0.000680 \
# ]
#metaData: qpt=[0.000000;0.500000;0.500000;1.987496 \
#; -0.000231; 0.000000; 0.002155; 0.000000; 0.000000; -0.000000 \
#; 0.000000; -0.003369; -0.000000; -0.000000; 0.056973; 0.000000 \
#; -0.000014; -0.000000; -0.000127; 0.000230; 0.000000; 0.002152 \
#; 0.000000; 0.057072; 0.000000; 0.000000; -0.000000; 0.000000 \
#; -0.000082; -0.000433; -0.007924; 0.000077; 0.000408; 0.007469 \
#; -0.000077; 0.000408; -0.007469; -0.000082; 0.000433; -0.007924 \
#; 0.000077; 0.000408; -0.007469; 0.000082; 0.000433; -0.007924 \
#; -0.000082; 0.000433; 0.007924; 0.000077; -0.000408; -0.007469 \
#; -0.005010; 0.013743; -0.010638; -0.000224; 0.000613; -0.000475 \
#; 0.001229; 0.003371; 0.002610; -0.004862; -0.013337; -0.010324 \
#; -0.000086; -0.000041; -0.000086; 0.005910; 0.002850; 0.005954 \
#; -0.005806; 0.002799; -0.005849; 0.001108; -0.000534; 0.001116 \
#; -0.001448; -0.000698; 0.001459; 0.005730; 0.002763; -0.005773 \
#; -0.005905; 0.002847; 0.005948; -0.000263; 0.000127; 0.000265 \
#; 0.004926; -0.013513; -0.010460; -0.000940; 0.002578; 0.001996 \
#; -0.000073; -0.000199; 0.000154; 0.005015; 0.013755; -0.010647 \
#; 0.010525; 0.000000; -0.000995; 0.002390; 0.000000; -0.000226 \
#; -0.000000; 0.000663; 0.000000; 0.000000; 0.003999; -0.000000 \
#; -0.001764; -0.000000; -0.000167; -0.010648; 0.000000; -0.001007 \
#; -0.000000; 0.003953; -0.000000; -0.000000; 0.000898; -0.000000 \
# ]
#metaData: qpt=[0.000000;0.500000;0.500000;2.077268 \
#; 0.000000; -0.001501; -0.000000; 0.000000; 0.005673; -0.000000 \
#; 0.048449; 0.000000; -0.020935; 0.015935; -0.000000; -0.006886 \
#; -0.000000; 0.005575; -0.000000; 0.000000; 0.001834; 0.000000 \
#; 0.013047; 0.000000; 0.005638; -0.049305; 0.000000; -0.021305 \
#; 0.006517; 0.003526; -0.000161; 0.012010; 0.006497; -0.000297 \
#; 0.012010; -0.006497; -0.000297; -0.006517; 0.003526; 0.000161 \
#; 0.012010; 0.006497; 0.000297; -0.006517; -0.003526; -0.000161 \
#; -0.006517; 0.003526; -0.000161; -0.012010; 0.006497; -0.000297 \
#; 0.002030; -0.003954; 0.002042; -0.006487; 0.012635; -0.006526 \
#; -0.005945; -0.011578; -0.005981; -0.003296; -0.006420; -0.003316 \
#; 0.004599; 0.002271; 0.000022; 0.001289; 0.000636; 0.000006 \
#; 0.000335; -0.000165; 0.000002; -0.004765; 0.002352; -0.000022 \
#; 0.004177; 0.002062; -0.000020; 0.002316; 0.001144; -0.000011 \
#; 0.001426; -0.000704; -0.000007; -0.004558; 0.002251; 0.000022 \
#; -0.000477; 0.000928; 0.000479; 0.006781; -0.013206; -0.006821 \
#; 0.006546; 0.012748; -0.006585; 0.001834; 0.003572; -0.001845 \
#; 0.000000; -0.001034; 0.000000; 0.000000; 0.001977; 0.000000 \
#; 0.011698; -0.000000; 0.010685; 0.001108; -0.000000; 0.001012 \
#; 0.000000; 0.002221; -0.000000; 0.000000; 0.000210; -0.000000 \
#; 0.005447; 0.000000; -0.004975; -0.010412; 0.000000; 0.009510 \
# ]
#metaData: qpt=[0.000000;0.500000;0.500000;2.077268 \
#; 0.051002; 0.000000; -0.022039; -0.000000; -0.000000; -0.000000 \
#; -0.000000; 0.000346; 0.000000; -0.000000; -0.005858; 0.000000 \
#; -0.003011; -0.000000; -0.001301; 0.050913; -0.000000; 0.022000 \
#; -0.000000; 0.005869; -0.000000; 0.000000; 0.000000; 0.000000 \
#; 0.009943; 0.005379; -0.000246; -0.009372; -0.005070; 0.000232 \
#; 0.009372; -0.005070; -0.000232; 0.009943; -0.005379; -0.000246 \
#; 0.009372; 0.005070; 0.000232; 0.009943; 0.005379; 0.000246 \
#; -0.009943; 0.005379; -0.000246; 0.009372; -0.005070; 0.000232 \
#; 0.004772; 0.002356; 0.000023; 0.000213; 0.000105; 0.000001 \
#; -0.001171; 0.000578; -0.000006; 0.004631; -0.002286; 0.000022 \
#; -0.000098; 0.000192; -0.000099; 0.006797; -0.013237; 0.006838 \
#; -0.006677; -0.013004; -0.006717; 0.001274; 0.002481; 0.001282 \
#; 0.001666; -0.003244; -0.001676; -0.006590; 0.012835; 0.006630 \
#; 0.006791; 0.013226; -0.006832; 0.000303; 0.000590; -0.000305 \
#; 0.004692; 0.002316; -0.000022; -0.000895; -0.000442; 0.000004 \
#; -0.000069; 0.000034; 0.000000; 0.004776; -0.002358; -0.000023 \
#; 0.011459; 0.000000; 0.010467; 0.002602; -0.000000; 0.002377 \
#; -0.000000; -0.000365; -0.000000; -0.000000; -0.002201; -0.000000 \
#; 0.001921; -0.000000; -0.001755; 0.011592; -0.000000; -0.010589 \
#; -0.000000; 0.002176; 0.000000; 0.000000; 0.000494; -0.000000 \
# ]
#metaData: qpt=[0.000000;0.500000;0.500000;3.065482 \
#; 0.025278; 0.000000; 0.018620; 0.000000; 0.000000; -0.000000 \
#; 0.000000; 0.000048; 0.000000; -0.000000; -0.000813; -0.000000 \
#; 0.001492; -0.000000; -0.001099; -0.025234; 0.000000; 0.018588 \
#; 0.000000; -0.000814; -0.000000; 0.000000; 0.000000; -0.000000 \
#; -0.007465; -0.003680; -0.003796; 0.007037; 0.003469; 0.003578 \
#; -0.007037; 0.003469; -0.003578; -0.007465; 0.003680; -0.003796 \
#; 0.007037; 0.003469; -0.003578; 0.007465; 0.003680; -0.003796 \
#; -0.007465; 0.003680; 0.003796; 0.007037; -0.003469; -0.003578 \
#; 0.001778; -0.027929; -0.004978; 0.000079; -0.001246; -0.000222 \
#; -0.000436; -0.006851; 0.001221; 0.001726; 0.027104; -0.004831 \
#; -0.000481; -0.000541; -0.000235; 0.033209; 0.037368; 0.016212 \
#; -0.032624; 0.036710; -0.015926; 0.006224; -0.007004; 0.003038 \
#; -0.008139; -0.009159; 0.003973; 0.032199; 0.036232; -0.015719 \
#; -0.033179; 0.037335; 0.016197; -0.001481; 0.001666; 0.000723 \
#; -0.001748; 0.027462; -0.004895; 0.000334; -0.005239; 0.000934 \
#; 0.000026; 0.000405; 0.000072; -0.001780; -0.027954; -0.004982 \
#; -0.045455; 0.000000; -0.029924; -0.010322; -0.000000; -0.006795 \
#; -0.000000; 0.002384; -0.000000; 0.000000; 0.014389; 0.000000 \
#; 0.007620; 0.000000; -0.005017; 0.045985; -0.000000; -0.030273 \
#; 0.000000; 0.014223; -0.000000; -0.000000; 0.003230; 0.000000 \
# ]
#metaData: qpt=[0.000000;0.500000;0.500000;3.065482 \
#; -0.000000; 0.000054; -0.000000; 0.000000; 0.000812; -0.000000 \
#; 0.025278; -0.000000; 0.018620; -0.000176; 0.000000; -0.000130 \
#; -0.000000; -0.000814; 0.000000; 0.000000; 0.000006; -0.000000 \
#; 0.001668; 0.000000; -0.001229; 0.025223; -0.000000; -0.018580 \
#; -0.007514; -0.003705; -0.003821; -0.006985; -0.003444; -0.003552 \
#; -0.006985; 0.003444; -0.003552; 0.007514; -0.003705; 0.003821 \
#; 0.006985; 0.003444; -0.003552; -0.007514; -0.003705; 0.003821 \
#; -0.007514; 0.003705; 0.003821; -0.006985; 0.003444; 0.003552 \
#; -0.000712; -0.000801; -0.000348; -0.033204; -0.037363; -0.016210 \
#; -0.032666; 0.036758; -0.015947; -0.005997; 0.006748; -0.002927 \
#; 0.001777; -0.027920; -0.004976; -0.000092; 0.001441; 0.000257 \
#; -0.000448; -0.007040; 0.001255; -0.001722; -0.027056; 0.004822 \
#; -0.001751; 0.027497; -0.004901; -0.000321; 0.005048; -0.000900 \
#; 0.000038; 0.000599; 0.000107; 0.001779; 0.027950; 0.004982 \
#; -0.008363; -0.009411; 0.004083; -0.032142; -0.036168; 0.015691 \
#; -0.033168; 0.037322; 0.016192; 0.001712; -0.001926; -0.000836 \
#; 0.000000; 0.002284; 0.000000; 0.000000; -0.014405; 0.000000 \
#; -0.045382; -0.000000; -0.029876; 0.010638; -0.000000; 0.007003 \
#; -0.000000; 0.014200; 0.000000; -0.000000; -0.003329; 0.000000 \
#; 0.007300; -0.000000; -0.004806; -0.046037; -0.000000; 0.030308 \
# ]
#metaData: qpt=[0.000000;0.500000;0.500000;3.387868 \
#; -0.008165; 0.000000; -0.000962; 0.000000; 0.000000; 0.000000 \
#; -0.000000; 0.000272; -0.000000; 0.000000; -0.004602; 0.000000 \
#; 0.000482; 0.000000; -0.000057; -0.008151; -0.000000; 0.000961 \
#; 0.000000; 0.004610; -0.000000; 0.000000; -0.000000; -0.000000 \
#; 0.006938; 0.003088; 0.001040; -0.006540; -0.002911; -0.000980 \
#; 0.006540; -0.002911; 0.000980; 0.006938; -0.003088; 0.001040 \
#; 0.006540; 0.002911; -0.000980; 0.006938; 0.003088; -0.001040 \
#; -0.006938; 0.003088; 0.001040; 0.006540; -0.002911; -0.000980 \
#; 0.044104; 0.036751; 0.036669; 0.001968; 0.001640; 0.001636 \
#; -0.010819; 0.009015; -0.008995; 0.042802; -0.035666; 0.035586 \
#; 0.000068; 0.000495; -0.000002; -0.004716; -0.034183; 0.000132 \
#; 0.004633; -0.033581; -0.000130; -0.000884; 0.006407; 0.000025 \
#; -0.001156; -0.008378; -0.000032; 0.004572; 0.033144; 0.000128 \
#; -0.004711; 0.034152; -0.000132; -0.000210; 0.001524; -0.000006 \
#; 0.043366; 0.036136; -0.036055; -0.008273; -0.006894; 0.006879 \
#; -0.000639; 0.000532; 0.000531; 0.044144; -0.036784; -0.036701 \
#; -0.045565; 0.000000; -0.023397; -0.010347; 0.000000; -0.005313 \
#; -0.000000; -0.001959; -0.000000; 0.000000; -0.011821; 0.000000 \
#; -0.007639; 0.000000; 0.003922; -0.046097; -0.000000; 0.023670 \
#; 0.000000; 0.011685; -0.000000; 0.000000; 0.002653; -0.000000 \
# ]
#metaData: qpt=[0.000000;0.500000;0.500000;3.387868 \
#; -0.000000; -0.004381; -0.000000; -0.000000; -0.001436; 0.000000 \
#; 0.002996; 0.000000; 0.000353; -0.007596; -0.000000; -0.000895 \
#; 0.000000; -0.001692; -0.000000; -0.000000; 0.004289; 0.000000 \
#; -0.007759; 0.000000; 0.000915; -0.002543; -0.000000; 0.000300 \
#; -0.008629; -0.003841; -0.001293; 0.004054; 0.001805; 0.000608 \
#; 0.004054; -0.001805; 0.000608; 0.008629; -0.003841; 0.001293 \
#; 0.004054; 0.001805; -0.000608; 0.008629; 0.003841; -0.001293 \
#; 0.008629; -0.003841; -0.001293; -0.004054; 0.001805; 0.000608 \
#; -0.004412; -0.031980; 0.000123; -0.001667; -0.012083; 0.000047 \
#; -0.002522; 0.018282; 0.000071; 0.003985; -0.028887; -0.000112 \
#; -0.014353; -0.011960; -0.011933; 0.041750; 0.034789; 0.034711 \
#; 0.043786; -0.036486; 0.036404; 0.005641; -0.004701; 0.004690 \
#; -0.023609; -0.019673; 0.019629; 0.037305; 0.031086; -0.031016 \
#; 0.041299; -0.034414; -0.034336; 0.015604; -0.013002; -0.012973 \
#; 0.004678; 0.033906; 0.000131; 0.000603; 0.004369; 0.000017 \
#; 0.001533; -0.011114; 0.000043; -0.004460; 0.032329; -0.000125 \
#; -0.000000; -0.010278; -0.000000; -0.000000; -0.006160; -0.000000 \
#; 0.007095; -0.000000; 0.003643; -0.046183; -0.000000; -0.023714 \
#; -0.000000; -0.001819; 0.000000; -0.000000; 0.011843; 0.000000 \
#; -0.040078; 0.000000; 0.020579; -0.024021; 0.000000; 0.012334 \
# ]
#metaData: qpt=[0.000000;0.500000;0.500000;3.525275 \
#; 0.004603; -0.000000; -0.013666; -0.000000; -0.000000; 0.000000 \
#; 0.000000; -0.000749; -0.000000; -0.000000; 0.012674; 0.000000 \
#; 0.000272; 0.000000; 0.000807; -0.004595; -0.000000; -0.013642 \
#; 0.000000; 0.012696; 0.000000; -0.000000; -0.000000; 0.000000 \
#; -0.004746; 0.006456; 0.003852; 0.004473; -0.006085; -0.003631 \
#; -0.004473; -0.006085; 0.003631; -0.004746; -0.006456; 0.003852 \
#; 0.004473; -0.006085; 0.003631; 0.004746; -0.006456; 0.003852 \
#; -0.004746; -0.006456; -0.003852; 0.004473; 0.006085; 0.003631 \
#; -0.007421; -0.041459; -0.003098; -0.000331; -0.001850; -0.000138 \
#; 0.001821; -0.010170; 0.000760; -0.007202; 0.040235; -0.003006 \
#; 0.000364; 0.000326; 0.000458; -0.025164; -0.022545; -0.031608 \
#; 0.024720; -0.022148; 0.031051; -0.004716; 0.004225; -0.005924 \
#; 0.006167; 0.005526; -0.007747; -0.024399; -0.021860; 0.030647 \
#; 0.025141; -0.022525; -0.031580; 0.001122; -0.001005; -0.001409 \
#; 0.007297; 0.040765; -0.003046; -0.001392; -0.007777; 0.000581 \
#; -0.000108; 0.000601; 0.000045; 0.007428; -0.041496; -0.003100 \
#; -0.069076; 0.000000; 0.014220; -0.015685; 0.000000; 0.003229 \
#; -0.000000; -0.001452; 0.000000; 0.000000; -0.008763; -0.000000 \
#; 0.011580; -0.000000; 0.002384; 0.069881; 0.000000; 0.014385 \
#; -0.000000; -0.008662; -0.000000; -0.000000; -0.001967; -0.000000 \
# ]
#metaData: qpt=[0.000000;0.500000;0.500000;3.525275 \
#; 0.000000; 0.010644; -0.000000; -0.000000; -0.006920; 0.000000 \
#; 0.002277; 0.000000; -0.006760; 0.004000; 0.000000; -0.011877 \
#; -0.000000; 0.006280; -0.000000; -0.000000; 0.011034; -0.000000 \
#; -0.003859; 0.000000; -0.011458; 0.002509; -0.000000; 0.007449 \
#; 0.001540; -0.002095; -0.001250; -0.006337; 0.008621; 0.005144 \
#; -0.006337; -0.008621; 0.005144; -0.001540; -0.002095; 0.001250 \
#; 0.006337; -0.008621; 0.005144; 0.001540; -0.002095; 0.001250 \
#; 0.001540; 0.002095; 0.001250; -0.006337; -0.008621; -0.005144 \
#; -0.021690; -0.019433; -0.027244; 0.012763; 0.011435; 0.016032 \
#; 0.008129; -0.007283; 0.010210; 0.023817; -0.021339; 0.029917 \
#; -0.003959; -0.022115; -0.001652; -0.006286; -0.035117; -0.002624 \
#; -0.005359; 0.029938; -0.002237; 0.005145; -0.028740; 0.002147 \
#; 0.002399; 0.013404; -0.001002; 0.007031; 0.039276; -0.002934 \
#; 0.006402; -0.035767; -0.002672; -0.003768; 0.021047; 0.001573 \
#; -0.018155; -0.016265; 0.022804; 0.017428; 0.015615; -0.021892 \
#; 0.013411; -0.012015; -0.016845; 0.021295; -0.019079; -0.026749 \
#; -0.000000; -0.008334; 0.000000; 0.000000; 0.003072; -0.000000 \
#; -0.047799; -0.000000; 0.009840; -0.052276; 0.000000; 0.010761 \
#; 0.000000; -0.005994; 0.000000; -0.000000; -0.006555; -0.000000 \
#; 0.066462; -0.000000; 0.013682; -0.024501; 0.000000; -0.005044 \
# ]
#metaData: qpt=[0.000000;0.500000;0.500000;3.595273 \
#; -0.006919; -0.000000; 0.000784; -0.000000; -0.000000; 0.000000 \
#; 0.000000; 0.000128; -0.000000; -0.000000; -0.002156; 0.000000 \
#; 0.000408; 0.000000; 0.000046; -0.006907; -0.000000; -0.000783 \
#; 0.000000; 0.002160; 0.000000; 0.000000; 0.000000; 0.000000 \
#; 0.008750; 0.000800; 0.002955; -0.008248; -0.000754; -0.002786 \
#; 0.008248; -0.000754; 0.002786; 0.008750; -0.000800; 0.002955 \
#; 0.008248; 0.000754; -0.002786; 0.008750; 0.000800; -0.002955 \
#; -0.008750; 0.000800; 0.002955; 0.008248; -0.000754; -0.002786 \
#; 0.040547; 0.014186; 0.015871; 0.001809; 0.000633; 0.000708 \
#; -0.009946; 0.003480; -0.003893; 0.039349; -0.013767; 0.015402 \
#; -0.000178; -0.000627; -0.000105; 0.012326; 0.043287; 0.007245 \
#; -0.012109; 0.042525; -0.007117; 0.002310; -0.008113; 0.001358 \
#; 0.003021; 0.010609; -0.001776; -0.011951; -0.041972; 0.007025 \
#; 0.012315; -0.043249; -0.007238; 0.000550; -0.001930; -0.000323 \
#; 0.039868; 0.013948; -0.015605; -0.007606; -0.002661; 0.002977 \
#; -0.000587; 0.000206; 0.000230; 0.040583; -0.014198; -0.015885 \
#; 0.075764; 0.000000; 0.005426; 0.017204; 0.000000; 0.001232 \
#; -0.000000; -0.000682; 0.000000; 0.000000; -0.004114; -0.000000 \
#; 0.012701; -0.000000; -0.000910; 0.076648; 0.000000; -0.005490 \
#; -0.000000; 0.004066; -0.000000; -0.000000; 0.000923; -0.000000 \
# ]
#metaData: qpt=[0.000000;0.500000;0.500000;3.595273 \
#; -0.000000; -0.000867; 0.000000; -0.000000; -0.001978; -0.000000 \
#; 0.006490; -0.000000; -0.000736; -0.002398; -0.000000; 0.000272 \
#; 0.000000; -0.002026; 0.000000; 0.000000; 0.000749; -0.000000 \
#; -0.002777; 0.000000; -0.000315; -0.006337; 0.000000; -0.000718 \
#; -0.011067; -0.001011; -0.003738; -0.004704; -0.000430; -0.001589 \
#; -0.004704; 0.000430; -0.001589; 0.011067; -0.001011; 0.003738 \
#; -0.004704; -0.000430; 0.001589; 0.011067; 0.001011; -0.003738 \
#; 0.011067; -0.001011; -0.003738; 0.004704; -0.000430; -0.001589 \
#; 0.004439; 0.015591; 0.002609; 0.011500; 0.040387; 0.006759 \
#; 0.012159; -0.042701; 0.007147; -0.002030; 0.007129; -0.001193 \
#; -0.037406; -0.013087; -0.014642; 0.015750; 0.005510; 0.006165 \
#; 0.022968; -0.008035; 0.008990; 0.033463; -0.011707; 0.013098 \
#; -0.040033; -0.014006; 0.015670; 0.006683; 0.002338; -0.002616 \
#; 0.014617; -0.005114; -0.005721; 0.037864; -0.013247; -0.014821 \
#; -0.006976; -0.024499; 0.004100; -0.010164; -0.035693; 0.005974 \
#; -0.011361; 0.039899; 0.006678; 0.004784; -0.016800; -0.002812 \
#; 0.000000; -0.000786; 0.000000; -0.000000; -0.004095; 0.000000 \
#; -0.065105; 0.000000; -0.004663; 0.042397; 0.000000; 0.003037 \
#; -0.000000; -0.003494; -0.000000; -0.000000; 0.002275; -0.000000 \
#; 0.014651; 0.000000; -0.001049; 0.076299; 0.000000; -0.005465 \
# ]
#metaData: qpt=[0.000000;0.500000;0.500000;3.946146 \
#; 0.000154; -0.000000; 0.015047; 0.000000; 0.000000; 0.000000 \
#; -0.000000; 0.001297; 0.000000; -0.000000; -0.021930; 0.000000 \
#; -0.000009; 0.000000; 0.000888; 0.000154; 0.000000; -0.015021 \
#; 0.000000; 0.021969; -0.000000; -0.000000; 0.000000; 0.000000 \
#; 0.005785; -0.004429; 0.014447; -0.005453; 0.004175; -0.013618 \
#; 0.005453; 0.004175; 0.013618; 0.005785; 0.004429; 0.014447 \
#; 0.005453; -0.004175; -0.013618; 0.005785; -0.004429; -0.014447 \
#; -0.005785; -0.004429; 0.014447; 0.005453; 0.004175; -0.013618 \
#; 0.015553; -0.037183; 0.010566; 0.000694; -0.001659; 0.000471 \
#; -0.003815; -0.009121; -0.002592; 0.015094; 0.036085; 0.010254 \
#; 0.000061; 0.000269; 0.000517; -0.004229; -0.018596; -0.035705 \
#; 0.004154; -0.018269; 0.035076; -0.000793; 0.003485; -0.006692 \
#; -0.001036; -0.004558; 0.008751; 0.004100; 0.018031; -0.034620 \
#; -0.004225; 0.018580; 0.035674; -0.000189; 0.000829; 0.001592 \
#; 0.015293; -0.036560; -0.010389; -0.002918; 0.006975; 0.001982 \
#; -0.000225; -0.000539; 0.000153; 0.015567; 0.037216; -0.010575 \
#; 0.002668; 0.000000; 0.052528; 0.000606; -0.000000; 0.011928 \
#; 0.000000; 0.001455; 0.000000; 0.000000; 0.008780; 0.000000 \
#; 0.000447; -0.000000; -0.008806; 0.002700; -0.000000; -0.053140 \
#; 0.000000; -0.008679; -0.000000; -0.000000; -0.001971; 0.000000 \
# ]
#metaData: qpt=[0.000000;0.500000;0.500000;3.946146 \
#; -0.000000; -0.020902; -0.000000; 0.000000; 0.006763; 0.000000 \
#; 0.000039; -0.000000; 0.003779; 0.000149; 0.000000; 0.014565 \
#; 0.000000; 0.005518; -0.000000; 0.000000; 0.021265; 0.000000 \
#; 0.000146; -0.000000; -0.014316; -0.000047; 0.000000; 0.004632 \
#; -0.003825; 0.002928; -0.009553; 0.006969; -0.005335; 0.017404 \
#; 0.006969; 0.005335; 0.017404; 0.003825; 0.002928; 0.009553 \
#; 0.006969; -0.005335; -0.017404; 0.003825; -0.002928; -0.009553 \
#; 0.003825; 0.002928; -0.009553; -0.006969; -0.005335; 0.017404 \
#; -0.004078; -0.017933; -0.034431; 0.001121; 0.004931; 0.009468 \
#; 0.000276; -0.001215; 0.002332; 0.004220; -0.018559; 0.035633 \
#; 0.004578; -0.010945; 0.003110; 0.014880; -0.035574; 0.010109 \
#; 0.013652; 0.032637; 0.009274; -0.007484; -0.017892; -0.005084 \
#; 0.001017; -0.002431; -0.000691; 0.015535; -0.037140; -0.010554 \
#; 0.015011; 0.035888; -0.010198; -0.004128; -0.009869; 0.002804 \
#; 0.003709; 0.016308; -0.031312; -0.002033; -0.008940; 0.017166 \
#; -0.001244; 0.005469; 0.010501; -0.004042; 0.017776; 0.034130 \
#; 0.000000; 0.008864; -0.000000; -0.000000; -0.000797; -0.000000 \
#; 0.001257; -0.000000; 0.024738; 0.002431; -0.000000; 0.047848 \
#; 0.000000; -0.004087; 0.000000; -0.000000; -0.007905; 0.000000 \
#; 0.002725; 0.000000; -0.053649; -0.000245; 0.000000; 0.004823 \
# ]
#metaData: qpt=[0.000000;0.500000;0.500000;4.205403 \
#; 0.010998; 0.000000; -0.015729; -0.000000; 0.000000; -0.000000 \
#; 0.000000; 0.000552; -0.000000; 0.000000; -0.009340; -0.000000 \
#; 0.000649; 0.000000; 0.000929; -0.010979; -0.000000; -0.015701 \
#; 0.000000; -0.009356; -0.000000; 0.000000; -0.000000; 0.000000 \
#; 0.007946; 0.001627; -0.022412; -0.007490; -0.001534; 0.021126 \
#; 0.007490; -0.001534; -0.021126; 0.007946; -0.001627; -0.022412 \
#; -0.007490; -0.001534; -0.021126; -0.007946; -0.001627; -0.022412 \
#; 0.007946; -0.001627; 0.022412; -0.007490; 0.001534; -0.021126 \
#; -0.011715; -0.020214; -0.029157; -0.000523; -0.000902; -0.001301 \
#; 0.002874; -0.004959; 0.007152; -0.011369; 0.019617; -0.028296 \
#; -0.000322; 0.000504; -0.000295; 0.022219; -0.034843; 0.020352 \
#; -0.021828; -0.034229; -0.019994; 0.004164; 0.006530; 0.003814 \
#; -0.005446; 0.008540; 0.004988; 0.021544; -0.033784; -0.019734 \
#; -0.022199; -0.034812; 0.020334; -0.000991; -0.001553; 0.000907 \
#; 0.011519; 0.019876; -0.028669; -0.002198; -0.003792; 0.005470 \
#; -0.000170; 0.000293; 0.000422; 0.011726; -0.020232; -0.029183 \
#; 0.012168; 0.000000; 0.008826; 0.002763; 0.000000; 0.002004 \
#; 0.000000; -0.002624; 0.000000; -0.000000; -0.015836; -0.000000 \
#; -0.002040; -0.000000; 0.001480; -0.012310; 0.000000; 0.008929 \
#; -0.000000; -0.015653; -0.000000; -0.000000; -0.003554; -0.000000 \
# ]
#metaData: qpt=[0.000000;0.500000;0.500000;4.205403 \
#; 0.000000; 0.007099; 0.000000; 0.000000; 0.006094; 0.000000 \
#; 0.007644; 0.000000; -0.010931; -0.007908; -0.000000; 0.011309 \
#; -0.000000; -0.006502; -0.000000; 0.000000; 0.006727; -0.000000 \
#; 0.008346; 0.000000; 0.011935; 0.007164; 0.000000; 0.010245 \
#; 0.010908; 0.002233; -0.030766; -0.000508; -0.000104; 0.001432 \
#; -0.000508; 0.000104; 0.001432; -0.010908; 0.002233; 0.030766 \
#; 0.000508; 0.000104; 0.001432; 0.010908; 0.002233; 0.030766 \
#; 0.010908; -0.002233; 0.030766; -0.000508; 0.000104; -0.001432 \
#; -0.016199; 0.025403; -0.014839; -0.015211; 0.023853; -0.013933 \
#; -0.018164; -0.028484; -0.016638; 0.012800; 0.020073; 0.011725 \
#; -0.007766; -0.013400; -0.019328; 0.008787; 0.015161; 0.021869 \
#; 0.010172; -0.017551; 0.025316; 0.005835; -0.010068; 0.014523 \
#; 0.009586; 0.016540; -0.023857; -0.006755; -0.011656; 0.016812 \
#; -0.008549; 0.014751; 0.021277; -0.008027; 0.013851; 0.019978 \
#; -0.019275; 0.030226; 0.017656; -0.011057; 0.017339; 0.010128 \
#; -0.014716; -0.023077; 0.013480; 0.016650; 0.026110; -0.015251 \
#; -0.000000; 0.009563; 0.000000; -0.000000; 0.012893; 0.000000 \
#; 0.006470; -0.000000; 0.004693; -0.010669; 0.000000; -0.007739 \
#; -0.000000; -0.008323; 0.000000; 0.000000; 0.013725; -0.000000 \
#; 0.007433; -0.000000; -0.005392; 0.010022; 0.000000; -0.007270 \
# ]
#metaData: qpt=[0.000000;0.500000;0.500000;4.326452 \
#; -0.011733; -0.000000; 0.016842; 0.000000; -0.000000; 0.000000 \
#; 0.000000; 0.000171; -0.000000; 0.000000; -0.002885; -0.000000 \
#; -0.000693; -0.000000; -0.000994; 0.011713; -0.000000; 0.016813 \
#; -0.000000; -0.002890; -0.000000; 0.000000; -0.000000; 0.000000 \
#; 0.019596; -0.015526; -0.011847; -0.018471; 0.014635; 0.011167 \
#; 0.018471; 0.014635; -0.011167; 0.019596; 0.015526; -0.011847 \
#; -0.018471; 0.014635; -0.011167; -0.019596; 0.015526; -0.011847 \
#; 0.019596; 0.015526; 0.011847; -0.018471; -0.014635; -0.011167 \
#; -0.010222; -0.010966; -0.013231; -0.000456; -0.000489; -0.000590 \
#; 0.002507; -0.002690; 0.003246; -0.009920; 0.010642; -0.012840 \
#; 0.000509; -0.000228; 0.000293; -0.035131; 0.015775; -0.020257 \
#; 0.034512; 0.015498; 0.019901; -0.006584; -0.002957; -0.003797 \
#; 0.008610; -0.003866; -0.004965; -0.034063; 0.015296; 0.019642 \
#; 0.035100; 0.015761; -0.020239; 0.001566; 0.000703; -0.000903 \
#; 0.010051; 0.010783; -0.013009; -0.001917; -0.002057; 0.002482 \
#; -0.000148; 0.000159; 0.000192; 0.010231; -0.010976; -0.013242 \
#; -0.012656; -0.000000; -0.019132; -0.002874; 0.000000; -0.004344 \
#; 0.000000; 0.003217; 0.000000; 0.000000; 0.019412; 0.000000 \
#; 0.002122; -0.000000; -0.003207; 0.012804; -0.000000; -0.019355 \
#; -0.000000; 0.019188; 0.000000; 0.000000; 0.004357; -0.000000 \
# ]
#metaData: qpt=[0.000000;0.500000;0.500000;4.326452 \
#; 0.000000; 0.000611; -0.000000; -0.000000; -0.002825; 0.000000 \
#; 0.011301; -0.000000; -0.016222; 0.003155; -0.000000; -0.004529 \
#; -0.000000; 0.002784; -0.000000; -0.000000; 0.000777; -0.000000 \
#; -0.002482; 0.000000; -0.003563; 0.011468; 0.000000; 0.016461 \
#; -0.013908; 0.011019; 0.008408; -0.023060; 0.018271; 0.013941 \
#; -0.023060; -0.018271; 0.013941; 0.013908; 0.011019; -0.008408 \
#; 0.023060; -0.018271; 0.013941; -0.013908; 0.011019; -0.008408 \
#; -0.013908; -0.011019; -0.008408; -0.023060; -0.018271; -0.013941 \
#; 0.008957; -0.004022; 0.005165; -0.033974; 0.015256; -0.019590 \
#; -0.031471; -0.014132; -0.018147; -0.015622; -0.007015; -0.009008 \
#; 0.009968; 0.010694; 0.012902; 0.002309; 0.002477; 0.002989 \
#; 0.000252; -0.000271; 0.000326; -0.010229; 0.010974; -0.013240 \
#; -0.009165; -0.009832; 0.011863; -0.004549; -0.004881; 0.005888 \
#; -0.002608; 0.002798; 0.003376; 0.009894; -0.010614; -0.012806 \
#; 0.000866; -0.000389; -0.000499; -0.035124; 0.015772; 0.020253 \
#; -0.034228; -0.015370; 0.019737; -0.007929; -0.003561; 0.004572 \
#; 0.000000; -0.008318; -0.000000; -0.000000; 0.017832; 0.000000 \
#; 0.012963; -0.000000; 0.019596; 0.000635; -0.000000; 0.000960 \
#; -0.000000; -0.019653; 0.000000; -0.000000; -0.000963; 0.000000 \
#; -0.005486; -0.000000; 0.008294; 0.011762; 0.000000; -0.017780 \
# ]
#metaData: qpt=[0.000000;0.500000;0.500000;4.363991 \
#; 0.010376; -0.000000; 0.011497; 0.000000; -0.000000; 0.000000 \
#; 0.000000; -0.000077; -0.000000; 0.000000; 0.001297; -0.000000 \
#; -0.000613; -0.000000; 0.000679; 0.010358; -0.000000; -0.011477 \
#; -0.000000; -0.001300; -0.000000; 0.000000; 0.000000; 0.000000 \
#; -0.021800; 0.024488; 0.006355; 0.020549; -0.023083; -0.005991 \
#; -0.020549; -0.023083; 0.005991; -0.021800; -0.024488; 0.006355 \
#; -0.020549; 0.023083; -0.005991; -0.021800; 0.024488; -0.006355 \
#; 0.021800; 0.024488; 0.006355; -0.020549; -0.023083; -0.005991 \
#; 0.003797; 0.017912; 0.009281; 0.000169; 0.000799; 0.000414 \
#; -0.000932; 0.004394; -0.002277; 0.003685; -0.017383; 0.009007 \
#; 0.000074; -0.000182; 0.000232; -0.005132; 0.012549; -0.016051 \
#; 0.005041; 0.012328; 0.015768; -0.000962; -0.002352; -0.003008 \
#; -0.001258; 0.003076; 0.003934; 0.004976; -0.012168; -0.015563 \
#; -0.005127; -0.012538; 0.016037; -0.000229; -0.000560; 0.000716 \
#; 0.003734; 0.017612; -0.009125; -0.000712; -0.003360; 0.001741 \
#; -0.000055; 0.000260; 0.000134; 0.003801; -0.017928; -0.009289 \
#; -0.001541; -0.000000; 0.024307; -0.000350; 0.000000; 0.005520 \
#; 0.000000; -0.002444; 0.000000; 0.000000; -0.014747; 0.000000 \
#; -0.000258; -0.000000; -0.004075; -0.001559; -0.000000; -0.024591 \
#; -0.000000; 0.014577; 0.000000; 0.000000; 0.003310; -0.000000 \
# ]
#metaData: qpt=[0.000000;0.500000;0.500000;4.363991 \
#; -0.000000; -0.000127; 0.000000; -0.000000; -0.001293; 0.000000 \
#; 0.010368; -0.000000; 0.011489; -0.000401; -0.000000; -0.000444 \
#; -0.000000; -0.001299; -0.000000; 0.000000; 0.000050; 0.000000 \
#; -0.001012; -0.000000; 0.001122; -0.010327; -0.000000; 0.011443 \
#; -0.022578; 0.025362; 0.006582; -0.019691; 0.022119; 0.005741 \
#; -0.019691; -0.022119; 0.005741; 0.022578; 0.025362; -0.006582 \
#; -0.019691; 0.022119; -0.005741; 0.022578; -0.025362; 0.006582 \
#; 0.022578; 0.025362; 0.006582; 0.019691; 0.022119; 0.005741 \
#; 0.000273; -0.000666; 0.000852; 0.005125; -0.012533; 0.016030 \
#; 0.005075; 0.012410; 0.015873; 0.000766; 0.001874; 0.002397 \
#; 0.003788; 0.017868; 0.009258; -0.000316; -0.001491; -0.000772 \
#; -0.001073; 0.005062; -0.002623; -0.003646; 0.017200; -0.008912 \
#; 0.003758; 0.017729; -0.009186; 0.000568; 0.002677; -0.001387 \
#; -0.000202; 0.000952; 0.000493; -0.003796; 0.017905; 0.009277 \
#; -0.001449; 0.003544; 0.004532; -0.004923; 0.012040; 0.015400 \
#; -0.005114; -0.012507; 0.015997; 0.000427; 0.001044; -0.001335 \
#; -0.000000; -0.001872; -0.000000; -0.000000; 0.014830; -0.000000 \
#; -0.001527; 0.000000; 0.024076; 0.000409; 0.000000; -0.006455 \
#; -0.000000; 0.014438; 0.000000; 0.000000; -0.003871; -0.000000 \
#; -0.000198; 0.000000; -0.003122; 0.001568; 0.000000; 0.024730 \
# ]
#metaData: qpt=[0.000000;0.500000;0.500000;4.735396 \
#; -0.004212; -0.000000; -0.001187; -0.000000; -0.000000; -0.000000 \
#; 0.000000; -0.000346; -0.000000; -0.000000; 0.005844; -0.000000 \
#; -0.000249; -0.000000; 0.000070; 0.004205; 0.000000; -0.001185 \
#; 0.000000; 0.005855; 0.000000; 0.000000; 0.000000; 0.000000 \
#; 0.025877; 0.010454; 0.017812; -0.024392; -0.009854; -0.016790 \
#; 0.024392; -0.009854; 0.016790; 0.025877; -0.010454; 0.017812 \
#; -0.024392; -0.009854; 0.016790; -0.025877; -0.010454; 0.017812 \
#; 0.025877; -0.010454; -0.017812; -0.024392; 0.009854; 0.016790 \
#; -0.010573; -0.019149; -0.004421; -0.000472; -0.000855; -0.000197 \
#; 0.002594; -0.004697; 0.001084; -0.010261; 0.018584; -0.004290 \
#; -0.000318; -0.000188; -0.000286; 0.021983; 0.012968; 0.019740 \
#; -0.021596; 0.012740; -0.019392; 0.004120; -0.002430; 0.003700 \
#; -0.005388; -0.003178; 0.004838; 0.021315; 0.012574; -0.019140 \
#; -0.021963; 0.012956; 0.019722; -0.000980; 0.000578; 0.000880 \
#; 0.010396; 0.018829; -0.004347; -0.001983; -0.003592; 0.000829 \
#; -0.000153; 0.000277; 0.000064; 0.010582; -0.019166; -0.004425 \
#; -0.005753; -0.000000; 0.021076; -0.001306; 0.000000; 0.004786 \
#; 0.000000; 0.000310; 0.000000; -0.000000; 0.001868; 0.000000 \
#; 0.000964; -0.000000; 0.003533; 0.005820; 0.000000; 0.021322 \
#; 0.000000; 0.001847; 0.000000; -0.000000; 0.000419; 0.000000 \
# ]
#metaData: qpt=[0.000000;0.500000;0.500000;4.735396 \
#; 0.000000; 0.004101; 0.000000; -0.000000; -0.004178; 0.000000 \
#; -0.002826; 0.000000; -0.000797; -0.003123; -0.000000; -0.000880 \
#; -0.000000; 0.003928; 0.000000; 0.000000; 0.004341; 0.000000 \
#; 0.002951; -0.000000; -0.000832; -0.003006; -0.000000; 0.000847 \
#; -0.000722; -0.000292; -0.000497; 0.035554; 0.014363; 0.024473 \
#; 0.035554; -0.014363; 0.024473; 0.000722; -0.000292; 0.000497 \
#; -0.035554; -0.014363; 0.024473; -0.000722; -0.000292; 0.000497 \
#; -0.000722; 0.000292; 0.000497; 0.035554; -0.014363; -0.024473 \
#; 0.016086; 0.009489; 0.014445; -0.014986; -0.008841; -0.013457 \
#; -0.011436; 0.006746; -0.010269; -0.018777; 0.011077; -0.016861 \
#; -0.007444; -0.013483; -0.003113; -0.007523; -0.013625; -0.003145 \
#; -0.005868; 0.010627; -0.002453; 0.008808; -0.015952; 0.003683 \
#; 0.005505; 0.009970; -0.002302; 0.009039; 0.016371; -0.003779 \
#; 0.007744; -0.014025; -0.003238; -0.007214; 0.013066; 0.003016 \
#; 0.012189; 0.007190; -0.010945; -0.018297; -0.010794; 0.016430 \
#; -0.015464; 0.009122; 0.013886; -0.015627; 0.009219; 0.014033 \
#; -0.000000; 0.001593; -0.000000; -0.000000; -0.001024; -0.000000 \
#; -0.004829; -0.000000; 0.017691; -0.003389; -0.000000; 0.012416 \
#; 0.000000; 0.001550; -0.000000; 0.000000; 0.001088; -0.000000 \
#; 0.004963; -0.000000; 0.018180; -0.003190; -0.000000; -0.011687 \
# ]
#metaData: qpt=[0.000000;0.500000;0.500000;4.876192 \
#; 0.012512; -0.000000; -0.013202; -0.000000; -0.000000; -0.000000 \
#; 0.000000; 0.000548; -0.000000; -0.000000; -0.009267; -0.000000 \
#; -0.000739; -0.000000; -0.000779; 0.012490; 0.000000; 0.013179 \
#; 0.000000; 0.009283; 0.000000; 0.000000; -0.000000; 0.000000 \
#; -0.014895; -0.019799; 0.017846; 0.014040; 0.018663; -0.016822 \
#; -0.014040; 0.018663; 0.016822; -0.014895; 0.019799; 0.017846 \
#; -0.014040; -0.018663; -0.016822; -0.014895; -0.019799; -0.017846 \
#; 0.014895; -0.019799; 0.017846; -0.014040; 0.018663; -0.016822 \
#; 0.004828; 0.010471; 0.007718; 0.000215; 0.000467; 0.000344 \
#; -0.001184; 0.002569; -0.001893; 0.004685; -0.010162; 0.007490 \
#; 0.000092; -0.000378; 0.000138; -0.006331; 0.026121; -0.009503 \
#; 0.006220; 0.025661; 0.009335; -0.001187; -0.004896; -0.001781 \
#; -0.001552; 0.006402; 0.002329; 0.006139; -0.025327; -0.009214 \
#; -0.006325; -0.026098; 0.009494; -0.000282; -0.001165; 0.000424 \
#; 0.004747; 0.010296; -0.007589; -0.000906; -0.001964; 0.001448 \
#; -0.000070; 0.000152; 0.000112; 0.004832; -0.010480; -0.007725 \
#; -0.017011; 0.000000; -0.037431; -0.003863; 0.000000; -0.008500 \
#; 0.000000; 0.000053; 0.000000; -0.000000; 0.000322; -0.000000 \
#; -0.002852; -0.000000; 0.006275; -0.017209; 0.000000; 0.037867 \
#; 0.000000; -0.000318; 0.000000; 0.000000; -0.000072; -0.000000 \
# ]
#metaData: qpt=[0.000000;0.500000;0.500000;4.876192 \
#; -0.000000; -0.001369; 0.000000; 0.000000; 0.009181; -0.000000 \
#; 0.012244; -0.000000; -0.012920; 0.002573; -0.000000; -0.002715 \
#; -0.000000; 0.009084; -0.000000; 0.000000; 0.001909; 0.000000 \
#; 0.001846; 0.000000; 0.001947; -0.012375; 0.000000; -0.013057 \
#; -0.011689; -0.015539; 0.014006; -0.016803; -0.022336; 0.020133 \
#; -0.016803; 0.022336; 0.020133; 0.011689; -0.015539; -0.014006 \
#; -0.016803; -0.022336; -0.020133; 0.011689; 0.015539; 0.014006 \
#; 0.011689; -0.015539; 0.014006; 0.016803; -0.022336; 0.020133 \
#; -0.001212; 0.005001; -0.001819; 0.006215; -0.025641; 0.009328 \
#; 0.005843; 0.024106; 0.008769; 0.002440; 0.010068; 0.003663 \
#; 0.004769; 0.010343; 0.007624; 0.000782; 0.001696; 0.001250 \
#; -0.000196; 0.000424; -0.000313; -0.004829; 0.010473; -0.007719 \
#; 0.004459; 0.009672; -0.007129; 0.001862; 0.004039; -0.002977 \
#; 0.000925; -0.002007; -0.001479; -0.004743; 0.010287; 0.007583 \
#; -0.000256; 0.001057; 0.000385; -0.006327; 0.026103; 0.009496 \
#; -0.006248; -0.025780; 0.009378; -0.001024; -0.004227; 0.001538 \
#; -0.000000; 0.000118; -0.000000; -0.000000; -0.000304; -0.000000 \
#; -0.017441; 0.000000; -0.038379; 0.000282; -0.000000; 0.000621 \
#; 0.000000; -0.000326; -0.000000; 0.000000; 0.000005; -0.000000 \
#; -0.006330; -0.000000; 0.013928; 0.016255; -0.000000; -0.035768 \
# ]
#metaData: qpt=[0.000000;0.500000;0.500000;5.091609 \
#; -0.006718; -0.000000; 0.000177; -0.000000; 0.000000; -0.000000 \
#; 0.000000; -0.000253; -0.000000; 0.000000; 0.004280; -0.000000 \
#; 0.000397; 0.000000; 0.000010; -0.006706; 0.000000; -0.000177 \
#; 0.000000; -0.004287; 0.000000; -0.000000; 0.000000; -0.000000 \
#; 0.014640; 0.005804; 0.019194; -0.013800; -0.005471; -0.018092 \
#; 0.013800; -0.005471; 0.018092; 0.014640; -0.005804; 0.019194 \
#; 0.013800; 0.005471; -0.018092; 0.014640; 0.005804; -0.019194 \
#; -0.014640; 0.005804; 0.019194; 0.013800; -0.005471; -0.018092 \
#; -0.029939; 0.034923; -0.028117; -0.001336; 0.001558; -0.001255 \
#; 0.007344; 0.008567; 0.006897; -0.029055; -0.033892; -0.027287 \
#; 0.000211; 0.000149; 0.000320; -0.014578; -0.010325; -0.022137 \
#; 0.014321; -0.010143; 0.021747; -0.002732; 0.001935; -0.004149 \
#; -0.003573; -0.002531; 0.005425; 0.014135; 0.010011; -0.021464 \
#; -0.014565; 0.010316; 0.022117; -0.000650; 0.000460; 0.000987 \
#; -0.029438; 0.034339; 0.027646; 0.005616; -0.006551; -0.005274 \
#; 0.000434; 0.000506; -0.000407; -0.029965; -0.034955; 0.028142 \
#; 0.021884; 0.000000; -0.019336; 0.004969; -0.000000; -0.004391 \
#; 0.000000; -0.003097; 0.000000; 0.000000; -0.018689; -0.000000 \
#; 0.003669; 0.000000; 0.003242; 0.022139; 0.000000; 0.019562 \
#; 0.000000; 0.018473; 0.000000; 0.000000; 0.004195; -0.000000 \
# ]
#metaData: qpt=[0.000000;0.500000;0.500000;5.091609 \
#; 0.000000; 0.000356; 0.000000; 0.000000; 0.004273; 0.000000 \
#; 0.006716; -0.000000; -0.000177; -0.000161; -0.000000; 0.000004 \
#; 0.000000; 0.004286; 0.000000; 0.000000; -0.000103; 0.000000 \
#; -0.000557; -0.000000; -0.000015; -0.006694; -0.000000; -0.000176 \
#; -0.014967; -0.005934; -0.019622; -0.013444; -0.005330; -0.017626 \
#; -0.013444; 0.005330; -0.017626; 0.014967; -0.005934; 0.019622 \
#; -0.013444; -0.005330; 0.017626; 0.014967; 0.005934; -0.019622 \
#; 0.014967; -0.005934; -0.019622; 0.013444; -0.005330; -0.017626 \
#; -0.000561; -0.000397; -0.000852; -0.014569; -0.010318; -0.022123 \
#; -0.014383; 0.010187; -0.021840; -0.002388; 0.001691; -0.003626 \
#; 0.029898; -0.034876; 0.028079; -0.002054; 0.002396; -0.001929 \
#; -0.008040; -0.009378; -0.007550; -0.028870; -0.033677; -0.027113 \
#; 0.029564; -0.034486; -0.027765; 0.004908; -0.005725; -0.004609 \
#; -0.001153; -0.001345; 0.001083; -0.029946; -0.034932; 0.028124 \
#; 0.003911; 0.002770; -0.005939; 0.014045; 0.009947; -0.021327 \
#; 0.014545; -0.010302; -0.022087; -0.000999; 0.000708; 0.001518 \
#; -0.000000; 0.002647; -0.000000; -0.000000; -0.018758; -0.000000 \
#; -0.021758; 0.000000; 0.019225; 0.005493; -0.000000; -0.004854 \
#; 0.000000; -0.018367; -0.000000; 0.000000; 0.004637; -0.000000 \
#; -0.003136; -0.000000; -0.002771; 0.022221; -0.000000; 0.019634 \
# ]
#metaData: qpt=[0.000000;0.500000;0.500000;5.112306 \
#; 0.000000; 0.002428; -0.000000; 0.000000; 0.002050; 0.000000 \
#; -0.002126; 0.000000; 0.001658; 0.002236; 0.000000; -0.001743 \
#; -0.000000; -0.002189; -0.000000; -0.000000; 0.002302; -0.000000 \
#; -0.002358; 0.000000; -0.001838; -0.001991; -0.000000; -0.001552 \
#; 0.010233; 0.031867; -0.010475; -0.000560; -0.001744; 0.000573 \
#; -0.000560; 0.001744; 0.000573; -0.010233; 0.031867; 0.010475 \
#; 0.000560; 0.001744; 0.000573; 0.010233; 0.031867; 0.010475 \
#; 0.010233; -0.031867; 0.010475; -0.000560; 0.001744; -0.000573 \
#; 0.003366; 0.001605; 0.002695; 0.003110; 0.001483; 0.002489 \
#; 0.003724; -0.001776; 0.002981; -0.002670; 0.001273; -0.002138 \
#; 0.010792; 0.020351; -0.000279; -0.012413; -0.023408; 0.000321 \
#; -0.014334; 0.027030; 0.000370; -0.008068; 0.015215; 0.000208 \
#; -0.013368; -0.025208; -0.000345; 0.009585; 0.018074; 0.000248 \
#; 0.012083; -0.022785; 0.000312; 0.011161; -0.021047; 0.000288 \
#; 0.003993; 0.001904; -0.003197; 0.002248; 0.001072; -0.001799 \
#; 0.003007; -0.001434; -0.002407; -0.003458; 0.001649; 0.002769 \
#; 0.000000; 0.006621; 0.000000; -0.000000; 0.008776; -0.000000 \
#; -0.018713; 0.000000; -0.034175; 0.031434; -0.000000; 0.057406 \
#; -0.000000; -0.005623; 0.000000; -0.000000; 0.009446; 0.000000 \
#; -0.022032; 0.000000; 0.040236; -0.029203; -0.000000; 0.053333 \
# ]
#metaData: qpt=[0.000000;0.500000;0.500000;5.112306 \
#; 0.003086; 0.000000; -0.002405; 0.000000; 0.000000; 0.000000 \
#; 0.000000; -0.000188; -0.000000; 0.000000; 0.003172; -0.000000 \
#; 0.000182; 0.000000; 0.000142; -0.003080; 0.000000; -0.002401 \
#; 0.000000; 0.003177; 0.000000; -0.000000; 0.000000; -0.000000 \
#; -0.007458; -0.023223; 0.007634; 0.007030; 0.021891; -0.007196 \
#; -0.007030; 0.021891; 0.007196; -0.007458; 0.023223; 0.007634 \
#; 0.007030; 0.021891; 0.007196; 0.007458; 0.023223; 0.007634 \
#; -0.007458; 0.023223; -0.007634; 0.007030; -0.021891; 0.007196 \
#; -0.016433; -0.030987; 0.000424; -0.000733; -0.001383; 0.000019 \
#; 0.004031; -0.007601; -0.000104; -0.015947; 0.030072; 0.000412 \
#; -0.000066; -0.000032; -0.000053; 0.004582; 0.002185; 0.003668 \
#; -0.004501; 0.002147; -0.003604; 0.000859; -0.000410; 0.000687 \
#; -0.001123; -0.000536; 0.000899; 0.004443; 0.002119; -0.003557 \
#; -0.004578; 0.002183; 0.003665; -0.000204; 0.000097; 0.000164 \
#; 0.016158; 0.030469; 0.000417; -0.003083; -0.005813; -0.000080 \
#; -0.000238; 0.000449; -0.000006; 0.016447; -0.031015; 0.000425 \
#; 0.035674; 0.000000; 0.065150; 0.008101; -0.000000; 0.014794 \
#; 0.000000; 0.001797; 0.000000; 0.000000; 0.010845; -0.000000 \
#; -0.005980; 0.000000; 0.010922; -0.036090; 0.000000; 0.065910 \
#; 0.000000; 0.010720; 0.000000; 0.000000; 0.002434; -0.000000 \
# ]
#metaData: qpt=[0.000000;0.500000;0.500000;5.322686 \
#; 0.000000; 0.000626; -0.000000; -0.000000; -0.001723; 0.000000 \
#; 0.006444; -0.000000; -0.001352; 0.002782; 0.000000; -0.000584 \
#; 0.000000; 0.001683; 0.000000; -0.000000; 0.000726; -0.000000 \
#; -0.002397; 0.000000; -0.000503; 0.006597; -0.000000; 0.001384 \
#; 0.005263; -0.008692; -0.000361; 0.012197; -0.020143; -0.000836 \
#; 0.012197; 0.020143; -0.000836; -0.005263; -0.008692; 0.000361 \
#; -0.012197; 0.020143; -0.000836; 0.005263; -0.008692; 0.000361 \
#; 0.005263; 0.008692; 0.000361; 0.012197; 0.020143; 0.000836 \
#; 0.008019; -0.010694; 0.002172; -0.019340; 0.025790; -0.005239 \
#; -0.017327; -0.023104; -0.004693; -0.011754; -0.015673; -0.003184 \
#; 0.017220; 0.030134; 0.031428; 0.006540; 0.011444; 0.011935 \
#; 0.002934; -0.005134; 0.005354; -0.018185; 0.031822; -0.033188 \
#; -0.015244; -0.026675; 0.027820; -0.010341; -0.018095; 0.018872 \
#; -0.007055; 0.012346; 0.012876; 0.017015; -0.029775; -0.031054 \
#; 0.003335; -0.004447; -0.000903; -0.020670; 0.027562; 0.005599 \
#; -0.019573; -0.026100; 0.005302; -0.007433; -0.009912; 0.002013 \
#; -0.000000; -0.002858; 0.000000; -0.000000; 0.004442; 0.000000 \
#; -0.059053; -0.000000; 0.021086; -0.011006; -0.000000; 0.003930 \
#; 0.000000; -0.005192; 0.000000; 0.000000; -0.000968; 0.000000 \
#; 0.032505; -0.000000; 0.011606; -0.050516; -0.000000; -0.018037 \
# ]
#metaData: qpt=[0.000000;0.500000;0.500000;5.322686 \
#; -0.007019; 0.000000; 0.001472; -0.000000; -0.000000; 0.000000 \
#; 0.000000; 0.000108; -0.000000; 0.000000; -0.001830; -0.000000 \
#; -0.000414; 0.000000; -0.000087; 0.007007; 0.000000; 0.001470 \
#; -0.000000; -0.001833; -0.000000; 0.000000; -0.000000; 0.000000 \
#; -0.009667; 0.015964; 0.000662; 0.009112; -0.015048; -0.000624 \
#; -0.009112; -0.015048; 0.000624; -0.009667; -0.015964; 0.000662 \
#; 0.009112; -0.015048; 0.000624; 0.009667; -0.015964; 0.000662 \
#; -0.009667; -0.015964; -0.000662; 0.009112; 0.015048; 0.000624 \
#; -0.018402; -0.032201; -0.033584; -0.000821; -0.001437; -0.001499 \
#; 0.004514; -0.007899; 0.008238; -0.017858; 0.031251; -0.032592 \
#; 0.000303; -0.000404; 0.000082; -0.020935; 0.027916; -0.005671 \
#; 0.020566; 0.027424; 0.005571; -0.003924; -0.005232; -0.001063 \
#; 0.005131; -0.006842; -0.001390; -0.020299; 0.027067; 0.005498 \
#; 0.020916; 0.027891; -0.005666; 0.000933; 0.001245; -0.000253 \
#; 0.018094; 0.031662; -0.033022; -0.003452; -0.006041; 0.006300 \
#; -0.000267; 0.000467; 0.000487; 0.018418; -0.032230; -0.033614 \
#; 0.058579; -0.000000; -0.020916; 0.013302; 0.000000; -0.004750 \
#; -0.000000; 0.000863; 0.000000; -0.000000; 0.005211; 0.000000 \
#; -0.009820; -0.000000; -0.003506; -0.059262; -0.000000; -0.021160 \
#; 0.000000; 0.005151; 0.000000; -0.000000; 0.001170; -0.000000 \
# ]
#metaData: qpt=[0.000000;0.500000;0.500000;5.412086 \
#; 0.001161; -0.000000; 0.005317; 0.000000; 0.000000; 0.000000 \
#; -0.000000; -0.000061; -0.000000; -0.000000; 0.001025; -0.000000 \
#; -0.000069; 0.000000; 0.000314; 0.001159; 0.000000; -0.005307 \
#; 0.000000; -0.001027; 0.000000; 0.000000; -0.000000; -0.000000 \
#; 0.014054; 0.004290; 0.006633; -0.013248; -0.004044; -0.006252 \
#; 0.013248; -0.004044; 0.006252; 0.014054; -0.004290; 0.006633 \
#; 0.013248; 0.004044; -0.006252; 0.014054; 0.004290; -0.006633 \
#; -0.014054; 0.004290; 0.006633; 0.013248; -0.004044; -0.006252 \
#; -0.006894; 0.000326; -0.001633; -0.000308; 0.000015; -0.000073 \
#; 0.001691; 0.000080; 0.000401; -0.006691; -0.000317; -0.001585 \
#; -0.000303; -0.000694; -0.000193; 0.020954; 0.047936; 0.013358 \
#; -0.020585; 0.047092; -0.013122; 0.003927; -0.008984; 0.002503 \
#; 0.005136; 0.011749; -0.003274; -0.020318; -0.046479; 0.012952 \
#; 0.020936; -0.047893; -0.013346; 0.000934; -0.002137; -0.000596 \
#; -0.006779; 0.000321; 0.001606; 0.001293; -0.000061; -0.000306 \
#; 0.000100; 0.000005; -0.000024; -0.006901; -0.000327; 0.001635 \
#; -0.075068; 0.000000; 0.027227; -0.017046; -0.000000; 0.006182 \
#; 0.000000; -0.000938; -0.000000; 0.000000; -0.005659; -0.000000 \
#; -0.012585; -0.000000; -0.004564; -0.075944; -0.000000; -0.027544 \
#; 0.000000; 0.005594; 0.000000; -0.000000; 0.001270; -0.000000 \
# ]
#metaData: qpt=[0.000000;0.500000;0.500000;5.412086 \
#; -0.000000; -0.001007; -0.000000; 0.000000; 0.000201; -0.000000 \
#; -0.000160; 0.000000; -0.000732; -0.001150; -0.000000; -0.005266 \
#; 0.000000; 0.000142; -0.000000; 0.000000; 0.001017; 0.000000 \
#; -0.001139; -0.000000; 0.005213; 0.000228; 0.000000; -0.001042 \
#; 0.011185; 0.003414; 0.005279; -0.015745; -0.004806; -0.007431 \
#; -0.015745; 0.004806; -0.007431; -0.011185; 0.003414; -0.005279 \
#; -0.015745; -0.004806; 0.007431; -0.011185; -0.003414; 0.005279 \
#; -0.011185; 0.003414; 0.005279; 0.015745; -0.004806; -0.007431 \
#; -0.020713; -0.047383; -0.013204; 0.003187; 0.007291; 0.002032 \
#; -0.001054; 0.002411; -0.000672; 0.020930; -0.047880; 0.013342 \
#; 0.001255; -0.000059; 0.000297; 0.006786; -0.000321; 0.001608 \
#; 0.006394; 0.000303; 0.001515; -0.002597; -0.000123; -0.000615 \
#; -0.000347; 0.000016; 0.000082; 0.006893; -0.000326; -0.001633 \
#; 0.006821; 0.000323; -0.001616; -0.001050; -0.000050; 0.000249 \
#; 0.019416; 0.044417; -0.012377; -0.007886; -0.018040; 0.005027 \
#; -0.003809; 0.008715; 0.002428; -0.020607; 0.047142; 0.013136 \
#; -0.000000; 0.005734; -0.000000; 0.000000; 0.000149; -0.000000 \
#; 0.027225; -0.000000; -0.009874; 0.072004; -0.000000; -0.026115 \
#; -0.000000; -0.002029; -0.000000; 0.000000; -0.005365; -0.000000 \
#; 0.076953; -0.000000; 0.027910; 0.002003; -0.000000; 0.000726 \
# ]
#metaData: qpt=[0.000000;0.500000;0.500000;5.759430 \
#; -0.001430; -0.000000; 0.008081; -0.000000; -0.000000; -0.000000 \
#; 0.000000; 0.000089; -0.000000; -0.000000; -0.001503; 0.000000 \
#; 0.000084; -0.000000; 0.000477; -0.001428; 0.000000; -0.008067 \
#; -0.000000; 0.001506; -0.000000; -0.000000; 0.000000; -0.000000 \
#; -0.006998; -0.011148; 0.006580; 0.006596; 0.010508; -0.006202 \
#; -0.006596; 0.010508; 0.006202; -0.006998; 0.011148; 0.006580 \
#; -0.006596; -0.010508; -0.006202; -0.006998; -0.011148; -0.006580 \
#; 0.006998; -0.011148; 0.006580; -0.006596; 0.010508; -0.006202 \
#; -0.013803; 0.036472; -0.000429; -0.000616; 0.001628; -0.000019 \
#; 0.003386; 0.008947; 0.000105; -0.013396; -0.035395; -0.000416 \
#; -0.000527; 0.000360; -0.000500; 0.036407; -0.024891; 0.034521 \
#; -0.035766; -0.024453; -0.033913; 0.006823; 0.004665; 0.006470 \
#; 0.008923; -0.006101; -0.008461; -0.035301; 0.024135; 0.033472 \
#; 0.036375; 0.024869; -0.034490; 0.001623; 0.001110; -0.001539 \
#; -0.013572; 0.035862; 0.000421; 0.002589; -0.006842; -0.000080 \
#; 0.000200; 0.000528; -0.000006; -0.013815; -0.036505; 0.000429 \
#; 0.012485; 0.000000; 0.057542; 0.002835; 0.000000; 0.013066 \
#; 0.000000; 0.000228; 0.000000; 0.000000; 0.001374; 0.000000 \
#; 0.002093; -0.000000; -0.009647; 0.012630; -0.000000; -0.058213 \
#; 0.000000; -0.001358; -0.000000; 0.000000; -0.000308; -0.000000 \
# ]
#metaData: qpt=[0.000000;0.500000;0.500000;5.759430 \
#; -0.000000; 0.001504; 0.000000; 0.000000; 0.000081; -0.000000 \
#; -0.000162; 0.000000; 0.000913; 0.001421; -0.000000; -0.008030 \
#; 0.000000; 0.000170; 0.000000; -0.000000; -0.001496; -0.000000 \
#; 0.001428; 0.000000; 0.008069; 0.000077; 0.000000; 0.000437 \
#; -0.007344; -0.011700; 0.006906; 0.006208; 0.009890; -0.005837 \
#; 0.006208; -0.009890; -0.005837; 0.007344; -0.011700; -0.006906 \
#; 0.006208; 0.009890; 0.005837; 0.007344; 0.011700; 0.006906 \
#; 0.007344; -0.011700; 0.006906; -0.006208; 0.009890; -0.005837 \
#; -0.036234; 0.024772; -0.034356; -0.003588; 0.002453; -0.003402 \
#; -0.010819; -0.007397; -0.010259; 0.034766; 0.023769; 0.032965 \
#; -0.000947; 0.002502; -0.000029; 0.013784; -0.036423; 0.000428 \
#; 0.013692; 0.036179; 0.000425; -0.001851; -0.004892; -0.000057 \
#; -0.004106; 0.010848; 0.000127; 0.013193; -0.034859; -0.000410 \
#; 0.013750; 0.036331; -0.000427; 0.001362; 0.003598; -0.000042 \
#; 0.036083; -0.024669; -0.034213; -0.004879; 0.003336; 0.004626 \
#; 0.002495; 0.001706; -0.002366; -0.036325; -0.024835; 0.034443 \
#; 0.000000; -0.001340; 0.000000; 0.000000; -0.000381; 0.000000 \
#; -0.001407; 0.000000; -0.006484; -0.012725; 0.000000; -0.058650 \
#; 0.000000; 0.000153; -0.000000; 0.000000; 0.001384; -0.000000 \
#; -0.012313; -0.000000; 0.056751; -0.003506; -0.000000; 0.016160 \
# ]
#metaData: qpt=[0.000000;0.500000;0.500000;5.812993 \
#; 0.000139; 0.000000; -0.003764; 0.000000; 0.000000; 0.000000 \
#; 0.000000; 0.000475; -0.000000; -0.000000; -0.008033; 0.000000 \
#; 0.000008; -0.000000; 0.000222; -0.000139; 0.000000; -0.003757 \
#; 0.000000; -0.008047; 0.000000; 0.000000; 0.000000; 0.000000 \
#; -0.004379; -0.000492; 0.003715; 0.004128; 0.000463; -0.003502 \
#; -0.004128; 0.000463; 0.003502; -0.004379; 0.000492; 0.003715 \
#; 0.004128; 0.000463; 0.003502; 0.004379; 0.000492; 0.003715 \
#; -0.004379; 0.000492; -0.003715; 0.004128; -0.000463; 0.003502 \
#; -0.040491; 0.044131; -0.048432; -0.001807; 0.001969; -0.002161 \
#; 0.009933; 0.010826; 0.011881; -0.039295; -0.042828; -0.047002 \
#; -0.000121; -0.000183; 0.000150; 0.008390; 0.012619; -0.010332 \
#; -0.008242; 0.012396; 0.010150; 0.001572; -0.002365; -0.001936 \
#; -0.002056; -0.003093; -0.002532; 0.008135; 0.012235; 0.010018 \
#; -0.008383; 0.012608; -0.010323; -0.000374; 0.000563; -0.000461 \
#; 0.039813; -0.043392; -0.047621; -0.007596; 0.008278; 0.009085 \
#; -0.000587; -0.000639; 0.000702; 0.040527; 0.044170; -0.048475 \
#; -0.036396; -0.000000; 0.028221; -0.008265; -0.000000; 0.006408 \
#; -0.000000; 0.001700; 0.000000; 0.000000; 0.010261; -0.000000 \
#; 0.006102; 0.000000; 0.004731; 0.036821; -0.000000; 0.028550 \
#; -0.000000; 0.010143; -0.000000; -0.000000; 0.002303; -0.000000 \
# ]
#metaData: qpt=[0.000000;0.500000;0.500000;5.812993 \
#; 0.000000; -0.005993; -0.000000; -0.000000; -0.005369; 0.000000 \
#; -0.000099; 0.000000; 0.002673; 0.000098; -0.000000; -0.002650 \
#; 0.000000; 0.005714; 0.000000; -0.000000; -0.005666; -0.000000 \
#; -0.000104; -0.000000; -0.002803; -0.000093; 0.000000; -0.002512 \
#; 0.006016; 0.000675; -0.005104; -0.000152; -0.000017; 0.000129 \
#; -0.000152; 0.000017; 0.000129; -0.006016; 0.000675; 0.005104 \
#; 0.000152; 0.000017; 0.000129; 0.006016; 0.000675; 0.005104 \
#; 0.006016; -0.000675; 0.005104; -0.000152; 0.000017; -0.000129 \
#; 0.005994; 0.009015; -0.007381; 0.005872; 0.008832; -0.007231 \
#; 0.006960; -0.010468; -0.008571; -0.004687; 0.007049; 0.005772 \
#; 0.027479; -0.029950; 0.032869; -0.029793; 0.032472; -0.035637 \
#; -0.034721; -0.037843; -0.041531; -0.020909; -0.022789; -0.025010 \
#; -0.033619; 0.036641; 0.040212; 0.022639; -0.024675; -0.027080 \
#; 0.028952; 0.031555; -0.034631; 0.028364; 0.030914; -0.033927 \
#; 0.007188; 0.010811; 0.008852; 0.004329; 0.006510; 0.005330 \
#; 0.005689; -0.008556; 0.007006; -0.006168; 0.009277; -0.007595 \
#; -0.000000; 0.006018; 0.000000; -0.000000; 0.008484; 0.000000 \
#; 0.020025; 0.000000; -0.015527; -0.031496; 0.000000; 0.024421 \
#; 0.000000; -0.005581; 0.000000; 0.000000; 0.008777; 0.000000 \
#; 0.021593; 0.000000; 0.016743; 0.030442; 0.000000; 0.023604 \
# ]
#metaData: qpt=[0.000000;0.500000;0.500000;6.810849 \
#; -0.003146; -0.001173; 0.005199; -0.000000; -0.001940; -0.000000 \
#; 0.000894; 0.000417; -0.001478; -0.000471; -0.007046; 0.000778 \
#; 0.000186; -0.002006; 0.000307; -0.003140; 0.001057; -0.005190 \
#; -0.000523; 0.007058; -0.000864; -0.000865; -0.000000; -0.001429 \
#; -0.001038; 0.005694; 0.007327; 0.001917; -0.010511; -0.013525 \
#; -0.001490; -0.008169; 0.010510; -0.002575; -0.014123; 0.018171 \
#; -0.001490; 0.008169; -0.010510; -0.002575; 0.014123; -0.018171 \
#; 0.001038; 0.005694; 0.007327; -0.001917; -0.010511; -0.013525 \
#; 0.003361; -0.035855; 0.009236; 0.011037; -0.005661; 0.008024 \
#; 0.012825; -0.003704; 0.007277; -0.006353; 0.031210; 0.002241 \
#; 0.000183; 0.009535; -0.001783; 0.039122; -0.020210; 0.028470 \
#; -0.039453; -0.007277; -0.026103; 0.006764; 0.010796; 0.006376 \
#; 0.010534; 0.006712; -0.005247; -0.038617; 0.011157; 0.026353 \
#; 0.039109; 0.019914; -0.028404; 0.000995; 0.010139; -0.002640 \
#; -0.011176; -0.029854; 0.001043; -0.008941; 0.009826; 0.007543 \
#; -0.010931; -0.004579; 0.007742; 0.003692; 0.036009; -0.009474 \
#; 0.008410; -0.001613; -0.054968; 0.001910; -0.004860; -0.012482 \
#; -0.002104; -0.002606; 0.013754; 0.001802; -0.015727; -0.011775 \
#; 0.001410; -0.003890; 0.009215; 0.008508; 0.003330; 0.055609 \
#; 0.000873; 0.015546; 0.005704; 0.002629; 0.003530; 0.017184 \
# ]
#metaData: qpt=[0.000000;0.500000;0.500000;6.810849 \
#; 0.001010; -0.003652; -0.001670; -0.000000; -0.006040; 0.000000 \
#; 0.002783; -0.000134; -0.004601; -0.001466; 0.002263; 0.002423 \
#; -0.000060; -0.006245; -0.000099; 0.001009; 0.003289; 0.001667 \
#; -0.001628; -0.002267; -0.002690; -0.002692; 0.000000; -0.004449 \
#; 0.002973; -0.016302; -0.020975; 0.000118; -0.000647; -0.000832 \
#; 0.001212; 0.006647; -0.008553; -0.001812; -0.009936; 0.012785 \
#; 0.001212; -0.006647; 0.008553; -0.001812; 0.009936; -0.012785 \
#; -0.002973; -0.016302; -0.020975; -0.000118; -0.000647; -0.000832 \
#; 0.019817; 0.003723; 0.011643; 0.034778; -0.012476; 0.024217 \
#; 0.037630; 0.016763; 0.026852; -0.010701; -0.014778; -0.009628 \
#; 0.002537; 0.028949; -0.004176; -0.014085; -0.012236; -0.006367 \
#; 0.010662; 0.027134; 0.012063; -0.004409; 0.024111; 0.002043 \
#; -0.000507; 0.033317; 0.006947; 0.011527; -0.014410; -0.010071 \
#; -0.014003; 0.011358; 0.006490; -0.002960; 0.029305; -0.003982 \
#; -0.025595; 0.020476; 0.020070; -0.029588; 0.008951; 0.020272 \
#; -0.034166; -0.012583; 0.023855; 0.020856; -0.003345; -0.012367 \
#; -0.002702; -0.005022; 0.017657; -0.000613; -0.015130; 0.004009 \
#; -0.006552; 0.000837; 0.042819; 0.005609; 0.005052; -0.036657 \
#; -0.000453; -0.012110; -0.002960; -0.002733; 0.010367; -0.017863 \
#; 0.002717; -0.004994; 0.017759; 0.008185; -0.001134; 0.053496 \
# ]
#metaData: qpt=[0.000000;0.500000;0.500000;6.848141 \
#; 0.001457; -0.000458; 0.009072; 0.000000; 0.000122; -0.000000 \
#; -0.000057; -0.000144; -0.000353; -0.000277; 0.002441; -0.001724 \
#; 0.000086; -0.000095; -0.000536; -0.001455; -0.000465; 0.009056 \
#; 0.000273; 0.002445; -0.001700; -0.000073; -0.000000; 0.000454 \
#; -0.001752; -0.009561; 0.016648; 0.001797; 0.009805; -0.017072 \
#; -0.001100; 0.006003; 0.010452; -0.001321; 0.007209; 0.012552 \
#; 0.001100; 0.006003; 0.010452; 0.001321; 0.007209; 0.012552 \
#; -0.001752; 0.009561; -0.016648; 0.001797; -0.009805; 0.017072 \
#; -0.030459; 0.005856; -0.011182; -0.001087; -0.002013; -0.000110 \
#; 0.007233; -0.000558; 0.002402; -0.027506; 0.011479; -0.007920 \
#; 0.001315; 0.000788; 0.000348; 0.010975; -0.044896; 0.009587 \
#; -0.000189; -0.045095; -0.005923; -0.001464; 0.008744; 0.000635 \
#; -0.001407; 0.011123; 0.001926; -0.000447; -0.044568; -0.005637 \
#; -0.011009; -0.044852; 0.009593; 0.000984; -0.002139; -0.000059 \
#; 0.027987; 0.010641; -0.008193; -0.005063; -0.004343; 0.001168 \
#; -0.000169; 0.002189; -0.000226; 0.030478; 0.005792; -0.011180 \
#; 0.008636; -0.001395; -0.070294; 0.001961; 0.000052; -0.015962 \
#; -0.000708; 0.001177; 0.005766; -0.001565; 0.007102; 0.012740 \
#; -0.001448; -0.000576; -0.011784; -0.008736; -0.001272; -0.071114 \
#; 0.001717; 0.007020; 0.013974; -0.000064; 0.001594; -0.000525 \
# ]
#metaData: qpt=[0.000000;0.500000;0.500000;6.848141 \
#; 0.000283; 0.002363; 0.001760; -0.000000; -0.000631; -0.000000 \
#; 0.000292; -0.000028; 0.001818; 0.001428; 0.000474; 0.008888 \
#; 0.000017; 0.000490; -0.000104; -0.000282; 0.002396; 0.001757 \
#; -0.001408; 0.000474; 0.008765; 0.000376; -0.000000; -0.002339 \
#; 0.000813; 0.004437; -0.007725; -0.001515; -0.008265; 0.014391 \
#; -0.002077; 0.011332; 0.019731; -0.001409; 0.007690; 0.013389 \
#; 0.002077; 0.011332; 0.019731; 0.001409; 0.007690; 0.013389 \
#; 0.000813; -0.004437; 0.007725; -0.001515; 0.008265; -0.014391 \
#; -0.000403; -0.044894; 0.005694; -0.001420; 0.009721; -0.001749 \
#; 0.001329; -0.000732; 0.000359; -0.010973; -0.044897; -0.009587 \
#; -0.007199; -0.000544; -0.002392; -0.027515; -0.011480; -0.007923 \
#; -0.027570; -0.006175; -0.010235; 0.012993; 0.000455; 0.004505 \
#; 0.000132; 0.002196; 0.000240; 0.030478; -0.005790; -0.011180 \
#; 0.027720; -0.011491; -0.007991; -0.006367; 0.000198; 0.002153 \
#; 0.010507; -0.040385; -0.008841; -0.003431; 0.019628; 0.003724 \
#; -0.001408; -0.011068; 0.001919; 0.000445; -0.044581; 0.005639 \
#; 0.001675; 0.007193; -0.013637; 0.000380; -0.000270; -0.003097 \
#; 0.003652; 0.000228; -0.029724; 0.008067; 0.001378; -0.065669 \
#; -0.000281; 0.002968; -0.002286; -0.001695; 0.006558; -0.013796 \
#; -0.008849; 0.001362; -0.072033; 0.000332; 0.000309; 0.002705 \
# ]
#metaData: qpt=[0.000000;0.500000;0.500000;8.429612 \
#; -0.000552; -0.000000; 0.000499; 0.000000; 0.000000; -0.000000 \
#; 0.000000; -0.000003; -0.000000; 0.000000; 0.000051; -0.000000 \
#; 0.000033; 0.000000; 0.000029; -0.000551; 0.000000; -0.000498 \
#; 0.000000; -0.000051; 0.000000; -0.000000; 0.000000; -0.000000 \
#; -0.004351; -0.000568; 0.002049; 0.004102; 0.000536; -0.001931 \
#; -0.004102; 0.000536; 0.001931; -0.004351; 0.000568; 0.002049 \
#; -0.004102; -0.000536; -0.001931; -0.004351; -0.000568; -0.002049 \
#; 0.004351; -0.000568; 0.002049; -0.004102; 0.000536; -0.001931 \
#; 0.049496; -0.003642; -0.068209; 0.002209; -0.000163; -0.003044 \
#; -0.012142; -0.000893; 0.016732; 0.048035; 0.003534; -0.066195 \
#; 0.000054; 0.000086; -0.000172; -0.003750; -0.005948; 0.011868 \
#; 0.003684; -0.005843; -0.011659; -0.000703; 0.001115; 0.002224 \
#; -0.000919; -0.001458; -0.002909; 0.003636; 0.005767; 0.011507 \
#; -0.003746; 0.005943; -0.011857; -0.000167; 0.000265; -0.000529 \
#; 0.048668; -0.003581; 0.067067; -0.009285; 0.000683; -0.012795 \
#; -0.000717; -0.000053; -0.000988; 0.049540; 0.003645; 0.068270 \
#; -0.013898; 0.000000; 0.006374; -0.003156; -0.000000; 0.001447 \
#; 0.000000; -0.003488; -0.000000; 0.000000; -0.021049; -0.000000 \
#; -0.002330; -0.000000; -0.001069; -0.014060; -0.000000; -0.006448 \
#; 0.000000; 0.020806; 0.000000; -0.000000; 0.004725; -0.000000 \
# ]
#metaData: qpt=[0.000000;0.500000;0.500000;8.429612 \
#; -0.000000; 0.000049; 0.000000; -0.000000; -0.000016; 0.000000 \
#; -0.000140; -0.000000; 0.000127; -0.000533; 0.000000; 0.000483 \
#; 0.000000; -0.000013; 0.000000; -0.000000; -0.000050; -0.000000 \
#; -0.000524; -0.000000; -0.000474; 0.000172; 0.000000; 0.000155 \
#; 0.002859; 0.000373; -0.001346; -0.005252; -0.000686; 0.002473 \
#; -0.005252; 0.000686; 0.002473; -0.002859; 0.000373; 0.001346 \
#; -0.005252; -0.000686; -0.002473; -0.002859; -0.000373; -0.001346 \
#; -0.002859; 0.000373; -0.001346; 0.005252; -0.000686; 0.002473 \
#; -0.003612; -0.005730; 0.011433; 0.001007; 0.001598; -0.003188 \
#; 0.000258; -0.000410; -0.000817; 0.003741; -0.005935; -0.011841 \
#; 0.014738; -0.001084; -0.020310; 0.047303; -0.003480; -0.065186 \
#; 0.043360; 0.003190; -0.059753; -0.023972; -0.001764; 0.033035 \
#; 0.003412; -0.000251; 0.004702; 0.049428; -0.003637; 0.068115 \
#; 0.047725; 0.003512; 0.065768; -0.013307; -0.000979; -0.018338 \
#; 0.003282; 0.005206; 0.010388; -0.001814; -0.002878; -0.005743 \
#; -0.001116; 0.001770; -0.003531; -0.003580; 0.005680; -0.011332 \
#; -0.000000; -0.021243; 0.000000; -0.000000; 0.001986; 0.000000 \
#; -0.006590; -0.000000; 0.003023; -0.012636; -0.000000; 0.005796 \
#; -0.000000; 0.009866; -0.000000; -0.000000; 0.018918; -0.000000 \
#; -0.014190; 0.000000; -0.006508; 0.001327; 0.000000; 0.000608 \
# ]
#metaData: qpt=[0.000000;0.500000;0.500000;8.486825 \
#; 0.000000; 0.000488; -0.000000; -0.000000; -0.000128; 0.000000 \
#; -0.000072; 0.000000; 0.000159; -0.000361; -0.000000; 0.000798 \
#; 0.000000; 0.000099; 0.000000; -0.000000; 0.000495; -0.000000 \
#; 0.000356; -0.000000; 0.000787; -0.000093; -0.000000; -0.000206 \
#; -0.002432; 0.000476; 0.001764; 0.003887; -0.000761; -0.002819 \
#; 0.003887; 0.000761; -0.002819; 0.002432; 0.000476; -0.001764 \
#; -0.003887; 0.000761; -0.002819; -0.002432; 0.000476; -0.001764 \
#; -0.002432; -0.000476; -0.001764; 0.003887; 0.000761; 0.002819 \
#; 0.042009; 0.008672; -0.059687; -0.009007; -0.001859; 0.012797 \
#; -0.000353; 0.000073; 0.000502; -0.042962; 0.008869; 0.061041 \
#; -0.004846; -0.000580; 0.004207; -0.019688; -0.002356; 0.017094 \
#; -0.018306; 0.002190; 0.015894; 0.008715; -0.001043; -0.007567 \
#; 0.000167; 0.000020; 0.000145; 0.020274; 0.002426; 0.017603 \
#; 0.019825; -0.002372; 0.017213; -0.004251; 0.000509; -0.003690 \
#; 0.038792; 0.008008; 0.055116; -0.018468; -0.003812; -0.026239 \
#; -0.010268; 0.002120; -0.014589; -0.041719; 0.008612; -0.059274 \
#; -0.000000; -0.044791; 0.000000; -0.000000; 0.001457; 0.000000 \
#; 0.009013; 0.000000; -0.005027; 0.020180; 0.000000; -0.011257 \
#; 0.000000; -0.018275; 0.000000; 0.000000; -0.040919; 0.000000 \
#; -0.022090; 0.000000; -0.012322; 0.000719; 0.000000; 0.000401 \
# ]
#metaData: qpt=[0.000000;0.500000;0.500000;8.486825 \
#; -0.000368; 0.000000; 0.000814; -0.000000; -0.000000; 0.000000 \
#; -0.000000; -0.000030; 0.000000; -0.000000; 0.000503; 0.000000 \
#; -0.000022; 0.000000; -0.000048; 0.000367; 0.000000; 0.000812 \
#; 0.000000; 0.000504; 0.000000; -0.000000; -0.000000; -0.000000 \
#; 0.003336; -0.000653; -0.002420; -0.003145; 0.000615; 0.002281 \
#; 0.003145; 0.000615; -0.002281; 0.003336; 0.000653; -0.002420 \
#; -0.003145; 0.000615; -0.002281; -0.003336; 0.000653; -0.002420 \
#; 0.003336; 0.000653; 0.002420; -0.003145; -0.000615; -0.002281 \
#; -0.020254; -0.002424; 0.017586; -0.000904; -0.000108; 0.000785 \
#; 0.004969; -0.000595; -0.004314; -0.019657; 0.002352; 0.017067 \
#; -0.000622; -0.000128; 0.000884; 0.042959; 0.008868; -0.061037 \
#; -0.042203; 0.008712; 0.059962; 0.008052; -0.001662; -0.011440 \
#; -0.010529; -0.002173; -0.014960; 0.041654; 0.008598; 0.059182 \
#; -0.042921; 0.008860; -0.060983; -0.001915; 0.000395; -0.002721 \
#; 0.019916; 0.002383; 0.017292; -0.003800; -0.000455; -0.003299 \
#; -0.000294; 0.000035; -0.000255; 0.020272; -0.002426; 0.017601 \
#; 0.021553; -0.000000; -0.012022; 0.004894; 0.000000; -0.002730 \
#; 0.000000; -0.007326; -0.000000; 0.000000; -0.044212; -0.000000 \
#; -0.003613; -0.000000; -0.002015; -0.021804; -0.000000; -0.012162 \
#; -0.000000; -0.043702; -0.000000; 0.000000; -0.009924; 0.000000 \
# ]
#metaData: qpt=[0.000000;0.500000;0.500000;8.627425 \
#; -0.000017; 0.000279; 0.000003; 0.000000; 0.000155; -0.000000 \
#; 0.000507; -0.000000; -0.000079; -0.000801; 0.000006; 0.000125 \
#; -0.000001; -0.000171; -0.000000; 0.000017; 0.000270; 0.000003 \
#; 0.000829; 0.000006; 0.000130; 0.000459; -0.000000; 0.000072 \
#; 0.002058; 0.002529; 0.003130; -0.000507; -0.000623; -0.000771 \
#; -0.000560; 0.000688; -0.000852; -0.002114; 0.002598; -0.003216 \
#; 0.000560; 0.000688; -0.000852; 0.002114; 0.002598; -0.003216 \
#; 0.002058; -0.002529; -0.003130; -0.000507; 0.000623; 0.000771 \
#; -0.021513; 0.014748; 0.029322; -0.012780; 0.009015; 0.017735 \
#; -0.016501; -0.011780; 0.023072; 0.017096; 0.012536; -0.024316 \
#; 0.019940; -0.001304; -0.011821; -0.035264; 0.002581; 0.021246 \
#; -0.037698; -0.002181; 0.021996; -0.012586; -0.000873; 0.007524 \
#; -0.027332; 0.001713; -0.016111; 0.028853; -0.001608; 0.016759 \
#; 0.034647; 0.002540; 0.020880; 0.020993; 0.001381; 0.012456 \
#; -0.022466; 0.016339; -0.031786; -0.007735; 0.005382; -0.010642 \
#; -0.012126; -0.008567; -0.016843; 0.021889; 0.015012; 0.029843 \
#; -0.000236; -0.061585; -0.000074; -0.000053; -0.054968; -0.000017 \
#; 0.004495; -0.000243; 0.001404; -0.012660; -0.001464; -0.003955 \
#; 0.000039; 0.027621; -0.000012; 0.000238; -0.077791; -0.000074 \
#; 0.010023; -0.001448; -0.003131; 0.008946; -0.000329; -0.002795 \
# ]
#metaData: qpt=[0.000000;0.500000;0.500000;8.627425 \
#; -0.000948; -0.000005; 0.000149; -0.000000; -0.000003; 0.000000 \
#; -0.000009; -0.000019; 0.000001; 0.000014; 0.000319; -0.000002 \
#; -0.000056; 0.000003; -0.000009; 0.000946; -0.000005; 0.000148 \
#; -0.000015; 0.000319; -0.000002; -0.000008; 0.000000; -0.000001 \
#; -0.001604; -0.001971; -0.002441; 0.001487; 0.001827; 0.002261 \
#; -0.001467; 0.001803; -0.002232; -0.001529; 0.001879; -0.002326 \
#; 0.001467; 0.001803; -0.002232; 0.001529; 0.001879; -0.002326 \
#; -0.001604; 0.001971; 0.002441; 0.001487; -0.001827; -0.002261 \
#; -0.039713; 0.002349; 0.023235; -0.001560; -0.000045; 0.000741 \
#; 0.010133; 0.000853; -0.006244; -0.039223; -0.002763; 0.023498 \
#; -0.000005; -0.000226; -0.000278; -0.023761; 0.017201; 0.033519 \
#; 0.024643; 0.016983; -0.033699; -0.004346; -0.003217; 0.006218 \
#; 0.006470; -0.004258; 0.008598; -0.024172; 0.016752; -0.033172 \
#; 0.023750; 0.017186; 0.033495; 0.000710; 0.000744; 0.001287 \
#; 0.039832; -0.002865; 0.023936; -0.007383; 0.000394; -0.004266 \
#; -0.000363; 0.000116; -0.000041; 0.039742; 0.002347; 0.023247 \
#; -0.013101; 0.001107; -0.004093; -0.002975; 0.000988; -0.000929 \
#; -0.000081; -0.013495; -0.000025; 0.000228; -0.081438; 0.000071 \
#; 0.002196; -0.000497; -0.000686; 0.013254; 0.001399; -0.004141 \
#; -0.000180; -0.080499; 0.000056; -0.000161; -0.018279; 0.000050 \
# ]
#metaData: qpt=[0.000000;0.500000;0.500000;8.627735 \
#; 0.000008; 0.000406; 0.000019; -0.000000; -0.000130; 0.000000 \
#; -0.000118; 0.000000; -0.000293; -0.000459; -0.000007; -0.001142 \
#; -0.000000; -0.000106; 0.000001; 0.000008; -0.000413; -0.000019 \
#; -0.000451; 0.000007; 0.001123; 0.000145; 0.000000; -0.000360 \
#; 0.000415; -0.002881; 0.000720; -0.000743; 0.005156; -0.001288 \
#; -0.000725; -0.005029; -0.001257; -0.000396; -0.002746; -0.000686 \
#; -0.000725; 0.005029; 0.001257; -0.000396; 0.002746; 0.000686 \
#; -0.000415; -0.002881; 0.000720; 0.000743; 0.005156; -0.001288 \
#; 0.036502; -0.001484; -0.027969; -0.009975; 0.000332; 0.007693 \
#; -0.002341; -0.000137; 0.001766; -0.038042; -0.001080; 0.029463 \
#; 0.002639; 0.004154; -0.004890; 0.008030; 0.013658; -0.015562 \
#; 0.008520; -0.012499; -0.015171; -0.004430; 0.006815; 0.008101 \
#; 0.000417; 0.000897; 0.000934; 0.009594; 0.014208; 0.017173 \
#; 0.008106; -0.013776; 0.015702; -0.002396; 0.003741; -0.004419 \
#; -0.033493; 0.000921; -0.025959; 0.018191; -0.000581; 0.014046 \
#; 0.011070; 0.000376; 0.008532; 0.036185; 0.001473; 0.027725 \
#; 0.000090; 0.095885; 0.000289; 0.000020; -0.008354; 0.000066 \
#; -0.002653; -0.000250; -0.008506; -0.005167; -0.001511; -0.016563 \
#; 0.000015; -0.043968; -0.000048; 0.000091; -0.085619; -0.000292 \
#; -0.005786; 0.001493; 0.018549; 0.000504; 0.000339; -0.001616 \
# ]
#metaData: qpt=[0.000000;0.500000;0.500000;8.627735 \
#; 0.000473; -0.000006; 0.001179; 0.000000; 0.000002; 0.000000 \
#; 0.000002; 0.000025; 0.000005; 0.000007; -0.000426; 0.000018 \
#; -0.000028; 0.000002; 0.000070; 0.000473; 0.000007; -0.001177 \
#; 0.000007; 0.000427; -0.000018; -0.000002; 0.000000; 0.000006 \
#; 0.000604; -0.004189; 0.001047; -0.000563; 0.003910; -0.000977 \
#; 0.000587; 0.004072; 0.001018; 0.000617; 0.004279; 0.001069 \
#; 0.000587; -0.004072; -0.001018; 0.000617; -0.004279; -0.001069 \
#; -0.000604; -0.004189; 0.001047; 0.000563; 0.003910; -0.000977 \
#; -0.009600; -0.014221; 0.017187; -0.000244; -0.000641; 0.000625 \
#; 0.002250; -0.003492; -0.004135; -0.008148; 0.013842; 0.015779 \
#; 0.000508; -0.000085; -0.000346; -0.038111; 0.001086; 0.029513 \
#; 0.037178; 0.001479; -0.028509; -0.007048; -0.000353; 0.005356 \
#; -0.009316; 0.000305; -0.007188; 0.036676; -0.001489; 0.028103 \
#; -0.038078; -0.001083; -0.029490; -0.001655; -0.000118; -0.001235 \
#; -0.008335; -0.014021; -0.016049; 0.001403; 0.002681; 0.002917 \
#; -0.000045; -0.000212; 0.000107; -0.009603; 0.014234; -0.017198 \
#; 0.005664; -0.001525; 0.018157; 0.001286; 0.000133; 0.004123 \
#; 0.000042; -0.015735; 0.000135; 0.000082; -0.094954; 0.000264 \
#; 0.000950; 0.000699; -0.003044; 0.005730; 0.001362; -0.018369 \
#; 0.000092; 0.093859; -0.000295; -0.000008; 0.021313; 0.000026 \
# ]
#metaData: qpt=[0.000000;0.500000;0.500000;12.389390 \
#; 0.000000; 0.001948; 0.000000; 0.000000; 0.001479; -0.000000 \
#; -0.000337; 0.000000; 0.001946; 0.000393; 0.000000; -0.002271 \
#; -0.000000; 0.001591; 0.000000; 0.000000; -0.001858; 0.000000 \
#; 0.000413; 0.000000; 0.002382; 0.000313; -0.000000; 0.001808 \
#; 0.001360; 0.007719; 0.014047; -0.000145; -0.000825; -0.001502 \
#; -0.000145; 0.000825; -0.001502; -0.001360; 0.007719; -0.014047 \
#; -0.000145; -0.000825; 0.001502; -0.001360; -0.007719; 0.014047 \
#; -0.001360; 0.007719; 0.014047; 0.000145; -0.000825; -0.001502 \
#; 0.036803; 0.000260; -0.037166; 0.030618; 0.000217; -0.030920 \
#; 0.037409; -0.000265; -0.037778; -0.029875; 0.000211; 0.030170 \
#; 0.001027; -0.002306; 0.001769; -0.001313; 0.002948; -0.002262 \
#; -0.001493; -0.003352; -0.002572; -0.000741; -0.001664; -0.001277 \
#; 0.001302; -0.002924; -0.002244; -0.001040; 0.002335; 0.001792 \
#; -0.001281; -0.002877; 0.002208; -0.001066; -0.002394; 0.001837 \
#; -0.042881; -0.000303; -0.043304; -0.021289; -0.000151; -0.021498 \
#; -0.029496; 0.000209; -0.029787; 0.037709; -0.000267; 0.038081 \
#; 0.000000; -0.044131; -0.000000; -0.000000; -0.052588; 0.000000 \
#; 0.000816; -0.000000; 0.001874; -0.001548; -0.000000; -0.003556 \
#; -0.000000; -0.032012; -0.000000; -0.000000; 0.060731; -0.000000 \
#; -0.001125; -0.000000; 0.002584; -0.001340; 0.000000; 0.003079 \
# ]
#metaData: qpt=[0.000000;0.500000;0.500000;12.389390 \
#; 0.000518; 0.000000; -0.002991; 0.000000; -0.000000; 0.000000 \
#; 0.000000; -0.000144; -0.000000; -0.000000; 0.002442; 0.000000 \
#; -0.000031; 0.000000; -0.000177; 0.000517; 0.000000; 0.002986 \
#; -0.000000; -0.002446; 0.000000; -0.000000; 0.000000; -0.000000 \
#; -0.000996; -0.005649; -0.010280; 0.000938; 0.005325; 0.009690 \
#; -0.000938; 0.005325; -0.009690; -0.000996; 0.005649; -0.010280 \
#; -0.000938; -0.005325; 0.009690; -0.000996; -0.005649; 0.010280 \
#; 0.000996; -0.005649; -0.010280; -0.000938; 0.005325; 0.009690 \
#; -0.001665; 0.003739; -0.002869; -0.000074; 0.000167; -0.000128 \
#; 0.000408; 0.000917; 0.000704; -0.001616; -0.003628; -0.002784 \
#; -0.000693; -0.000005; 0.000700; 0.047870; 0.000339; -0.048342 \
#; -0.047026; 0.000333; 0.047490; 0.008972; -0.000063; -0.009060 \
#; 0.011732; 0.000083; 0.011848; -0.046415; -0.000328; -0.046872 \
#; 0.047827; -0.000338; 0.048299; 0.002134; -0.000015; 0.002155 \
#; -0.001637; 0.003676; 0.002821; 0.000312; -0.000701; -0.000538 \
#; 0.000024; 0.000054; -0.000042; -0.001666; -0.003742; 0.002872 \
#; -0.001706; -0.000000; -0.003920; -0.000387; 0.000000; -0.000890 \
#; -0.000000; -0.011223; -0.000000; 0.000000; -0.067728; -0.000000 \
#; -0.000286; -0.000000; 0.000657; -0.001726; -0.000000; 0.003965 \
#; 0.000000; 0.066947; -0.000000; 0.000000; 0.015202; -0.000000 \
# ]
#metaData: qpt=[0.000000;0.500000;0.500000;12.445917 \
#; 0.000112; -0.000000; 0.003271; -0.000000; -0.000000; -0.000000 \
#; 0.000000; -0.000116; -0.000000; 0.000000; 0.001968; -0.000000 \
#; 0.000007; -0.000000; -0.000193; -0.000112; -0.000000; 0.003265 \
#; 0.000000; 0.001971; -0.000000; -0.000000; -0.000000; -0.000000 \
#; 0.000809; -0.008449; 0.008420; -0.000762; 0.007964; -0.007937 \
#; 0.000762; 0.007964; 0.007937; 0.000809; 0.008449; 0.008420 \
#; -0.000762; 0.007964; 0.007937; -0.000809; 0.008449; 0.008420 \
#; 0.000809; 0.008449; -0.008420; -0.000762; -0.007964; 0.007937 \
#; 0.046513; -0.001069; -0.046245; 0.002076; -0.000048; -0.002064 \
#; -0.011410; -0.000262; 0.011344; 0.045139; 0.001037; -0.044879 \
#; 0.000021; -0.000038; 0.000043; -0.001441; 0.002652; -0.002948 \
#; 0.001415; 0.002605; 0.002896; -0.000270; -0.000497; -0.000553 \
#; 0.000353; -0.000650; -0.000723; -0.001397; 0.002571; 0.002859 \
#; 0.001439; 0.002650; -0.002946; 0.000064; 0.000118; -0.000131 \
#; -0.045734; 0.001051; -0.045471; 0.008725; -0.000201; 0.008675 \
#; 0.000674; 0.000015; 0.000670; -0.046554; -0.001070; -0.046286 \
#; 0.000267; 0.000000; -0.006002; 0.000061; 0.000000; -0.001363 \
#; -0.000000; -0.011902; 0.000000; -0.000000; -0.071822; 0.000000 \
#; -0.000045; 0.000000; -0.001006; -0.000270; 0.000000; -0.006072 \
#; 0.000000; -0.070994; 0.000000; 0.000000; -0.016121; -0.000000 \
# ]
#metaData: qpt=[0.000000;0.500000;0.500000;12.445917 \
#; -0.000000; 0.001966; 0.000000; -0.000000; -0.000144; 0.000000 \
#; 0.000002; 0.000000; 0.000047; 0.000112; 0.000000; 0.003270 \
#; -0.000000; 0.000028; -0.000000; -0.000000; 0.001971; 0.000000 \
#; -0.000112; 0.000000; 0.003262; 0.000008; -0.000000; -0.000240 \
#; -0.000751; 0.007843; -0.007816; 0.000820; -0.008562; 0.008532 \
#; 0.000820; 0.008562; 0.008532; 0.000751; 0.007843; 0.007816 \
#; -0.000820; 0.008562; 0.008532; -0.000751; 0.007843; 0.007816 \
#; -0.000751; -0.007843; 0.007816; 0.000820; 0.008562; -0.008532 \
#; -0.001440; 0.002651; -0.002947; 0.000041; -0.000076; 0.000085 \
#; -0.000250; -0.000460; -0.000511; 0.001419; 0.002612; 0.002904 \
#; 0.002740; -0.000063; -0.002724; 0.046478; -0.001068; -0.046211 \
#; 0.044972; 0.001034; -0.044713; -0.012054; -0.000277; 0.011984 \
#; 0.008071; -0.000185; 0.008024; -0.045854; 0.001054; -0.045590 \
#; -0.046540; -0.001070; -0.046272; 0.001339; 0.000031; 0.001331 \
#; -0.001392; 0.002562; 0.002848; 0.000373; -0.000687; -0.000763 \
#; 0.000085; 0.000156; -0.000174; 0.001438; 0.002648; -0.002944 \
#; -0.000000; -0.071985; -0.000000; -0.000000; -0.010874; -0.000000 \
#; 0.000064; -0.000000; -0.001448; 0.000266; -0.000000; -0.005981 \
#; -0.000000; -0.017134; -0.000000; -0.000000; -0.070757; -0.000000 \
#; -0.000271; -0.000000; -0.006085; -0.000041; -0.000000; -0.000919 \
# ]
