nep4 3 Ba Zr S 
cutoff 8 4 150 20
n_max 4 4
basis_size 8 8
l_max 4 2 0
ANN 30 0
  3.1728150e-06
  2.5638314e-05
  1.8956893e-04
 -6.8534664e-06
 -8.3663815e-07
 -6.9901798e-06
  1.3383526e-06
 -4.5268148e-06
  5.7292300e-06
  4.4872299e-06
  1.8643087e-04
  2.7420045e-05
 -1.3319276e-05
 -5.1000614e-05
 -1.9618763e-05
 -7.7833583e-06
 -2.2103597e-04
 -2.7374888e-06
 -9.4510979e-05
  1.9329967e-05
 -1.0381334e-05
  3.1377751e-06
  3.6951119e-06
 -1.5487041e-05
 -2.6787786e-05
 -4.6231726e-06
 -8.8868350e-05
  3.7016916e-06
  2.3105245e-05
  2.2331531e-04
  5.5554390e-01
 -1.3092787e-05
 -1.8198398e-01
 -1.1518314e-01
 -1.8115258e-01
 -2.0258383e-06
  2.2839839e-07
 -2.2523045e-05
 -3.0293637e-05
 -3.8378868e-01
 -2.6276293e-05
 -1.4503597e-05
 -3.8218045e-06
  6.7211477e-05
  6.3745312e-02
 -4.3779506e-05
  2.8138593e-06
  4.8349625e-06
  1.1595152e-04
  2.1784999e-05
 -1.6061094e-05
 -1.9898609e-05
 -2.9905761e-06
  3.1965712e-05
  1.1191443e-01
 -2.0095851e-05
  2.2162832e-04
 -1.3770627e-05
 -8.0890313e-05
  3.2723294e-06
  7.4015399e-05
 -3.5964316e-05
  1.2495407e-05
 -1.1853595e-04
  3.9521626e-07
 -7.8767489e-06
 -3.4705163e-06
 -5.9758731e-06
 -4.9895891e-05
  6.2949211e-06
  2.2321286e-05
 -1.0847752e-05
  1.1092165e-07
  1.3752094e-06
  2.1577205e-06
  1.3181695e-05
 -1.4930690e-05
  6.8961963e-06
 -2.2735299e-05
  3.4287864e-06
 -4.7401052e-05
 -1.5729256e-05
  7.8436631e-07
  9.9858407e-06
 -7.6615524e-06
  2.3554501e-06
 -1.6681694e-06
 -8.5661513e-06
  2.4536277e-07
 -1.8915101e-05
  1.3927876e+00
  1.1736767e+00
 -1.4232560e+00
 -5.8005294e-03
 -2.6196313e-01
  2.9135460e-04
  3.8676932e-05
 -1.5259215e-04
 -2.4762017e-01
 -6.8895203e-01
 -3.1253581e-05
  7.0787893e-05
 -6.0989631e-05
  4.0524003e-05
  2.5152239e-01
 -3.2717995e-05
  4.4444681e-05
 -1.3058560e-05
  7.5729176e-02
  8.0071121e-02
  1.4973286e-04
  1.0579075e-06
 -4.3600499e-05
  5.1085558e-02
  3.7049288e-01
  1.0724932e-05
  1.5075058e-05
  4.8007245e-05
 -3.1900607e-05
 -8.9784398e-06
 -1.7352420e-05
 -4.8897276e-05
  5.1880046e-04
  2.6526797e-05
  2.3447051e-04
 -2.5695077e-05
 -2.5655821e-05
  6.0300310e-05
  1.3444309e-04
  2.7718578e-04
 -1.3705626e-05
 -6.0884346e-04
 -8.7911358e-06
 -4.4593693e-05
  4.6899897e-04
  3.9412203e-05
 -1.6152287e-04
 -4.5157581e-06
 -3.6671829e-06
 -5.2196367e-05
 -8.7804528e-06
  7.6462966e-06
 -8.3924733e-06
  6.2790087e-07
 -3.1326986e-06
  1.1343015e-05
  1.8376451e-05
 -4.3756689e-05
  2.2102118e-05
  3.8422135e-05
 -5.7833669e-05
 -3.1360087e-04
  2.8366712e-04
  1.4976872e-04
  6.9104286e-04
 -3.3697801e-05
  1.2347252e-05
 -1.4389129e-04
  2.2245869e-04
  4.4289332e-06
 -2.6659905e-05
 -3.7527307e-06
 -6.0118277e-06
  2.8021750e-06
 -2.0573104e-06
  4.6576761e-06
 -8.5445790e-06
 -5.1976867e-06
 -5.6983949e-06
 -1.4601430e-05
 -3.5134266e-04
 -1.6419626e-05
  4.3298419e-06
 -3.4417524e-05
 -1.8913375e-04
 -1.7496874e-04
  2.7570357e-05
  1.5333940e-06
  1.0929796e-07
  3.5968460e-06
 -7.9785538e-01
 -5.9729316e-03
  5.0439179e-01
  7.5649127e-04
  1.9652780e-05
 -1.3834154e-03
  1.8750867e-05
  4.9466348e-06
  1.8679277e-03
  9.0111066e-03
 -9.7549155e-06
 -3.3327120e-05
  3.7854570e-05
  6.3044747e-05
 -1.3680095e-04
  2.3315173e-05
 -5.2306568e-06
  2.1146090e-05
 -2.0490428e-04
 -4.8595166e-06
  1.9334684e-05
  2.7247579e-06
  3.3264897e-07
 -5.8553151e-06
 -4.3485375e-05
 -1.1047011e-06
 -1.0864351e-05
 -2.9019579e-05
  1.0301274e-05
 -8.9558534e-06
 -1.4149404e-01
 -1.7965787e-04
  3.1171477e-01
  4.2941624e-06
  2.2076534e-05
 -1.3629842e-05
 -8.7532608e-06
  2.1693550e-06
 -7.2556628e-05
  2.4024810e-05
  1.7806733e-05
  8.1810304e-06
  9.2462069e-05
  9.7881639e-06
  6.2887899e-05
 -6.4078176e-06
  7.8623433e-04
  6.7961778e-06
 -4.1864609e-05
  7.7439736e-06
 -1.7156913e-04
 -1.0832812e-04
 -8.4323992e-06
  1.5362002e-05
 -9.7998582e-06
 -1.2410983e-05
  1.6572260e-06
  1.0163748e-05
  4.4208817e-05
  4.0534487e-06
  2.0172931e-03
  2.0238680e-05
 -1.8550749e-01
 -7.1347584e-03
 -5.4646844e-06
 -2.0110094e-06
 -2.3915359e-06
  7.9532711e-06
  2.0478283e-05
 -4.3475511e-06
  3.8026712e-05
 -3.3120272e-05
 -2.8487066e-05
  1.0905492e-05
 -6.8658551e-07
  1.2719186e-05
  3.4463917e-06
 -6.5638746e-06
  1.0032472e-04
  2.0625885e-05
  9.0579837e-05
 -1.2105916e-04
 -7.8288298e-07
 -7.4978993e-06
  6.0867605e-04
  1.0107085e-05
 -2.7155369e-05
 -3.3458029e-05
 -1.9160129e-06
 -2.4057917e-05
 -8.5098567e-05
  6.1226470e-05
 -2.7991372e-01
 -3.0122433e-02
 -9.5674553e-04
 -8.7555518e-06
 -1.5927894e-06
  6.8213881e-06
  5.2408959e-06
 -1.9623815e-06
  7.1700543e-07
  5.7701991e-06
 -2.5642953e-06
  9.9736208e-06
  1.2728651e-05
 -3.4929322e-05
 -2.4149220e-05
  6.1220425e-07
  4.3444441e-05
  5.4270780e-04
  7.0760580e-05
  4.6870550e-06
 -8.9970508e-06
  5.4806849e-04
  3.6404878e-02
  7.0126705e-05
  3.2127238e-07
 -5.4952748e-06
 -5.5757246e-06
 -2.3069637e-05
 -6.0191530e-01
 -7.8901846e-04
  4.4197288e-01
  4.1187152e-01
  5.0422418e-01
 -2.2973786e-01
 -8.1332146e-05
 -6.6526837e-07
  1.4198396e-01
 -1.8200567e+00
 -3.4520242e-06
  7.5225867e-06
 -9.9903082e-06
  2.6419415e-04
 -3.6958645e-03
  8.6104519e-05
 -1.3174620e-05
  1.1169017e-06
 -1.0157376e-05
 -4.0425632e-02
 -8.0542378e-03
  2.3189559e-06
  2.7885080e-06
 -7.3295124e-03
 -3.2805359e-01
  1.5057163e-06
  2.5071551e-05
 -8.9890739e-07
  1.7259381e-05
  1.2000634e-05
  6.1639230e-06
 -1.4005383e-06
 -1.4689262e-05
  5.4557284e-05
 -8.4549411e-06
  3.3195315e-06
  1.4268584e-05
 -7.9906395e-06
  3.5869569e-04
  8.7902899e-06
 -7.2444534e-05
 -1.6100979e-05
 -3.7291584e-06
  2.2415839e-05
 -1.1279787e-05
 -1.7615466e-05
 -2.5556898e-05
 -1.1444309e-05
 -2.1271488e-05
 -5.4419917e-05
  9.6552822e-06
  6.0497064e-07
 -1.8241706e-05
 -6.8954047e-05
  6.9296320e-06
  4.0058385e-05
 -5.2534706e-06
  1.8569610e-05
  6.0249555e-08
 -8.3812474e-06
  2.6230293e-05
 -1.0101887e-04
  1.5131834e-01
  2.0985883e-02
 -7.1971488e-05
 -1.0451188e-01
 -4.2403249e-06
 -2.9075984e-06
  6.1824330e-04
  1.8831300e-06
  7.0644477e-05
  3.0518086e-06
 -4.0962997e-05
 -2.0406814e-04
  5.1553939e-06
  4.7024665e-04
 -5.3475742e-07
 -1.1815807e-04
 -4.4481025e-05
 -2.5829501e-04
 -9.7808748e-05
 -1.2009954e-05
  1.2946104e-04
 -1.0894167e-05
 -1.5589423e-04
  9.2107002e-06
  3.3030083e-05
  2.2966942e-06
 -8.8475848e-05
 -4.2985057e-06
 -1.1421492e-05
 -2.7923954e-06
  7.9296624e-05
 -6.4583116e-07
  6.2566946e-06
 -9.2189941e-07
  6.0206426e-06
  3.3830416e-05
 -2.0250632e-06
 -2.2832679e-05
  6.9819447e-07
 -2.4396943e-06
 -9.1154048e-05
  2.3663906e-06
 -1.0342188e-04
  1.1834694e-05
  1.0048437e-04
 -4.7941148e-06
  7.4425734e-05
  1.9798563e-05
 -9.0589383e-05
 -8.0988857e-06
 -4.9673845e-06
 -1.9073366e-05
 -6.8176196e-06
  1.4472703e-05
  9.2399066e-05
 -3.1520456e-06
 -3.5013258e-05
 -1.2274063e-07
  7.4587506e-01
  1.0261731e-01
 -9.7225660e-01
 -9.8507971e-01
 -1.2733825e+00
  5.3730817e-03
  4.5618963e-06
 -1.4685191e-06
 -9.1891205e-01
 -9.9307364e-01
 -2.1331807e-05
  2.7515850e-06
 -2.9321141e-06
 -2.3639275e-06
  1.4577025e-01
 -3.1042406e-01
 -1.4194749e-05
 -5.4314495e-07
  1.3596213e-02
  8.8010415e-02
  1.3329022e-01
  1.1486654e-06
  2.3592511e-06
  9.5159248e-02
  4.5760515e-01
 -1.0284371e-05
  2.3921345e-06
  4.5014713e-06
 -5.7419791e-05
 -1.4299538e-05
  1.0751334e-04
  2.1409727e-05
 -3.1891130e-05
 -6.4008076e-05
  3.7317699e-05
 -3.1170534e-06
  2.5976653e-06
 -2.8018077e-04
 -9.3475273e-07
 -4.3383861e-06
  3.6131311e-04
 -9.1093680e-06
 -1.2155851e-04
  1.7355052e-06
 -5.4645418e-05
 -9.6683152e-07
 -1.1984515e-05
 -1.9568914e-07
 -3.1512429e-06
 -3.7219542e-07
 -1.4797999e-05
  1.9351986e-05
 -8.4111352e-06
  2.8939085e-06
 -2.0701391e-05
  8.9684865e-05
 -1.1429066e-05
 -1.6969658e-05
  8.7542256e-05
  4.6631039e-06
 -2.7282495e-05
 -1.6691565e-04
  5.2213316e-05
  3.4818909e-04
  1.6681994e-05
 -1.6470223e-05
  1.8288629e-05
 -2.1977237e-05
  2.8688064e-05
  4.3008058e-06
  2.5216161e-04
  5.3197214e-06
 -8.8375900e-06
  1.7868864e-05
 -4.5514180e-06
  1.7289332e-05
 -2.5870047e-05
 -3.9642753e-05
 -3.2982152e-06
  4.0036393e-06
 -1.1114336e-05
 -1.5228066e-04
  2.0195554e-04
 -1.3715952e-05
 -2.8073246e-05
 -2.5453370e-05
 -6.4846290e-06
  2.0221261e-04
 -3.7844895e-06
  1.6929671e-05
  7.4269810e-05
  6.6083427e-05
  3.6743528e-05
  1.3934791e-05
 -9.6806925e-06
 -2.5179166e-05
 -1.3380575e-06
  9.4662018e-06
 -1.5577927e-05
  2.7778296e-06
 -1.1922308e-05
 -2.3157891e-07
 -7.8695175e-06
 -2.3629909e-05
  1.8463726e-04
 -6.3038010e-06
  3.6627617e-07
  6.9389782e-05
  9.3318871e-05
 -9.2795650e-05
  4.4812192e-04
 -5.9102764e-05
  1.2850246e-04
 -1.3265651e-05
  5.0963054e-06
 -2.7370126e-05
  7.1766967e-06
  7.2605988e-05
  1.5201507e-05
  3.6997397e-05
  1.3039331e+00
 -3.0786712e+00
  1.4189131e+00
  6.5168369e-01
 -4.0195680e+00
  1.8079275e-01
  1.4059773e-05
 -2.4826329e-06
 -9.1364145e-02
  1.8245471e-01
 -1.5723491e-02
  1.9035890e-05
 -7.3932074e-07
 -1.4595674e-01
 -2.3341154e-06
 -6.7627692e-01
  3.2796925e-05
  1.1810042e-05
  9.7905526e-05
 -4.0660866e-02
  8.0836231e-05
  1.5141424e-06
  7.2590342e-06
  1.8503421e-06
  1.5112902e-01
 -9.7983930e-06
 -2.2858023e-06
  7.7791236e-07
  3.6268673e-07
  4.2857105e-06
 -1.7308048e+00
 -7.8312516e-01
  4.1064814e-01
  8.8970333e-01
  6.7740709e-01
 -1.0517052e-01
  4.4458317e-05
  2.3102028e-05
  4.2025474e-01
  1.1466216e-01
  1.8068317e-04
 -1.3703601e-05
  1.5647329e-05
  1.7822354e-05
 -7.7001825e-02
  5.4238403e-01
  7.7948600e-05
 -1.3268475e-05
 -4.9885815e-01
 -5.8532989e-01
 -3.5103145e-01
 -1.2718395e-07
  1.2997519e-05
 -3.4910566e-01
 -1.0383502e+00
 -3.1422147e-05
  7.1668535e-07
  7.4776913e-06
  1.1960151e-04
  8.6594872e-02
  4.4771309e-06
 -1.8490208e-06
 -5.6224912e-06
 -1.9371555e-06
  1.8942516e-04
 -2.2329114e-05
  1.8656209e-06
 -4.2739107e-06
 -1.8708386e-04
 -4.3420529e-05
 -6.6730345e-06
  5.0628863e-05
 -1.9311094e-05
 -1.7544744e-05
 -4.6994396e-06
  4.8425100e-06
  3.5677844e-05
 -5.6601179e-06
 -5.0837111e-06
 -2.3885134e-06
 -7.2167813e-06
 -1.7176775e-06
 -3.5998161e-07
  1.7800596e-05
 -1.7760280e-05
  2.1255282e-05
 -2.6348007e-05
 -1.4430285e-05
  4.7543299e-06
  7.2796820e-06
 -7.8639587e-06
  1.6287320e-05
  3.0724448e-05
 -2.6387255e-05
 -1.5180194e-05
 -8.1318876e-06
  2.7014998e-05
 -2.4611702e-05
  7.2994749e-06
  2.8669663e-06
  5.7071115e-06
 -9.4253674e-06
 -1.9102494e-05
  7.2091166e-06
  6.3091866e-05
  1.2017379e-05
  8.3093815e-05
  1.4075594e-05
 -8.6322390e-05
  1.4966963e-06
  2.1629078e-06
 -1.3643317e-05
  4.7555013e-06
  7.4198608e-05
 -9.8161336e-06
 -1.0324423e-05
 -8.4434805e-07
  2.6230068e-06
  1.7862940e-05
 -3.2916453e-06
  8.9290173e-05
 -1.0524754e-05
 -2.0049114e-05
 -9.5896730e-06
  1.2674520e-05
 -1.2445398e-06
 -6.3877974e-06
  6.2933155e-05
  1.5276964e-04
  7.4433143e-07
  6.3302159e-06
 -1.7664580e-06
  4.0877258e-06
  1.2238803e-05
  3.5363298e-06
 -2.5429651e-06
 -2.0049854e-05
  5.1345428e-06
 -4.0021786e-07
  1.8529355e-06
 -4.3423256e-06
 -3.4350858e-05
  7.8068579e-06
  2.8953773e-05
 -4.0043808e-05
  8.6744349e-06
 -4.6860820e-04
 -2.9317159e-06
  3.0293693e-05
  1.4604163e-06
  2.4164185e-05
 -4.3276021e-05
  2.0617443e-04
  7.8963749e-05
  6.0500664e-05
 -2.2377492e-06
 -4.4521385e-06
  1.1784412e-05
  6.9434151e-05
  4.6914920e-06
  1.7380817e-05
  1.1325580e-04
  1.4501815e-06
 -6.2787190e-06
  8.7094963e-07
 -1.4170774e-05
  3.5994979e-06
 -1.3195959e-05
  1.3555439e-05
  6.8926620e-06
 -2.6701289e-06
  6.0218983e-05
  1.3073027e-05
 -1.3454554e-04
  1.5948703e-05
  1.8811435e-05
  6.0548091e-06
  8.5066175e-05
  5.3026379e-06
  1.4673617e-04
  9.3823695e-07
  9.2255789e-07
 -6.4049373e-06
 -9.8258548e-05
  8.4757139e-06
  3.5984838e-05
 -1.4798027e-04
  7.5277803e-06
  8.5583270e-06
  1.8767636e-05
  4.1959897e-08
  2.2557642e-06
 -2.8188178e-06
  3.1502618e-06
  1.4999353e-05
 -1.8050050e-05
 -3.0035289e-06
 -2.9380385e-06
 -1.0136961e-05
  2.4691047e-07
  3.4244425e-05
 -1.3823908e-06
 -3.6327533e-06
  9.3088223e-05
  1.6022108e-06
 -8.1356375e-06
 -5.7618836e-06
 -6.9609191e-06
 -3.7936234e-06
  4.3341443e-05
 -2.5066943e-06
  2.1420253e-06
  8.3524046e-06
 -7.6207754e-05
 -5.8724323e-05
 -1.3333666e-05
 -8.2713782e-08
 -4.4830664e-08
 -8.4695275e-05
  5.4197089e-06
  9.9028978e-07
  2.7478407e-05
  1.6052783e-06
 -1.0801639e-04
 -8.6604416e-07
  3.6099951e-05
  2.8758848e-04
  1.6446944e-05
 -4.7488397e-06
  3.9130909e-06
 -4.6946901e-05
  3.3431097e-06
  9.2103573e-06
 -1.4893941e-06
  6.2667405e-06
 -5.3335643e-05
 -3.5567493e-07
 -7.8185723e-05
 -2.6353797e-05
  1.7044998e-05
 -2.1581444e-01
 -1.8270939e-05
 -2.8532106e-01
 -9.0807879e-01
 -2.5055817e-01
 -1.4591042e-02
  4.3764753e-06
  9.5550986e-06
 -9.4948687e-02
  1.8691069e+00
 -1.8373663e-04
  2.5115543e-05
  3.1357973e-05
  5.8177004e-05
  3.9612312e-02
 -9.1293077e-06
  1.7499868e-05
  1.2545112e-05
  7.8017134e-03
  1.1849804e-02
  4.3349328e-07
 -7.1254879e-05
 -4.4035474e-05
  3.6848569e-04
  1.8722692e-01
 -8.1264234e-06
  5.2082801e-06
 -1.8997041e-06
 -7.8898574e-06
 -1.2544176e-05
  4.1101312e-06
 -1.2464549e-04
 -1.5598931e-04
  8.0850441e-05
  1.1809593e-04
 -2.6134958e-05
 -2.8079177e-05
  2.5419205e-05
  3.0589967e-05
  3.5583125e-06
 -1.3998581e-05
 -4.3136439e-05
  2.3849594e-05
 -3.5924339e-05
  9.4965508e-06
 -9.6423631e-05
 -1.1907151e-06
  2.4026529e-04
  7.7368890e-07
  3.0896146e-05
 -5.0789486e-06
  5.2220480e-06
  2.2598719e-05
  8.5464671e-06
  2.9073153e-06
  1.5984304e-04
 -3.7648592e-06
 -3.0182580e-06
  1.8018845e-04
 -2.1006497e-06
 -7.4911245e-06
  3.5687870e-05
 -1.4496544e-05
 -3.0586601e-04
  1.7855726e-05
  1.3161124e-05
 -4.1891363e-07
  6.6343200e-06
 -2.4272702e-05
 -6.9460862e-06
  2.3339955e-04
  3.4654377e-06
  2.6750957e-08
  3.4575183e-05
  4.0643281e-05
  7.8546822e-05
  1.6023412e-05
  5.8647165e-05
 -3.2629523e-05
 -9.1070069e-06
 -5.8799801e-06
  5.5423029e-06
  6.4390510e-06
 -1.1987140e-05
  8.1580052e-05
 -3.1919280e-05
  1.5680782e-05
 -1.7842467e-05
  7.7934883e-06
  1.1253951e-04
  1.3035166e-04
  2.1782660e-05
 -9.9431895e-02
 -7.0135482e-04
 -2.2192903e-04
  1.4636606e-05
  6.1841733e-06
  2.0247266e-05
 -3.0329880e-05
 -5.6340120e-04
  9.0740163e-05
  1.6829730e-05
 -9.1366946e-06
 -5.9807508e-07
  6.8475936e-07
 -1.2161943e-06
 -6.0444577e-06
 -1.2240414e-05
  1.2372079e-05
  2.8114751e-04
  1.0220779e-03
  2.1013027e-06
 -1.4638886e-06
  1.2541766e-04
  9.5842242e-06
 -2.1347918e-05
 -1.3135406e-05
  3.4280820e-05
 -1.3915132e-05
  2.2149207e-04
 -8.1339185e-06
 -8.3151311e-02
  6.1923497e-06
 -2.2578863e-02
 -5.1524156e-01
 -4.0088955e-01
 -4.0233571e-02
 -1.9218785e-01
 -7.4056798e-01
  1.1413836e+00
  2.1129459e-01
 -3.2238269e-01
 -3.0859140e-01
 -3.6707530e-07
 -2.9947475e-01
  1.7396460e-05
 -2.8374040e-01
 -2.6894148e-05
  6.6970354e-01
  2.9033151e-01
 -1.5115304e-04
  1.3895448e-05
  6.8530884e-05
 -1.0449311e-05
  9.9182591e-07
 -2.7929455e-06
  6.6271877e-01
 -5.1177904e-04
  1.2701710e-06
  3.1414139e-01
  9.6427107e-07
  7.1358567e-01
 -1.0838073e-05
  1.8203741e+00
 -5.3746492e-01
 -7.7401286e-01
 -6.9117421e-01
 -4.0977231e-01
  9.3743689e-02
  2.5626805e+00
 -1.2718421e+00
 -2.3676123e-05
 -7.1139097e-01
 -2.0660636e-05
  2.2782114e+00
 -3.3317341e-05
 -5.1599842e-01
  1.5812859e-05
  3.2385828e+00
 -2.5035729e+00
 -8.3457047e-07
  9.5630376e-06
  5.8854012e-06
 -1.3995942e-01
  1.2282836e-05
 -3.0401561e-05
  1.4535850e+00
 -1.3325487e-01
 -4.0189739e-06
  6.0389870e-01
 -1.1736361e-01
  6.2876250e-05
 -4.1990560e-01
 -1.9689149e-05
  5.5431747e-06
 -1.4851918e-05
  4.2528245e-06
  9.2145863e-05
 -1.1739304e-04
  4.5641915e-05
  2.0926311e-05
  7.1720331e-04
  6.7732035e-06
 -4.8940812e-05
  9.0904769e-06
 -5.9535068e-07
 -1.8686354e-06
  6.4478807e-02
  3.5991557e-02
  1.4634219e-06
  4.3132215e-05
  3.4103466e-06
  1.0814238e-04
 -7.3951087e-05
  4.1442323e-05
  1.3703316e-05
  5.7849298e-05
  4.9016118e-05
  2.0179691e-09
  4.8560464e-06
 -7.8615540e-01
  2.3573158e+00
  1.8685468e+00
 -5.4471426e+00
  1.9182676e+00
  1.3200623e+00
 -1.2692283e-01
 -3.9892739e-01
  1.3315379e-04
 -1.9582058e-01
  1.0136825e-04
 -6.5714079e-01
  1.1722328e-01
  4.8208264e-01
 -6.7100905e-06
 -6.2548749e-02
 -7.7266999e-02
 -9.5523971e-01
  8.2688814e-01
 -8.0104033e-03
  7.0789945e-05
  1.3748212e-01
  4.1812548e-04
  1.8349294e-02
  1.9624893e-05
 -1.8639756e-04
 -2.1702037e-04
 -1.1736614e-01
  3.2938990e-01
  2.3179293e-06
 -6.1719955e-05
 -1.5830243e-05
  2.9775758e-05
  1.0106740e-05
 -1.4016858e-05
 -2.7544440e-05
  1.5244503e-06
  1.6339382e-05
  6.0914866e-05
  5.8380788e-06
  9.7571251e-07
 -3.2624375e-05
  1.0450301e-05
  1.4813094e-04
 -8.7997723e-06
  3.3157296e-05
  5.3402559e-06
 -3.3756562e-05
 -3.1977350e-05
 -9.5173464e-06
 -8.0814807e-06
 -5.4018590e-05
  8.0566588e-06
  2.1281254e-05
 -6.7504523e-05
  8.1268190e-06
  2.5491197e-06
  1.3825718e-06
  5.8573767e-07
 -1.0650216e-05
 -5.3525004e-05
  1.0917211e-07
 -3.6087728e-01
 -5.5270721e-06
  7.7026125e-06
  4.0601692e-05
  6.4978440e-06
 -1.6498005e-04
 -5.0463759e-06
 -1.6479540e-05
 -5.1275006e-06
  1.5370737e-04
  2.4967690e-06
 -3.0786550e-06
  1.3760126e-05
  1.2028408e-05
 -8.1856051e-06
  5.4535428e-07
 -2.1445353e-06
  6.0090683e-06
 -2.8955296e-06
 -7.4515941e-07
  2.3620249e-05
 -2.1462577e-06
  2.5172381e-05
  2.8013079e-05
  5.3788267e-07
 -8.2257051e-05
 -1.5427077e-05
  5.5613432e-06
  7.4341875e-01
 -1.3088335e+00
  9.6268934e-01
 -2.1216478e-02
 -4.6518456e-02
  5.6010857e-02
 -1.8334122e-01
 -1.1067490e-01
  1.4722945e-05
 -5.6472858e-03
 -1.2399192e-04
 -1.1242676e-01
 -4.6512705e-01
  3.5570578e-05
  1.7495710e-06
 -6.5349057e-02
 -3.1943529e-04
 -1.4156786e-01
  5.5387491e-01
 -1.7229120e-04
 -8.3901696e-06
  5.0500538e-02
 -9.3077111e-01
  2.2037015e-03
 -4.1130843e-05
  2.7114693e-06
 -9.4243660e-06
 -2.4238521e-04
  7.2086223e-06
 -4.4121234e-07
 -2.4300537e-01
  1.1302961e+00
 -6.6456819e-01
 -5.2934606e-02
 -1.1976109e+00
 -3.5142254e-02
  2.3361611e-01
 -6.8354845e-02
 -5.6421034e-02
  2.2526656e-01
  5.1183593e-01
  4.7315475e-01
  7.7993715e-01
 -3.9357468e-01
  4.6378893e-01
  3.7694484e-01
  6.9644368e-01
  2.1310882e-01
  1.8771356e-01
  1.4020911e-01
  2.6624519e-04
  1.1162894e-03
  2.1601517e+00
  4.9417122e-05
 -1.3024423e-05
 -1.8582889e-05
  2.8285134e-04
  4.2773111e-04
 -2.1788492e-05
 -2.5146069e-06
  5.6872964e-01
  9.7851628e-01
  3.4658572e-01
  1.8345841e-05
 -4.4185802e-02
  1.8553618e-02
  1.2493661e-05
 -3.4825619e-02
 -3.1976590e-05
 -6.2829508e-07
 -2.6604876e-06
 -8.2664452e-03
  4.7131084e-06
  1.5068624e-06
  2.4100993e-06
 -9.1850197e-06
  6.8792301e-06
 -3.3358319e-05
 -1.4460608e-03
 -6.1445567e-04
 -6.1274213e-06
  2.9114475e-05
 -8.1403196e-05
  2.7276998e-04
 -7.1851666e-08
 -6.5666776e-05
 -1.1530094e-05
  1.0743444e-05
  5.2459414e-05
  1.2389892e-05
  1.0358367e+00
  1.1055627e+00
  1.7136222e+00
  4.8931572e-05
 -1.1937579e-03
  2.2196229e-01
  8.8297620e-06
  3.2819343e-01
  5.1582752e-05
 -1.2185481e-05
 -6.8503132e-06
 -2.0041381e-04
  1.5200956e-06
 -4.3751469e-01
  2.1795906e-05
  6.3397522e-07
  2.0404995e-04
  9.0628973e-06
  9.6329255e-05
 -2.2495748e-05
 -1.1579932e-05
  1.7231612e-01
 -5.1694751e-05
  2.3838377e-02
  3.0873132e-05
 -4.2259449e-05
  2.2022002e-06
  2.2121596e-06
 -8.5715419e-06
 -1.6373637e-06
  9.9182391e-05
 -5.1028885e-05
 -1.4450884e-04
 -1.3955978e-06
  4.7650934e-05
 -2.0199663e-04
 -3.1374013e-06
  1.5957300e-04
 -4.2991282e-06
  2.5133651e-05
 -6.2540894e-05
 -1.1168207e-05
 -1.3455664e-05
  1.7380771e-05
  9.9519595e-05
  7.1168083e-06
  5.0976264e-06
  3.6880306e-06
 -1.1619154e-06
  4.6377244e-07
 -1.3590420e-06
 -2.2259890e-05
  1.4367948e-05
 -8.6306072e-06
 -2.8682458e-05
  1.4194749e-05
  2.4948112e-04
  1.3986511e-05
 -2.0372396e-05
  7.6282851e-07
 -2.0621276e-06
 -2.2049768e-05
  1.5839887e-05
 -1.0001126e-05
  2.0316154e-05
 -3.0669021e-06
 -2.7168935e-06
 -6.7164788e-06
  1.6560858e-06
 -6.5750774e-06
 -1.8547636e-06
  1.4229927e-05
  1.8540965e-04
  1.1020888e-05
 -7.1845725e-06
  6.5403292e-05
 -7.8832440e-05
 -7.9688552e-06
  7.2852265e-05
  9.5933774e-07
  3.6849073e-05
 -1.8181809e-05
  2.8801256e-05
  1.2368989e-06
 -3.3920904e-05
  6.7057488e-05
 -1.2100448e-04
 -1.2316099e-04
  2.7354767e-05
  2.3152218e-06
 -7.3066741e-01
  3.5687943e+00
 -2.9436573e-01
  4.6229083e-02
 -2.1223064e-01
 -2.4184344e-02
  4.7995552e-01
  1.4359277e+00
 -1.2577206e-01
  2.3491535e-02
  2.6240092e-02
  3.0285588e-05
  2.2531664e-01
 -6.0256130e-01
  5.3247612e-05
  1.1781365e-01
 -1.4359091e-05
  5.7893455e-01
  2.9523725e-02
  1.3320984e-05
  1.3032801e-05
 -7.0976500e-07
  1.2876332e+00
 -3.6562717e-01
  3.5701516e-05
 -2.5292438e-05
 -1.6739548e-05
  1.5668595e-02
  4.7401561e-05
 -3.8911453e-06
 -1.0750248e-05
  7.7710916e-05
 -3.1403852e-06
  4.9543837e-06
 -3.5536289e-04
 -3.1620668e-06
  1.4893509e-05
  1.2557529e-05
 -7.0227793e-06
 -1.9658812e-05
  5.8521587e-06
 -2.9215716e-06
 -1.1300214e-05
  2.7012973e-05
 -5.9480258e-06
  8.3094246e-06
 -9.0106323e-06
  8.1073995e-05
  7.0043461e-05
 -3.3427183e-05
 -2.5224636e-04
 -4.9656152e-05
 -1.6336629e-05
 -3.4248164e-06
  5.7582729e-06
  9.2854361e-06
  3.6947647e-06
  6.3444211e-05
  9.6797407e-08
 -4.2748063e-05
  8.4221214e-01
 -9.2202237e-05
  3.6324835e-01
 -2.0528056e-05
 -1.0762932e+00
  3.1592425e-02
  3.9832954e-05
  4.1062742e-02
  1.5898579e-05
  1.5076714e-04
 -9.8676435e-05
 -7.6026990e-06
 -2.4828254e-05
 -4.3991055e-05
 -5.6997942e-05
 -1.3964620e-04
  3.0943876e-05
 -4.4497665e-02
  2.2224485e-05
 -4.3969198e-06
 -2.2541104e-04
  1.6854668e-01
 -2.1775677e-05
  7.9014228e-04
 -6.5282993e-06
 -1.2614750e-05
 -5.1680996e-05
  1.2550237e-05
  6.5346935e-06
 -5.8053374e-06
  1.6098495e-05
 -5.6555609e-07
  2.8615157e-04
  5.0195067e-06
 -6.5883232e-06
 -2.3048149e-06
 -3.6853249e-05
 -1.5650593e-06
  1.0649293e-06
 -1.0946051e-04
 -6.9173138e-06
  6.2525192e-05
  1.9106246e-06
  9.5839987e-06
 -1.0778427e-06
 -6.5315588e-05
 -1.8533383e-05
 -1.9509495e-04
  1.1834103e-05
 -3.8314263e-09
 -4.7320947e-05
  1.7956330e-05
 -6.5654694e-06
 -2.9487603e-06
 -2.4079114e-04
  8.0202619e-05
 -1.0411574e-05
  1.7846423e-05
 -2.4751162e-05
 -9.9672237e-05
  1.3686701e+00
 -1.9638407e-01
 -5.4704195e-01
 -1.8836114e+00
 -7.0760471e-01
  3.4998894e-01
 -5.7106674e-01
 -1.6325390e-01
  3.3185162e-04
 -1.6996071e-01
 -9.9722125e-02
 -5.5031711e-01
 -4.4385421e-01
 -5.0579107e-05
 -1.0440695e-04
 -1.7655785e-01
 -9.7102076e-02
 -9.3582499e-01
 -2.9293838e-01
 -4.8659455e-02
 -4.6051995e-04
  8.2843401e-02
 -1.6173025e+00
  4.9334932e-03
  6.4494629e-06
 -2.1905257e-06
 -4.2231927e-06
 -5.1746698e-04
  4.3109362e-03
  3.0784278e-05
  5.9487575e-01
 -1.3528239e-03
  6.8771578e-02
 -1.4279454e-05
  2.5709958e-05
  2.4433530e-05
 -1.4891024e-04
 -2.3834527e-04
  1.1360523e-05
  1.3859997e-06
  1.3939387e-05
 -3.9932271e-04
  1.2211703e-05
 -4.3535274e-05
 -6.0550565e-07
 -2.5509237e-04
 -2.5027327e-04
 -7.2449133e-02
 -8.4211424e-02
 -3.2008018e-05
 -4.1413291e-06
 -6.8084431e-05
 -2.6114962e-01
  7.4889936e-02
  3.3733975e-06
  1.8016769e-07
  5.1832922e-05
  4.8260749e-06
  6.1126695e-05
  3.7277184e-06
  7.4169272e-01
  3.8732800e-05
  9.1217524e-01
 -2.3425696e-04
 -7.5073403e-01
  3.6482586e-05
 -8.2373872e-06
  8.2598396e-02
  8.0907867e-06
 -3.7148135e-04
  2.8301813e-06
 -5.7296795e-03
 -3.4686689e-06
 -4.9814710e-04
  6.4651317e-06
 -8.7710313e-04
  2.4389591e-04
  9.5115347e-06
 -1.0928004e-04
 -1.0716320e-04
 -1.2721205e-06
  5.1267821e-02
 -1.0483010e-04
  8.6662345e-05
 -5.8182959e-06
 -4.7547451e-06
  1.6084372e-05
 -3.2308252e-04
  4.9427754e-06
  4.6417590e-06
 -1.2394065e-05
 -4.9151899e-06
 -7.6331642e-05
  2.5218062e-05
  5.6864587e-06
 -2.0585771e-06
  1.0896898e-05
  9.3069166e-06
 -1.4807236e-05
 -6.0384059e-06
  7.2054412e-08
  3.0576859e-05
 -4.9499167e-06
  4.7496807e-05
  1.6609307e-05
 -1.3056610e-05
 -2.7402537e-04
 -1.4315508e-06
 -2.4774290e-06
  7.4907810e-05
  8.7034046e-08
 -2.3888003e-06
 -4.7304678e-07
  3.9506845e-05
 -4.5919410e-06
 -2.9326661e-06
  2.3973055e-07
  1.3062264e-05
  9.3026436e-05
  1.1951422e-04
 -1.5907873e-04
  8.4495705e-06
 -7.3132634e-07
  1.9991568e-05
  9.1699530e-07
  3.5210655e-06
 -1.0474434e-06
  4.2250017e-06
  1.9557719e-06
 -4.5321587e-05
  4.1311312e-05
 -1.9738982e-06
  9.9567123e-06
 -1.8290569e-07
  3.1755826e-05
  1.2841743e-05
 -1.8591078e-05
  7.1122769e-05
 -5.0839121e-06
 -1.2476809e-06
 -3.8875096e-06
  1.8940415e-04
 -1.5747832e-04
  7.3056675e-05
 -3.8418839e-05
  2.7697906e-06
 -2.5015615e-05
 -6.8262470e-06
 -1.3447020e-06
  7.1927875e-06
  1.4770657e-05
  3.8136869e-07
  4.5729356e-04
 -1.9503584e-04
 -2.9143138e-07
 -4.5710034e-03
 -1.3209980e-05
  1.8798342e-05
  2.9797651e-05
 -5.8173005e-06
  1.2992275e-05
  1.4930193e-05
  4.3495261e-06
  1.4762982e-06
  2.7762420e-04
  1.8149309e-05
  3.2519394e-05
  6.7180922e-06
  7.2094734e-04
 -5.0165033e-07
 -3.1924254e-05
  1.1799571e-05
  4.9071343e-05
  4.3553977e-05
  6.5179388e-06
 -3.7189827e-07
 -2.8766994e-04
  7.1801315e-07
  5.9132390e-06
 -6.2585600e-06
  1.2453766e-05
  3.1079835e-05
  2.0125945e-06
 -1.5699668e-04
  3.5794084e-05
 -1.2798374e-05
 -4.5867237e-06
  9.9625313e-06
 -2.6233947e-05
 -6.4213644e-05
  6.0946340e-06
 -1.7086835e-06
  1.3804206e-05
 -3.7128251e-07
  1.6008429e-05
  1.3735262e-04
  6.7925766e-06
  1.8943291e-07
 -5.1630045e-06
  2.6615919e-05
  6.9674161e-06
  4.5084817e-05
  2.0867755e-04
 -5.8359483e-06
  3.8084293e-06
  1.9185931e-07
 -9.8623814e-06
 -3.3141412e-06
 -1.5625652e-05
 -9.6419781e-06
 -2.3506366e-06
  3.0467689e-05
  8.4849416e-05
  3.7495131e-05
 -1.4009976e-05
 -7.4825388e-05
 -2.3765338e-05
 -2.4530689e-06
 -2.0443218e-05
 -3.5674716e-06
 -2.6661889e-06
  3.6137646e-06
  1.3290006e-06
  4.0036135e-05
 -3.7423879e-07
 -2.0356727e-05
  1.1711935e-05
  5.3611598e-06
 -1.8794846e-05
  9.8930900e-07
 -1.3959151e-06
  1.4213944e-05
  2.4965270e-06
 -3.5228517e-05
 -3.6235249e-06
  3.2964806e-05
  3.4039633e-05
  3.2225591e-07
 -5.2545311e-06
  5.1798838e-06
 -6.3724655e-01
  1.4215126e+00
 -4.8835790e-01
  8.6947538e-02
  1.6574521e-02
 -2.2936685e-01
  1.1604621e-02
  3.5326203e-04
  9.4535499e-06
  2.0474342e-04
  4.4334130e-04
  2.8880778e-01
  3.0423558e-01
  2.0365886e-05
  5.3933563e-05
  6.1066309e-03
  2.2478767e-01
  5.9197988e-02
  8.3995000e-02
  7.2919072e-05
 -4.5592005e-06
 -3.7684881e-06
  2.2143205e-01
 -8.2518477e-03
  1.6945627e-05
 -1.2990437e-04
  3.7747407e-06
  2.1570144e-04
 -1.7457642e-05
  4.4734975e-06
  6.8046520e-06
  1.0857426e-06
  5.1116123e-05
  1.3249761e-06
  6.8049361e-05
  4.6657533e-06
 -3.2311536e-06
  2.4317851e-06
  1.0354473e-05
  1.0063118e-05
 -7.5721009e-06
 -2.1965512e-05
 -1.8087874e-05
  1.1657187e-05
 -5.8469827e-06
 -1.2211967e-06
 -1.3428319e-05
  1.2770461e-05
 -2.4241053e-06
 -1.1683217e-06
  1.0689528e-04
  2.5148443e-05
 -5.9386148e-06
 -1.8801110e-06
  8.4936073e-06
  8.8854622e-06
 -1.2305697e-05
  8.2066399e-06
 -1.0544174e-04
  8.1207809e-06
 -1.2119413e-04
 -6.7447413e-06
  5.0271383e-06
  2.1865462e-07
 -1.4505783e-05
 -2.6890809e-06
  6.1161209e-06
  2.2350558e-05
  4.8082784e-05
  2.2715074e-08
 -4.5625978e-07
 -1.3354220e-05
 -8.8077404e-06
  2.9927483e-06
 -4.3952037e-05
 -8.1000999e-06
  4.6104731e-05
  1.8258441e-05
  1.8013559e-06
 -7.2983744e-06
  3.9772258e-06
 -2.1278496e-05
  1.0317467e-05
 -7.4822646e-07
  1.2403410e-05
 -6.9408314e-05
 -8.7302569e-06
  3.4577934e-05
  1.5871365e-05
  5.5464102e-06
 -3.6622778e-06
  1.3147385e-05
 -1.7922333e-06
  2.6434955e-05
 -1.4638119e-05
  1.8833382e-05
  3.6971662e-06
  1.7801789e-04
 -8.0148802e-06
  1.3766909e-04
 -4.8267342e-05
  1.0944590e-07
  2.6608350e-07
 -4.1751168e-06
  1.0523419e-05
  2.8067998e-06
  2.0354785e-06
  2.4597723e-06
  5.5632577e-06
 -3.6475576e-06
 -1.2426661e-05
  5.8169899e-06
  3.6614388e-06
 -1.4405449e-06
 -1.3707677e-05
 -8.3248051e-05
 -1.6328511e-05
  1.6050717e-05
  5.5001697e-06
  2.0885485e-05
 -4.1005428e-06
  1.1774526e-04
  1.2368881e-05
  1.9887670e-04
  6.5770164e-02
  4.6643760e-07
  1.2049511e-05
  7.7757453e-05
 -2.6855378e-05
  1.3979845e-04
 -1.5972750e-05
 -1.2738776e-05
  1.9279485e-05
 -1.2956464e-06
  6.8732256e-06
  1.4021288e-04
  5.6332119e-05
  4.9346661e-05
  4.9433965e-02
 -2.6247826e-05
  1.1955332e-06
 -9.5020569e-06
  5.2620537e-05
 -7.9259189e-06
  7.5395183e-06
  1.6413087e-05
 -3.7968762e-06
 -7.0350525e-06
 -1.2111111e-05
  1.2380698e-06
  8.9999467e-01
 -2.4697430e+00
  1.5540429e+00
  2.7402997e+00
 -1.0195820e+00
  9.1522694e-01
  4.8732221e-01
 -1.0677543e-04
 -1.0713704e-02
 -1.2112633e-01
 -2.5509606e-04
 -1.1106480e+00
 -1.0191813e+00
 -5.7207096e-01
  6.2349807e-07
 -1.2744889e-01
  1.8759598e-01
  1.7997464e-02
  3.8610619e-01
 -1.4504088e-03
 -1.0794734e-05
  1.8142559e-01
 -8.3717942e-01
 -5.3516585e-02
 -4.9730505e-05
  1.2976253e-05
 -1.0275597e-03
 -6.4795122e-02
  2.8335365e-02
 -1.1800503e-05
  9.9552172e-01
  2.7385383e+00
  1.1038984e+00
 -2.9052982e+00
  3.8981440e+00
  2.4629539e-01
  1.9547108e-05
  9.0588272e-01
 -1.0933507e-01
 -3.8086104e-01
 -1.7751863e-05
 -4.7073081e-01
 -5.8090050e-02
  4.3054214e-01
 -2.4914101e-01
  4.4045195e-05
 -3.1356946e-01
  8.5782015e-01
  4.7225416e-01
 -9.5876642e-02
 -1.4894120e-04
  2.5844890e-01
 -3.9783314e-01
  1.8455864e+00
 -7.9506181e-06
  1.0728973e-05
 -2.1099344e-04
 -7.2734430e-02
  1.1169202e-01
  7.0210670e-05
  3.2516928e-06
 -7.9849788e-06
  3.9572969e-05
 -4.1962094e-06
  1.4379652e-01
  4.2543754e-05
 -1.5430110e-06
 -2.8158256e-04
  1.1045217e-05
 -5.5007411e-05
  2.8178809e-05
  5.1903839e-06
  1.0412009e-04
 -2.4267723e-04
  8.5925523e-05
  6.1314645e-06
  7.2709168e-05
 -5.0926160e-06
 -1.3830755e-06
 -1.8099749e-05
  7.6981605e-06
  3.9412712e-06
 -2.2545053e-06
 -3.1706062e-05
  2.7222259e-05
 -5.2197965e-06
  1.7733734e-04
 -6.1027331e-05
 -2.3691178e-05
  8.1893395e-06
 -6.0220021e-01
  3.2143435e-01
  2.4517842e-05
 -1.7530851e-05
  3.1867617e-01
  1.0485078e+00
  1.2891139e-01
  2.6871553e-01
 -5.5043030e-05
  7.7547316e-05
  1.0613180e+00
  7.8735357e-06
  2.3010889e-01
  1.7895134e-05
  3.1740949e-01
  1.5223864e-01
  2.4419719e-01
  1.7819621e-04
  1.7691867e-05
  1.0237968e-05
 -7.7729164e-06
  1.4058754e-05
  1.0159956e-02
 -1.3186869e-05
 -2.4581825e-05
  2.6537089e-05
  1.2381022e-01
 -1.9257650e-01
 -3.7934330e-01
  2.0514308e-05
  6.3533145e-01
 -3.2674189e+00
 -8.0699519e-06
  1.4680260e-05
 -1.7616460e+00
  2.7956886e+00
 -9.7101265e-01
 -1.7868851e+00
  8.9529818e-03
  1.2992487e-04
  1.9036571e+00
  2.7926333e-05
 -1.4527547e+00
  1.8988524e-06
 -2.1720006e+00
 -4.7992170e-01
 -1.3379893e+00
  1.2544391e-05
 -3.2330336e-06
 -1.5400733e-04
 -2.0474956e-06
  2.2556549e-05
  1.6405779e+00
 -4.3610269e-01
  3.3725380e-05
  2.4314343e-06
  8.3073556e-01
 -3.5627139e+00
 -3.1148977e+00
  8.6323187e-02
  2.5164012e-05
 -5.3895015e-02
 -5.5318091e-02
 -2.4371423e-01
  1.4164002e-01
  7.2641626e-02
 -7.3471539e-02
 -7.4069068e-02
 -1.2568793e+00
 -2.4784862e-01
 -8.3887950e-05
  4.2506631e-06
 -1.6613851e-05
 -4.7783059e-01
  8.2256207e-05
 -4.5675557e-02
 -7.5645797e-02
  3.1653038e-08
 -6.7362130e-02
  2.4030875e-05
  1.0411390e-05
 -1.3745842e-05
  2.9293404e-05
 -1.0888357e-01
  1.7567489e-05
 -5.1734687e-06
  8.0414757e-06
 -2.0094578e-06
 -5.9738057e-04
  8.8175570e-05
  3.9658836e-01
  4.1397443e-01
  1.4527829e+00
  6.6920477e-01
  4.2061344e-01
  2.7445886e-01
  3.6843676e-02
 -3.7051675e-01
  6.1767751e-01
  3.5691699e-01
  8.4767239e-03
 -2.0360511e-02
  1.0157036e-04
 -6.1660671e-01
 -9.0560156e-01
 -3.3683532e-03
  5.7485634e-01
  1.5938762e-01
 -9.9625088e-02
 -1.6838449e-01
 -1.9314675e-01
  4.4791022e-06
 -5.1048905e-01
 -2.9261546e-02
 -6.7883372e-01
  6.9252853e-03
  7.8513585e-02
 -2.6375948e-05
  3.8752761e-01
  7.7348495e-06
  7.5003321e-05
 -9.4700536e-06
  5.2755131e-05
 -1.8286474e-04
 -4.9385930e-05
  1.1227839e-05
  2.1006585e-06
  5.1344025e-05
  1.5430061e-05
  3.7369176e-05
  2.8088307e-06
  8.0880011e-05
  1.2799076e-06
  1.1947549e-06
  2.2926350e-05
 -6.8185327e-06
  8.7736975e-05
 -3.6451670e-06
 -1.0024247e-05
 -7.1926297e-06
 -5.3302147e-06
  2.1569533e-06
 -4.0007781e-05
 -5.2088508e-06
  1.2352014e-05
  1.1649921e-05
  2.3641808e-06
  5.0945878e-06
 -1.0861207e-05
  1.4604855e-05
  1.6632908e-06
 -1.3351502e-01
  3.4148012e-05
  3.1461706e-05
 -4.5091161e-05
  5.3046402e-05
  1.2051631e-02
  3.1041452e-01
  2.4937755e-05
  4.7013345e-05
  1.3199724e-06
  5.5093558e-05
 -3.0235113e-05
  7.4386061e-03
 -6.6840104e-03
  2.8553498e-07
  3.3616790e-05
 -3.1971373e-04
 -4.4135686e-05
 -2.6372457e-03
  1.5004705e-06
  2.0616544e-05
 -6.3406997e-06
  6.9196257e-03
 -1.0214013e-03
 -2.7827662e-05
 -1.3937349e-04
  5.2583502e-05
  4.1353721e-02
 -1.8822969e-06
 -7.1440488e-01
 -3.8151777e-01
  1.0941801e+00
 -2.9005256e-05
  3.9628947e-01
 -7.2746915e-01
  3.6696994e-01
  4.0811673e-01
  2.1021788e-01
 -1.0059631e+00
 -3.6835626e-01
  9.6778792e-01
  3.1390980e-05
 -8.0218866e-02
 -1.0802460e+00
 -1.3027260e-04
 -4.3153009e-06
  8.7551452e-02
  1.3994971e-01
  3.7189123e-01
 -9.2852490e-05
  2.3461007e-05
 -3.4635729e-01
 -1.3756125e-04
 -6.4132160e-05
  9.0946876e-02
 -3.3343121e-01
 -5.8092887e-06
  3.4879360e-02
  4.2238367e-05
  7.6579869e-05
 -3.7061138e-05
 -3.1200082e-06
  1.8237135e-04
 -5.0580570e-06
 -1.1215057e-05
  5.2656865e-06
  1.3808115e-05
  9.0720045e-05
 -2.0432026e-06
  8.9541591e-06
  4.0444857e-07
  3.0188909e-05
  1.2750574e-04
  1.9550287e-05
  1.7921227e-05
 -8.3400528e-06
  9.4290161e-05
 -7.4864965e-06
 -1.1278251e-05
  2.5951702e-05
  1.3835381e-05
  3.1656560e-05
 -3.9899978e-06
  1.2087591e-04
  5.3203880e-06
  5.8354831e-06
  1.2163429e-05
 -8.9120513e-06
  6.5068743e-06
  3.9380931e-05
  1.1368003e-05
  1.7913144e-05
  4.3003158e-05
 -3.1828578e-05
  2.7946558e-06
  8.3434008e-02
 -1.0709687e-05
 -1.6447906e-06
 -2.6507865e-05
  3.9204871e-05
  9.1730089e-06
  1.1479238e-05
 -1.3799018e-05
  5.5913542e-06
  2.0380934e-05
  7.6117876e-06
  5.9204008e-06
  6.5882209e-06
 -5.7023171e-06
  7.2031631e-05
 -2.5365391e-05
  4.6667101e-06
  1.0713915e-07
  7.8500352e-07
  6.2077714e-05
  8.2187878e-05
  4.0757245e-06
  1.1008582e-04
 -3.4883866e-05
  9.9863905e-01
  2.4848964e+00
 -8.8802427e-01
 -1.4581615e+00
  1.7220068e+00
 -2.6441082e-01
 -1.2417616e-02
 -4.2442331e-01
  4.2915550e-01
 -1.1715279e-01
  5.7710201e-01
 -2.6334777e-01
  1.0778053e-01
  7.2960854e-01
  1.4532395e-01
 -5.9760101e-03
 -1.4565227e+00
 -1.8936085e-02
  6.9890207e-01
  8.1046373e-01
  1.0580022e-01
 -4.4447008e-01
  1.7036006e-01
  1.2958682e-01
 -3.7412778e-05
 -1.4877542e-03
 -1.6512170e-01
  1.5971847e-01
 -2.0342015e-01
 -3.7593854e-06
 -7.3271787e-01
 -1.4944564e+00
 -3.6314982e-01
  8.9076906e-01
 -1.0713266e+00
 -1.5265529e-01
 -2.4913248e-01
 -1.3570864e-01
  1.3269463e+00
 -4.8432225e-01
 -3.3998159e-01
  1.2089796e+00
 -5.9319741e-01
  9.7838110e-01
 -5.5668366e-01
  5.8016062e-01
 -3.0941227e-02
  5.3270781e-01
 -4.4179708e-01
  4.9523995e-05
 -3.6378545e-01
  1.3300714e+00
 -1.4351233e+00
 -1.4794410e+00
 -7.0538521e-01
  1.1714379e+00
  1.1545750e-01
  2.3967463e-05
 -2.9301026e-01
  4.4847280e-01
  1.0795097e+00
  3.4670725e-01
 -2.0325449e-01
  2.6282516e-01
  9.5184535e-01
 -8.1324819e-03
  2.2456583e-02
 -3.1254426e-01
 -2.8077605e-01
  3.7964043e-01
  1.0596815e-01
  4.9280322e-01
 -1.4249879e-03
 -4.0267077e-01
 -1.9449578e-01
 -6.4471221e-01
 -3.4418556e-01
  1.2254211e+00
 -1.2592105e+00
  1.1915370e+00
  1.7113541e-01
 -7.0907182e-01
  8.2817715e-01
  6.1723566e-01
  1.1308123e+00
 -1.9504929e-01
  5.3522311e-04
  2.1048691e-04
  3.0305123e-01
 -3.4399820e-03
  2.8949824e-01
 -7.1689248e-01
  4.3205029e-01
  9.5623082e-01
  1.5802836e+00
 -4.7748122e-02
 -2.9373062e-01
  2.3711583e-01
  7.2353613e-01
 -9.1599569e-02
  9.5049542e-01
 -1.4024940e-01
  1.4152044e-01
  2.1095872e+00
 -7.3302406e-01
  4.7113451e-01
  1.5269399e+00
 -3.1042524e-02
  7.5619632e-01
  1.6077883e+00
 -1.4100328e-05
 -5.6994020e-05
  1.4534909e-01
 -1.1205535e-01
  5.4011577e-01
  3.7753098e-02
  1.3814649e-01
 -7.5084060e-02
 -4.8319571e-02
  1.7673077e-01
 -2.5824978e-05
  7.3441275e-05
 -6.8954519e-06
  1.3486318e-05
  4.4236992e-07
  6.3656930e-06
 -1.5963558e-05
 -1.1107344e-05
 -5.5930150e-01
 -2.2209560e-06
 -1.0015603e-05
  7.5143257e-06
 -5.4320749e-06
 -9.3664457e-06
 -8.5986940e-06
 -3.5630062e-06
 -1.0983620e-06
 -1.2244029e-04
  3.8636404e-05
 -1.3636612e-06
 -7.2199173e-06
 -4.6036126e-05
 -3.2824679e-05
  1.9675773e-04
 -9.7600878e-07
  7.2362550e-06
 -3.6375612e-05
  7.8927413e-05
  3.7606678e-05
 -8.0282212e-04
  1.9126075e-05
  3.1065035e-06
 -2.1043702e-03
  3.3278884e-05
  5.7505426e-05
 -1.2306041e-05
  7.9649080e-06
  1.5839230e-05
  5.4939337e-02
  1.2726580e-06
 -1.7723195e-04
 -4.7688736e-05
 -4.3131376e-04
 -4.6383548e-01
  1.6323933e-05
 -7.9120378e-05
  1.3296549e-04
  4.9750279e-06
 -2.2581535e-05
  4.6487319e-05
  3.7139775e-06
 -7.9883168e-05
 -1.2951573e-06
  6.0810771e-06
  1.4544460e-05
 -7.8526551e-05
  7.5781762e-05
 -2.0660623e-06
  3.8028124e-06
  1.2381282e-05
  3.5503119e-01
  9.3041174e-02
 -7.1717411e-01
  3.9938933e-01
 -1.0161803e+00
  9.5510542e-02
 -2.6647151e-01
 -9.8852444e-01
  3.1679481e-01
 -2.6324388e-01
  1.1473888e+00
  1.3841902e-01
 -1.3685916e-01
  2.0466851e-01
  6.9030322e-02
 -4.7034781e-02
 -8.5905629e-01
  2.5448037e-04
  6.6603410e-01
 -1.6242704e+00
  5.2525666e-05
 -4.4520792e-02
  3.2891604e-01
  3.6456029e-05
 -1.1288655e-05
 -4.3647471e-03
  1.7468393e-01
  9.3632028e-05
 -1.4003450e-01
 -1.9895151e-02
  4.2855003e-01
  2.9694065e-01
 -5.2158866e-02
 -8.8548619e-01
  4.4620327e-05
 -2.2222206e-01
 -4.1048877e-02
 -4.9988501e-02
 -2.4329934e-01
  4.2394444e-01
  3.6977151e-05
 -2.3626298e-01
 -7.5722687e-02
 -9.6304989e-01
 -5.3813159e-03
 -3.8999544e-05
 -4.2757695e-03
 -1.3644165e-04
  2.6150158e-01
  3.3709331e-04
  1.5653743e-06
 -7.0719129e-06
  1.2538694e-04
 -4.6027581e-06
  1.3657640e-03
 -1.2653680e-05
  5.9530044e-05
  1.1846743e-05
 -3.5647015e-04
  1.0041404e-05
  1.3493218e-06
 -3.2158600e-06
 -3.3724209e-05
 -5.3124868e-06
 -5.2464361e-06
  7.3903566e-06
  1.4988630e-04
 -5.1361447e-05
  3.1129641e-06
 -2.7022766e-06
 -1.2606183e-04
  1.0891733e-05
  1.3349605e-06
  1.4246588e-05
  1.7312830e-05
  1.6257386e-06
 -2.6898795e-05
 -3.2171129e-06
 -2.1285159e-04
  2.0599726e-04
  1.7191685e-06
 -7.3462627e-07
 -4.1262057e-05
  3.7861129e-05
 -8.2971910e-06
  1.5347407e-06
  1.0244728e-06
  1.3701494e-04
 -1.4001474e-05
 -5.0888748e-06
  1.4081456e-05
  1.1950504e-04
 -9.0885987e-06
  5.8112221e-07
  6.5435452e-06
  1.6237877e-07
  3.6208389e-06
 -1.7648246e-05
 -3.7474952e-06
  1.5947060e-05
  4.7628882e-06
  1.3428915e-05
  1.9848088e-05
 -7.3977499e-05
  4.9119105e-04
  9.1817114e-05
  1.5962220e-05
 -1.7582675e-05
  2.8035382e-05
  2.2283146e-05
  8.5372285e-06
  2.1878323e-06
 -1.4813765e-04
 -9.1431129e-06
 -1.5736639e-04
  7.6013857e-05
  3.6141080e-06
  1.2268989e-04
  2.4301032e-06
 -8.3496561e-06
  1.2125266e-04
 -5.5565994e-05
 -4.3640441e-05
 -1.6764444e-06
  2.8862078e-05
 -2.1845823e-05
  1.6501135e-06
 -1.9486777e-05
 -5.4042692e-05
  2.7131627e-04
 -9.2980963e-07
 -1.1386820e-05
  8.1502440e-06
  2.6020511e-05
 -1.3036827e+00
 -4.3305718e-06
 -1.0856249e-05
 -3.7911203e-05
  1.1072149e-05
 -8.5321961e-05
 -1.6157781e-05
  2.6970469e-05
 -1.3617873e-04
  4.0487971e-06
 -3.0186318e-05
  3.5997782e-05
 -4.2711625e-05
 -6.1441019e-06
  1.7746155e-06
  7.8028088e-06
 -2.3378474e-05
  3.8090461e-06
 -2.0308373e-05
  2.2157139e-05
 -1.4636683e-05
  1.1317173e-05
  4.7544032e-05
 -1.6922369e-06
  5.3576650e-06
  1.6248952e-05
  1.8057743e-05
 -8.7085518e-06
  8.1010920e-05
 -2.9337245e-05
  8.6590499e-06
 -1.3715915e-06
 -3.8336066e-04
 -1.0878741e-05
  2.6590551e-06
  6.4357226e-07
  2.7477706e-06
 -1.6241435e-04
  3.7671266e-06
  2.6088196e-07
  9.8095989e-05
 -5.0042046e-04
  6.8727218e-07
 -3.4983866e-06
  2.1379921e-04
 -8.9580490e-06
  4.4287808e-05
  5.2973646e-01
  3.8604862e-06
 -2.2931752e-05
  1.5122999e-04
  9.9723447e-06
 -6.3005672e-04
 -4.3979497e-05
 -3.2565706e-05
 -2.1991640e-01
  4.1509211e-06
  1.5436592e-05
  4.1847685e-05
  1.3425558e-05
  1.9076999e-04
 -4.1305379e-06
 -1.2617265e-05
  7.3849260e-05
 -4.9139871e-05
  4.1667725e-05
  7.0197966e-06
 -1.0344757e-05
 -4.6207369e-06
 -1.3812121e-05
  2.9844688e-05
 -7.3863986e-05
 -1.1889508e-06
 -6.9380608e-06
 -6.9624360e-04
  7.6370947e-05
 -4.3432619e-03
 -8.0351382e-01
 -7.4263048e-01
 -5.3665352e-01
  1.7433170e-04
  7.0080427e-03
 -8.0879480e-01
 -1.8514387e-01
  1.3065255e-01
  8.4940040e-01
  1.9699819e-05
 -8.5442506e-02
 -2.4635013e-04
  9.5357215e-03
  2.1036325e-02
 -7.1646627e-06
  2.1827379e-06
  4.1129038e-05
 -4.3914363e-02
  5.7945249e-06
  5.2966672e-05
 -5.8647096e-05
  1.0817340e-05
 -2.5072155e-05
  1.2201251e-03
  1.2290408e-04
  2.0176847e-05
  3.3414595e-05
 -2.8584052e-02
  4.6274031e-06
  1.8655540e+00
 -1.8509054e-01
 -5.2594531e-01
  2.1734637e-07
 -3.5145432e-02
 -1.3657457e-01
 -1.0091885e+00
  5.6150681e-01
 -2.2800325e-03
 -1.8740041e-02
  3.5438770e-01
 -2.9977776e-02
 -3.6888706e-04
 -1.0470804e+00
 -1.0413176e-02
  1.4256017e-04
  3.1282387e-05
  4.5601927e-02
  3.4954292e-01
  4.4431752e-01
 -5.7591035e-07
 -6.8268731e-02
 -4.7244616e-06
 -2.0201876e+00
  3.5634002e-01
 -9.3097173e-02
  3.1213757e-02
 -1.7069598e-05
 -4.0568453e-03
 -3.2252213e-03
 -1.3211479e-04
 -1.1695117e+00
 -3.6443698e-01
  2.6427100e+00
  1.2965896e-04
  3.8179990e-02
 -3.7855563e-01
 -2.5066006e-01
 -3.0277753e-01
  1.9885653e-01
 -8.9131910e-01
  1.0014538e+00
  3.8607058e-01
  2.1602914e+00
 -8.0646884e-01
 -1.1715815e-05
 -2.2936711e-02
 -4.0701759e-04
  4.3301404e-01
  1.5888389e-04
 -4.0914299e-04
  1.0058251e-01
 -2.8167909e-01
  3.6068469e-01
 -2.9578388e-01
  4.0369210e-05
 -1.1175601e-01
 -5.3422920e-02
  1.9308129e-05
 -4.3485079e-02
 -5.5375284e-01
 -2.2675339e-04
 -8.3873601e-05
  7.0270689e-05
 -8.5748608e-05
  4.7546651e-05
  1.3326921e-02
 -1.1258491e+00
 -3.8702068e-01
 -3.2925908e-02
 -4.0362334e-05
 -5.6083678e-08
 -2.1495482e-05
  1.2810089e-01
 -7.5194314e-03
 -2.3943726e-06
 -1.7751938e-04
  1.9468898e-05
 -3.2519938e-03
 -8.4139789e-03
 -3.9509492e-04
  3.0525491e-05
 -2.0092950e-04
 -7.7576624e-06
 -1.4860704e-04
 -7.6660390e-06
 -8.4877269e-05
  3.0910442e-06
  1.5183120e-03
  1.0426490e-05
 -1.1855130e-05
  2.6861191e-04
 -1.9106861e-02
 -3.1318178e-03
  3.5300902e-05
  4.2933589e-01
 -8.2443811e-02
 -3.0005190e-01
 -2.2854134e-01
  6.3120413e-01
  2.4582757e-06
 -9.6700351e-06
  4.6403784e-05
  3.8690573e-01
  6.8583535e-03
 -9.5879432e-06
  2.1194142e-05
  3.6988062e-05
 -9.8392107e-02
  1.7335629e-05
  2.5139965e-05
 -1.1657056e-05
 -1.9613854e-05
 -1.9006106e-01
  2.6158796e-05
 -3.0287728e-04
  1.1155721e-05
  8.2686354e-05
  2.0051733e-04
 -1.0193678e-05
  1.2660266e-07
  1.1605214e-07
  5.5400760e-05
  9.0821986e-06
  2.5146664e-06
  1.9565783e-05
 -8.9303721e-06
  1.2580387e-04
 -5.0011600e-05
  3.8052005e-06
  1.7517887e-06
  4.6273926e-05
  7.7266122e-05
  2.8659426e-06
  1.6790305e-07
 -1.0187383e-05
  1.3841654e-05
 -1.8865451e-06
 -1.0274226e-05
 -2.3487986e-04
 -1.9919482e-05
 -5.1492334e-05
  7.6418246e-06
 -2.6244993e-06
  3.2873995e-05
  3.6285360e-06
 -8.7429753e-06
  4.6635646e-06
 -2.7794317e-06
  5.7360328e-05
 -3.1590799e-03
 -4.8343159e-02
  7.5068796e-01
  1.1826978e+00
  3.2539158e-03
 -4.2674288e-01
  2.7701077e-01
 -6.4965650e-03
  1.0153476e+00
  4.8616001e-01
 -1.6233651e-01
  1.9547288e+00
  2.5205439e-01
 -6.0078812e-01
  3.2452483e-02
  4.2626619e-01
  1.2403000e-01
 -7.0618230e-01
  5.9312993e-01
  3.0044615e-01
  9.9304962e-06
  4.7977325e-01
 -1.1645627e-01
  1.3013030e+00
  9.8809487e-06
  6.2029896e-05
 -3.4402049e-01
  4.8282777e-04
 -4.8627457e-01
  2.4552102e-04
  1.8462504e-05
  1.1941414e-06
  2.8248505e-06
 -5.0871848e-05
 -1.7177603e-04
 -1.3585546e-06
  3.9916304e-06
  3.6274723e-06
 -2.2109853e-04
  2.9653162e-05
  9.2344620e-05
 -1.6742640e-06
  2.7465776e-05
 -2.0561276e-05
  8.6374921e-06
 -2.9686124e-05
  4.1830526e-06
  1.6057365e-05
 -1.0386240e-04
  1.0039418e-04
  7.6588867e-06
 -6.2457716e-06
 -6.0235711e-06
 -8.0530554e-06
  2.4488963e-06
 -3.7909598e-05
 -1.4849005e-05
  3.8923288e-05
  2.6591134e-04
 -9.8977262e-06
 -8.9204104e-06
 -4.2877014e-04
 -6.8225406e-02
 -5.4857977e-05
 -9.4447578e-06
  6.3953958e-06
 -6.8203781e-06
  3.8424132e-05
 -2.0789504e-01
  6.4837828e-02
 -7.9228830e-06
  5.9642172e-01
 -8.1240039e-05
  7.0331793e-05
  9.3571653e-05
 -2.3843268e-05
 -4.4691697e-06
 -2.0014166e-05
  3.4236917e-05
 -8.3458135e-06
 -8.0457748e-06
  1.0298483e-05
 -1.0097711e-04
 -1.6988555e-06
 -1.4387870e-04
  4.0267678e-06
 -3.2794724e-05
 -1.9370965e-04
  7.0639529e-05
  2.6508453e-04
 -6.4927071e-01
 -5.5645388e-01
 -2.8640860e-01
 -3.7956440e-01
  3.8833040e-01
  3.4925213e-01
  6.3237160e-02
 -2.7522233e-01
  4.2876190e-01
  7.6718140e-01
 -3.4970904e-05
  5.1884552e-05
  1.9340466e-04
 -1.3219718e-03
 -8.5004675e-01
  1.2689346e-05
  5.7649277e-06
 -5.9104824e-01
 -5.9347949e-04
  3.2809385e-05
 -1.9976380e-06
  6.4999680e-05
 -2.1716920e-03
  3.7772508e-04
 -2.5358191e-04
 -2.8638993e-05
 -1.3324922e-04
  1.8403219e-04
  6.6624157e-02
  1.8417310e-04
  4.2465663e-01
  1.4595120e+00
 -6.6262386e-05
  2.8921241e-02
 -4.9657816e-01
 -2.3507787e-06
 -1.2728839e-06
 -8.0468291e-01
  3.6986828e-02
  3.5797241e-01
  1.6369808e+00
 -2.9981802e-05
 -5.2811378e-05
  8.6891407e-01
  7.7132332e-01
 -4.9546343e-06
  4.9473685e-05
  3.2756539e-05
 -2.5296595e-05
 -2.2098206e-05
 -7.7068275e-01
 -5.2483410e-01
 -4.4286817e-01
  1.7375677e-04
 -6.2080435e-05
 -1.9446103e-04
 -3.6813112e-03
  9.4682327e-06
  2.7915089e-06
  7.4335098e-01
  5.0132334e-01
 -2.0934758e+00
  1.1417555e-05
 -3.9281040e-01
 -1.0857525e+00
  1.1911264e-05
  4.1733922e-05
  2.5685303e+00
 -1.7206297e+00
  1.5453317e+00
  1.4957083e+00
 -2.5614741e-01
  1.3442074e-01
  1.7071503e+00
  7.9186130e-01
 -1.5725251e-06
  1.0587602e-05
 -2.0170817e-01
 -8.5050706e-05
  2.8891578e-01
  4.5881215e-01
  9.5862395e-01
 -1.3689070e+00
 -4.3382546e-01
  3.7534037e-01
  1.3771308e-04
 -1.1567369e+00
  1.5735752e-05
 -2.0902875e-01
 -9.0641528e-01
 -2.0966151e+00
  7.3041427e-01
  3.7020260e-01
 -5.9729803e-01
 -2.4333768e-02
  1.7406825e-02
 -4.9968013e-01
 -9.7987634e-01
  1.5741546e+00
  3.8304675e-01
  2.4922831e-01
  9.3646847e-02
 -6.3243550e-01
 -9.1561436e-05
 -2.0016298e-05
  3.1337363e-01
  1.2093283e-05
 -3.6934675e-06
  1.3492225e+00
 -9.8130512e-01
 -6.3367319e-01
  8.3977777e-01
  8.7832814e-01
  6.0806167e-01
 -1.0554512e+00
  5.3902054e-01
  4.6165043e-01
 -9.1708511e-01
 -1.7165561e-01
  9.8004386e-02
 -2.4116747e+00
  4.1327798e-01
  1.8643968e-01
 -1.1004658e+00
  1.5055689e+00
  2.8704822e-02
  3.7006486e-02
  3.1802738e-01
  9.6661538e-01
  5.9475434e-01
 -2.3043007e-03
 -5.5376697e-01
  1.3436311e+00
 -3.2888198e-05
  1.6648081e-01
  1.5567355e+00
 -1.3096970e+00
 -1.8167751e+00
  1.8141062e+00
  1.0022414e+00
  1.6502084e-01
  1.6700324e+00
 -7.7597553e-01
  1.1237329e+00
  6.5137583e-01
  2.3881003e-02
 -1.2844007e-01
  1.9393270e-01
 -4.1418197e-03
  2.1031573e-01
 -5.0322074e-01
  6.5224457e-01
 -1.7100061e-01
 -1.6589586e+00
  1.0414052e+00
 -7.0505917e-01
 -1.7440453e+00
  9.1114774e-02
 -1.0485703e+00
 -1.1929511e-01
 -4.6618921e-01
  7.7433154e-02
 -1.2631825e+00
  2.8992036e-01
  5.8979285e-01
 -6.5918291e-01
  5.6629509e-01
  1.4671764e-01
  1.8176572e+00
 -3.0749396e-03
  1.2800837e+00
  9.8861116e-01
 -9.7282559e-01
 -1.3285669e+00
  1.1232784e-01
  3.9541802e-01
 -3.4866242e+00
 -1.5037465e-01
 -2.0989845e+00
 -2.5166333e-01
  1.0468551e+00
 -7.0139329e-04
 -9.0376802e-02
  3.4586981e-05
  3.3948196e-05
 -2.5606507e-03
  1.3663043e+00
 -1.0063751e+00
 -2.2837834e-05
  8.0784410e-01
 -7.5655453e-02
  2.4289515e-05
  4.4899285e-01
 -2.3559880e-01
 -4.7951314e-01
  5.5556726e-01
  5.0941575e-01
  1.1396810e-01
 -9.1461384e-01
 -5.5049938e-01
 -1.4825969e+00
  6.5101689e-01
 -1.1638114e+00
 -2.6425574e+00
  4.8658490e-01
 -1.0335128e+00
 -8.3088374e-01
  3.8702494e-01
 -1.1404907e-01
 -3.3870628e-01
 -9.5431262e-01
  2.4470040e-03
  4.2799897e-05
  2.7532032e+00
 -7.2649473e-01
  4.2168945e-02
  1.2538002e+00
 -8.6467221e-02
  1.2183789e-04
  9.6196914e-01
 -9.6623572e-03
 -4.4544557e-01
  1.2777225e+00
  6.3098989e-02
  4.4876644e-01
  7.1703196e-02
 -7.4393958e-01
 -1.4863875e+00
 -9.2702331e-03
 -2.3786376e-01
 -2.8738012e+00
 -5.4769772e-01
  1.2904346e-01
 -4.6461615e-01
 -3.4039330e-01
 -9.9895082e-02
 -5.6397718e-01
  7.4542367e-01
  2.9016827e-04
  2.9760966e-01
 -9.8362312e-02
 -8.7112200e-01
 -1.6699318e-02
  1.3872424e+00
 -2.1861206e-01
  3.5922872e-04
  6.7766076e-01
 -1.2784490e-05
 -2.0960112e+00
  2.1164591e+00
  8.3411902e-01
  4.1424143e-01
  1.2404493e+00
  5.8550835e-01
  7.3684400e-01
 -7.9898071e-01
  1.1123075e-01
  1.3492161e+00
  1.2190183e+00
  1.4619279e-01
 -9.1216095e-02
 -1.7874265e-01
 -1.0752466e-05
  6.5722874e-05
  7.5713415e-03
 -2.3915140e-05
  3.3468212e-05
  6.4743555e-01
  2.1295986e-01
  4.8119123e-06
 -4.8523854e-02
  6.8957978e-01
  1.0663194e-01
 -4.0363947e-01
  1.4282992e+00
 -9.4417042e-01
 -8.1974614e-01
 -1.8426238e-01
  7.6736615e-06
  8.6430860e-01
  2.4835573e-01
  3.9225978e-01
 -2.5538588e-01
 -1.7900738e-01
 -2.5091712e+00
 -1.1814947e+00
  2.0625851e-01
  3.3358970e-01
  1.2785501e+00
 -4.7765850e-05
 -5.7981142e-06
  2.2106848e+00
  3.4501475e-01
 -6.5658021e-01
  1.8995095e+00
  1.0458212e+00
  4.0942490e-05
 -1.8593373e+00
  8.2224232e-01
  3.9625491e-05
 -6.2243938e-01
  1.2183753e+00
  6.7517191e-01
  1.1721392e+00
 -1.7492006e-04
  1.6207155e-03
 -2.0732906e-02
  7.3637158e-01
  3.7391245e-01
  1.0375605e-01
  1.8232933e+00
  1.1342852e+00
  3.1077978e-01
 -2.1069743e-01
  2.3584369e-01
  7.2643805e-01
  3.4695680e-04
  1.7848659e-01
 -1.0131164e+00
 -1.9240183e+00
 -1.9655507e+00
  2.4315734e-01
  8.4234846e-01
  3.9460363e-05
  1.1667204e+00
 -5.0558656e-01
  4.5140469e-06
 -8.4432918e-01
  4.4115049e-01
 -6.3538551e-02
  9.4705313e-01
  3.0684757e-01
  1.8123451e-01
  1.0282446e+00
  1.4573456e+00
  6.2080104e-02
 -9.4643855e-01
  4.5024928e-01
  4.1737625e-01
 -1.0282778e+00
 -5.6785911e-01
  1.6867003e+00
  1.4798242e+00
 -8.3492496e-06
 -2.9970656e-04
 -3.5475282e-06
  2.1179585e+00
  3.2266837e-02
 -3.5546868e+00
  6.0378373e-01
  6.8926386e-04
 -6.1759371e-01
  6.0921717e-01
  6.0011450e-02
 -3.1932507e-02
 -2.1359355e+00
  1.1962692e-01
 -1.6873477e-01
 -9.6551108e-01
  1.7332654e-01
  6.5667063e-01
  5.1921431e-02
 -4.1378487e-04
  6.9093756e-02
  2.7316263e+00
  1.9202001e+00
 -6.4195937e-01
  1.6679676e+00
  1.0000287e+00
 -1.5866642e+00
  5.3424637e-06
 -2.0248510e-05
  4.0049367e-02
  5.1468813e-01
  9.7160387e-01
 -1.1618155e+00
  1.6103565e+00
  9.6839787e-05
 -1.4236166e+00
  8.1945854e-01
  2.6125430e-05
 -3.5050347e-02
 -6.7326838e-01
 -2.9772803e-01
 -1.8473092e+00
 -1.2291061e+00
  8.1456298e-01
 -7.7397264e-05
  5.6002694e-01
  3.6322898e-03
 -9.2396323e-05
  3.3157653e-01
  1.7378745e+00
 -5.4138146e-02
 -5.5707812e-01
  2.5743523e-01
 -2.9875991e-01
 -6.2030878e-05
  7.9041295e-02
 -8.9951634e-01
  1.3163679e+00
 -7.3691577e-01
  6.2176287e-01
  3.6682054e-01
  2.2186509e-01
 -1.2532057e+00
 -1.0804831e-02
  4.3531186e-06
 -2.4744517e-01
  1.4006249e+00
  5.4690772e-01
  1.5674610e+00
  1.9190343e-01
  4.5765549e-01
  2.4037205e-01
 -7.4111080e-01
 -9.0221965e-01
  1.4656260e+00
 -2.4641702e+00
 -9.5391917e-01
 -5.6327236e-01
 -1.4771610e+00
  4.5748281e-01
 -3.5617670e-01
 -2.6951018e-01
 -4.8311225e-01
  1.0780153e+00
 -4.1985983e-01
 -7.3637156e-04
  1.3448313e+00
  1.5811996e-05
  3.3994242e-05
  6.2236599e-05
  1.3676749e-02
  3.8491651e-01
 -2.9911052e-03
  8.8470522e-03
 -4.0985745e-01
 -1.0316553e+00
  5.4789286e-02
  3.1696245e-06
 -1.2319626e+00
 -1.9857893e+00
 -1.8775760e+00
  8.9026886e-01
 -9.9445447e-02
 -1.6147220e+00
  1.4132255e+00
 -3.9352174e-03
 -1.0123209e+00
  1.4739934e+00
 -7.5013930e-01
 -1.4647107e+00
  3.0241996e-01
  5.3194088e-01
 -3.2538128e-01
  7.9952317e-01
  2.5959888e-01
  2.9792109e-01
  5.8931366e-02
  3.2973790e-01
  1.3521107e+00
 -8.1260008e-01
  1.1227376e-05
 -4.7118157e-01
 -1.4913044e+00
 -5.4848481e-02
  3.3042658e-02
  8.2617468e-01
 -7.9571223e-01
 -3.4766555e-02
 -1.2181530e+00
 -1.3607695e+00
 -1.6058698e+00
 -9.5465016e-01
 -5.4982871e-01
 -3.5241846e-02
  1.4740034e+00
 -1.3030919e+00
 -1.4913181e+00
 -7.0388293e-01
 -7.7542186e-01
  1.0532829e-01
 -1.7081236e+00
  1.2520572e+00
  1.3442518e-01
 -8.3801901e-01
 -5.2487385e-01
 -1.8795180e+00
  1.1629198e+00
 -1.5851604e+00
 -9.6602583e-01
  6.1617661e-01
  1.7675592e+00
  1.4334246e+00
 -1.3931458e+00
  2.6632499e-05
  4.7943778e-02
  1.2617178e-01
 -1.4445244e-01
  5.7390516e-06
 -2.9789886e-01
 -2.2843580e-01
 -1.3284158e+00
 -3.4983823e-01
 -1.2439298e-05
  3.4694208e-06
  7.6257085e-05
 -3.8628395e-06
 -4.4573471e-06
  1.2212218e+00
  1.0421943e-05
 -7.1454763e-01
 -1.5289263e-05
  7.1245954e-06
  8.7261824e-03
  1.3501832e+00
 -1.3759275e-01
 -8.0408872e-06
 -4.9223492e-01
  6.7308682e-01
  4.6952263e-01
 -1.3088572e+00
  1.8246280e-07
  7.9205884e-06
 -4.2787352e-01
 -1.8933926e-06
  1.3818807e-05
  1.8975425e+00
 -6.9047517e-01
  3.8656735e-01
 -4.0866071e-01
  6.3079846e-05
  4.4849829e-05
  6.7997742e-01
 -8.8656237e-03
  1.0067436e-05
 -6.2442023e-01
  1.3824713e+00
  7.1685739e-02
 -1.2027432e+00
  6.8768941e-06
  5.1930058e-04
  7.4166155e-01
 -4.8039460e-06
 -5.3887197e-05
 -1.2301761e+00
  7.6492089e-01
  8.6555094e-01
 -6.1043900e-01
 -8.0693035e-06
 -1.9909357e-06
  3.7234625e-01
 -1.1573698e-06
  2.1258302e-05
 -2.2152622e-01
  3.0605203e-01
 -1.6843828e+00
 -3.4622432e-04
 -4.9990751e-03
  5.5591371e-03
  4.1732919e-01
 -6.5167683e-07
  1.6063466e-05
  1.2568791e-01
 -2.1067448e-01
  2.6016945e-01
  1.3154210e-02
  4.6844896e-05
  4.6047494e-06
  7.4271017e-01
 -2.6627573e-05
 -1.3711607e-05
  6.6041857e-02
  9.3696892e-02
  7.4702609e-01
 -5.1063579e-01
  1.2907271e-06
 -3.7232283e-07
 -1.5499994e-05
  5.5319835e-02
  3.7579099e-05
  4.2393753e-01
 -6.8762821e-01
  1.1197708e+00
  3.8885337e-01
 -5.3449357e-06
 -1.8302505e-04
  2.5524736e-05
  4.4610988e-05
 -1.1287433e-04
 -1.0773138e-05
  9.2480186e-05
 -5.4823966e-05
  4.6509373e-05
  2.4746318e-05
  1.4808389e-05
  9.2914570e-06
  1.6116962e-01
  1.4375131e-05
  8.2664341e-01
 -1.5244453e+00
  1.1085044e+00
  3.4526885e-02
 -2.6586793e-06
 -3.0021427e-05
 -9.4356565e-06
  1.8197237e-04
 -3.6908725e-06
  8.3045441e-01
  4.6290958e-01
 -1.2651342e+00
 -2.7166378e-01
 -4.2450443e-05
  4.5693050e-06
 -9.8993405e-07
  9.8878562e-02
 -1.2350322e-05
  1.5567490e+00
 -2.5163335e-01
  8.8174682e-05
  1.2286495e+00
 -5.1183915e-06
 -1.1495096e-05
 -3.2585209e-05
  9.9965564e-06
  4.1522546e-04
  2.9029202e-01
  6.0250789e-01
  2.3824685e+00
 -3.8501784e-01
  2.7802992e-07
  1.2238856e-05
 -4.0434024e-05
  2.7100584e-03
  4.4081225e-05
 -2.1388987e-01
 -5.7151653e-02
  3.3374426e-01
  6.3953713e-02
 -1.3862060e-04
  2.5702160e-05
  7.2299267e-06
 -1.0753842e-05
 -1.8967299e-05
  1.7497042e+00
 -4.3111923e-01
  7.2427905e-01
  1.1052772e+00
 -2.0652792e-06
  1.2166047e-05
  4.9576511e-06
  1.9990744e-05
 -1.7807410e-05
  5.4446809e-02
 -1.5913218e-01
 -5.4109842e-01
  6.8382353e-01
  1.0519618e-06
  6.0043567e-05
  1.5439049e-05
 -1.1148505e+00
  7.7293305e-05
  9.6886528e-01
  1.9041209e-01
  5.4078960e-01
 -1.2488319e+00
 -1.2713045e-06
 -7.2572722e-05
 -7.0697701e-05
 -2.0714533e-05
  3.2884560e-05
  3.2978389e+00
  2.6542795e-04
  1.0612993e-04
  7.8550465e-06
 -4.4323610e-06
  4.4462540e-05
 -1.6612790e-05
 -6.4113009e-01
 -6.0237981e-05
  1.8954875e-01
 -2.7161885e-05
 -2.0612630e-01
 -1.5688825e-01
 -1.2825580e-05
  5.6086348e-05
 -4.0839699e-05
 -1.9472088e-01
  5.2589762e-06
 -5.9136611e-01
 -2.7396278e-02
  6.1285108e-01
 -1.0181829e+00
  2.5170350e-05
  6.2252730e-05
  2.3780660e-06
 -9.5104545e-02
  4.6966093e-06
  5.0216359e-01
 -2.0098856e-01
  7.2283842e-07
 -1.3460913e+00
 -3.1295207e-05
 -1.3660372e-06
  7.4037735e-06
 -6.8231225e-01
  1.1743235e-05
  2.7606389e-01
 -3.1687345e-02
  8.8249516e-01
 -1.1473337e+00
  3.0030328e-06
  1.1489541e-06
  6.6706662e-06
 -1.4159926e-04
  3.1944087e-06
  1.2940366e+00
  7.0441857e-02
 -4.1073391e-01
 -1.6697944e+00
  8.8046954e-06
 -9.2168331e-05
  2.2766219e-05
 -1.1029125e+00
  3.4912078e-05
  5.1284474e-01
 -3.3391241e-03
 -5.7567358e-01
 -9.7302353e-01
  5.5301629e-05
 -4.0519884e-05
  2.4518580e-04
 -3.0673689e-01
 -4.1198687e-06
 -3.4018964e-01
  6.9205758e-05
  3.7671110e-01
 -4.5491105e-01
  1.0495212e-01
  5.5382752e-01
 -5.8776450e-01
 -1.4938830e-01
 -9.3839856e-07
  3.4372726e-01
  6.5731132e-01
  8.5567993e-01
 -7.1453661e-01
  5.4673042e-06
 -7.5576936e-06
 -4.8198464e-04
  4.5181027e-06
 -5.9831627e-06
 -1.0941070e-01
 -1.6094720e-05
  4.7861099e-01
  1.6547900e-05
  1.0779129e-01
  4.6161649e-01
 -1.0272925e+00
 -1.3334108e-04
 -4.7761346e-06
 -9.5051622e-01
  5.7441521e-01
  1.7630024e-01
 -9.9297690e-01
  7.4565855e-07
  1.2915850e-06
 -5.3421491e-01
 -1.9306517e-06
  2.5792398e-05
  1.0171475e+00
 -2.3492806e-01
  1.0407535e+00
  1.1045190e+00
  7.7515855e-02
  2.6252007e-01
  4.7822607e-01
 -5.3361411e-05
 -8.6572227e-06
  2.2548391e-05
  9.4585526e-01
 -5.5168476e-02
  3.8119024e-01
  9.1317903e-05
  4.7640684e-03
 -9.9756811e-03
 -7.2727154e-04
 -2.5208423e-05
 -1.7081374e+00
 -2.5507492e-01
  1.7823374e+00
 -3.6389425e-01
  1.2203196e-02
  2.3080376e-03
 -2.4970405e-01
 -5.3503373e-07
 -1.0268569e-04
 -1.8612759e+00
  2.4705544e-01
  1.4457012e+00
 -2.3858520e-01
 -2.1556407e-05
  2.3877348e-01
 -8.9825356e-01
 -1.6683507e-03
  5.6754802e-06
 -7.0804650e-01
  6.0317427e-01
 -2.4297246e-01
  2.0020804e-01
  2.6655901e-04
  1.5056889e-05
 -5.4163104e-01
  5.5056817e-06
 -7.8684039e-05
 -6.7911166e-01
  6.4435846e-01
 -4.1305342e-01
 -2.4063025e-01
 -8.7898707e-06
  6.3660441e-06
 -5.8488226e-01
  4.8584557e-06
 -7.5265457e-06
 -3.4052905e-01
  9.6399516e-01
  6.2363714e-01
 -4.2652956e-01
 -1.9783170e-06
  1.7239437e-04
 -1.1236914e-04
 -8.3283494e-06
  1.0976702e-06
 -2.3250231e-04
  8.5237014e-01
 -2.1796203e+00
 -9.0080675e-06
  3.9093902e-06
 -1.3739924e-05
 -4.5287588e-01
  3.0393037e-05
 -1.9658484e-05
 -4.5546094e-06
  4.9969055e-02
  1.2444508e-01
  5.9080231e-01
  2.9720430e-05
  1.5294456e-05
 -7.5825238e-01
 -2.3065877e-06
  7.7849118e-06
 -3.4492704e-01
  1.3448000e+00
 -3.5873434e-01
 -6.4382498e-04
 -7.4969289e-06
  3.7725360e-05
 -7.3960081e-02
 -3.5118634e-07
 -1.2784173e-05
 -3.9922258e-01
 -3.1124808e-05
 -9.3911663e-02
 -1.3325636e-05
 -1.5339964e-06
  4.0269920e-06
 -4.8902568e-01
  1.8606619e-06
 -4.3492319e-06
  6.5565747e-01
  3.2867777e-01
  3.9434081e-01
 -3.9719831e-02
  1.8031942e-05
 -7.8892190e-06
 -8.5448337e-01
  1.2972038e-05
 -1.7408569e-06
 -4.8970911e-01
  1.9833173e+00
 -1.7568927e+00
  4.0710810e-01
 -5.7199381e-06
  2.9234461e-05
 -1.6124945e+00
  6.1983887e-06
  2.6917338e-05
  1.6149652e-05
  1.3651159e-02
  5.1740724e-01
 -5.5029321e-01
  1.4716027e-05
  3.6384921e-07
 -4.6085462e-01
  1.4554197e-04
 -3.5670269e-06
  4.2331576e-01
  1.8767676e-01
 -6.4696753e-01
 -2.6437414e-01
  1.2413758e-02
  1.2413758e-02
  1.2413758e-02
  1.2413758e-02
  1.2413758e-02
  6.7241365e-01
  6.7241365e-01
  6.7241365e-01
  6.7241365e-01
  6.7241365e-01
  1.4738771e-01
  1.4738771e-01
  1.4738771e-01
  1.4738771e-01
  1.4738771e-01
  1.0924964e-01
  1.0924964e-01
  1.0924964e-01
  1.0924964e-01
  1.0924964e-01
  1.6452778e-02
  1.6452778e-02
  1.6452778e-02
  1.6452778e-02
  1.6452778e-02
  1.8038879e-01
  1.8038879e-01
  1.8038879e-01
  1.8038879e-01
  1.8038879e-01
