nep4 3 Ba Zr S 
cutoff 8 4 150 20
n_max 4 4
basis_size 8 8
l_max 4 2 0
ANN 30 0
 -4.5017146e-06
  1.9193241e-05
  1.7014204e-04
  9.6327869e-07
 -3.6272406e-06
  6.8600375e-06
  2.9815162e-06
  1.9781148e-05
  1.3830066e-05
 -1.3179778e-06
 -2.3897314e-06
 -2.8107031e-06
 -4.6564529e-07
  7.9902138e-06
 -3.2167222e-06
 -5.2535626e-07
 -2.1579690e-04
  7.5651183e-06
 -9.3459355e-05
  3.3988424e-06
 -5.8061431e-07
 -2.3717214e-06
  2.1907466e-05
  1.8977950e-06
 -5.3402227e-06
  1.5030321e-05
 -8.7594679e-05
  1.3876889e-06
  1.0407817e-05
  2.2331554e-04
  5.5554390e-01
 -1.7914965e-05
 -1.8211335e-01
 -1.1535795e-01
 -1.8115242e-01
  2.4351509e-06
  1.1292972e-06
 -1.9073670e-05
 -4.8003680e-05
 -3.8378957e-01
 -5.8222818e-06
  2.4007566e-06
 -4.4979975e-06
  6.7231340e-05
  6.3746296e-02
 -3.2632248e-05
  3.1278219e-06
  1.3129740e-05
  1.0924196e-04
  2.1906455e-05
  1.9400252e-06
 -1.0334967e-05
 -1.9248255e-08
  6.8056074e-06
  1.1191433e-01
 -2.7788687e-06
  6.5443948e-07
 -3.6496024e-06
 -7.8937272e-05
 -2.0384216e-06
  7.4016869e-05
 -5.4151748e-08
 -9.5664859e-07
 -1.0879740e-04
 -2.3978731e-05
  7.5305243e-06
 -1.0119642e-05
 -9.2179143e-06
  1.5640541e-06
 -2.9401442e-06
  1.8274206e-05
 -2.2592587e-06
 -8.4358351e-07
  6.7227397e-06
 -1.0641156e-06
  4.7275225e-06
 -1.8262910e-05
  1.4432746e-05
 -2.4143230e-05
  2.3223160e-06
 -4.7461344e-05
  7.4385071e-06
 -3.9659608e-06
  7.6107267e-06
 -4.5403594e-06
  7.7632722e-06
 -5.6940776e-06
 -8.2201259e-06
  3.9193201e-06
  4.8249117e-06
  1.3927687e+00
  1.1736767e+00
 -1.4235399e+00
 -5.7878159e-03
 -2.6194155e-01
  2.8441634e-04
  1.8631323e-05
 -1.5015369e-04
 -2.4762554e-01
 -6.8895203e-01
 -1.3572972e-05
  6.5200868e-05
 -6.1213555e-05
  3.8417234e-05
  2.5152221e-01
 -5.8347661e-05
  3.4782992e-05
  2.8153365e-06
  7.5749770e-02
  8.0071963e-02
  1.8445737e-04
 -4.9504060e-06
 -3.4251512e-05
  5.1159702e-02
  3.7049556e-01
  1.5009615e-06
  1.0004470e-05
 -1.1842721e-05
 -2.1131411e-05
 -6.3903162e-06
  1.4617312e-06
 -9.0373287e-06
  5.1872688e-04
  4.5152359e-05
  2.3454604e-04
 -1.8899513e-05
  4.5817592e-06
  5.0642575e-05
  1.8726743e-04
  2.5205946e-04
  4.2595957e-06
 -6.0841069e-04
  5.4007114e-06
  1.1677997e-05
  4.6917566e-04
 -6.1081009e-06
 -1.7128924e-04
  3.0435142e-06
 -1.0145734e-05
 -3.9260292e-05
  1.1971695e-05
  5.2398464e-06
 -1.7666435e-06
 -1.0549416e-05
 -2.1530386e-05
  1.1280326e-05
 -2.4961262e-06
 -4.0215320e-05
 -1.0523130e-05
  2.0426648e-06
 -5.0057188e-05
 -3.0600018e-04
  2.9919334e-04
  1.5166547e-04
  6.9226389e-04
 -3.3895085e-05
  1.2353176e-05
 -1.4391141e-04
  2.1897056e-04
 -9.3661021e-07
 -2.9866267e-06
  1.1491122e-05
 -5.9742742e-06
  3.6767283e-06
 -2.4681920e-05
  6.2966692e-06
 -1.3514032e-06
  6.1391602e-06
 -9.8113887e-06
  1.6301850e-05
 -3.5481519e-04
 -1.7616909e-05
 -2.0414627e-05
  1.3914259e-06
 -1.8911577e-04
 -1.7837783e-04
 -8.3883324e-06
  3.1776669e-06
 -9.2659793e-06
 -5.4792076e-07
 -7.9758847e-01
 -5.9673963e-03
  5.0429714e-01
  7.6514907e-04
  2.7771064e-05
 -1.3804882e-03
 -7.3139367e-06
 -8.1239205e-07
  1.8537659e-03
  9.0073552e-03
 -9.0481706e-07
 -1.8348908e-05
 -3.9067913e-06
  6.2956868e-05
 -1.3340381e-04
 -8.7451042e-07
 -1.1799439e-06
  2.3468481e-05
 -2.0489251e-04
 -4.6243026e-06
 -8.6807513e-06
  3.6208471e-06
  3.4917509e-06
  1.5982751e-07
  4.7775313e-07
 -5.3177320e-07
 -9.5339792e-06
 -2.9414037e-05
  1.2219728e-05
 -8.9448677e-06
 -1.4143629e-01
 -1.8251530e-05
  3.1171396e-01
  1.7143780e-05
  9.5101041e-06
 -1.1189319e-05
  3.5813368e-06
  1.5377433e-05
 -8.1197140e-06
  1.6912403e-05
  6.5813547e-06
  4.8475482e-07
  9.2942231e-05
 -5.5852456e-06
  2.7293201e-05
 -2.6861042e-06
  7.8567088e-04
  5.6712711e-06
 -7.8479507e-06
 -1.5347897e-06
 -1.6562294e-04
 -1.1320902e-04
 -7.5493649e-06
 -3.0546778e-06
 -2.3086714e-05
  5.7706973e-07
  3.1409692e-07
  8.5000484e-06
  4.4213397e-05
 -9.5615396e-06
  1.9102177e-05
 -2.0475366e-06
 -1.5905602e-01
 -2.5267439e-06
 -7.9532941e-07
 -1.2432246e-06
  1.3277706e-06
  1.5615418e-05
 -3.4710979e-06
 -9.7272523e-06
  2.4415434e-07
 -1.8498532e-06
  7.5359494e-06
  2.2717320e-06
 -4.5894490e-06
  1.4733459e-05
 -4.9547411e-06
  9.4000025e-06
  8.8907709e-06
  4.4293251e-06
  5.1063980e-05
 -1.2066933e-04
 -4.0746254e-06
  7.0993474e-06
  4.4893762e-04
 -7.3039869e-06
 -1.1250796e-05
 -2.6987429e-05
  6.2931131e-06
 -8.6609061e-06
 -8.4639942e-05
  7.0932423e-05
 -2.7997339e-01
 -3.0118365e-02
 -9.5233414e-04
 -9.0308304e-06
 -1.9258476e-05
  1.1530991e-05
 -6.4211082e-07
 -7.9816327e-06
  1.1962500e-05
 -8.1865019e-06
 -2.7946780e-06
  9.6167150e-06
  1.4456802e-05
 -3.6929563e-05
  1.2007757e-06
  5.5849068e-06
  4.5876557e-05
  5.4309430e-04
  5.1228591e-05
  7.3095116e-06
  1.0371324e-05
  4.9298827e-04
  3.6335703e-02
  2.1450100e-05
 -6.7320225e-06
  6.0673947e-06
 -2.4032108e-06
 -2.3459172e-05
 -6.0191172e-01
 -7.8896480e-04
  4.4198322e-01
  4.1187164e-01
  5.0424576e-01
 -2.2973920e-01
 -8.2715967e-05
  4.2059823e-06
  1.4199166e-01
 -1.8200197e+00
  1.6620218e-06
  5.9161907e-06
 -2.2229315e-06
  2.6397940e-04
 -3.6887140e-03
  8.7208100e-05
 -1.3754375e-05
 -2.1555617e-05
 -4.1221108e-05
 -4.0408291e-02
 -8.0630062e-03
  7.8427847e-06
  1.3475683e-05
 -7.4032769e-03
 -3.2805830e-01
 -1.5783387e-06
  2.5178291e-05
 -2.5549125e-06
  1.6995837e-05
  2.1686734e-05
  1.0208867e-05
 -6.4455378e-08
 -7.6603201e-06
  5.4611482e-05
  7.3420360e-06
  8.8544306e-07
 -1.6098258e-05
  2.7180758e-06
  2.4311029e-04
 -5.8232813e-06
 -7.1342954e-05
 -1.4404068e-05
 -2.0990039e-05
 -3.2115140e-06
 -6.8180071e-07
 -2.2425540e-05
 -2.5126932e-05
 -1.0918666e-05
 -6.7992391e-06
 -4.1201325e-05
 -2.0827970e-06
  8.2076076e-06
 -2.3378493e-06
 -6.9047695e-05
  1.7076686e-06
  4.0114257e-05
  3.4282280e-06
  1.6052731e-05
  2.9557052e-06
 -1.1231576e-05
 -4.5230377e-06
 -1.0111176e-04
  1.5131834e-01
  2.0969758e-02
  3.4186276e-06
 -1.0451216e-01
 -7.6141773e-06
  5.5294472e-06
  6.2378094e-04
 -1.4062520e-06
  7.0281683e-05
 -9.9015897e-06
  1.1707235e-05
 -2.0429042e-04
 -1.2186830e-05
  4.3873163e-04
  4.0701093e-06
 -1.1871118e-04
 -3.9098268e-05
 -2.5162735e-04
 -7.7165547e-05
 -1.5348152e-05
  1.2883591e-04
 -2.3010294e-05
 -2.1700373e-04
 -2.7766046e-05
  4.1157124e-05
  1.5423449e-05
 -8.9123074e-05
  2.8388029e-06
  2.2746360e-06
  7.6660299e-06
  7.9295329e-05
 -2.3765488e-06
 -5.4235352e-06
  4.1794970e-06
  4.0097311e-06
  3.2333752e-05
 -1.6767636e-06
 -6.7954265e-05
  2.1259225e-06
 -8.7326771e-06
 -9.4473333e-05
 -8.2436782e-06
 -1.0257284e-04
  1.3341159e-05
  9.0603768e-05
  8.9804853e-06
  7.9787838e-05
  9.0715284e-06
 -9.1537440e-05
  2.6475980e-05
 -4.7924777e-06
 -1.8762540e-06
 -6.5091435e-06
 -1.8913382e-06
  5.0426725e-06
 -7.4913619e-06
 -3.0425239e-05
  3.3919527e-08
  7.4588132e-01
  1.0266892e-01
 -9.7235775e-01
 -9.8507690e-01
 -1.2733786e+00
  5.3689084e-03
 -3.2686685e-06
  9.4975821e-06
 -9.1891009e-01
 -9.9307364e-01
 -1.5624455e-05
 -1.0085532e-05
  1.0261964e-05
  2.2259085e-06
  1.4577238e-01
 -3.1043544e-01
 -2.3031839e-06
 -6.6713746e-06
  1.3596110e-02
  8.8011943e-02
  1.3328603e-01
  4.6646992e-06
 -1.0563935e-05
  9.5176309e-02
  4.5760506e-01
  1.9990797e-05
  1.2345735e-06
 -5.2182399e-06
 -2.7695236e-05
 -1.6954367e-05
  1.0773785e-04
 -3.0141925e-06
 -2.3693259e-05
 -1.8791830e-05
 -8.3363375e-06
 -3.9102424e-06
  7.5284188e-06
 -2.6060819e-05
  2.1205292e-06
  1.3211198e-06
  3.6121128e-04
 -6.0111597e-06
 -1.1985780e-04
  8.9369596e-06
 -5.4295280e-05
  2.0969765e-05
  1.2329633e-05
 -9.4857687e-06
  3.8197500e-06
  1.1821159e-06
 -7.5930939e-06
  1.9366245e-05
 -1.2315161e-06
 -7.9248985e-06
 -9.7993723e-07
  4.6876150e-05
 -8.0065041e-07
  6.7756896e-06
  8.8922578e-05
  1.2889390e-05
 -2.7520438e-05
 -2.6008620e-06
  5.2755451e-05
  3.4575793e-04
  1.6874923e-05
 -1.6213939e-05
  2.4272143e-05
  2.4084757e-06
  5.6749177e-06
  5.8451560e-06
  2.5217011e-04
  1.7076767e-06
 -8.7855160e-06
  2.6308733e-06
 -1.4768637e-05
  1.0070919e-05
  2.6749794e-06
  1.8998661e-07
 -1.4255878e-07
  5.5042910e-06
  2.9734379e-06
 -1.5244733e-04
  2.0206429e-04
 -5.5900832e-06
 -1.0676021e-05
 -2.7033537e-05
 -3.6726890e-06
  1.3894129e-04
  4.2715947e-06
  1.3949800e-06
  7.4269039e-05
  9.2187538e-06
 -6.8768122e-06
 -5.5598107e-06
 -2.1733613e-05
 -3.0428687e-06
 -3.5818739e-06
  1.0448233e-06
 -1.6335751e-05
  2.9628645e-06
 -1.9241318e-06
  1.9292160e-07
 -7.0901037e-06
  3.2535909e-06
  1.8540204e-04
  1.0765059e-06
  3.3251540e-06
  6.9547779e-05
  9.2547205e-05
 -1.8454284e-05
  4.4103924e-04
 -6.1818318e-05
  1.3472742e-04
  8.9851683e-06
 -1.4572119e-05
 -5.0004728e-06
  1.9576107e-06
  7.2376955e-05
 -4.2649710e-08
  3.3155738e-05
  1.3039328e+00
 -3.0786712e+00
  1.4188780e+00
  6.5167731e-01
 -4.0195708e+00
  1.8078813e-01
  3.7557193e-06
 -6.5474700e-07
 -9.1374256e-02
  1.8245639e-01
 -1.5704233e-02
 -1.0963048e-05
  1.6124037e-06
 -1.4593031e-01
 -1.3179460e-05
 -6.7627299e-01
  3.3541208e-05
  1.9012550e-05
  9.7859906e-05
 -4.0656868e-02
  7.9245758e-05
 -5.6037557e-06
  9.4363784e-08
  1.8683052e-06
  1.5110451e-01
 -1.0181957e-06
 -2.5379618e-06
  3.1027812e-06
  4.2631568e-06
 -1.0723709e-06
 -1.7308037e+00
 -7.8312320e-01
  4.1065490e-01
  8.8972074e-01
  6.7740709e-01
 -1.0516766e-01
  4.5011529e-05
 -4.7404928e-06
  4.2025471e-01
  1.1466215e-01
  1.8036549e-04
  2.3764696e-06
 -1.3654767e-05
  1.3926543e-05
 -7.7001102e-02
  5.4239005e-01
  7.5124306e-05
 -1.0147983e-05
 -4.9885640e-01
 -5.8532625e-01
 -3.5103780e-01
 -8.5113861e-06
  1.2631239e-07
 -3.4911311e-01
 -1.0383416e+00
 -1.9710524e-05
 -8.8184142e-06
 -2.0399870e-05
  1.2992175e-04
  8.6665332e-02
  1.0830657e-05
  1.5250527e-06
  5.1225143e-06
 -7.0495666e-06
  1.8940904e-04
  4.8697948e-06
 -6.9268112e-06
  4.2974780e-06
 -1.8489397e-04
 -4.3420896e-05
 -8.7152384e-06
  5.0637216e-05
 -6.9687513e-07
  1.1203761e-05
 -1.7812814e-06
  6.9017715e-06
 -2.0784460e-06
 -3.6878844e-06
 -5.6495783e-06
 -5.0294329e-06
 -1.1017953e-05
 -1.3038913e-05
 -2.8078744e-06
  1.4341734e-05
 -4.9130063e-06
  2.1374386e-05
  7.1988791e-07
  2.7998972e-06
  4.1604185e-06
  7.2765483e-06
 -6.7552292e-06
 -1.3816152e-06
 -9.0301398e-07
 -3.2174103e-06
 -3.0285868e-05
 -7.8843177e-06
 -1.0293176e-06
 -1.7068611e-05
 -1.6838334e-05
 -5.9284707e-06
 -3.7019029e-06
  1.3848115e-06
  3.3165566e-06
  5.7828453e-07
  6.5643937e-05
  1.5125986e-05
  2.1989963e-06
 -4.5155909e-07
 -7.2575705e-05
 -4.4421004e-06
  8.0899872e-06
 -1.6454613e-05
 -5.8992064e-06
  1.3079116e-06
 -6.4671588e-07
 -5.4542517e-07
  6.2191941e-07
  1.1535538e-05
  1.7145640e-05
  6.1780543e-07
  2.7034125e-06
 -8.2729102e-06
 -1.9772842e-05
 -6.6695299e-07
  1.1623242e-05
  1.6877762e-05
 -8.7537636e-08
  6.2926774e-05
  1.4787726e-04
 -1.2229892e-05
 -4.3798269e-07
 -5.0736862e-06
  1.0623769e-05
 -5.0047806e-06
 -1.9214815e-06
  5.2534979e-06
 -4.6427090e-06
  3.9516667e-06
  1.3108844e-06
 -2.0401042e-07
  2.5825555e-06
 -1.6617125e-06
 -4.8724587e-06
 -5.1433317e-06
 -4.0106002e-05
 -1.5095482e-06
 -4.6902196e-04
  3.2664738e-07
  1.0040981e-05
 -5.9836780e-06
  2.5925423e-05
 -3.8798680e-06
  2.6293777e-05
 -1.1836960e-06
  5.7188736e-05
  6.7099450e-06
  6.8145977e-07
 -5.2000892e-06
  3.6777410e-06
  4.4685089e-06
  4.4212641e-07
  1.1269788e-04
 -2.0566486e-06
 -4.1106773e-06
  1.3208541e-05
 -7.1223394e-06
  1.0036321e-05
  4.5978763e-06
 -1.1925072e-05
 -5.9262929e-06
 -3.4478371e-06
 -1.5641691e-06
  3.9649153e-06
  8.8249835e-06
  1.5244934e-06
  1.8413257e-05
 -4.4202689e-06
  8.0450081e-05
 -8.0934560e-06
  1.3761410e-05
  4.7722124e-06
  2.5648551e-06
  6.4080937e-06
 -9.7157033e-05
 -3.2419177e-06
  7.1311342e-06
 -1.3381151e-04
 -1.3697697e-05
 -1.0156788e-05
  2.4317221e-06
 -1.2055266e-07
 -5.1359957e-06
 -7.2836542e-06
  1.8169820e-05
 -1.3768130e-06
  4.7114392e-07
 -6.8708346e-06
 -2.2168131e-05
  8.0414839e-06
  3.9732895e-06
  3.4664885e-05
 -2.0384214e-05
 -6.2368786e-06
  9.2545815e-05
  1.3261839e-05
 -5.0194940e-06
  6.0614807e-06
  8.8243078e-06
  2.5879981e-06
  4.1538238e-05
 -3.0974700e-06
  4.6007217e-06
  1.0685104e-05
 -7.6161210e-05
 -2.9132656e-05
 -1.2675814e-05
  1.5425996e-06
 -1.2732409e-06
 -8.2610997e-05
 -1.1925528e-05
  4.7478984e-06
 -8.0012951e-06
 -1.6675981e-06
 -1.0795852e-04
 -2.0680043e-06
  3.8278864e-05
  2.8770813e-04
  2.5567772e-07
 -1.1346270e-05
  2.9132807e-06
 -4.0676627e-05
 -1.3338053e-05
  5.5118776e-06
  1.2485273e-05
  5.7224061e-06
 -8.7290863e-07
  6.3433363e-06
  9.4758316e-06
 -2.5051751e-05
 -6.8089848e-06
 -2.1581508e-01
 -1.8440143e-05
 -2.8556931e-01
 -9.0803027e-01
 -2.5054485e-01
 -1.4592232e-02
  9.0117896e-07
  2.0008225e-05
 -9.4955780e-02
  1.8691069e+00
 -1.7193869e-04
  1.3211260e-05
 -5.5067958e-06
  1.3785762e-05
  3.9609678e-02
 -1.0889792e-06
  1.4252737e-05
  4.9360033e-06
  7.8033921e-03
  1.1858633e-02
  1.1317034e-05
 -7.4086965e-05
  3.3356632e-06
  3.7355340e-04
  1.8725882e-01
 -8.4077428e-06
  6.6561606e-06
  4.0499090e-06
 -7.6268975e-06
  6.9325660e-07
  4.1900053e-06
 -1.2941723e-04
 -1.5575869e-04
  8.4208274e-05
  1.1094735e-04
 -6.6809430e-06
 -1.8323742e-06
  2.4675885e-06
  3.0076217e-05
  2.4575165e-05
  1.6397665e-06
  2.5688735e-06
 -8.2262914e-06
 -3.5876143e-05
  1.0704836e-06
 -8.9298839e-05
 -4.8802276e-06
  2.2227738e-04
  1.1595926e-05
  1.7894019e-05
  6.5856484e-06
  1.9246620e-06
  7.1195109e-06
  8.6859318e-06
  1.6634395e-06
 -1.1371074e-05
 -3.7454968e-06
 -6.6445718e-06
  1.8015082e-04
  1.1908017e-05
 -1.0889287e-05
  1.9882998e-05
  2.2237814e-06
 -3.0599890e-04
  1.7789613e-05
 -1.1299607e-05
 -2.0510764e-05
 -1.2690994e-06
 -4.3269788e-06
 -6.3067387e-06
  2.3364346e-04
 -2.8779314e-06
  2.2015092e-07
  3.3191125e-05
  2.0081648e-06
  1.5176353e-06
  1.5115062e-06
  5.0340846e-06
 -3.2552478e-05
  8.4756757e-06
  5.6367585e-06
 -2.4751569e-06
 -2.6906287e-06
  1.6019434e-05
  8.1579667e-05
 -1.6271080e-05
 -7.7727354e-06
  4.0665418e-06
 -1.8039244e-05
  1.1255858e-04
  1.3006138e-04
  1.4105434e-05
 -9.9427208e-02
 -6.9999677e-04
 -2.2267440e-04
  9.4336947e-06
  2.0647028e-07
 -1.7985162e-06
 -3.0799540e-05
 -5.7148410e-04
  8.7656037e-05
 -1.5563908e-05
  1.7272558e-07
  6.8966433e-06
 -6.4738911e-06
  1.3557457e-06
  1.6417964e-06
 -3.6644169e-06
  1.4482486e-05
  2.8459844e-04
  1.0030926e-03
  2.4633536e-07
  8.2006773e-06
  1.2923687e-04
  1.5611304e-05
  2.2737156e-07
 -1.1162533e-05
  6.9305338e-06
  7.4042155e-06
  8.1821134e-05
  2.2020122e-05
 -8.2189724e-02
  6.3609323e-06
 -2.2578863e-02
 -5.1524156e-01
 -3.9611042e-01
 -4.0368430e-02
 -1.9218910e-01
 -7.3677045e-01
  1.1402398e+00
  2.1129701e-01
 -3.2130459e-01
 -3.0851051e-01
 -1.6992979e-06
 -2.9943472e-01
  2.4305580e-05
 -2.8358477e-01
 -9.5020187e-06
  6.6970354e-01
  2.9033229e-01
  1.4851351e-05
 -2.4347517e-05
 -5.4135849e-06
  2.6922076e-05
 -1.7387808e-06
  1.3748588e-07
  6.6272408e-01
 -5.1179895e-04
 -7.0965639e-06
  3.1414139e-01
 -7.8626535e-08
  7.1358573e-01
  6.8876011e-06
  1.8203717e+00
 -5.3747374e-01
 -7.7401263e-01
 -6.9116867e-01
 -4.0938836e-01
  8.7890327e-02
  2.5623302e+00
 -1.2718407e+00
 -7.1101558e-06
 -7.1134228e-01
 -1.0273695e-05
  2.2782123e+00
 -9.7267481e-08
 -5.1582628e-01
  2.1106187e-05
  3.2385864e+00
 -2.5035965e+00
  3.6287236e-06
  1.2333494e-05
  1.0299729e-06
 -1.1294926e-06
 -2.6932952e-05
 -2.6171885e-05
  1.4535817e+00
 -1.3315025e-01
 -1.0215043e-06
  6.0389864e-01
 -1.1736335e-01
  1.3159637e-05
 -4.1984090e-01
 -2.5919880e-06
  1.5360167e-06
 -3.0183767e-06
  1.0254131e-05
  9.6334748e-05
 -1.1664013e-04
  2.5875730e-05
  1.2136899e-05
  7.0587918e-04
  7.6652805e-06
 -3.1249765e-05
  1.1931705e-06
  1.4128265e-05
 -1.3001527e-05
  6.4482734e-02
  3.5991088e-02
  2.2414863e-05
 -4.3385880e-06
 -1.6179729e-07
  9.9308971e-05
 -6.4747568e-05
  1.4342844e-05
  4.5303991e-06
  5.8322341e-05
  5.1003062e-05
 -1.1402318e-06
  5.6358908e-06
 -7.8614491e-01
  2.3573158e+00
  1.8685468e+00
 -5.4471426e+00
  1.9182676e+00
  1.3200701e+00
 -1.2691942e-01
 -3.9891651e-01
  1.3117974e-04
 -1.9582435e-01
  1.1007984e-04
 -6.5714020e-01
  1.1722581e-01
  4.8209140e-01
 -4.8839620e-06
 -6.2571242e-02
 -7.7264071e-02
 -9.5524073e-01
  8.2688820e-01
 -8.0274921e-03
  7.4113821e-05
  1.3747689e-01
  4.1632482e-04
  1.8354071e-02
  1.2341312e-05
 -1.8480446e-04
 -2.1901651e-04
 -1.1738487e-01
  3.2943091e-01
  8.2955461e-07
 -3.1704491e-05
 -1.8990841e-05
  2.5834493e-07
 -1.8165890e-06
  2.7640261e-05
 -3.3112281e-06
  6.8136978e-07
  7.7490158e-06
  3.5888759e-05
 -1.4756370e-06
 -2.7723427e-06
 -3.2500899e-05
 -4.2269762e-06
  1.4888655e-04
  2.2306525e-05
 -1.1158854e-05
  7.6663337e-06
 -7.7934590e-07
 -3.2211992e-05
 -1.3989405e-09
 -8.8951583e-06
 -3.6078025e-06
 -4.4669514e-06
  2.1259197e-05
 -6.3956802e-05
  1.2611697e-05
 -1.1440793e-05
 -8.3154682e-06
  7.0151091e-06
  2.0192849e-05
  5.9753456e-06
 -2.7813567e-06
 -3.6087540e-01
 -7.2875164e-06
 -3.7885106e-06
  3.2946871e-05
  6.8453005e-06
 -1.4727828e-04
  7.2973426e-06
  1.4878556e-05
 -1.2596365e-06
  1.5435200e-04
 -2.2178909e-05
 -7.4720679e-06
  8.7509070e-06
  2.3056955e-06
  3.5881249e-06
  5.4674007e-07
 -8.0982090e-06
  4.1269800e-06
 -8.7852754e-07
 -2.5596179e-05
 -8.6204263e-06
 -1.6832217e-05
  2.4010773e-05
  2.8880602e-05
  9.9056297e-06
  1.7823232e-06
  1.2348094e-05
 -2.0773125e-06
  7.4341512e-01
 -1.3088331e+00
  9.6271038e-01
 -2.1217905e-02
 -4.6483222e-02
  5.6013416e-02
 -1.8333928e-01
 -1.1067113e-01
 -4.7556830e-07
 -5.6483033e-03
 -9.8046177e-05
 -1.1243284e-01
 -4.6512678e-01
  2.3540355e-05
 -3.4220000e-05
 -6.5347910e-02
 -3.3750190e-04
 -1.4156492e-01
  5.5387515e-01
 -1.8854042e-04
 -6.5573854e-06
  5.0499842e-02
 -9.3076646e-01
  2.2029777e-03
  1.0748351e-05
 -3.3045865e-06
 -1.1023315e-05
 -1.9486490e-04
  3.7049831e-05
 -3.3159711e-06
 -2.4300472e-01
  1.1302960e+00
 -6.6455615e-01
 -5.2923054e-02
 -1.1976087e+00
 -3.5148308e-02
  2.3361693e-01
 -6.8352520e-02
 -5.6427289e-02
  2.2528031e-01
  5.1182300e-01
  4.7313729e-01
  7.7996433e-01
 -3.9358994e-01
  4.6378893e-01
  3.7694874e-01
  6.9644308e-01
  2.1311909e-01
  1.8771099e-01
  1.4017102e-01
  2.7580321e-04
  1.1477490e-03
  2.1601510e+00
  5.7438894e-05
 -9.0532194e-06
  1.1348408e-05
  2.0683155e-04
  4.4609327e-04
 -4.1926418e-05
 -6.6950262e-05
  5.6872964e-01
  9.7847903e-01
  3.4658572e-01
  6.9792645e-06
 -4.4187255e-02
  1.8536955e-02
 -5.1185129e-06
 -3.4825668e-02
 -3.2064028e-05
 -2.0652686e-05
  2.1419839e-05
 -8.2664480e-03
  3.6526799e-07
 -2.2240215e-06
 -1.3837104e-06
 -1.1923151e-05
  1.9995015e-05
 -3.7208603e-05
 -1.4461832e-03
 -6.1439822e-04
  1.9784591e-06
  1.0430749e-06
 -7.9736143e-05
  3.0470343e-04
 -3.1069051e-06
  1.5040338e-05
 -2.0915086e-06
  7.5673338e-06
  3.8158498e-05
  1.2474132e-05
  1.0358415e+00
  1.1055766e+00
  1.7136259e+00
  4.9267495e-05
 -1.1964676e-03
  2.2196227e-01
  9.6802353e-07
  3.2820261e-01
  4.3915978e-05
 -1.4809641e-05
  1.4117340e-05
 -2.7003270e-04
 -3.6010319e-06
 -4.3747002e-01
  2.1563446e-05
 -1.3734943e-05
  2.0778591e-04
 -3.2114706e-06
  9.6537144e-05
  5.0107519e-06
 -2.3359102e-05
  1.7223342e-01
 -5.6958805e-05
  2.3838466e-02
  4.5013829e-07
 -4.2269716e-05
 -1.6375896e-05
  6.2515564e-06
  3.4035861e-07
  1.7324788e-05
  9.8223267e-05
 -4.9527116e-05
 -1.4619408e-04
  5.4055599e-06
  4.6633329e-05
 -1.4725435e-04
 -2.2989516e-06
  1.5956588e-04
 -8.4343064e-06
  1.1776708e-05
  2.1108913e-06
 -1.5517906e-05
  3.4503819e-06
  3.7264117e-06
  9.9333389e-05
 -3.9056395e-06
 -3.8117287e-06
  1.6234766e-05
 -2.1905316e-06
 -5.5378105e-06
  1.5545278e-05
 -1.4597783e-05
 -1.7386648e-05
 -1.0284065e-05
 -2.5514237e-05
 -3.9392908e-05
  2.4948060e-04
  9.3414783e-06
 -1.4121621e-05
 -1.9546389e-05
 -3.0909541e-06
  1.0927180e-06
  7.1690197e-06
  4.8513848e-06
  3.1031075e-05
 -3.9382253e-06
  2.3124163e-05
 -2.9243291e-05
 -2.8046895e-06
 -7.5469661e-06
  5.7947040e-07
 -6.9573912e-06
  1.8500627e-04
  2.5030406e-06
 -1.2955813e-05
  3.6989266e-05
 -7.4690528e-05
  3.0777508e-06
  7.2475188e-05
 -3.0211665e-06
  3.5508529e-05
 -1.4720775e-05
  1.2228685e-05
  3.1711061e-06
 -2.8320806e-05
  6.7355802e-05
  1.4452639e-06
 -1.1383812e-04
 -4.2229249e-06
 -1.6406540e-05
 -7.3066634e-01
  3.5687945e+00
 -2.9436582e-01
  4.6230722e-02
 -2.1223617e-01
 -2.4183175e-02
  4.7995758e-01
  1.4359326e+00
 -1.2578250e-01
  2.3487415e-02
  2.6240164e-02
  3.1559368e-05
  2.2530727e-01
 -6.0257703e-01
  5.3024771e-05
  1.1780202e-01
 -1.2231127e-05
  5.7893378e-01
  2.9523375e-02
  7.0213941e-06
  1.5496560e-05
  8.5771590e-06
  1.2876427e+00
 -3.6561638e-01
  4.2267562e-05
 -1.0739792e-06
 -2.2240112e-05
  1.5658665e-02
  3.8242444e-05
 -1.1135626e-05
 -2.0016021e-06
  7.8478479e-05
 -7.0746028e-06
 -1.6481543e-05
 -3.5506350e-04
 -5.2385681e-06
  4.7161684e-06
 -3.3653094e-05
  2.7189831e-06
 -5.7921875e-06
  1.2893223e-05
 -3.2526598e-06
  1.1658619e-06
 -3.9957658e-07
 -4.4150670e-06
  1.2234953e-05
  3.4673175e-07
  5.8441732e-05
  5.6340268e-06
 -5.5192481e-06
 -2.5223228e-04
 -5.0248735e-05
 -7.4284708e-06
 -1.2499922e-06
 -1.1280385e-05
  1.0040466e-06
 -6.0548682e-06
  1.3554867e-05
  9.6845733e-06
 -4.4218461e-05
  8.4224623e-01
 -9.2201313e-05
  3.6324671e-01
 -1.0012003e-05
 -1.0762931e+00
  3.1595442e-02
  3.9790553e-05
  4.1065745e-02
  1.6556447e-05
  1.4958862e-04
 -8.4922634e-05
 -2.6893953e-05
 -2.5047417e-05
 -3.5498404e-05
 -5.6760586e-05
 -1.4014154e-04
  2.1244552e-05
 -4.4498440e-02
  2.1775839e-05
 -4.2795953e-05
 -2.3023906e-04
  1.6854891e-01
 -2.0880349e-05
  8.0064632e-04
 -2.2811578e-06
 -2.3229943e-06
 -5.1580075e-05
  1.2781981e-05
  8.5035472e-06
  5.8740766e-06
 -4.7575065e-07
 -9.2617847e-07
  2.8616883e-04
  1.9221870e-06
  3.0431925e-06
  1.8298882e-05
 -2.9107441e-05
 -4.5348747e-07
 -1.4148818e-06
 -9.7049902e-05
  1.9199376e-06
  5.6603079e-05
  1.1006196e-06
  5.9627187e-06
 -1.9591404e-05
 -6.2474581e-05
  1.2502468e-06
 -1.1989760e-05
  1.1833044e-05
  9.5998375e-06
 -4.7209815e-05
  1.6470023e-05
  7.6083538e-06
  3.1943703e-06
 -2.4166889e-04
  8.0282203e-05
 -5.3265715e-08
  4.1171683e-07
 -4.7318494e-07
 -9.6509757e-05
  1.3686701e+00
 -1.9638665e-01
 -5.4703462e-01
 -1.8836114e+00
 -7.0760143e-01
  3.4998831e-01
 -5.7106733e-01
 -1.6325541e-01
  3.2774603e-04
 -1.6996334e-01
 -9.9721342e-02
 -5.5032045e-01
 -4.4384214e-01
 -5.0931983e-05
 -1.1565991e-04
 -1.7652550e-01
 -9.7094573e-02
 -9.3582547e-01
 -2.9293841e-01
 -4.8667390e-02
 -4.5736565e-04
  8.2844205e-02
 -1.6173023e+00
  4.9282396e-03
  4.8977840e-06
  4.1514436e-06
 -2.4338657e-05
 -5.2205462e-04
  4.2759841e-03
  1.7542206e-05
  5.9477180e-01
 -1.3496651e-03
  6.8775184e-02
 -1.4220390e-05
  1.3460894e-05
  3.6819780e-05
 -1.4797080e-04
 -2.3835067e-04
  1.1710315e-05
 -3.7633306e-06
 -2.6742997e-05
 -3.9906066e-04
  1.9262066e-05
 -3.8369635e-05
  5.1428196e-06
 -2.5515052e-04
 -2.4531770e-04
 -7.2450988e-02
 -8.4213853e-02
 -8.9100840e-06
 -2.0105619e-05
 -6.7481604e-05
 -2.6116043e-01
  7.4889906e-02
  2.1228489e-05
  1.6919628e-05
 -1.5759368e-06
  1.8210974e-05
  3.9880684e-05
  4.1982557e-06
  7.4173284e-01
  4.8525064e-05
  9.1221136e-01
 -2.3087024e-04
 -7.5072294e-01
  4.9712580e-05
 -7.9113352e-07
  8.2570970e-02
  3.0133660e-06
 -3.6549100e-04
 -2.7108073e-05
 -5.6655947e-03
 -2.1872731e-06
 -4.9821037e-04
 -3.2150579e-06
 -8.7376923e-04
  2.5354067e-04
  9.1003676e-06
 -9.9381505e-05
  3.9637375e-06
  6.1470346e-06
  5.1268063e-02
 -9.5070034e-05
  8.9404028e-05
 -2.4225990e-06
 -5.0332919e-06
  1.5741505e-05
 -3.5977853e-04
 -3.4940431e-06
 -8.6416549e-06
  4.9990172e-07
  5.0227241e-06
 -7.9580197e-05
 -1.1162947e-05
  2.9852984e-06
 -4.6582122e-07
 -1.0563441e-05
 -5.3432927e-06
  3.9432648e-06
  2.7357322e-05
  1.4736900e-05
 -9.8256635e-07
 -8.3911718e-06
  5.5759770e-05
 -4.4460298e-06
  6.0095335e-06
 -2.7417773e-04
 -2.3611905e-05
  1.8680153e-06
  7.4335083e-05
 -5.4437583e-06
 -3.5206072e-06
 -1.1058714e-05
  2.7437957e-06
  1.8485933e-05
 -6.9357293e-06
  7.5166004e-06
  1.3084393e-05
  9.3026189e-05
  9.7229704e-06
 -1.5844700e-04
 -3.0047391e-05
 -6.7180686e-08
  1.5744670e-05
  2.9798417e-05
 -6.1013948e-06
 -2.8139722e-05
 -5.7421039e-07
 -1.8607415e-06
 -1.4371124e-05
  5.4167172e-06
 -3.0481738e-06
  1.4376235e-05
  1.7358752e-06
  3.1523552e-05
  1.0334344e-06
 -1.8527162e-05
  6.9883747e-05
 -1.5693199e-06
 -1.4278778e-05
 -1.2723827e-05
  2.0715972e-05
 -1.5650307e-05
 -1.0576384e-05
 -5.4214474e-06
 -5.1292982e-06
 -2.9276463e-05
 -3.5806349e-06
  3.8280573e-06
 -2.2013936e-07
 -3.5686602e-07
 -8.0567906e-06
  4.5599355e-04
 -1.5111647e-04
  1.0378545e-06
 -3.7822078e-03
  1.2487401e-06
  2.7444371e-06
  1.0109622e-05
 -3.7243756e-06
 -1.4310350e-05
  1.4500399e-05
  1.6825763e-05
 -9.2003720e-06
  2.7889395e-04
  8.3947580e-06
  4.4843033e-05
  1.0111089e-06
 -2.4403637e-06
 -5.1901820e-06
 -3.0209409e-05
  2.3655890e-05
  4.9666327e-05
  7.5280327e-06
  1.3023032e-05
 -1.4866456e-05
 -2.8767510e-04
  8.1121443e-06
  1.7294491e-05
  1.7983755e-05
 -2.1969586e-06
 -3.2649493e-07
 -9.2403652e-06
 -1.1182990e-04
  1.8492008e-05
  4.3012446e-06
 -1.0396620e-07
  8.2169918e-06
 -9.2354885e-06
 -5.1856696e-05
 -5.1907405e-06
  7.6776423e-06
 -4.5186734e-06
 -1.8179682e-06
  1.1843296e-05
 -2.3988202e-06
  1.9039312e-06
 -1.4347662e-05
  2.8943407e-06
  1.3302179e-05
 -8.8203797e-06
  1.0490302e-05
 -1.0545285e-05
 -1.5538386e-05
  6.5621834e-06
 -5.4140493e-08
  3.4695634e-06
 -9.4451428e-07
  2.7368033e-05
 -4.3740525e-05
  5.7962225e-06
  2.4576295e-05
  8.4850792e-05
  3.6105128e-05
 -1.5071234e-05
 -8.1364909e-05
 -2.4046826e-06
 -8.9920462e-07
 -2.4708441e-05
  6.0692164e-05
 -1.0392992e-05
 -1.3657129e-05
  2.9014263e-06
 -6.3381945e-06
 -4.9656915e-06
 -1.6181002e-05
  1.7427840e-06
  2.0975096e-05
 -2.3808287e-05
 -6.4571959e-06
  4.4788994e-06
  1.2849348e-06
 -3.4016671e-07
 -3.5181052e-05
  1.9912613e-06
  1.8705685e-05
 -7.3400015e-06
  3.2301955e-07
  4.9203122e-06
  5.9469571e-06
 -6.3724953e-01
  1.4215126e+00
 -4.8835680e-01
  8.6940959e-02
  1.6574549e-02
 -2.2936344e-01
  1.1604520e-02
  3.5428410e-04
 -1.1833107e-06
  1.9149811e-04
  4.1762972e-04
  2.8880650e-01
  3.0423558e-01
  2.5756008e-05
  5.5354616e-05
  6.1012590e-03
  2.2478689e-01
  5.9197988e-02
  8.4000103e-02
  1.2161739e-04
  9.0621279e-06
 -3.3726908e-06
  2.2143590e-01
 -8.2522035e-03
 -2.6035384e-06
 -1.2944407e-04
  1.7127021e-06
  2.3476598e-04
 -1.6696929e-06
 -2.0613943e-06
  1.1352088e-05
 -4.6425398e-06
  5.1209965e-05
  3.7651939e-06
  7.1657560e-05
 -1.8440920e-06
  1.3416130e-05
  1.2745533e-06
 -6.2445856e-08
  1.3473790e-06
  6.1507330e-06
 -2.1873611e-05
  5.5762157e-06
  1.0687392e-05
 -7.3310057e-06
 -1.6341364e-05
 -2.9331679e-06
  2.5348010e-05
 -2.2755780e-06
 -2.7198632e-06
  1.0983508e-04
  2.5101454e-05
 -5.4713669e-06
  4.1787480e-06
 -2.2380120e-06
 -1.3279133e-05
 -7.6057463e-06
 -6.5581621e-06
 -1.0212082e-04
  1.2384532e-05
  5.6484910e-06
  1.8351617e-05
  9.3395278e-07
  1.9967732e-05
  1.3989593e-05
 -1.2714515e-06
  5.8277574e-06
  2.1886739e-05
  1.3318020e-05
 -2.4940133e-05
  8.0265308e-06
 -8.4895091e-06
 -1.5389216e-05
 -5.1413149e-06
 -4.3951241e-05
  2.4185242e-06
  2.1082056e-05
  1.8137571e-05
  4.3392997e-06
  1.3316215e-05
 -6.0820807e-06
  1.3154404e-05
  2.2693364e-05
  2.9158540e-05
 -3.8423204e-06
 -6.2940700e-05
  1.1524057e-05
 -7.7406712e-06
  4.1466057e-05
 -2.1934709e-06
 -9.0223211e-06
  1.9372394e-05
 -3.2581215e-07
  2.2506309e-05
 -7.2784314e-06
  4.1382809e-06
  1.0331240e-06
  2.9442588e-06
 -1.4309185e-06
  1.3777279e-04
 -4.4514542e-05
  1.0222533e-06
 -1.3482792e-05
 -5.6669489e-07
  3.7958986e-07
 -1.4928919e-05
  1.1203235e-05
 -2.0204704e-06
 -9.6408512e-06
  5.1326831e-05
 -7.2167968e-06
 -4.8731290e-06
 -1.1548750e-05
 -8.3655141e-06
 -1.2277591e-05
 -8.2906117e-05
 -2.4390636e-05
 -3.1164911e-06
 -5.1498291e-06
  1.8288483e-05
 -4.3442351e-06
  1.2865788e-04
  1.2369729e-05
  1.9859616e-04
  6.5772243e-02
 -8.8285879e-06
  1.2839802e-05
  7.7930999e-05
 -1.6569929e-05
  1.5314284e-04
 -1.9760140e-05
  6.7563833e-06
  1.2702825e-05
  2.9069868e-06
  3.5317858e-06
  1.4060079e-04
  5.2432388e-05
  4.7345919e-05
  4.9428705e-02
 -2.6245754e-05
  4.5016745e-06
 -4.0943263e-07
  5.2461637e-05
  2.7662179e-06
  3.9770030e-06
 -4.6204477e-06
 -4.7936433e-06
 -1.7864344e-06
 -8.5217671e-06
 -2.0065216e-05
  8.9999628e-01
 -2.4697430e+00
  1.5540433e+00
  2.7402997e+00
 -1.0195823e+00
  9.1522413e-01
  4.8732236e-01
 -1.0658612e-04
 -1.0714831e-02
 -1.2113203e-01
 -2.4259563e-04
 -1.1106378e+00
 -1.0191908e+00
 -5.7206899e-01
 -2.7389853e-05
 -1.2746710e-01
  1.8760298e-01
  1.7996339e-02
  3.8610077e-01
 -1.4409296e-03
 -1.0368639e-05
  1.8142271e-01
 -8.3717996e-01
 -5.3515092e-02
 -3.7715192e-05
 -8.3751111e-06
 -1.0312180e-03
 -6.4790748e-02
  2.8321274e-02
 -1.4242729e-05
  9.9552178e-01
  2.7385383e+00
  1.1038984e+00
 -2.9052985e+00
  3.8981440e+00
  2.4629620e-01
  1.8742860e-05
  9.0587437e-01
 -1.0933201e-01
 -3.8087234e-01
 -2.8272621e-05
 -4.7073990e-01
 -5.8093235e-02
  4.3054217e-01
 -2.4924430e-01
  5.3357657e-05
 -3.1356740e-01
  8.5782290e-01
  4.7225279e-01
 -9.5787466e-02
 -1.4903196e-04
  2.5844976e-01
 -3.9783314e-01
  1.8455867e+00
  2.6669823e-06
  1.4390713e-05
 -2.8009329e-04
 -7.2777927e-02
  1.1161400e-01
  3.5081317e-05
  3.4687325e-06
 -5.4673851e-06
  3.9100287e-05
 -2.8644890e-06
  1.4379609e-01
  2.8827673e-05
 -8.9262858e-06
 -1.8136733e-04
  4.0729187e-06
 -5.4992241e-05
  3.3541688e-05
  4.2185470e-06
  1.1085449e-04
 -2.4176500e-04
  9.1783222e-05
 -3.6220013e-07
  6.8985777e-05
  6.0851185e-06
 -3.7486125e-06
 -6.4476467e-06
  1.5985880e-07
 -1.6158656e-07
 -8.7702841e-07
 -3.1706742e-05
  2.7469905e-05
 -3.7210762e-06
  1.7714067e-04
 -4.7221605e-05
 -6.3650969e-06
  3.4211585e-06
 -6.0220021e-01
  3.2143381e-01
 -1.5841364e-05
 -9.6385020e-06
  3.1863835e-01
  1.0484980e+00
  1.2891002e-01
  2.6871553e-01
 -5.5024404e-05
  8.1783481e-05
  1.0613155e+00
  6.6106963e-06
  2.3010889e-01
  7.4286777e-06
  3.1744459e-01
  1.5223996e-01
  2.4420932e-01
 -4.7084664e-05
  9.4717934e-06
 -1.4667837e-05
  2.0372163e-06
 -6.4384799e-06
  1.0159893e-02
 -1.3594698e-05
  1.0993975e-06
 -1.6303704e-06
  1.2378494e-01
 -1.9257651e-01
 -3.7934324e-01
  2.0286874e-05
  6.3532531e-01
 -3.2674186e+00
  2.1486157e-05
  3.4450444e-05
 -1.7616496e+00
  2.7956958e+00
 -9.7100490e-01
 -1.7868848e+00
  8.2814749e-03
  1.1554317e-04
  1.9036571e+00
  2.8022261e-05
 -1.4527611e+00
 -1.7049408e-05
 -2.1720006e+00
 -4.7994289e-01
 -1.3379894e+00
  5.8924538e-06
  9.2422697e-06
 -1.4640875e-04
 -4.7653311e-06
  2.3183879e-05
  1.6405758e+00
 -4.3610269e-01
  3.9498877e-06
  1.5092060e-05
  8.3073556e-01
 -3.5627139e+00
 -3.1148977e+00
  8.6323686e-02
  6.3604580e-06
 -5.3854451e-02
 -5.5310901e-02
 -2.4371423e-01
  1.4164682e-01
  7.2624326e-02
 -7.3471420e-02
 -7.4068755e-02
 -1.2568812e+00
 -2.4785244e-01
 -8.8556160e-05
  1.8186873e-05
 -5.0692421e-07
 -4.7783142e-01
  5.0476261e-05
 -4.5698769e-02
 -7.5612031e-02
 -5.3159265e-06
 -6.7366712e-02
  3.0664483e-05
  2.7943375e-05
 -2.4350824e-05
  2.7791470e-05
 -1.0889583e-01
  4.6789988e-05
 -4.9627597e-06
 -5.7679931e-06
  6.6604321e-06
 -6.0150487e-04
  9.0195055e-05
  3.9658850e-01
  4.1394827e-01
  1.4527820e+00
  6.6925907e-01
  4.2061332e-01
  2.7445930e-01
  3.6842067e-02
 -3.7051675e-01
  6.1767751e-01
  3.5691655e-01
  8.4662177e-03
 -2.0362947e-02
  9.8021876e-05
 -6.1660910e-01
 -9.0560251e-01
 -3.3392124e-03
  5.7484818e-01
  1.5938951e-01
 -9.9625193e-02
 -1.6838062e-01
 -1.9322532e-01
  4.0346413e-06
 -5.1048666e-01
 -2.9253410e-02
 -6.7887729e-01
  6.9182506e-03
  7.8503206e-02
 -2.1402131e-05
  3.8755956e-01
  8.2433971e-06
  7.3210766e-05
  4.9219202e-06
  2.6650050e-05
 -1.5573860e-04
  1.0000323e-05
 -2.4271865e-05
  2.5714614e-06
  5.3569198e-05
 -2.2988008e-05
  3.5465586e-05
  8.3378933e-07
  7.2448987e-05
 -2.0520847e-05
  2.5751781e-06
  5.6137055e-06
  1.6801645e-06
  8.7755587e-05
 -2.0924690e-05
  1.9556653e-06
  1.6285125e-05
 -3.6842125e-06
 -1.2958870e-06
  1.2753661e-05
 -1.6832790e-05
  2.8815952e-05
 -8.8683310e-06
 -2.4303001e-05
 -2.4734095e-06
 -2.1841233e-06
 -1.2798210e-05
  9.7344707e-07
 -1.3356374e-01
 -8.0207428e-05
  3.1955500e-05
 -5.6115845e-05
  6.3675892e-05
  1.2044438e-02
  3.1041470e-01
  1.7182658e-05
  4.7884452e-05
  3.2866321e-06
  4.4168661e-05
 -6.2744584e-05
  7.4123438e-03
 -6.6966647e-03
 -7.7803370e-06
  2.1618771e-05
 -3.1761607e-04
 -5.2257623e-05
 -2.6373058e-03
 -7.0879973e-06
  8.5397733e-05
 -1.1724675e-05
  6.9244090e-03
 -1.0285121e-03
  4.3843957e-06
 -1.4357660e-04
  5.2658954e-05
  4.1353542e-02
  1.4492203e-05
 -7.1440488e-01
 -3.8150972e-01
  1.0941788e+00
 -1.7347807e-05
  3.9629242e-01
 -7.2746289e-01
  3.6697295e-01
  4.0811902e-01
  2.1021761e-01
 -1.0059607e+00
 -3.6830503e-01
  9.6778011e-01
  3.9066112e-05
 -8.0220491e-02
 -1.0802433e+00
 -1.3311392e-04
  2.7641814e-05
  8.7567478e-02
  1.3995381e-01
  3.7189570e-01
 -9.3377057e-05
  5.7342273e-05
 -3.4635720e-01
 -1.4404053e-04
 -6.2688094e-05
  9.0930909e-02
 -3.3345971e-01
 -1.8428965e-06
  3.4878787e-02
  4.6745561e-05
  7.3641233e-05
 -3.4520759e-05
 -5.1620536e-06
  1.9990568e-05
 -7.6740628e-07
  5.6807380e-06
  1.1281163e-06
  2.5808840e-06
  9.1247355e-05
 -8.2092020e-06
 -3.1187017e-05
 -6.5863937e-06
  3.6463580e-06
  1.2803050e-04
  1.1961452e-05
 -2.8271070e-05
  8.7409653e-06
  9.3647264e-05
 -1.2655987e-05
  1.6982015e-07
  2.9753695e-05
  3.0923500e-05
  2.8371738e-05
 -2.5319507e-05
  1.2091042e-04
 -3.3755505e-06
  4.6009081e-06
  1.3128607e-05
  5.7447346e-06
  1.9124860e-05
  2.9462592e-06
 -8.2080114e-06
 -1.6415735e-06
  2.5491618e-05
 -3.0279558e-05
 -3.0940773e-06
  8.1354849e-02
 -1.0306815e-09
 -2.5223304e-07
  1.7491386e-05
  1.4514118e-06
 -5.0950334e-06
  8.2663519e-06
 -1.5123030e-05
  1.7467113e-06
  2.0478772e-05
 -2.4430940e-06
 -4.5476586e-06
 -6.1180272e-06
  1.5961832e-06
  7.2031464e-05
 -5.4762427e-06
 -5.6971726e-06
 -2.2264654e-05
 -5.3213330e-06
  3.7007310e-05
  8.0873200e-05
  2.4707609e-07
  1.1010263e-04
  5.6725180e-06
  9.9863899e-01
  2.4848979e+00
 -8.8802451e-01
 -1.4581614e+00
  1.7220060e+00
 -2.6440561e-01
 -1.2413603e-02
 -4.2442331e-01
  4.2915601e-01
 -1.1715280e-01
  5.7712752e-01
 -2.6334509e-01
  1.0779217e-01
  7.2961181e-01
  1.4532436e-01
 -5.9852293e-03
 -1.4565037e+00
 -1.8936085e-02
  6.9888252e-01
  8.1046617e-01
  1.0583414e-01
 -4.4445610e-01
  1.7036006e-01
  1.2960710e-01
 -1.0930562e-05
 -1.4880557e-03
 -1.6512445e-01
  1.5968378e-01
 -2.0340519e-01
 -3.6435827e-06
 -7.3272049e-01
 -1.4944830e+00
 -3.6314946e-01
  8.9076918e-01
 -1.0713266e+00
 -1.5265353e-01
 -2.4912950e-01
 -1.3570690e-01
  1.3269463e+00
 -4.8432213e-01
 -3.3998165e-01
  1.2089796e+00
 -5.9320128e-01
  9.7837812e-01
 -5.5668342e-01
  5.8015871e-01
 -3.0935343e-02
  5.3270888e-01
 -4.4179708e-01
  5.0116720e-05
 -3.6380854e-01
  1.3300712e+00
 -1.4351410e+00
 -1.4794368e+00
 -7.0537591e-01
  1.1713390e+00
  1.1545660e-01
  1.6896527e-05
 -2.9301026e-01
  4.4845849e-01
  1.0795221e+00
  3.4670725e-01
 -2.0324677e-01
  2.6279804e-01
  9.5185256e-01
 -8.1350645e-03
  2.2450993e-02
 -3.1254426e-01
 -2.8077608e-01
  3.7964147e-01
  1.0596255e-01
  4.9280480e-01
 -1.4254398e-03
 -4.0266997e-01
 -1.9449119e-01
 -6.4471781e-01
 -3.4418485e-01
  1.2254207e+00
 -1.2592105e+00
  1.1915373e+00
  1.7112555e-01
 -7.0908105e-01
  8.2817197e-01
  6.1724007e-01
  1.1308249e+00
 -1.9504766e-01
  5.3522002e-04
  2.0278370e-04
  3.0305123e-01
 -3.4412281e-03
  2.8949621e-01
 -7.1689171e-01
  4.3206075e-01
  9.5626026e-01
  1.5802836e+00
 -4.7751997e-02
 -2.9371843e-01
  2.3711592e-01
  7.2353762e-01
 -9.1599412e-02
  9.5047808e-01
 -1.4024064e-01
  1.4152053e-01
  2.1095870e+00
 -7.3302400e-01
  4.7113839e-01
  1.5269370e+00
 -3.1043857e-02
  7.5619632e-01
  1.6077902e+00
 -1.0483152e-05
 -5.6703524e-05
  1.4534909e-01
 -1.1205462e-01
  5.4012626e-01
  3.7755366e-02
  1.3814765e-01
 -7.5105697e-02
 -4.8320625e-02
  1.7672488e-01
 -2.5863956e-05
  7.3498391e-05
 -7.0171691e-06
  1.0536546e-05
 -1.4695831e-06
  2.1576987e-05
 -2.1441971e-05
 -1.2126719e-05
 -5.5929923e-01
 -2.4974022e-06
 -9.8435976e-06
  5.1092948e-06
 -4.0377349e-06
 -1.1083773e-05
 -9.6234699e-06
 -7.9162305e-07
 -6.7114604e-07
 -1.2244156e-04
  4.0775820e-05
 -4.5042925e-06
 -8.4536669e-06
 -4.6928282e-05
 -3.3033153e-05
  1.9862474e-04
 -4.7258259e-06
 -1.3410910e-06
 -3.6580655e-05
  7.8997880e-05
  3.6822894e-05
 -8.0719037e-04
  1.9018691e-05
  2.7284809e-06
 -2.1018132e-03
  3.1444830e-05
  7.2941250e-05
 -2.3845836e-05
  1.8736708e-06
  3.0182575e-06
  5.4927409e-02
  8.4326275e-06
 -1.6923524e-04
 -4.3618980e-05
 -4.2962009e-04
 -4.6383533e-01
  1.8767862e-05
 -6.9238187e-05
  1.3297575e-04
  1.5091872e-06
 -2.2614378e-05
  4.6548055e-05
  1.9130891e-06
 -7.5533273e-05
  6.0484717e-06
  9.4879590e-07
  3.6153192e-06
 -7.8531695e-05
  7.7349665e-05
 -1.5356048e-06
 -6.5415357e-08
  3.2153991e-07
  3.5503197e-01
  9.3043327e-02
 -7.1717548e-01
  3.9932990e-01
 -1.0162009e+00
  9.5510542e-02
 -2.6647195e-01
 -9.8852128e-01
  3.1679901e-01
 -2.6324168e-01
  1.1473907e+00
  1.3841912e-01
 -1.3685501e-01
  2.0466423e-01
  6.9030516e-02
 -4.7035892e-02
 -8.5907263e-01
  2.4826563e-04
  6.6603380e-01
 -1.6242640e+00
  5.2922438e-05
 -4.4528831e-02
  3.2892683e-01
  1.8440036e-05
 -3.0529320e-06
 -4.3674172e-03
  1.7470509e-01
  9.3980532e-05
 -1.4003715e-01
 -1.9892560e-02
  4.2858094e-01
  2.9699993e-01
 -5.2143726e-02
 -8.8549602e-01
  4.4518631e-05
 -2.2220750e-01
 -4.1048717e-02
 -4.9988858e-02
 -2.4329859e-01
  4.2394480e-01
 -7.0781043e-06
 -2.3623931e-01
 -7.5717732e-02
 -9.6304417e-01
 -5.3687347e-03
 -2.7864994e-06
 -4.2320243e-03
 -1.1949210e-04
  2.6150158e-01
  3.3709401e-04
 -1.7908794e-06
 -2.0235566e-06
  2.3080566e-04
  8.9505229e-06
  1.3716702e-03
 -2.4650935e-05
 -1.3349319e-05
  2.6923144e-06
 -3.5893315e-04
  2.5898105e-06
  8.2684555e-06
 -3.9933416e-06
 -3.0595496e-05
  3.7766120e-05
 -3.1484747e-06
 -6.3671901e-06
  1.4992790e-04
 -2.7210368e-05
  5.1860497e-06
 -5.5419191e-06
 -1.2614352e-04
  2.9555213e-05
 -1.1933491e-05
 -7.2808039e-06
  3.9142637e-05
 -2.4412268e-05
 -2.9761884e-05
 -5.0745216e-06
 -1.4106058e-06
 -2.7944277e-05
  5.0687304e-06
  7.0069991e-06
 -4.1423365e-05
 -1.4696198e-05
  9.1962238e-06
  4.5061242e-07
  7.3228836e-07
  2.5914360e-05
  1.1271829e-05
 -7.2991571e-07
  1.5731699e-05
  1.1727788e-04
 -7.6358201e-06
 -7.6314318e-06
  4.9981765e-05
 -1.5511396e-05
  3.4009431e-06
 -5.2763564e-05
  6.9866842e-06
  2.0839914e-05
  1.1628569e-05
  2.0069852e-05
 -9.3293593e-06
 -7.3906165e-05
  4.7573209e-04
  3.6508252e-05
 -3.4632980e-05
  3.8106959e-05
 -1.3241288e-05
 -3.0883245e-06
  3.3611948e-07
 -2.4663168e-06
  8.5416485e-07
 -6.3244632e-05
 -1.5789246e-04
  7.7212288e-05
  2.7326446e-06
  1.2265527e-04
  3.6840706e-06
  6.9531156e-06
  1.2129369e-04
 -2.4900673e-05
 -4.3247870e-05
  3.5366371e-05
  2.8616167e-05
 -2.2325461e-05
  2.8929186e-05
 -1.8935498e-05
 -5.9135731e-05
  2.5496425e-04
 -6.5284365e-07
 -9.0842932e-06
  2.8593584e-05
  2.5784911e-05
 -1.3036827e+00
  1.9404581e-05
 -2.1466180e-05
 -3.9393544e-05
 -1.0931836e-05
 -8.4574189e-05
 -3.2321586e-05
  1.1094521e-05
 -1.3632359e-04
  2.8873637e-06
 -5.1385497e-05
  4.9985585e-05
 -4.3321670e-05
  1.0190221e-05
  4.7193466e-06
 -2.8430102e-07
  5.5104019e-06
  5.1763600e-06
 -1.9392957e-05
  1.2676181e-05
 -4.8357551e-06
 -2.2828049e-06
  4.7745238e-05
 -1.7401927e-06
 -3.3204503e-06
 -2.9482511e-08
  8.7804167e-08
 -9.2896553e-06
  2.9810010e-06
 -2.8048154e-05
  1.9352142e-06
 -1.1558540e-06
  2.3032530e-06
 -1.3581986e-05
 -8.6103701e-06
 -2.3673376e-05
  2.2858142e-06
 -1.4094208e-04
 -1.0967072e-05
 -5.8920418e-06
 -2.0480807e-06
 -5.0661247e-04
  1.8667370e-05
  1.4636490e-05
  2.1288270e-04
 -6.0551338e-06
  9.1399233e-06
  5.2973646e-01
  1.7083230e-05
 -2.2930253e-05
  8.8837027e-05
  1.9868014e-05
 -6.3616387e-04
 -4.5027857e-05
 -3.1152020e-05
 -2.1990582e-01
  2.2251784e-06
  1.5394067e-05
  6.0577786e-06
 -1.1059893e-06
  1.8934190e-04
  6.1318792e-06
 -1.4081515e-05
  7.0629088e-05
 -3.0204008e-05
  3.2296939e-05
  1.3708808e-05
 -3.3107761e-05
 -5.4465931e-06
 -5.0556441e-06
  2.2909403e-06
 -7.5033277e-05
 -9.9340252e-07
 -1.2333324e-05
 -6.9454726e-04
  7.6399483e-05
 -4.2956402e-03
 -8.0351293e-01
 -7.4248421e-01
 -5.3659552e-01
  2.0654488e-04
  7.0002493e-03
 -8.0879629e-01
 -1.8514188e-01
  1.3065249e-01
  8.4940851e-01
  3.4858625e-05
 -8.5428648e-02
 -2.4037733e-04
  9.5396535e-03
  2.1043655e-02
 -5.2064333e-06
 -1.1443612e-05
  4.2133823e-05
 -4.3922510e-02
  4.1002813e-06
  5.1932497e-05
 -5.8196169e-05
  1.3791278e-05
 -2.9240968e-05
  1.0982041e-03
  1.0830301e-04
  1.1785020e-05
 -8.6219434e-06
 -2.8592084e-02
 -1.7427584e-06
  1.8655516e+00
 -1.8509075e-01
 -5.2592474e-01
  4.1404067e-07
 -3.5143275e-02
 -1.3657604e-01
 -1.0091982e+00
  5.6150937e-01
 -2.2790027e-03
 -1.8743621e-02
  3.5437527e-01
 -2.9977737e-02
 -3.6887144e-04
 -1.0470804e+00
 -1.0394152e-02
  1.3617762e-04
  3.1119085e-05
  4.5609452e-02
  3.4954515e-01
  4.4431734e-01
  1.2474870e-06
 -6.8269610e-02
  2.0421003e-06
 -2.0201950e+00
  3.5634384e-01
 -9.3099996e-02
  3.1214129e-02
 -8.5329857e-06
 -4.0537585e-03
 -3.2668023e-03
 -1.2622117e-04
 -1.1695117e+00
 -3.6444113e-01
  2.6427102e+00
  1.1981097e-04
  3.8183488e-02
 -3.7855563e-01
 -2.5066152e-01
 -3.0277669e-01
  1.9885714e-01
 -8.9133167e-01
  1.0014597e+00
  3.8605133e-01
  2.1602914e+00
 -8.0646873e-01
 -1.3771359e-05
 -2.2938268e-02
 -4.0676937e-04
  4.3301138e-01
  1.5732551e-04
 -4.3513047e-04
  1.0047495e-01
 -2.8168276e-01
  3.6066830e-01
 -2.9574320e-01
  7.1616036e-05
 -1.1179325e-01
 -5.3432606e-02
  2.1679645e-05
 -4.3485560e-02
 -5.5375636e-01
 -2.2995022e-04
 -1.1826841e-04
  8.9163113e-05
 -8.4728621e-05
  4.6965859e-05
  1.3326911e-02
 -1.1258491e+00
 -3.8702422e-01
 -3.2918461e-02
 -3.8522492e-05
  1.8468843e-06
  2.5243611e-05
  1.2810190e-01
 -7.5198156e-03
 -2.6016694e-06
 -1.8133420e-04
  1.9322415e-05
 -3.2528774e-03
 -8.4131612e-03
 -3.9502510e-04
  1.9998859e-05
 -1.7697708e-04
  5.8978499e-06
 -1.9093865e-04
 -1.8045718e-06
 -7.9652833e-05
  6.4762285e-06
  1.5126707e-03
 -1.5228592e-05
 -1.2007014e-05
  3.4457285e-04
 -1.9090520e-02
 -3.0601085e-03
  1.1055611e-05
  4.2933729e-01
 -8.2444996e-02
 -3.0005190e-01
 -2.2854383e-01
  6.3121080e-01
  3.5304322e-06
 -7.0719962e-06
  4.9833274e-05
  3.8689971e-01
  6.8590217e-03
  2.8801635e-06
 -8.8084134e-06
  2.6112864e-05
 -9.8384783e-02
  9.6385693e-06
 -8.9503196e-08
 -1.6357009e-05
 -1.8382170e-05
 -1.9006322e-01
  1.3173347e-05
 -3.0428226e-04
  9.3695635e-06
  8.5449501e-05
  2.0053636e-04
 -2.7449662e-06
  2.9736873e-06
  2.3298510e-06
  8.2522740e-05
  7.8176854e-06
 -2.6765495e-06
 -1.6976972e-05
 -6.7736005e-06
  1.2554400e-04
 -5.0048428e-05
 -8.2585584e-06
 -1.8421313e-06
  2.6146481e-05
  4.3127198e-05
  5.3632982e-07
 -7.7757986e-06
 -5.7433031e-06
 -2.9347339e-05
  6.6967914e-06
  3.0120987e-06
 -2.3809781e-04
 -1.9793708e-05
 -5.2645461e-05
  7.5295688e-06
 -3.6881654e-06
  4.0197443e-05
 -8.9722398e-06
 -7.2348630e-06
  1.0394981e-05
 -1.2337840e-05
  6.3570849e-05
 -3.1592147e-03
 -4.8364881e-02
  7.5068909e-01
  1.1826978e+00
  3.2541542e-03
 -4.2673966e-01
  2.7701342e-01
 -6.4945738e-03
  1.0153457e+00
  4.8615950e-01
 -1.6232908e-01
  1.9547364e+00
  2.5205439e-01
 -6.0078317e-01
  3.2452472e-02
  4.2628399e-01
  1.2403218e-01
 -7.0619786e-01
  5.9312993e-01
  3.0045646e-01
  8.7504304e-06
  4.7983390e-01
 -1.1646552e-01
  1.3013134e+00
  1.7161956e-05
  6.3476589e-05
 -3.4402668e-01
  4.8249328e-04
 -4.8627323e-01
  2.4437232e-04
  1.3203928e-05
  8.9075547e-06
 -3.1327581e-06
 -4.5160308e-05
 -1.7153170e-04
 -1.7548144e-05
  3.9991733e-06
  5.5367818e-06
 -2.1915873e-04
  3.6315661e-05
  7.7840821e-05
  2.7337369e-06
  1.6328107e-05
  4.9585451e-06
  4.6947989e-06
  2.2949621e-06
  5.2326018e-06
 -2.0122109e-06
  7.5766679e-06
  1.0055301e-04
  2.4986992e-05
  5.0931449e-06
 -4.9920100e-06
  1.0089373e-05
 -9.3681556e-06
  6.6108157e-07
  5.5956161e-07
  4.1066647e-05
  2.6592839e-04
 -3.8010671e-07
 -8.1247890e-06
 -3.2168609e-04
 -6.8378925e-02
 -5.5741770e-05
 -1.0465316e-05
  6.2760655e-06
 -1.9895738e-06
  5.0648410e-05
 -2.0789428e-01
  6.4850882e-02
  3.4318003e-07
  5.9640974e-01
 -5.5080418e-05
  7.0427741e-05
  9.4689283e-05
  4.6113173e-06
 -1.3555224e-06
 -1.6391741e-05
  3.1660442e-05
 -7.7620070e-06
 -4.2793235e-06
  1.6612345e-05
 -9.8228469e-05
  8.5800648e-06
 -1.4108125e-04
  5.6081517e-06
 -3.6946323e-05
 -6.2502593e-05
  1.0849116e-04
  2.5539493e-04
 -6.4924651e-01
 -5.5646926e-01
 -2.8640383e-01
 -3.7954795e-01
  3.8836011e-01
  3.4924644e-01
  6.3236237e-02
 -2.7522498e-01
  4.2876297e-01
  7.6718062e-01
 -3.2363365e-05
  5.2091491e-05
  1.9222156e-04
 -1.3204428e-03
 -8.5003984e-01
  1.2039925e-05
  5.7326138e-06
 -5.9105062e-01
 -5.8940460e-04
  3.2915974e-05
 -1.0117775e-06
  7.5908050e-05
 -2.1718279e-03
  3.7750258e-04
 -2.5364966e-04
  5.3719006e-05
 -3.8933475e-05
  1.8708373e-04
  6.6627458e-02
  1.8425606e-04
  4.2465585e-01
  1.4595120e+00
 -6.5751017e-05
  2.8634595e-02
 -4.9657741e-01
 -6.1253972e-06
  3.3626407e-06
 -8.0468291e-01
  3.6986481e-02
  3.5797673e-01
  1.6369808e+00
 -3.0380441e-05
 -5.2953445e-05
  8.6891443e-01
  7.7131945e-01
  2.6114214e-05
 -1.4330430e-05
  3.6595484e-05
 -2.8267526e-05
 -4.1781136e-06
 -7.7067816e-01
 -5.2483302e-01
 -4.4286722e-01
  1.7426016e-04
 -6.6322296e-05
 -1.9590162e-04
 -3.6813843e-03
  2.1877318e-06
 -3.6552649e-06
  7.4335098e-01
  5.0132322e-01
 -2.0934758e+00
  1.4264619e-05
 -3.9279085e-01
 -1.0857525e+00
  1.1899613e-05
  4.1114836e-05
  2.5685303e+00
 -1.7206297e+00
  1.5453312e+00
  1.4957114e+00
 -2.5614917e-01
  1.3442105e-01
  1.7071557e+00
  7.9186487e-01
 -2.2593701e-06
 -1.2982119e-05
 -2.0170395e-01
 -8.9139561e-05
  2.8891030e-01
  4.5881110e-01
  9.5862311e-01
 -1.3689066e+00
 -4.3382609e-01
  3.7534058e-01
  1.3774530e-04
 -1.1567367e+00
  4.1866704e-07
 -2.0902164e-01
 -9.0641534e-01
 -2.0965528e+00
  7.3041481e-01
  3.7020329e-01
 -5.9729803e-01
 -2.4337271e-02
  1.7407160e-02
 -4.9968013e-01
 -9.7983247e-01
  1.5741516e+00
  3.8304675e-01
  2.4923596e-01
  9.3647458e-02
 -6.3243550e-01
 -9.5524825e-05
 -2.0200769e-05
  3.1337366e-01
 -1.3029100e-05
  1.4400609e-05
  1.3492225e+00
 -9.8130387e-01
 -6.3367325e-01
  8.3977777e-01
  8.7833554e-01
  6.0806209e-01
 -1.0554512e+00
  5.3903663e-01
  4.6165049e-01
 -9.1708511e-01
 -1.7165561e-01
  9.8004647e-02
 -2.4116747e+00
  4.1327780e-01
  1.8643968e-01
 -1.1004658e+00
  1.5055696e+00
  2.8721955e-02
  3.7006471e-02
  3.1804803e-01
  9.6661079e-01
  5.9475434e-01
 -2.3043808e-03
 -5.5376697e-01
  1.3436311e+00
 -1.5300970e-05
  1.6648482e-01
  1.5567355e+00
 -1.3096970e+00
 -1.8167751e+00
  1.8141062e+00
  1.0022415e+00
  1.6501893e-01
  1.6700324e+00
 -7.7588475e-01
  1.1237328e+00
  6.5137583e-01
  2.3878077e-02
 -1.2844069e-01
  1.9393270e-01
 -4.1397475e-03
  2.1031559e-01
 -5.0322074e-01
  6.5224349e-01
 -1.7099643e-01
 -1.6589586e+00
  1.0414020e+00
 -7.0505661e-01
 -1.7440453e+00
  9.1114715e-02
 -1.0485702e+00
 -1.1929507e-01
 -4.6618325e-01
  7.7432267e-02
 -1.2631825e+00
  2.8992113e-01
  5.8979118e-01
 -6.5918291e-01
  5.6629401e-01
  1.4671890e-01
  1.8176572e+00
 -3.0364525e-03
  1.2800716e+00
  9.8861116e-01
 -9.7282702e-01
 -1.3285756e+00
  1.1232818e-01
  3.9541817e-01
 -3.4866242e+00
 -1.5037465e-01
 -2.0989845e+00
 -2.5166416e-01
  1.0468551e+00
 -7.0012850e-04
 -9.0213425e-02
  1.7088416e-05
  3.2490876e-05
 -2.5603578e-03
  1.3663043e+00
 -1.0063668e+00
 -3.8632483e-05
  8.0786496e-01
 -7.5641416e-02
  2.4353953e-05
  4.4900009e-01
 -2.3559991e-01
 -4.7951317e-01
  5.5556726e-01
  5.0941509e-01
  1.1396618e-01
 -9.1461307e-01
 -5.5052763e-01
 -1.4826095e+00
  6.5101546e-01
 -1.1638114e+00
 -2.6425574e+00
  4.8658490e-01
 -1.0335202e+00
 -8.3088303e-01
  3.8702545e-01
 -1.1404510e-01
 -3.3871210e-01
 -9.5430797e-01
  2.4485453e-03
  4.1810024e-05
  2.7532032e+00
 -7.2654420e-01
  4.2168576e-02
  1.2537953e+00
 -8.6467162e-02
  1.2522352e-04
  9.6197003e-01
 -9.6623506e-03
 -4.4544557e-01
  1.2777225e+00
  6.3101880e-02
  4.4876990e-01
  7.1702339e-02
 -7.4395269e-01
 -1.4863418e+00
 -9.2706531e-03
 -2.3786354e-01
 -2.8738012e+00
 -5.4769778e-01
  1.2903666e-01
 -4.6461794e-01
 -3.4038970e-01
 -9.9912614e-02
 -5.6396991e-01
  7.4542367e-01
  2.8965334e-04
  2.9760969e-01
 -9.8362312e-02
 -8.7113118e-01
 -1.6697995e-02
  1.3872403e+00
 -2.1858038e-01
  3.2039979e-04
  6.7764908e-01
 -1.2532111e-05
 -2.0960112e+00
  2.1164591e+00
  8.3412153e-01
  4.1424203e-01
  1.2404470e+00
  5.8550388e-01
  7.3683411e-01
 -7.9899704e-01
  1.1123098e-01
  1.3492161e+00
  1.2190183e+00
  1.4617485e-01
 -9.1216825e-02
 -1.7874216e-01
 -1.2359342e-05
  6.5703847e-05
  7.5495215e-03
 -2.4645937e-05
  3.3450156e-05
  6.4743555e-01
  2.1290740e-01
  8.7151602e-06
 -4.8524596e-02
  6.8957794e-01
  1.0663015e-01
 -4.0363947e-01
  1.4282992e+00
 -9.4417042e-01
 -8.1974614e-01
 -1.8440381e-01
  7.3427268e-06
  8.6430854e-01
  2.4835335e-01
  3.9224291e-01
 -2.5538498e-01
 -1.7900729e-01
 -2.5091712e+00
 -1.1814947e+00
  2.0625758e-01
  3.3358967e-01
  1.2785501e+00
 -4.9389047e-05
 -3.1060843e-06
  2.2106848e+00
  3.4501460e-01
 -6.5658021e-01
  1.8995095e+00
  1.0458361e+00
  3.9701379e-05
 -1.8593373e+00
  8.2223874e-01
  7.7315577e-05
 -6.2244087e-01
  1.2183753e+00
  6.7517191e-01
  1.1721392e+00
 -1.8014311e-04
  1.6214068e-03
 -2.0733509e-02
  7.3641229e-01
  3.7392822e-01
  1.0375527e-01
  1.8232933e+00
  1.1342852e+00
  3.1077978e-01
 -2.1069312e-01
  2.3584369e-01
  7.2643805e-01
  3.4780591e-04
  1.7848735e-01
 -1.0131129e+00
 -1.9240183e+00
 -1.9655507e+00
  2.4315734e-01
  8.4234887e-01
  3.8403847e-05
  1.1667204e+00
 -5.0550830e-01
  7.0791784e-06
 -8.4432918e-01
  4.4115049e-01
 -6.3538551e-02
  9.4705313e-01
  3.0684802e-01
  1.8123473e-01
  1.0282445e+00
  1.4570265e+00
  6.2066201e-02
 -9.4642872e-01
  4.5024928e-01
  4.1737625e-01
 -1.0282778e+00
 -5.6785822e-01
  1.6867003e+00
  1.4798242e+00
  2.3227015e-07
  4.7289386e-06
  4.2329921e-07
  2.1179585e+00
  3.2267146e-02
 -3.5546868e+00
  6.0384160e-01
  6.4114900e-04
 -6.1759645e-01
  6.0921329e-01
  6.0020834e-02
 -3.1932205e-02
 -2.1359355e+00
  1.1962692e-01
 -1.6873477e-01
 -9.6551114e-01
  1.7333262e-01
  6.5667063e-01
  5.1921349e-02
 -4.2171276e-04
  6.8796277e-02
  2.7316263e+00
  1.9202001e+00
 -6.4195937e-01
  1.6679708e+00
  1.0000254e+00
 -1.5866642e+00
 -5.3533847e-07
 -2.0712212e-05
  4.0021792e-02
  5.1468813e-01
  9.7160393e-01
 -1.1618155e+00
  1.6103609e+00
  9.6304866e-05
 -1.4236166e+00
  8.1942135e-01
  6.0640203e-05
 -3.5051573e-02
 -6.7326838e-01
 -2.9772803e-01
 -1.8473092e+00
 -1.2291087e+00
  8.1456935e-01
 -7.6647018e-05
  5.5998236e-01
  3.6326332e-03
 -9.3924435e-05
  3.3157653e-01
  1.7378745e+00
 -5.4138247e-02
 -5.5707181e-01
  2.5744036e-01
 -2.9876083e-01
 -5.9668931e-05
  7.8990437e-02
 -8.9951825e-01
  1.3163679e+00
 -7.3691577e-01
  6.2176287e-01
  3.6682183e-01
  2.2186475e-01
 -1.2532057e+00
 -1.0785203e-02
  1.0252141e-05
 -2.4745186e-01
  1.4006246e+00
  5.4690772e-01
  1.5674610e+00
  1.9190763e-01
  4.5765522e-01
  2.4036841e-01
 -7.4111843e-01
 -9.0221781e-01
  1.4656260e+00
 -2.4641702e+00
 -9.5391917e-01
 -5.6327236e-01
 -1.4771430e+00
  4.5746389e-01
 -3.5617584e-01
 -2.6952422e-01
 -4.8311055e-01
  1.0780153e+00
 -4.1985983e-01
 -7.3651393e-04
  1.3448313e+00
  3.0189203e-05
  1.7854509e-05
  6.0587918e-05
  1.3685767e-02
  3.8491645e-01
 -2.9912577e-03
  8.8472832e-03
 -4.0985745e-01
 -1.0316553e+00
  5.4835521e-02
  9.6432805e-06
 -1.2319623e+00
 -1.9858005e+00
 -1.8775762e+00
  8.9026886e-01
 -9.9445447e-02
 -1.6147220e+00
  1.4132255e+00
 -3.9320597e-03
 -1.0123210e+00
  1.4739934e+00
 -7.5013906e-01
 -1.4647136e+00
  3.0241996e-01
  5.3194106e-01
 -3.2538128e-01
  7.9952317e-01
  2.5960931e-01
  2.9791075e-01
  5.8928814e-02
  3.2974139e-01
  1.3521113e+00
 -8.1260008e-01
  1.1294996e-05
 -4.7118157e-01
 -1.4913044e+00
 -5.4810699e-02
  3.3032790e-02
  8.2617623e-01
 -7.9571205e-01
 -3.4768343e-02
 -1.2181530e+00
 -1.3607695e+00
 -1.6058698e+00
 -9.5465016e-01
 -5.4985261e-01
 -3.5245758e-02
  1.4740034e+00
 -1.3030936e+00
 -1.4913193e+00
 -7.0388293e-01
 -7.7542233e-01
  1.0532829e-01
 -1.7081236e+00
  1.2520485e+00
  1.3442321e-01
 -8.3801699e-01
 -5.2487439e-01
 -1.8795151e+00
  1.1629198e+00
 -1.5851604e+00
 -9.6602583e-01
  6.1617661e-01
  1.7675650e+00
  1.4334245e+00
 -1.3931421e+00
  3.7026603e-05
  4.7977000e-02
  1.2617110e-01
 -1.4444748e-01
 -5.7308825e-06
 -2.9789671e-01
 -2.2843561e-01
 -1.3284158e+00
 -3.4985077e-01
  9.5249088e-06
  2.5850217e-05
  7.0476330e-05
 -2.2432996e-05
 -4.4350720e-05
  1.2212218e+00
  1.9098052e-06
 -7.1450031e-01
  5.3455910e-06
 -7.5074827e-06
  8.7194834e-03
  1.3501829e+00
 -1.3759144e-01
  1.4861388e-05
 -4.9223682e-01
  6.7309397e-01
  4.6952069e-01
 -1.3088574e+00
 -6.5996551e-07
  4.6966943e-06
 -4.2787361e-01
 -1.0275858e-05
 -1.6863956e-05
  1.8975424e+00
 -6.9046986e-01
  3.8656735e-01
 -4.0867051e-01
  8.2032739e-06
 -7.6365577e-06
  6.7996365e-01
 -8.8774245e-03
  2.0487381e-05
 -6.2441862e-01
  1.3824730e+00
  7.1706355e-02
 -1.2027421e+00
  1.6478669e-05
  5.1892822e-04
  7.4166155e-01
 -4.2236725e-06
 -1.9727946e-05
 -1.2301726e+00
  7.6492649e-01
  8.6555243e-01
 -6.1044598e-01
  6.0198136e-06
 -9.9481294e-06
  3.7234429e-01
 -2.0580273e-05
 -5.8053570e-06
 -2.2152552e-01
  3.0606240e-01
 -1.6843829e+00
 -3.4813711e-04
 -4.9361503e-03
  5.3473422e-03
  4.1732517e-01
 -6.3159882e-06
  9.1321533e-07
  1.2568969e-01
 -2.1065052e-01
  2.6017031e-01
  1.3157518e-02
 -7.1798286e-06
  4.0321388e-06
  7.4272579e-01
 -1.7131317e-05
 -2.0940477e-06
  6.6040501e-02
  9.3695439e-02
  7.4702609e-01
 -5.1064652e-01
  2.8543473e-06
 -1.1825262e-05
  3.7948917e-06
  5.5236116e-02
 -5.6443946e-06
  4.2394146e-01
 -6.8761629e-01
  1.1197708e+00
  3.8885459e-01
  1.2749434e-05
 -1.8283764e-04
  2.6177731e-05
  4.3171651e-05
  3.3814013e-06
  1.0444399e-05
  1.0897911e-04
 -5.4965712e-05
  4.6525729e-05
 -1.5664950e-06
  1.5549924e-05
  7.3570782e-06
  1.6117261e-01
  8.6852951e-06
  8.2664382e-01
 -1.5244462e+00
  1.1085044e+00
  3.4527030e-02
 -4.7123740e-06
 -1.7020142e-05
  3.1751867e-06
  1.8206661e-04
 -9.9986221e-07
  8.3045441e-01
  4.6291023e-01
 -1.2651342e+00
 -2.7166378e-01
 -2.2000329e-07
 -4.2899202e-07
 -3.7704078e-07
  9.8959260e-02
 -4.8260504e-06
  1.5567307e+00
 -2.5165671e-01
  8.6971864e-05
  1.2286495e+00
  1.1506239e-05
 -2.1517585e-06
 -3.3355300e-05
  1.0790887e-05
  4.2525353e-04
  2.9029191e-01
  6.0250789e-01
  2.3824692e+00
 -3.8501620e-01
  6.7838987e-06
  9.5179157e-06
  2.1730175e-06
  2.7075508e-03
  4.3280816e-05
 -2.1388839e-01
 -5.7157259e-02
  3.3374426e-01
  6.3953787e-02
 -6.2111882e-05
  1.3502281e-06
 -5.7913967e-06
 -1.0529550e-05
  3.7503410e-06
  1.7497044e+00
 -4.3111685e-01
  7.2428113e-01
  1.1052772e+00
  3.6439508e-06
  4.0225832e-06
  6.5980125e-06
  1.7600185e-05
 -1.7595745e-05
  5.4446023e-02
 -1.5913019e-01
 -5.4109842e-01
  6.8382519e-01
 -2.0068497e-05
  6.6779088e-05
  1.3437647e-05
 -1.1148467e+00
  1.4831601e-05
  9.6886528e-01
  1.9038883e-01
  5.4078883e-01
 -1.2488470e+00
 -5.8083749e-08
 -7.1947186e-05
 -7.4132404e-05
  2.8517525e-06
  2.6157713e-05
  3.2978389e+00
  1.2187133e-04
  1.2566611e-04
 -4.8023971e-06
  2.6587325e-06
  4.2431497e-05
 -1.1364604e-05
 -6.4113009e-01
 -5.7300200e-05
  1.8954875e-01
 -3.7169084e-05
 -2.0613259e-01
 -1.5689220e-01
  1.7654220e-05
  5.2677967e-07
  2.5290235e-06
 -1.9482674e-01
  4.1028711e-06
 -5.9136611e-01
 -2.7324470e-02
  6.1285067e-01
 -1.0181829e+00
  1.1589543e-05
  6.5136315e-05
 -1.6056896e-05
 -9.5103182e-02
  7.6945071e-05
  5.0216377e-01
 -2.0095237e-01
  5.0692023e-07
 -1.3461050e+00
 -1.0037054e-05
 -1.9475572e-06
  5.1347140e-08
 -6.8230546e-01
  1.5938041e-06
  2.7606389e-01
 -3.1678244e-02
  8.8249469e-01
 -1.1473337e+00
  3.8511121e-06
  1.9277733e-08
 -1.0307198e-05
 -1.4520186e-04
 -2.7320471e-07
  1.2940366e+00
  7.0455186e-02
 -4.1073370e-01
 -1.6698060e+00
  6.5310860e-06
 -4.2683905e-06
  6.2255126e-06
 -1.1029172e+00
 -1.5842614e-05
  5.1284474e-01
 -3.3348377e-03
 -5.7567811e-01
 -9.7301924e-01
  6.1550920e-05
 -2.2629831e-06
  2.3171156e-04
 -3.0673561e-01
  3.3674580e-05
 -3.4018964e-01
  7.4285483e-05
  3.7671116e-01
 -4.5491794e-01
  1.0484361e-01
  5.5375034e-01
 -5.8776206e-01
 -1.4940287e-01
  6.0655279e-06
  3.4372723e-01
  6.5731043e-01
  8.5567993e-01
 -7.1453661e-01
  9.2701694e-06
 -3.6272784e-06
 -4.7631579e-04
 -2.0231612e-06
 -5.2245568e-06
 -1.0941270e-01
 -1.6793934e-05
  4.7861099e-01
  1.9306317e-05
  1.0791306e-01
  4.6165544e-01
 -1.0272925e+00
 -1.4745440e-04
  3.8669077e-06
 -9.5051318e-01
  5.7441980e-01
  1.7630026e-01
 -9.9297756e-01
  6.1875949e-06
 -1.4969473e-06
 -5.3422123e-01
  1.9873708e-06
 -2.8516781e-06
  1.0171475e+00
 -2.3492837e-01
  1.0407535e+00
  1.1045214e+00
  7.7447303e-02
  2.6244029e-01
  4.7822565e-01
 -1.2729333e-05
  1.6452701e-05
  2.2526932e-05
  9.4585896e-01
 -5.5168167e-02
  3.8118762e-01
  7.6791093e-06
  4.7031096e-03
 -9.9736415e-03
 -5.5258395e-04
  3.8935348e-05
 -1.7081383e+00
 -2.5507501e-01
  1.7823374e+00
 -3.6389673e-01
  1.2183864e-02
  2.2735915e-03
 -2.4971892e-01
 -4.0475836e-05
 -1.0058310e-04
 -1.8612759e+00
  2.4705936e-01
  1.4457012e+00
 -2.3858526e-01
 -2.1556465e-05
  2.3877075e-01
 -8.9825356e-01
 -1.6709320e-03
 -1.2697776e-06
 -7.0804620e-01
  6.0317081e-01
 -2.4297246e-01
  2.0021020e-01
  2.2902283e-04
  1.4217183e-05
 -5.4161674e-01
  3.3471536e-06
 -7.9068755e-05
 -6.7911166e-01
  6.4436418e-01
 -4.1305342e-01
 -2.4063021e-01
 -9.0376343e-06
  1.1916734e-05
 -5.8488226e-01
 -2.4910587e-06
 -4.1649514e-06
 -3.4053373e-01
  9.6399778e-01
  6.2363660e-01
 -4.2652896e-01
 -4.4626163e-06
  1.4595212e-04
 -9.4481511e-05
 -1.7242695e-05
  6.8046143e-06
 -2.4122879e-04
  8.5236812e-01
 -2.1796203e+00
  4.4125004e-06
  1.3693560e-06
 -9.9081171e-06
 -4.5286137e-01
  2.8817782e-05
 -1.2339075e-05
 -4.5782667e-06
  4.9969263e-02
  1.2444241e-01
  5.9080231e-01
  9.2049404e-06
 -5.2406781e-06
 -7.5825322e-01
 -2.6487539e-06
 -2.6051297e-05
 -3.4491456e-01
  1.3448014e+00
 -3.5873434e-01
 -6.4895209e-04
 -6.7994887e-07
  3.3775606e-05
 -7.3958233e-02
  6.9888470e-06
  5.2399482e-06
 -3.9923057e-01
 -2.8826382e-05
 -9.3902595e-02
 -6.5175391e-06
 -2.0433756e-05
  1.5856920e-05
 -4.8902839e-01
 -1.4982141e-05
 -2.8619355e-05
  6.5566146e-01
  3.2867789e-01
  3.9433837e-01
 -3.9717931e-02
 -7.1368454e-06
 -1.7334102e-07
 -8.5448414e-01
  9.8254634e-07
  3.2539599e-06
 -4.8970613e-01
  1.9833169e+00
 -1.7568927e+00
  4.0714011e-01
 -6.4878159e-06
  2.8294060e-06
 -1.6124911e+00
 -7.6392362e-06
  3.8357184e-06
  1.0056039e-05
  1.3651640e-02
  5.1740724e-01
 -5.5029577e-01
 -2.0418302e-05
  2.0636526e-05
 -4.6085998e-01
  1.4804618e-04
 -1.1212056e-05
  4.2331317e-01
  1.8767931e-01
 -6.4696771e-01
 -2.6438010e-01
  1.2413758e-02
  1.2413758e-02
  1.2413758e-02
  1.2413758e-02
  1.2413758e-02
  6.7241365e-01
  6.7241365e-01
  6.7241365e-01
  6.7241365e-01
  6.7241365e-01
  1.4738771e-01
  1.4738771e-01
  1.4738771e-01
  1.4738771e-01
  1.4738771e-01
  1.0924964e-01
  1.0924964e-01
  1.0924964e-01
  1.0924964e-01
  1.0924964e-01
  1.6452778e-02
  1.6452778e-02
  1.6452778e-02
  1.6452778e-02
  1.6452778e-02
  1.8038879e-01
  1.8038879e-01
  1.8038879e-01
  1.8038879e-01
  1.8038879e-01
