# Phonopy generated file for v_sim 3.6
    7.072995341    0.000000000    9.927137045
    0.000000000    0.000000000    6.949939268
    0.357787556    7.445352784    0.077590239 Ba
    6.715207785    2.481784261    6.872349030 Ba
    3.894285226    7.445352784    3.397379395 Ba
    3.178710115    2.481784261    3.552559873 Ba
    3.536497671    0.000000000    0.000000000 Zr
    3.536497671    4.963568522    0.000000000 Zr
    0.000000000    0.000000000    3.474969634 Zr
    0.000000000    4.963568522    3.474969634 Zr
    5.020419444    0.332251574    4.931354939  S
    5.020419444    4.631316948    4.931354939  S
    2.052575897    9.594885471    2.018584329  S
    2.052575897    5.295820097    2.018584329  S
    5.589073568    9.594885471    1.456385305  S
    5.589073568    5.295820097    1.456385305  S
    1.483921774    0.332251574    5.493553963  S
    1.483921774    4.631316948    5.493553963  S
    3.498016858    7.445352784    6.507252803  S
    3.574978484    2.481784261    0.442686465  S
    7.034514528    7.445352784    3.917656100  S
    0.038480813    2.481784261    3.032283169  S
#metaData: qpt=[0.000000;0.500000;0.000000;1.164412 \
#; 0.000611; 0.000000; 0.037348; 0.000000; 0.000000; -0.000000 \
#; 0.000000; -0.000000; 0.000000; 0.000000; -0.010637; -0.000000 \
#; -0.000611; -0.000000; 0.037348; -0.000000; -0.000000; -0.000000 \
#; 0.000000; 0.000000; 0.000000; 0.000000; 0.010637; -0.000000 \
#; 0.001431; -0.000237; 0.022869; -0.001431; 0.000237; -0.022869 \
#; 0.001431; 0.000237; 0.022869; 0.001431; 0.000237; 0.022869 \
#; -0.001431; 0.000237; 0.022869; 0.001431; -0.000237; -0.022869 \
#; -0.001431; -0.000237; 0.022869; -0.001431; -0.000237; 0.022869 \
#; -0.000573; -0.000159; 0.014409; 0.000709; 0.000196; -0.017809 \
#; -0.000573; 0.000159; 0.014409; -0.000709; 0.000196; 0.017809 \
#; 0.001238; -0.001524; 0.020594; -0.001001; 0.001233; -0.016662 \
#; 0.001238; 0.001524; 0.020594; 0.001001; 0.001233; 0.016662 \
#; -0.001238; 0.001524; 0.020594; 0.001001; -0.001233; -0.016662 \
#; -0.001238; -0.001524; 0.020594; -0.001001; -0.001233; 0.016662 \
#; 0.000573; 0.000159; 0.014409; -0.000709; -0.000196; -0.017809 \
#; 0.000573; -0.000159; 0.014409; 0.000709; -0.000196; 0.017809 \
#; -0.002076; 0.000000; 0.025939; 0.000000; 0.000000; -0.000000 \
#; -0.000000; -0.000000; 0.000000; 0.000000; -0.003675; -0.000000 \
#; 0.002076; -0.000000; 0.025939; -0.000000; -0.000000; -0.000000 \
#; 0.000000; 0.000000; 0.000000; 0.000000; 0.003675; -0.000000 \
# ]
#metaData: qpt=[0.000000;0.500000;0.000000;1.164412 \
#; 0.000000; 0.010552; -0.000000; 0.000000; 0.001338; 0.000000 \
#; 0.000077; 0.000000; 0.004699; -0.000606; 0.000000; -0.037052 \
#; 0.000000; -0.010552; -0.000000; -0.000000; -0.001338; 0.000000 \
#; -0.000077; -0.000000; 0.004699; 0.000606; -0.000000; -0.037052 \
#; 0.001600; -0.000265; 0.025564; -0.001240; 0.000205; -0.019809 \
#; -0.001240; -0.000205; -0.019809; -0.001600; -0.000265; -0.025564 \
#; -0.001600; 0.000265; 0.025564; 0.001240; -0.000205; -0.019809 \
#; 0.001240; 0.000205; -0.019809; 0.001600; 0.000265; -0.025564 \
#; 0.001149; -0.001415; 0.019121; -0.001102; 0.001357; -0.018334 \
#; -0.000838; -0.001032; -0.013939; -0.001354; -0.001667; -0.022527 \
#; -0.000775; -0.000215; 0.019481; 0.000480; 0.000133; -0.012054 \
#; 0.000631; -0.000175; -0.015855; 0.000658; -0.000182; -0.016535 \
#; 0.000775; 0.000215; 0.019481; -0.000480; -0.000133; -0.012054 \
#; -0.000631; 0.000175; -0.015855; -0.000658; 0.000182; -0.016535 \
#; -0.001149; 0.001415; 0.019121; 0.001102; -0.001357; -0.018334 \
#; 0.000838; 0.001032; -0.013939; 0.001354; 0.001667; -0.022527 \
#; 0.000000; 0.003646; -0.000000; -0.000000; 0.000462; 0.000000 \
#; -0.000261; 0.000000; 0.003264; 0.002060; 0.000000; -0.025732 \
#; -0.000000; -0.003646; -0.000000; 0.000000; -0.000462; 0.000000 \
#; 0.000261; -0.000000; 0.003264; -0.002060; -0.000000; -0.025732 \
# ]
#metaData: qpt=[0.000000;0.500000;0.000000;1.181625 \
#; -0.040745; -0.000000; -0.005065; -0.000000; -0.000000; -0.000000 \
#; -0.000000; 0.000000; -0.000000; 0.000000; 0.007084; 0.000000 \
#; -0.040745; -0.000000; 0.005065; 0.000000; -0.000000; -0.000000 \
#; -0.000000; -0.000000; 0.000000; 0.000000; 0.007084; -0.000000 \
#; -0.021350; 0.000272; 0.001636; 0.021350; -0.000272; -0.001636 \
#; -0.021350; -0.000272; 0.001636; -0.021350; -0.000272; 0.001636 \
#; -0.021350; 0.000272; -0.001636; 0.021350; -0.000272; 0.001636 \
#; -0.021350; -0.000272; -0.001636; -0.021350; -0.000272; -0.001636 \
#; -0.008346; -0.002656; 0.005284; 0.010316; 0.003283; -0.006532 \
#; -0.008346; 0.002656; 0.005284; -0.010316; 0.003283; 0.006532 \
#; -0.023018; -0.000291; -0.004985; 0.018623; 0.000236; 0.004033 \
#; -0.023018; 0.000291; -0.004985; -0.018623; 0.000236; -0.004033 \
#; -0.023018; -0.000291; 0.004985; 0.018623; 0.000236; -0.004033 \
#; -0.023018; 0.000291; 0.004985; -0.018623; 0.000236; 0.004033 \
#; -0.008346; -0.002656; -0.005284; 0.010316; 0.003283; 0.006532 \
#; -0.008346; 0.002656; -0.005284; -0.010316; 0.003283; -0.006532 \
#; -0.023749; 0.000000; 0.003399; -0.000000; 0.000000; -0.000000 \
#; -0.000000; -0.000000; 0.000000; 0.000000; -0.000240; -0.000000 \
#; -0.023749; 0.000000; -0.003399; 0.000000; 0.000000; -0.000000 \
#; -0.000000; 0.000000; -0.000000; 0.000000; -0.000240; 0.000000 \
# ]
#metaData: qpt=[0.000000;0.500000;0.000000;1.181625 \
#; 0.000000; -0.000680; 0.000000; -0.000000; -0.007051; -0.000000 \
#; -0.040557; -0.000000; -0.005042; 0.003911; -0.000000; 0.000486 \
#; 0.000000; -0.000680; -0.000000; 0.000000; -0.007051; -0.000000 \
#; -0.040557; 0.000000; 0.005042; 0.003911; -0.000000; -0.000486 \
#; -0.023301; 0.000297; 0.001786; -0.019202; 0.000245; 0.001471 \
#; -0.019202; -0.000245; 0.001471; 0.023301; 0.000297; -0.001786 \
#; -0.023301; 0.000297; -0.001786; -0.019202; 0.000245; -0.001471 \
#; -0.019202; -0.000245; -0.001471; 0.023301; 0.000297; 0.001786 \
#; -0.024699; -0.000313; -0.005349; -0.016328; -0.000207; -0.003536 \
#; -0.021124; 0.000267; -0.004575; 0.020747; -0.000263; 0.004493 \
#; -0.009298; -0.002959; 0.005887; -0.009467; -0.003013; 0.005994 \
#; -0.007318; 0.002329; 0.004633; 0.011070; -0.003522; -0.007009 \
#; -0.009298; -0.002959; -0.005887; -0.009467; -0.003013; -0.005994 \
#; -0.007318; 0.002329; -0.004633; 0.011070; -0.003522; 0.007009 \
#; -0.024699; -0.000313; 0.005349; -0.016328; -0.000207; 0.003536 \
#; -0.021124; 0.000267; 0.004575; 0.020747; -0.000263; -0.004493 \
#; 0.000000; 0.000023; -0.000000; 0.000000; 0.000239; -0.000000 \
#; -0.023639; -0.000000; 0.003383; 0.002280; 0.000000; -0.000326 \
#; 0.000000; 0.000023; 0.000000; -0.000000; 0.000239; -0.000000 \
#; -0.023639; 0.000000; -0.003383; 0.002280; 0.000000; 0.000326 \
# ]
#metaData: qpt=[0.000000;0.500000;0.000000;1.862480 \
#; -0.000000; -0.021968; -0.000000; 0.000000; 0.034117; -0.000000 \
#; -0.030805; -0.000000; -0.010432; -0.019836; -0.000000; -0.006717 \
#; 0.000000; 0.021968; -0.000000; -0.000000; -0.034117; 0.000000 \
#; 0.030805; -0.000000; -0.010432; 0.019836; 0.000000; -0.006717 \
#; -0.001278; -0.000431; -0.000609; -0.005900; -0.001988; -0.002811 \
#; -0.005900; 0.001988; -0.002811; 0.001278; -0.000431; 0.000609 \
#; 0.001278; 0.000431; -0.000609; 0.005900; 0.001988; -0.002811 \
#; 0.005900; -0.001988; -0.002811; -0.001278; 0.000431; 0.000609 \
#; 0.001873; -0.003079; 0.002322; 0.005680; -0.009339; 0.007044 \
#; 0.005946; 0.009776; 0.007374; -0.000646; -0.001062; -0.000801 \
#; 0.001150; -0.001609; 0.001376; 0.010586; -0.014815; 0.012668 \
#; 0.010113; 0.014153; 0.012102; -0.003334; -0.004666; -0.003990 \
#; -0.001150; 0.001609; 0.001376; -0.010586; 0.014815; 0.012668 \
#; -0.010113; -0.014153; 0.012102; 0.003334; 0.004666; -0.003990 \
#; -0.001873; 0.003079; 0.002322; -0.005680; 0.009339; 0.007044 \
#; -0.005946; -0.009776; 0.007374; 0.000646; 0.001062; -0.000801 \
#; -0.000000; 0.000093; -0.000000; 0.000000; -0.000145; -0.000000 \
#; -0.016847; -0.000000; -0.007668; -0.010848; -0.000000; -0.004937 \
#; 0.000000; -0.000093; -0.000000; -0.000000; 0.000145; 0.000000 \
#; 0.016847; -0.000000; -0.007668; 0.010848; -0.000000; -0.004937 \
# ]
#metaData: qpt=[0.000000;0.500000;0.000000;1.862480 \
#; 0.036639; -0.000000; 0.012407; 0.000000; 0.000000; -0.000000 \
#; -0.000000; -0.000000; -0.000000; -0.000000; 0.040578; -0.000000 \
#; -0.036639; 0.000000; 0.012407; 0.000000; -0.000000; 0.000000 \
#; 0.000000; -0.000000; -0.000000; 0.000000; -0.040578; -0.000000 \
#; 0.004269; 0.001438; 0.002034; -0.004269; -0.001438; -0.002034 \
#; 0.004269; -0.001438; 0.002034; 0.004269; -0.001438; 0.002034 \
#; -0.004269; -0.001438; 0.002034; 0.004269; 0.001438; -0.002034 \
#; -0.004269; 0.001438; 0.002034; -0.004269; 0.001438; 0.002034 \
#; -0.006698; 0.009373; -0.008015; 0.008278; -0.011585; 0.009906 \
#; -0.006698; -0.009373; -0.008015; -0.008278; -0.011585; -0.009906 \
#; -0.004650; 0.007645; -0.005766; 0.003762; -0.006185; 0.004665 \
#; -0.004650; -0.007645; -0.005766; -0.003762; -0.006185; -0.004665 \
#; 0.004650; -0.007645; -0.005766; -0.003762; 0.006185; 0.004665 \
#; 0.004650; 0.007645; -0.005766; 0.003762; 0.006185; -0.004665 \
#; 0.006698; -0.009373; -0.008015; -0.008278; 0.011585; 0.009906 \
#; 0.006698; 0.009373; -0.008015; 0.008278; 0.011585; -0.009906 \
#; 0.020037; -0.000000; 0.009120; 0.000000; -0.000000; 0.000000 \
#; -0.000000; -0.000000; -0.000000; -0.000000; -0.000172; -0.000000 \
#; -0.020037; -0.000000; 0.009120; 0.000000; 0.000000; -0.000000 \
#; 0.000000; -0.000000; -0.000000; 0.000000; 0.000172; -0.000000 \
# ]
#metaData: qpt=[0.000000;0.500000;0.000000;1.943509 \
#; -0.000000; -0.036904; -0.000000; 0.000000; 0.020637; 0.000000 \
#; -0.003707; 0.000000; 0.017075; -0.006629; 0.000000; 0.030534 \
#; 0.000000; -0.036904; 0.000000; -0.000000; 0.020637; -0.000000 \
#; -0.003707; 0.000000; -0.017075; -0.006629; 0.000000; -0.030534 \
#; 0.000236; -0.001135; 0.002340; -0.000833; 0.004016; -0.008278 \
#; -0.000833; -0.004016; -0.008278; -0.000236; -0.001135; -0.002340 \
#; 0.000236; -0.001135; -0.002340; -0.000833; 0.004016; 0.008278 \
#; -0.000833; -0.004016; 0.008278; -0.000236; -0.001135; 0.002340 \
#; 0.001326; -0.002181; 0.000412; -0.007706; 0.012676; -0.002394 \
#; -0.007260; -0.011941; -0.002256; -0.002905; -0.004779; -0.000903 \
#; 0.004809; -0.006918; 0.003283; -0.012018; 0.017287; -0.008203 \
#; -0.012757; -0.018350; -0.008707; -0.002195; -0.003157; -0.001498 \
#; 0.004809; -0.006918; -0.003283; -0.012018; 0.017287; 0.008203 \
#; -0.012757; -0.018350; 0.008707; -0.002195; -0.003157; 0.001498 \
#; 0.001326; -0.002181; -0.000412; -0.007706; 0.012676; 0.002394 \
#; -0.007260; -0.011941; 0.002256; -0.002905; -0.004779; 0.000903 \
#; 0.000000; -0.006881; 0.000000; -0.000000; 0.003848; -0.000000 \
#; -0.003884; 0.000000; -0.005946; -0.006945; 0.000000; -0.010634 \
#; 0.000000; -0.006881; -0.000000; -0.000000; 0.003848; 0.000000 \
#; -0.003884; 0.000000; 0.005946; -0.006945; 0.000000; 0.010634 \
# ]
#metaData: qpt=[0.000000;0.500000;0.000000;1.943509 \
#; -0.007595; -0.000000; 0.034984; -0.000000; -0.000000; -0.000000 \
#; 0.000000; -0.000000; -0.000000; -0.000000; -0.042283; 0.000000 \
#; -0.007595; -0.000000; -0.034984; 0.000000; -0.000000; 0.000000 \
#; -0.000000; -0.000000; 0.000000; -0.000000; -0.042283; -0.000000 \
#; -0.000612; 0.002951; -0.006083; 0.000612; -0.002951; 0.006083 \
#; -0.000612; -0.002951; -0.006083; -0.000612; -0.002951; -0.006083 \
#; -0.000612; 0.002951; 0.006083; 0.000612; -0.002951; -0.006083 \
#; -0.000612; -0.002951; 0.006083; -0.000612; -0.002951; 0.006083 \
#; -0.008142; 0.011712; -0.005557; 0.010063; -0.014475; 0.006869 \
#; -0.008142; -0.011712; -0.005557; -0.010063; -0.014475; -0.006869 \
#; -0.006079; 0.009999; -0.001889; 0.004918; -0.008090; 0.001528 \
#; -0.006079; -0.009999; -0.001889; -0.004918; -0.008090; -0.001528 \
#; -0.006079; 0.009999; 0.001889; 0.004918; -0.008090; -0.001528 \
#; -0.006079; -0.009999; 0.001889; -0.004918; -0.008090; 0.001528 \
#; -0.008142; 0.011712; 0.005557; 0.010063; -0.014475; -0.006869 \
#; -0.008142; -0.011712; 0.005557; -0.010063; -0.014475; 0.006869 \
#; -0.007957; -0.000000; -0.012183; 0.000000; -0.000000; 0.000000 \
#; 0.000000; -0.000000; 0.000000; -0.000000; -0.007884; -0.000000 \
#; -0.007957; -0.000000; 0.012183; 0.000000; -0.000000; -0.000000 \
#; 0.000000; -0.000000; -0.000000; -0.000000; -0.007884; 0.000000 \
# ]
#metaData: qpt=[0.000000;0.500000;0.000000;2.043983 \
#; -0.010007; -0.000000; -0.035776; 0.000000; 0.000000; -0.000000 \
#; 0.000000; -0.000000; 0.000000; -0.000000; 0.014202; 0.000000 \
#; 0.010007; 0.000000; -0.035776; 0.000000; -0.000000; -0.000000 \
#; -0.000000; 0.000000; 0.000000; -0.000000; -0.014202; 0.000000 \
#; 0.004220; -0.006166; 0.025635; -0.004220; 0.006166; -0.025635 \
#; 0.004220; 0.006166; 0.025635; 0.004220; 0.006166; 0.025635 \
#; -0.004220; 0.006166; 0.025635; 0.004220; -0.006166; -0.025635 \
#; -0.004220; -0.006166; 0.025635; -0.004220; -0.006166; 0.025635 \
#; -0.005562; 0.002070; 0.001453; 0.006874; -0.002558; -0.001796 \
#; -0.005562; -0.002070; 0.001453; -0.006874; -0.002558; 0.001796 \
#; -0.008249; 0.002710; -0.000079; 0.006674; -0.002192; 0.000064 \
#; -0.008249; -0.002710; -0.000079; -0.006674; -0.002192; -0.000064 \
#; 0.008249; -0.002710; -0.000079; -0.006674; 0.002192; 0.000064 \
#; 0.008249; 0.002710; -0.000079; 0.006674; 0.002192; -0.000064 \
#; 0.005562; -0.002070; 0.001453; -0.006874; 0.002558; -0.001796 \
#; 0.005562; 0.002070; 0.001453; 0.006874; 0.002558; 0.001796 \
#; 0.001481; -0.000000; -0.016236; 0.000000; 0.000000; -0.000000 \
#; -0.000000; -0.000000; 0.000000; -0.000000; 0.001153; 0.000000 \
#; -0.001481; 0.000000; -0.016236; 0.000000; 0.000000; -0.000000 \
#; 0.000000; 0.000000; 0.000000; -0.000000; -0.001153; 0.000000 \
# ]
#metaData: qpt=[0.000000;0.500000;0.000000;2.043983 \
#; -0.000000; -0.014133; 0.000000; -0.000000; -0.001397; 0.000000 \
#; -0.000984; 0.000000; -0.003520; 0.009958; -0.000000; 0.035603 \
#; 0.000000; 0.014133; 0.000000; -0.000000; 0.001397; 0.000000 \
#; 0.000984; -0.000000; -0.003520; -0.009958; -0.000000; 0.035603 \
#; 0.004614; -0.006742; 0.028033; -0.003784; 0.005529; -0.022989 \
#; -0.003784; -0.005529; -0.022989; -0.004614; -0.006742; -0.028033 \
#; -0.004614; 0.006742; 0.028033; 0.003784; -0.005529; -0.022989 \
#; 0.003784; 0.005529; -0.022989; 0.004614; 0.006742; -0.028033 \
#; -0.007454; 0.002448; -0.000071; 0.007553; -0.002481; 0.000072 \
#; 0.005830; 0.001915; 0.000056; 0.008866; 0.002912; 0.000085 \
#; -0.007388; 0.002750; 0.001930; 0.004858; -0.001808; -0.001269 \
#; 0.006293; 0.002342; -0.001644; 0.006211; 0.002312; -0.001623 \
#; 0.007388; -0.002750; 0.001930; -0.004858; 0.001808; -0.001269 \
#; -0.006293; -0.002342; -0.001644; -0.006211; -0.002312; -0.001623 \
#; 0.007454; -0.002448; -0.000071; -0.007553; 0.002481; 0.000072 \
#; -0.005830; -0.001915; 0.000056; -0.008866; -0.002912; 0.000085 \
#; -0.000000; -0.001147; 0.000000; -0.000000; -0.000113; 0.000000 \
#; 0.000146; -0.000000; -0.001597; -0.001474; -0.000000; 0.016157 \
#; -0.000000; 0.001147; 0.000000; 0.000000; 0.000113; 0.000000 \
#; -0.000146; -0.000000; -0.001597; 0.001474; -0.000000; 0.016157 \
# ]
#metaData: qpt=[0.000000;0.500000;0.000000;2.091915 \
#; 0.026963; -0.000000; 0.036194; -0.000000; 0.000000; -0.000000 \
#; -0.000000; 0.000000; -0.000000; -0.000000; 0.024340; 0.000000 \
#; 0.026963; -0.000000; -0.036194; -0.000000; -0.000000; -0.000000 \
#; -0.000000; 0.000000; 0.000000; -0.000000; 0.024340; 0.000000 \
#; -0.017359; -0.002328; -0.000458; 0.017359; 0.002328; 0.000458 \
#; -0.017359; 0.002328; -0.000458; -0.017359; 0.002328; -0.000458 \
#; -0.017359; -0.002328; 0.000458; 0.017359; 0.002328; -0.000458 \
#; -0.017359; 0.002328; 0.000458; -0.017359; 0.002328; 0.000458 \
#; -0.002088; -0.003427; 0.004136; 0.002580; 0.004235; -0.005112 \
#; -0.002088; 0.003427; 0.004136; -0.002580; 0.004235; 0.005112 \
#; -0.005985; -0.007148; 0.001349; 0.004842; 0.005783; -0.001092 \
#; -0.005985; 0.007148; 0.001349; -0.004842; 0.005783; 0.001092 \
#; -0.005985; -0.007148; -0.001349; 0.004842; 0.005783; 0.001092 \
#; -0.005985; 0.007148; -0.001349; -0.004842; 0.005783; -0.001092 \
#; -0.002088; -0.003427; -0.004136; 0.002580; 0.004235; 0.005112 \
#; -0.002088; 0.003427; -0.004136; -0.002580; 0.004235; -0.005112 \
#; 0.003037; -0.000000; -0.018067; 0.000000; 0.000000; -0.000000 \
#; -0.000000; -0.000000; 0.000000; -0.000000; 0.006465; 0.000000 \
#; 0.003037; -0.000000; 0.018067; -0.000000; 0.000000; -0.000000 \
#; 0.000000; 0.000000; -0.000000; -0.000000; 0.006465; 0.000000 \
# ]
#metaData: qpt=[0.000000;0.500000;0.000000;2.091915 \
#; 0.000000; 0.021639; 0.000000; -0.000000; -0.011144; 0.000000 \
#; 0.012345; -0.000000; 0.016572; 0.023971; -0.000000; 0.032177 \
#; 0.000000; 0.021639; -0.000000; 0.000000; -0.011144; -0.000000 \
#; 0.012345; -0.000000; -0.016572; 0.023971; -0.000000; -0.032177 \
#; 0.007485; 0.001004; 0.000197; -0.023381; -0.003135; -0.000616 \
#; -0.023381; 0.003135; -0.000616; -0.007485; 0.001004; -0.000197 \
#; 0.007485; 0.001004; -0.000197; -0.023381; -0.003135; 0.000616 \
#; -0.023381; 0.003135; 0.000616; -0.007485; 0.001004; 0.000197 \
#; 0.001565; 0.001869; -0.000353; -0.007538; -0.009003; 0.001699 \
#; -0.007045; 0.008414; 0.001588; -0.003104; 0.003707; 0.000700 \
#; 0.001338; 0.002196; -0.002651; -0.003037; -0.004985; 0.006018 \
#; -0.003250; 0.005334; 0.006438; -0.000675; 0.001107; 0.001336 \
#; 0.001338; 0.002196; 0.002651; -0.003037; -0.004985; -0.006018 \
#; -0.003250; 0.005334; -0.006438; -0.000675; 0.001107; -0.001336 \
#; 0.001565; 0.001869; 0.000353; -0.007538; -0.009003; -0.001699 \
#; -0.007045; 0.008414; -0.001588; -0.003104; 0.003707; -0.000700 \
#; -0.000000; 0.005747; -0.000000; -0.000000; -0.002960; -0.000000 \
#; 0.001391; -0.000000; -0.008272; 0.002700; -0.000000; -0.016062 \
#; -0.000000; 0.005747; 0.000000; 0.000000; -0.002960; 0.000000 \
#; 0.001391; -0.000000; 0.008272; 0.002700; -0.000000; 0.016062 \
# ]
#metaData: qpt=[0.000000;0.500000;0.000000;2.275343 \
#; -0.000000; -0.004431; 0.000000; 0.000000; 0.019656; 0.000000 \
#; 0.021358; -0.000000; -0.021239; 0.004815; -0.000000; -0.004788 \
#; -0.000000; -0.004431; -0.000000; -0.000000; 0.019656; -0.000000 \
#; 0.021358; -0.000000; 0.021239; 0.004815; 0.000000; 0.004788 \
#; -0.015382; 0.005288; 0.004874; -0.024335; 0.008366; 0.007711 \
#; -0.024335; -0.008366; 0.007711; 0.015382; 0.005288; -0.004874 \
#; -0.015382; 0.005288; -0.004874; -0.024335; 0.008366; -0.007711 \
#; -0.024335; -0.008366; -0.007711; 0.015382; 0.005288; 0.004874 \
#; 0.010865; 0.008607; 0.017191; 0.013747; 0.010890; 0.021751 \
#; 0.015712; -0.012447; 0.024861; -0.007756; 0.006144; -0.012272 \
#; -0.008476; 0.000433; -0.003638; -0.017171; 0.000877; -0.007369 \
#; -0.015023; -0.000768; -0.006447; 0.011874; 0.000607; 0.005096 \
#; -0.008476; 0.000433; 0.003638; -0.017171; 0.000877; 0.007369 \
#; -0.015023; -0.000768; 0.006447; 0.011874; 0.000607; -0.005096 \
#; 0.010865; 0.008607; -0.017191; 0.013747; 0.010890; -0.021751 \
#; 0.015712; -0.012447; -0.024861; -0.007756; 0.006144; 0.012272 \
#; -0.000000; -0.002354; -0.000000; 0.000000; 0.010442; -0.000000 \
#; 0.006644; -0.000000; 0.020871; 0.001498; 0.000000; 0.004705 \
#; -0.000000; -0.002354; 0.000000; -0.000000; 0.010442; 0.000000 \
#; 0.006644; -0.000000; -0.020871; 0.001498; 0.000000; -0.004705 \
# ]
#metaData: qpt=[0.000000;0.500000;0.000000;2.275343 \
#; -0.021894; 0.000000; 0.021771; -0.000000; -0.000000; 0.000000 \
#; -0.000000; 0.000000; 0.000000; -0.000000; 0.020149; 0.000000 \
#; -0.021894; -0.000000; -0.021771; -0.000000; 0.000000; -0.000000 \
#; 0.000000; -0.000000; 0.000000; 0.000000; 0.020149; 0.000000 \
#; 0.020356; -0.006998; -0.006451; -0.020356; 0.006998; 0.006451 \
#; 0.020356; 0.006998; -0.006451; 0.020356; 0.006998; -0.006451 \
#; 0.020356; -0.006998; 0.006451; -0.020356; 0.006998; -0.006451 \
#; 0.020356; 0.006998; 0.006451; 0.020356; 0.006998; 0.006451 \
#; 0.012045; -0.000615; 0.005169; -0.014887; 0.000761; -0.006389 \
#; 0.012045; 0.000615; 0.005169; 0.014887; 0.000761; 0.006389 \
#; -0.013622; -0.010791; -0.021553; 0.011021; 0.008731; 0.017438 \
#; -0.013622; 0.010791; -0.021553; -0.011021; 0.008731; -0.017438 \
#; -0.013622; -0.010791; 0.021553; 0.011021; 0.008731; -0.017438 \
#; -0.013622; 0.010791; 0.021553; -0.011021; 0.008731; 0.017438 \
#; 0.012045; -0.000615; -0.005169; -0.014887; 0.000761; 0.006389 \
#; 0.012045; 0.000615; -0.005169; 0.014887; 0.000761; -0.006389 \
#; -0.006811; -0.000000; -0.021395; -0.000000; -0.000000; -0.000000 \
#; -0.000000; -0.000000; -0.000000; -0.000000; 0.010704; 0.000000 \
#; -0.006811; -0.000000; 0.021395; -0.000000; -0.000000; 0.000000 \
#; 0.000000; -0.000000; 0.000000; 0.000000; 0.010704; -0.000000 \
# ]
#metaData: qpt=[0.000000;0.500000;0.000000;2.288639 \
#; 0.041546; 0.000000; -0.016055; -0.000000; -0.000000; 0.000000 \
#; -0.000000; -0.000000; 0.000000; -0.000000; -0.037343; 0.000000 \
#; -0.041546; -0.000000; -0.016055; -0.000000; 0.000000; -0.000000 \
#; 0.000000; -0.000000; 0.000000; 0.000000; 0.037343; 0.000000 \
#; 0.006392; 0.001543; 0.003930; -0.006392; -0.001543; -0.003930 \
#; 0.006392; -0.001543; 0.003930; 0.006392; -0.001543; 0.003930 \
#; -0.006392; -0.001543; 0.003930; 0.006392; 0.001543; -0.003930 \
#; -0.006392; 0.001543; 0.003930; -0.006392; 0.001543; 0.003930 \
#; 0.000855; -0.000602; 0.001589; -0.001057; 0.000744; -0.001964 \
#; 0.000855; 0.000602; 0.001589; 0.001057; 0.000744; 0.001964 \
#; -0.004571; 0.004710; -0.004216; 0.003699; -0.003811; 0.003411 \
#; -0.004571; -0.004710; -0.004216; -0.003699; -0.003811; -0.003411 \
#; 0.004571; -0.004710; -0.004216; -0.003699; 0.003811; 0.003411 \
#; 0.004571; 0.004710; -0.004216; 0.003699; 0.003811; -0.003411 \
#; -0.000855; 0.000602; 0.001589; 0.001057; -0.000744; -0.001964 \
#; -0.000855; -0.000602; 0.001589; -0.001057; -0.000744; 0.001964 \
#; 0.014576; -0.000000; -0.004762; -0.000000; -0.000000; -0.000000 \
#; -0.000000; -0.000000; -0.000000; -0.000000; -0.001451; 0.000000 \
#; -0.014576; -0.000000; -0.004762; -0.000000; -0.000000; 0.000000 \
#; 0.000000; -0.000000; 0.000000; 0.000000; 0.001451; -0.000000 \
# ]
#metaData: qpt=[0.000000;0.500000;0.000000;2.288639 \
#; -0.000000; -0.025947; 0.000000; 0.000000; 0.026856; 0.000000 \
#; 0.029879; -0.000000; -0.011547; 0.028867; 0.000000; -0.011156 \
#; -0.000000; 0.025947; -0.000000; -0.000000; -0.026856; -0.000000 \
#; -0.029879; -0.000000; -0.011547; -0.028867; 0.000000; -0.011156 \
#; 0.000156; 0.000038; 0.000096; 0.009038; 0.002182; 0.005557 \
#; 0.009038; -0.002182; 0.005557; -0.000156; 0.000038; -0.000096 \
#; -0.000156; -0.000038; 0.000096; -0.009038; -0.002182; 0.005557 \
#; -0.009038; 0.002182; 0.005557; 0.000156; -0.000038; -0.000096 \
#; -0.000718; 0.000739; -0.000662; -0.005836; 0.006013; -0.005383 \
#; -0.005858; -0.006035; -0.005403; -0.000516; -0.000532; -0.000476 \
#; -0.000119; 0.000084; -0.000222; 0.001354; -0.000953; 0.002517 \
#; 0.001349; 0.000950; 0.002508; -0.000166; -0.000117; -0.000308 \
#; 0.000119; -0.000084; -0.000222; -0.001354; 0.000953; 0.002517 \
#; -0.001349; -0.000950; 0.002508; 0.000166; 0.000117; -0.000308 \
#; 0.000718; -0.000739; -0.000662; 0.005836; -0.006013; -0.005383 \
#; 0.005858; 0.006035; -0.005403; 0.000516; 0.000532; -0.000476 \
#; -0.000000; -0.001008; -0.000000; 0.000000; 0.001043; -0.000000 \
#; 0.010483; -0.000000; -0.003425; 0.010128; 0.000000; -0.003309 \
#; -0.000000; 0.001008; 0.000000; -0.000000; -0.001043; 0.000000 \
#; -0.010483; -0.000000; -0.003425; -0.010128; 0.000000; -0.003309 \
# ]
#metaData: qpt=[0.000000;0.500000;0.000000;3.009931 \
#; 0.015682; 0.000000; -0.018353; -0.000000; -0.000000; -0.000000 \
#; -0.000000; 0.000000; 0.000000; -0.000000; -0.019337; 0.000000 \
#; 0.015682; 0.000000; 0.018353; 0.000000; -0.000000; 0.000000 \
#; -0.000000; -0.000000; -0.000000; -0.000000; -0.019337; -0.000000 \
#; -0.005420; -0.007902; -0.000619; 0.005420; 0.007902; 0.000619 \
#; -0.005420; 0.007902; -0.000619; -0.005420; 0.007902; -0.000619 \
#; -0.005420; -0.007902; 0.000619; 0.005420; 0.007902; -0.000619 \
#; -0.005420; 0.007902; 0.000619; -0.005420; 0.007902; 0.000619 \
#; 0.010885; 0.014546; 0.014177; -0.013454; -0.017979; -0.017522 \
#; 0.010885; -0.014546; 0.014177; 0.013454; -0.017979; 0.017522 \
#; -0.022139; -0.031707; -0.019830; 0.017912; 0.025653; 0.016044 \
#; -0.022139; 0.031707; -0.019830; -0.017912; 0.025653; -0.016044 \
#; -0.022139; -0.031707; 0.019830; 0.017912; 0.025653; -0.016044 \
#; -0.022139; 0.031707; 0.019830; -0.017912; 0.025653; 0.016044 \
#; 0.010885; 0.014546; -0.014177; -0.013454; -0.017979; 0.017522 \
#; 0.010885; -0.014546; -0.014177; 0.013454; -0.017979; -0.017522 \
#; -0.000327; -0.000000; -0.038166; 0.000000; 0.000000; 0.000000 \
#; 0.000000; -0.000000; 0.000000; 0.000000; 0.007556; 0.000000 \
#; -0.000327; -0.000000; 0.038166; -0.000000; 0.000000; -0.000000 \
#; 0.000000; 0.000000; -0.000000; 0.000000; 0.007556; -0.000000 \
# ]
#metaData: qpt=[0.000000;0.500000;0.000000;3.009931 \
#; 0.000000; -0.004865; -0.000000; 0.000000; 0.018715; -0.000000 \
#; 0.015177; 0.000000; -0.017763; 0.003945; -0.000000; -0.004618 \
#; 0.000000; -0.004865; 0.000000; -0.000000; 0.018715; 0.000000 \
#; 0.015177; -0.000000; 0.017763; 0.003945; -0.000000; 0.004618 \
#; -0.003882; -0.005660; -0.000443; -0.006609; -0.009636; -0.000754 \
#; -0.006609; 0.009636; -0.000754; 0.003882; -0.005660; 0.000443 \
#; -0.003882; -0.005660; 0.000443; -0.006609; -0.009636; 0.000754 \
#; -0.006609; 0.009636; 0.000754; 0.003882; -0.005660; -0.000443 \
#; -0.016920; -0.024233; -0.015155; -0.022906; -0.032805; -0.020517 \
#; -0.025933; 0.037141; -0.023228; 0.011766; -0.016851; 0.010539 \
#; 0.007150; 0.009555; 0.009312; 0.015759; 0.021060; 0.020525 \
#; 0.013920; -0.018601; 0.018129; -0.010282; 0.013741; -0.013392 \
#; 0.007150; 0.009555; -0.009312; 0.015759; 0.021060; -0.020525 \
#; 0.013920; -0.018601; -0.018129; -0.010282; 0.013741; 0.013392 \
#; -0.016920; -0.024233; 0.015155; -0.022906; -0.032805; 0.020517 \
#; -0.025933; 0.037141; 0.023228; 0.011766; -0.016851; -0.010539 \
#; -0.000000; 0.001901; -0.000000; 0.000000; -0.007313; 0.000000 \
#; -0.000317; 0.000000; -0.036938; -0.000082; 0.000000; -0.009602 \
#; -0.000000; 0.001901; 0.000000; -0.000000; -0.007313; 0.000000 \
#; -0.000317; 0.000000; 0.036938; -0.000082; 0.000000; 0.009602 \
# ]
#metaData: qpt=[0.000000;0.500000;0.000000;3.333108 \
#; 0.000000; 0.001487; -0.000000; -0.000000; -0.001540; -0.000000 \
#; -0.003277; 0.000000; 0.004159; -0.003164; -0.000000; 0.004016 \
#; 0.000000; 0.001487; 0.000000; 0.000000; -0.001540; 0.000000 \
#; -0.003277; -0.000000; -0.004159; -0.003164; 0.000000; -0.004016 \
#; -0.000107; 0.000370; 0.000096; -0.006100; 0.021113; 0.005470 \
#; -0.006100; -0.021113; 0.005470; 0.000107; 0.000370; -0.000096 \
#; -0.000107; 0.000370; -0.000096; -0.006100; 0.021113; -0.005470 \
#; -0.006100; -0.021113; -0.005470; 0.000107; 0.000370; 0.000096 \
#; 0.000950; 0.002671; -0.000969; 0.007707; 0.021664; -0.007862 \
#; 0.007736; -0.021744; -0.007891; 0.000679; -0.001910; -0.000693 \
#; -0.004501; -0.002231; -0.003435; 0.051240; 0.025399; 0.039108 \
#; 0.051051; -0.025305; 0.038963; -0.006295; 0.003120; -0.004804 \
#; -0.004501; -0.002231; 0.003435; 0.051240; 0.025399; -0.039108 \
#; 0.051051; -0.025305; -0.038963; -0.006295; 0.003120; 0.004804 \
#; 0.000950; 0.002671; 0.000969; 0.007707; 0.021664; 0.007862 \
#; 0.007736; -0.021744; 0.007891; 0.000679; -0.001910; 0.000693 \
#; -0.000000; -0.013951; -0.000000; -0.000000; 0.014449; -0.000000 \
#; 0.020399; -0.000000; 0.013339; 0.019696; 0.000000; 0.012879 \
#; -0.000000; -0.013951; 0.000000; -0.000000; 0.014449; 0.000000 \
#; 0.020399; -0.000000; -0.013339; 0.019696; 0.000000; -0.012879 \
# ]
#metaData: qpt=[0.000000;0.500000;0.000000;3.333108 \
#; -0.004555; 0.000000; 0.005781; -0.000000; -0.000000; -0.000000 \
#; 0.000000; -0.000000; -0.000000; 0.000000; 0.002141; 0.000000 \
#; -0.004555; 0.000000; -0.005781; 0.000000; 0.000000; -0.000000 \
#; -0.000000; 0.000000; -0.000000; -0.000000; 0.002141; 0.000000 \
#; -0.004314; 0.014932; 0.003868; 0.004314; -0.014932; -0.003868 \
#; -0.004314; -0.014932; 0.003868; -0.004314; -0.014932; 0.003868 \
#; -0.004314; 0.014932; -0.003868; 0.004314; -0.014932; 0.003868 \
#; -0.004314; -0.014932; -0.003868; -0.004314; -0.014932; -0.003868 \
#; 0.032353; 0.016037; 0.024693; -0.039988; -0.019821; -0.030520 \
#; 0.032353; -0.016037; 0.024693; 0.039988; -0.019821; 0.030520 \
#; 0.006037; 0.016969; -0.006158; -0.004884; -0.013729; 0.004982 \
#; 0.006037; -0.016969; -0.006158; 0.004884; -0.013729; -0.004982 \
#; 0.006037; 0.016969; 0.006158; -0.004884; -0.013729; -0.004982 \
#; 0.006037; -0.016969; 0.006158; 0.004884; -0.013729; 0.004982 \
#; 0.032353; 0.016037; -0.024693; -0.039988; -0.019821; 0.030520 \
#; 0.032353; -0.016037; -0.024693; 0.039988; -0.019821; -0.030520 \
#; 0.028356; -0.000000; 0.018542; 0.000000; 0.000000; 0.000000 \
#; 0.000000; -0.000000; 0.000000; -0.000000; -0.020085; 0.000000 \
#; 0.028356; -0.000000; -0.018542; -0.000000; 0.000000; 0.000000 \
#; 0.000000; -0.000000; -0.000000; 0.000000; -0.020085; -0.000000 \
# ]
#metaData: qpt=[0.000000;0.500000;0.000000;3.367099 \
#; 0.010523; 0.000000; -0.010802; -0.000000; -0.000000; -0.000000 \
#; 0.000000; -0.000000; -0.000000; 0.000000; 0.008959; 0.000000 \
#; -0.010523; 0.000000; -0.010802; -0.000000; 0.000000; -0.000000 \
#; -0.000000; 0.000000; -0.000000; -0.000000; -0.008959; 0.000000 \
#; -0.006142; 0.005435; -0.002193; 0.006142; -0.005435; 0.002193 \
#; -0.006142; -0.005435; -0.002193; -0.006142; -0.005435; -0.002193 \
#; 0.006142; -0.005435; -0.002193; -0.006142; 0.005435; 0.002193 \
#; 0.006142; 0.005435; -0.002193; 0.006142; 0.005435; -0.002193 \
#; 0.009091; -0.007469; 0.016101; -0.011236; 0.009231; -0.019900 \
#; 0.009091; 0.007469; 0.016101; 0.011236; 0.009231; 0.019900 \
#; 0.016835; 0.037038; 0.023964; -0.013621; -0.029967; -0.019389 \
#; 0.016835; -0.037038; 0.023964; 0.013621; -0.029967; 0.019389 \
#; -0.016835; -0.037038; 0.023964; 0.013621; 0.029967; -0.019389 \
#; -0.016835; 0.037038; 0.023964; -0.013621; 0.029967; 0.019389 \
#; -0.009091; 0.007469; 0.016101; 0.011236; -0.009231; -0.019900 \
#; -0.009091; -0.007469; 0.016101; -0.011236; -0.009231; 0.019900 \
#; -0.063519; -0.000000; -0.001033; 0.000000; 0.000000; 0.000000 \
#; 0.000000; 0.000000; 0.000000; -0.000000; -0.005802; 0.000000 \
#; 0.063519; -0.000000; -0.001033; -0.000000; 0.000000; 0.000000 \
#; 0.000000; -0.000000; -0.000000; 0.000000; 0.005802; -0.000000 \
# ]
#metaData: qpt=[0.000000;0.500000;0.000000;3.367099 \
#; 0.000000; 0.008431; -0.000000; 0.000000; 0.003031; 0.000000 \
#; -0.003561; 0.000000; 0.003655; 0.009903; 0.000000; -0.010165 \
#; -0.000000; -0.008431; -0.000000; 0.000000; -0.003031; 0.000000 \
#; 0.003561; -0.000000; 0.003655; -0.009903; -0.000000; -0.010165 \
#; 0.007858; -0.006953; 0.002805; -0.003702; 0.003275; -0.001321 \
#; -0.003702; -0.003275; -0.001321; -0.007858; -0.006953; -0.002805 \
#; -0.007858; 0.006953; 0.002805; 0.003702; -0.003275; -0.001321 \
#; 0.003702; 0.003275; -0.001321; 0.007858; 0.006953; -0.002805 \
#; -0.018514; -0.040731; -0.026353; 0.011234; 0.024714; 0.015990 \
#; 0.007121; -0.015667; 0.010137; 0.020451; -0.044993; 0.029111 \
#; -0.013649; 0.011213; -0.024174; 0.004753; -0.003905; 0.008418 \
#; 0.007498; 0.006159; 0.013278; 0.012357; 0.010151; 0.021884 \
#; 0.013649; -0.011213; -0.024174; -0.004753; 0.003905; 0.008418 \
#; -0.007498; -0.006159; 0.013278; -0.012357; -0.010151; 0.021884 \
#; 0.018514; 0.040731; -0.026353; -0.011234; -0.024714; 0.015990 \
#; -0.007121; 0.015667; 0.010137; -0.020451; 0.044993; 0.029111 \
#; 0.000000; -0.005460; 0.000000; -0.000000; -0.001963; -0.000000 \
#; 0.021492; -0.000000; 0.000350; -0.059772; -0.000000; -0.000972 \
#; 0.000000; 0.005460; 0.000000; -0.000000; 0.001963; -0.000000 \
#; -0.021492; -0.000000; 0.000350; 0.059772; 0.000000; -0.000972 \
# ]
#metaData: qpt=[0.000000;0.500000;0.000000;3.415597 \
#; 0.000000; 0.002096; -0.000000; 0.000000; 0.001812; 0.000000 \
#; 0.002653; 0.000000; 0.009152; -0.003068; 0.000000; -0.010586 \
#; -0.000000; -0.002096; -0.000000; 0.000000; -0.001812; 0.000000 \
#; -0.002653; -0.000000; 0.009152; 0.003068; -0.000000; -0.010586 \
#; 0.001648; -0.008301; 0.007024; -0.000120; 0.000603; -0.000510 \
#; -0.000120; -0.000603; -0.000510; -0.001648; -0.008301; -0.007024 \
#; -0.001648; 0.008301; 0.007024; 0.000120; -0.000603; -0.000510 \
#; 0.000120; 0.000603; -0.000510; 0.001648; 0.008301; -0.007024 \
#; -0.010971; 0.005660; -0.028057; 0.001970; -0.001016; 0.005038 \
#; -0.000364; -0.000188; -0.000930; 0.011140; 0.005747; 0.028490 \
#; -0.019013; -0.045603; -0.033336; -0.000620; -0.001488; -0.001088 \
#; 0.003362; -0.008064; 0.005895; 0.018723; -0.044909; 0.032828 \
#; 0.019013; 0.045603; -0.033336; 0.000620; 0.001488; -0.001088 \
#; -0.003362; 0.008064; 0.005895; -0.018723; 0.044909; 0.032828 \
#; 0.010971; -0.005660; -0.028057; -0.001970; 0.001016; 0.005038 \
#; 0.000364; 0.000188; -0.000930; -0.011140; -0.005747; 0.028490 \
#; -0.000000; -0.004002; 0.000000; -0.000000; -0.003460; -0.000000 \
#; -0.041254; -0.000000; -0.019650; 0.047719; -0.000000; 0.022729 \
#; 0.000000; 0.004002; -0.000000; -0.000000; 0.003460; -0.000000 \
#; 0.041254; -0.000000; -0.019650; -0.047719; -0.000000; 0.022729 \
# ]
#metaData: qpt=[0.000000;0.500000;0.000000;3.415597 \
#; -0.004056; 0.000000; -0.013994; -0.000000; -0.000000; -0.000000 \
#; 0.000000; -0.000000; -0.000000; 0.000000; 0.002771; 0.000000 \
#; 0.004056; 0.000000; -0.013994; -0.000000; 0.000000; -0.000000 \
#; -0.000000; 0.000000; -0.000000; -0.000000; -0.002771; 0.000000 \
#; -0.001168; 0.005885; -0.004980; 0.001168; -0.005885; 0.004980 \
#; -0.001168; -0.005885; -0.004980; -0.001168; -0.005885; -0.004980 \
#; 0.001168; -0.005885; -0.004980; -0.001168; 0.005885; 0.004980 \
#; 0.001168; 0.005885; -0.004980; 0.001168; 0.005885; -0.004980 \
#; 0.011965; 0.028699; 0.020979; -0.014789; -0.035471; -0.025930 \
#; 0.011965; -0.028699; 0.020979; 0.014789; -0.035471; 0.025930 \
#; 0.008665; -0.004470; 0.022160; -0.007011; 0.003617; -0.017930 \
#; 0.008665; 0.004470; 0.022160; 0.007011; 0.003617; 0.017930 \
#; -0.008665; 0.004470; 0.022160; 0.007011; -0.003617; -0.017930 \
#; -0.008665; -0.004470; 0.022160; -0.007011; -0.003617; 0.017930 \
#; -0.011965; -0.028699; 0.020979; 0.014789; 0.035471; -0.025930 \
#; -0.011965; 0.028699; 0.020979; -0.014789; 0.035471; 0.025930 \
#; 0.063079; -0.000000; 0.030046; 0.000000; 0.000000; 0.000000 \
#; -0.000000; 0.000000; 0.000000; -0.000000; -0.005291; 0.000000 \
#; -0.063079; 0.000000; 0.030046; -0.000000; -0.000000; 0.000000 \
#; 0.000000; -0.000000; -0.000000; -0.000000; 0.005291; 0.000000 \
# ]
#metaData: qpt=[0.000000;0.500000;0.000000;4.153975 \
#; -0.000000; -0.001885; 0.000000; 0.000000; 0.003027; 0.000000 \
#; -0.011114; -0.000000; 0.003803; -0.006923; -0.000000; 0.002369 \
#; -0.000000; -0.001885; 0.000000; -0.000000; 0.003027; -0.000000 \
#; -0.011114; -0.000000; -0.003803; -0.006923; 0.000000; -0.002369 \
#; -0.001218; -0.003311; 0.000618; -0.005242; -0.014247; 0.002661 \
#; -0.005242; 0.014247; 0.002661; 0.001218; -0.003311; -0.000618 \
#; -0.001218; -0.003311; -0.000618; -0.005242; -0.014247; -0.002661 \
#; -0.005242; 0.014247; -0.002661; 0.001218; -0.003311; 0.000618 \
#; 0.016040; -0.005549; 0.012874; 0.046303; -0.016018; 0.037166 \
#; 0.048631; 0.016823; 0.039034; -0.006021; -0.002083; -0.004833 \
#; 0.002991; 0.001057; 0.001494; 0.024163; 0.008540; 0.012066 \
#; 0.023006; -0.008131; 0.011488; -0.007969; 0.002817; -0.003980 \
#; 0.002991; 0.001057; -0.001494; 0.024163; 0.008540; -0.012066 \
#; 0.023006; -0.008131; -0.011488; -0.007969; 0.002817; 0.003980 \
#; 0.016040; -0.005549; -0.012874; 0.046303; -0.016018; -0.037166 \
#; 0.048631; 0.016823; -0.039034; -0.006021; -0.002083; 0.004833 \
#; 0.000000; 0.008073; -0.000000; -0.000000; -0.012960; -0.000000 \
#; -0.036357; -0.000000; -0.028505; -0.022646; 0.000000; -0.017755 \
#; 0.000000; 0.008073; -0.000000; -0.000000; -0.012960; 0.000000 \
#; -0.036357; 0.000000; 0.028505; -0.022646; -0.000000; 0.017755 \
# ]
#metaData: qpt=[0.000000;0.500000;0.000000;4.153975 \
#; 0.013094; -0.000000; -0.004481; 0.000000; 0.000000; 0.000000 \
#; -0.000000; 0.000000; -0.000000; 0.000000; 0.003566; -0.000000 \
#; 0.013094; -0.000000; 0.004481; 0.000000; 0.000000; 0.000000 \
#; -0.000000; 0.000000; -0.000000; 0.000000; 0.003566; 0.000000 \
#; 0.003805; 0.010342; -0.001932; -0.003805; -0.010342; 0.001932 \
#; 0.003805; -0.010342; -0.001932; 0.003805; -0.010342; -0.001932 \
#; 0.003805; 0.010342; 0.001932; -0.003805; -0.010342; -0.001932 \
#; 0.003805; -0.010342; 0.001932; 0.003805; -0.010342; 0.001932 \
#; -0.015314; -0.005412; -0.007647; 0.018928; 0.006690; 0.009452 \
#; -0.015314; 0.005412; -0.007647; -0.018928; 0.006690; -0.009452 \
#; -0.038095; 0.013178; -0.030578; 0.030822; -0.010662; 0.024740 \
#; -0.038095; -0.013178; -0.030578; -0.030822; -0.010662; -0.024740 \
#; -0.038095; 0.013178; 0.030578; 0.030822; -0.010662; -0.024740 \
#; -0.038095; -0.013178; 0.030578; -0.030822; -0.010662; 0.024740 \
#; -0.015314; -0.005412; 0.007647; 0.018928; 0.006690; -0.009452 \
#; -0.015314; 0.005412; 0.007647; -0.018928; 0.006690; 0.009452 \
#; 0.042833; -0.000000; 0.033583; -0.000000; -0.000000; 0.000000 \
#; -0.000000; 0.000000; -0.000000; 0.000000; -0.015269; -0.000000 \
#; 0.042833; -0.000000; -0.033583; -0.000000; 0.000000; 0.000000 \
#; -0.000000; -0.000000; -0.000000; 0.000000; -0.015269; -0.000000 \
# ]
#metaData: qpt=[0.000000;0.500000;0.000000;4.249409 \
#; -0.000000; -0.008121; -0.000000; -0.000000; -0.007566; -0.000000 \
#; 0.008544; -0.000000; -0.003733; -0.009171; 0.000000; 0.004007 \
#; 0.000000; -0.008121; -0.000000; 0.000000; -0.007566; -0.000000 \
#; 0.008544; 0.000000; 0.003733; -0.009171; -0.000000; -0.004007 \
#; 0.007644; 0.019695; -0.001872; -0.000270; -0.000697; 0.000066 \
#; -0.000270; 0.000697; 0.000066; -0.007644; 0.019695; 0.001872 \
#; 0.007644; 0.019695; 0.001872; -0.000270; -0.000697; -0.000066 \
#; -0.000270; 0.000697; -0.000066; -0.007644; 0.019695; -0.001872 \
#; -0.013480; 0.011381; 0.002199; 0.001907; -0.001610; -0.000311 \
#; -0.000949; -0.000802; 0.000155; 0.013581; 0.011466; -0.002215 \
#; -0.008582; 0.026622; 0.002265; -0.000600; 0.001861; 0.000158 \
#; 0.001205; 0.003737; -0.000318; 0.008518; 0.026424; -0.002248 \
#; -0.008582; 0.026622; -0.002265; -0.000600; 0.001861; -0.000158 \
#; 0.001205; 0.003737; 0.000318; 0.008518; 0.026424; 0.002248 \
#; -0.013480; 0.011381; -0.002199; 0.001907; -0.001610; 0.000311 \
#; -0.000949; -0.000802; -0.000155; 0.013581; 0.011466; 0.002215 \
#; 0.000000; 0.010454; 0.000000; 0.000000; 0.009740; 0.000000 \
#; -0.064932; 0.000000; -0.009606; 0.069693; -0.000000; 0.010310 \
#; -0.000000; 0.010454; 0.000000; -0.000000; 0.009740; 0.000000 \
#; -0.064932; -0.000000; 0.009606; 0.069693; 0.000000; -0.010310 \
# ]
#metaData: qpt=[0.000000;0.500000;0.000000;4.249409 \
#; -0.012535; -0.000000; 0.005476; -0.000000; 0.000000; -0.000000 \
#; 0.000000; -0.000000; 0.000000; 0.000000; -0.011099; 0.000000 \
#; -0.012535; 0.000000; -0.005476; 0.000000; -0.000000; -0.000000 \
#; 0.000000; -0.000000; 0.000000; 0.000000; -0.011099; 0.000000 \
#; -0.005409; -0.013935; 0.001324; 0.005409; 0.013935; -0.001324 \
#; -0.005409; 0.013935; 0.001324; -0.005409; 0.013935; 0.001324 \
#; -0.005409; -0.013935; -0.001324; 0.005409; 0.013935; 0.001324 \
#; -0.005409; 0.013935; -0.001324; -0.005409; 0.013935; -0.001324 \
#; 0.005411; -0.016786; -0.001428; -0.006688; 0.020747; 0.001765 \
#; 0.005411; 0.016786; -0.001428; 0.006688; 0.020747; -0.001765 \
#; 0.010584; -0.008936; -0.001726; -0.008563; 0.007230; 0.001397 \
#; 0.010584; 0.008936; -0.001726; 0.008563; 0.007230; -0.001397 \
#; 0.010584; -0.008936; 0.001726; -0.008563; 0.007230; -0.001397 \
#; 0.010584; 0.008936; 0.001726; 0.008563; 0.007230; 0.001397 \
#; 0.005411; -0.016786; 0.001428; -0.006688; 0.020747; -0.001765 \
#; 0.005411; 0.016786; 0.001428; 0.006688; 0.020747; 0.001765 \
#; 0.095254; -0.000000; 0.014091; -0.000000; -0.000000; 0.000000 \
#; -0.000000; 0.000000; -0.000000; 0.000000; 0.014288; 0.000000 \
#; 0.095254; -0.000000; -0.014091; -0.000000; 0.000000; 0.000000 \
#; -0.000000; -0.000000; -0.000000; 0.000000; 0.014288; -0.000000 \
# ]
#metaData: qpt=[0.000000;0.500000;0.000000;4.326602 \
#; 0.000545; -0.000000; 0.011875; -0.000000; -0.000000; -0.000000 \
#; 0.000000; -0.000000; 0.000000; -0.000000; -0.003856; -0.000000 \
#; -0.000545; -0.000000; 0.011875; 0.000000; -0.000000; -0.000000 \
#; 0.000000; 0.000000; 0.000000; -0.000000; 0.003856; -0.000000 \
#; 0.003573; -0.022202; -0.002568; -0.003573; 0.022202; 0.002568 \
#; 0.003573; 0.022202; -0.002568; 0.003573; 0.022202; -0.002568 \
#; -0.003573; 0.022202; -0.002568; 0.003573; -0.022202; 0.002568 \
#; -0.003573; -0.022202; -0.002568; -0.003573; -0.022202; -0.002568 \
#; 0.007147; 0.024345; 0.005976; -0.008834; -0.030089; -0.007386 \
#; 0.007147; -0.024345; 0.005976; 0.008834; -0.030089; 0.007386 \
#; 0.008537; 0.013786; -0.001321; -0.006907; -0.011154; 0.001069 \
#; 0.008537; -0.013786; -0.001321; 0.006907; -0.011154; -0.001069 \
#; -0.008537; -0.013786; -0.001321; 0.006907; 0.011154; 0.001069 \
#; -0.008537; 0.013786; -0.001321; -0.006907; 0.011154; -0.001069 \
#; -0.007147; -0.024345; 0.005976; 0.008834; 0.030089; -0.007386 \
#; -0.007147; 0.024345; 0.005976; -0.008834; 0.030089; 0.007386 \
#; -0.004443; -0.000000; -0.067756; -0.000000; 0.000000; 0.000000 \
#; -0.000000; 0.000000; -0.000000; 0.000000; 0.013216; 0.000000 \
#; 0.004443; 0.000000; -0.067756; -0.000000; 0.000000; 0.000000 \
#; -0.000000; -0.000000; -0.000000; 0.000000; -0.013216; 0.000000 \
# ]
#metaData: qpt=[0.000000;0.500000;0.000000;4.326602 \
#; 0.000000; 0.003838; -0.000000; -0.000000; -0.000376; 0.000000 \
#; -0.000053; 0.000000; -0.001157; -0.000542; 0.000000; -0.011818 \
#; 0.000000; -0.003838; -0.000000; -0.000000; 0.000376; 0.000000 \
#; 0.000053; -0.000000; -0.001157; 0.000542; -0.000000; -0.011818 \
#; 0.003208; -0.019932; -0.002306; -0.003905; 0.024260; 0.002806 \
#; -0.003905; -0.024260; 0.002806; -0.003208; -0.019932; 0.002306 \
#; -0.003208; 0.019932; -0.002306; 0.003905; -0.024260; 0.002806 \
#; 0.003905; 0.024260; 0.002806; 0.003208; 0.019932; 0.002306 \
#; 0.006042; 0.009757; -0.000935; -0.009170; -0.014808; 0.001419 \
#; -0.007706; 0.012445; 0.001193; -0.007823; 0.012634; 0.001211 \
#; 0.008095; 0.027573; 0.006769; -0.007974; -0.027161; -0.006668 \
#; -0.009488; 0.032319; -0.007934; -0.006252; 0.021296; -0.005228 \
#; -0.008095; -0.027573; 0.006769; 0.007974; 0.027161; -0.006668 \
#; 0.009488; -0.032319; -0.007934; 0.006252; -0.021296; -0.005228 \
#; -0.006042; -0.009757; -0.000935; 0.009170; 0.014808; 0.001419 \
#; 0.007706; -0.012445; 0.001193; 0.007823; -0.012634; 0.001211 \
#; 0.000000; -0.013153; 0.000000; 0.000000; 0.001288; -0.000000 \
#; 0.000433; -0.000000; 0.006604; 0.004422; -0.000000; 0.067433 \
#; -0.000000; 0.013153; 0.000000; 0.000000; -0.001288; -0.000000 \
#; -0.000433; 0.000000; 0.006604; -0.004422; 0.000000; 0.067433 \
# ]
#metaData: qpt=[0.000000;0.500000;0.000000;4.635544 \
#; -0.015550; 0.000000; 0.002977; 0.000000; 0.000000; -0.000000 \
#; -0.000000; 0.000000; 0.000000; 0.000000; -0.011485; -0.000000 \
#; 0.015550; -0.000000; 0.002977; -0.000000; -0.000000; 0.000000 \
#; 0.000000; 0.000000; 0.000000; -0.000000; 0.011485; -0.000000 \
#; 0.005484; 0.002561; 0.000325; -0.005484; -0.002561; -0.000325 \
#; 0.005484; -0.002561; 0.000325; 0.005484; -0.002561; 0.000325 \
#; -0.005484; -0.002561; 0.000325; 0.005484; 0.002561; -0.000325 \
#; -0.005484; 0.002561; 0.000325; -0.005484; 0.002561; 0.000325 \
#; -0.012388; 0.015249; -0.018504; 0.015312; -0.018847; 0.022870 \
#; -0.012388; -0.015249; -0.018504; -0.015312; -0.018847; -0.022870 \
#; -0.005544; 0.048258; -0.008418; 0.004486; -0.039045; 0.006811 \
#; -0.005544; -0.048258; -0.008418; -0.004486; -0.039045; -0.006811 \
#; 0.005544; -0.048258; -0.008418; -0.004486; 0.039045; 0.006811 \
#; 0.005544; 0.048258; -0.008418; 0.004486; 0.039045; -0.006811 \
#; 0.012388; -0.015249; -0.018504; -0.015312; 0.018847; 0.022870 \
#; 0.012388; 0.015249; -0.018504; 0.015312; 0.018847; -0.022870 \
#; 0.011486; -0.000000; 0.041008; -0.000000; -0.000000; -0.000000 \
#; 0.000000; -0.000000; 0.000000; -0.000000; 0.000481; -0.000000 \
#; -0.011486; 0.000000; 0.041008; -0.000000; 0.000000; 0.000000 \
#; -0.000000; -0.000000; 0.000000; 0.000000; -0.000481; -0.000000 \
# ]
#metaData: qpt=[0.000000;0.500000;0.000000;4.635544 \
#; -0.000000; -0.010707; 0.000000; -0.000000; -0.004156; -0.000000 \
#; 0.005627; 0.000000; -0.001077; -0.014496; -0.000000; 0.002776 \
#; 0.000000; 0.010707; 0.000000; 0.000000; 0.004156; -0.000000 \
#; -0.005627; 0.000000; -0.001077; 0.014496; 0.000000; 0.002776 \
#; -0.007097; -0.003314; -0.000420; 0.003128; 0.001461; 0.000185 \
#; 0.003128; -0.001461; 0.000185; 0.007097; -0.003314; 0.000420 \
#; 0.007097; 0.003314; -0.000420; -0.003128; -0.001461; 0.000185 \
#; -0.003128; 0.001461; 0.000185; -0.007097; 0.003314; 0.000420 \
#; 0.006188; -0.053862; 0.009395; -0.003545; 0.030859; -0.005383 \
#; -0.002176; -0.018936; -0.003303; -0.006792; -0.059117; -0.010312 \
#; 0.018757; -0.023088; 0.028016; -0.006008; 0.007395; -0.008974 \
#; -0.009791; -0.012052; -0.014624; -0.017090; -0.021035; -0.025525 \
#; -0.018757; 0.023088; 0.028016; 0.006008; -0.007395; -0.008974 \
#; 0.009791; 0.012052; -0.014624; 0.017090; 0.021035; -0.025525 \
#; -0.006188; 0.053862; 0.009395; 0.003545; -0.030859; -0.005383 \
#; 0.002176; 0.018936; -0.003303; 0.006792; 0.059117; -0.010312 \
#; 0.000000; 0.000448; 0.000000; -0.000000; 0.000174; 0.000000 \
#; -0.004156; 0.000000; -0.014839; 0.010708; 0.000000; 0.038229 \
#; -0.000000; -0.000448; 0.000000; -0.000000; -0.000174; -0.000000 \
#; 0.004156; -0.000000; -0.014839; -0.010708; -0.000000; 0.038229 \
# ]
#metaData: qpt=[0.000000;0.500000;0.000000;4.797981 \
#; 0.009434; 0.000000; 0.006180; 0.000000; 0.000000; -0.000000 \
#; 0.000000; -0.000000; 0.000000; -0.000000; -0.015115; -0.000000 \
#; 0.009434; 0.000000; -0.006180; 0.000000; 0.000000; 0.000000 \
#; 0.000000; -0.000000; -0.000000; -0.000000; -0.015115; 0.000000 \
#; 0.001431; -0.008290; 0.006371; -0.001431; 0.008290; -0.006371 \
#; 0.001431; 0.008290; 0.006371; 0.001431; 0.008290; 0.006371 \
#; 0.001431; -0.008290; -0.006371; -0.001431; 0.008290; 0.006371 \
#; 0.001431; 0.008290; -0.006371; 0.001431; 0.008290; -0.006371 \
#; 0.012846; -0.030351; 0.015684; -0.015878; 0.037513; -0.019385 \
#; 0.012846; 0.030351; 0.015684; 0.015878; 0.037513; 0.019385 \
#; -0.009765; 0.005875; -0.005192; 0.007900; -0.004754; 0.004201 \
#; -0.009765; -0.005875; -0.005192; -0.007900; -0.004754; -0.004201 \
#; -0.009765; 0.005875; 0.005192; 0.007900; -0.004754; -0.004201 \
#; -0.009765; -0.005875; 0.005192; -0.007900; -0.004754; 0.004201 \
#; 0.012846; -0.030351; -0.015684; -0.015878; 0.037513; 0.019385 \
#; 0.012846; 0.030351; -0.015684; 0.015878; 0.037513; -0.019385 \
#; -0.050545; -0.000000; 0.054680; 0.000000; -0.000000; -0.000000 \
#; -0.000000; -0.000000; 0.000000; 0.000000; 0.002562; -0.000000 \
#; -0.050545; -0.000000; -0.054680; -0.000000; -0.000000; 0.000000 \
#; -0.000000; 0.000000; -0.000000; 0.000000; 0.002562; 0.000000 \
# ]
#metaData: qpt=[0.000000;0.500000;0.000000;4.797981 \
#; -0.000000; 0.013702; -0.000000; 0.000000; 0.006382; 0.000000 \
#; 0.003983; 0.000000; 0.002609; -0.008552; 0.000000; -0.005602 \
#; -0.000000; 0.013702; 0.000000; 0.000000; 0.006382; 0.000000 \
#; 0.003983; -0.000000; -0.002609; -0.008552; 0.000000; 0.005602 \
#; 0.001901; -0.011015; 0.008465; -0.000693; 0.004015; -0.003085 \
#; -0.000693; -0.004015; -0.003085; -0.001901; -0.011015; -0.008465 \
#; 0.001901; -0.011015; -0.008465; -0.000693; 0.004015; 0.003085 \
#; -0.000693; -0.004015; 0.003085; -0.001901; -0.011015; 0.008465 \
#; -0.011284; 0.006790; -0.006000; 0.005516; -0.003319; 0.002933 \
#; 0.003039; 0.001829; 0.001616; 0.012187; 0.007333; 0.006480 \
#; 0.019817; -0.046820; 0.024195; -0.004942; 0.011675; -0.006033 \
#; -0.008969; -0.021191; -0.010951; -0.018349; -0.043351; -0.022402 \
#; 0.019817; -0.046820; -0.024195; -0.004942; 0.011675; 0.006033 \
#; -0.008969; -0.021191; 0.010951; -0.018349; -0.043351; 0.022402 \
#; -0.011284; 0.006790; 0.006000; 0.005516; -0.003319; -0.002933 \
#; 0.003039; 0.001829; -0.001616; 0.012187; 0.007333; -0.006480 \
#; 0.000000; -0.002323; -0.000000; -0.000000; -0.001082; -0.000000 \
#; -0.021340; 0.000000; 0.023086; 0.045819; -0.000000; -0.049568 \
#; 0.000000; -0.002323; 0.000000; -0.000000; -0.001082; -0.000000 \
#; -0.021340; -0.000000; -0.023086; 0.045819; -0.000000; 0.049568 \
# ]
#metaData: qpt=[0.000000;0.500000;0.000000;5.006179 \
#; -0.004245; 0.000000; 0.006123; 0.000000; 0.000000; -0.000000 \
#; -0.000000; -0.000000; 0.000000; 0.000000; -0.002198; -0.000000 \
#; 0.004245; -0.000000; 0.006123; -0.000000; -0.000000; 0.000000 \
#; 0.000000; -0.000000; 0.000000; -0.000000; 0.002198; -0.000000 \
#; 0.001110; 0.025639; 0.005722; -0.001110; -0.025639; -0.005722 \
#; 0.001110; -0.025639; 0.005722; 0.001110; -0.025639; 0.005722 \
#; -0.001110; -0.025639; 0.005722; 0.001110; 0.025639; -0.005722 \
#; -0.001110; 0.025639; 0.005722; -0.001110; 0.025639; 0.005722 \
#; 0.006221; 0.021698; -0.002864; -0.007689; -0.026818; 0.003540 \
#; 0.006221; -0.021698; -0.002864; 0.007689; -0.026818; -0.003540 \
#; -0.004151; -0.004348; -0.013519; 0.003358; 0.003518; 0.010938 \
#; -0.004151; 0.004348; -0.013519; -0.003358; 0.003518; -0.010938 \
#; 0.004151; 0.004348; -0.013519; -0.003358; -0.003518; 0.010938 \
#; 0.004151; -0.004348; -0.013519; 0.003358; -0.003518; -0.010938 \
#; -0.006221; -0.021698; -0.002864; 0.007689; 0.026818; 0.003540 \
#; -0.006221; 0.021698; -0.002864; -0.007689; 0.026818; -0.003540 \
#; -0.025823; 0.000000; -0.056362; -0.000000; 0.000000; -0.000000 \
#; -0.000000; 0.000000; -0.000000; 0.000000; -0.016837; 0.000000 \
#; 0.025823; -0.000000; -0.056362; 0.000000; -0.000000; -0.000000 \
#; 0.000000; -0.000000; -0.000000; -0.000000; 0.016837; 0.000000 \
# ]
#metaData: qpt=[0.000000;0.500000;0.000000;5.006179 \
#; -0.000000; -0.002184; 0.000000; -0.000000; -0.000245; 0.000000 \
#; 0.000473; 0.000000; -0.000682; -0.004219; -0.000000; 0.006085 \
#; 0.000000; 0.002184; 0.000000; 0.000000; 0.000245; -0.000000 \
#; -0.000473; 0.000000; -0.000682; 0.004219; 0.000000; 0.006085 \
#; -0.001227; -0.028334; -0.006324; 0.000980; 0.022626; 0.005050 \
#; 0.000980; -0.022626; 0.005050; 0.001227; -0.028334; 0.006324 \
#; 0.001227; 0.028334; -0.006324; -0.000980; -0.022626; 0.005050 \
#; -0.000980; 0.022626; 0.005050; -0.001227; 0.028334; 0.006324 \
#; 0.003800; 0.003980; 0.012375; -0.003751; -0.003929; -0.012218 \
#; -0.002876; 0.003012; -0.009365; -0.004499; 0.004712; -0.014653 \
#; -0.008334; -0.029067; 0.003836; 0.005327; 0.018578; -0.002452 \
#; 0.006949; -0.024236; -0.003199; 0.007038; -0.024549; -0.003240 \
#; 0.008334; 0.029067; 0.003836; -0.005327; -0.018578; -0.002452 \
#; -0.006949; 0.024236; -0.003199; -0.007038; 0.024549; -0.003240 \
#; -0.003800; -0.003980; 0.012375; 0.003751; 0.003929; -0.012218 \
#; 0.002876; -0.003012; -0.009365; 0.004499; -0.004712; -0.014653 \
#; -0.000000; -0.016732; -0.000000; 0.000000; -0.001874; 0.000000 \
#; 0.002875; 0.000000; 0.006274; -0.025663; -0.000000; -0.056012 \
#; 0.000000; 0.016732; -0.000000; 0.000000; 0.001874; 0.000000 \
#; -0.002875; 0.000000; 0.006274; 0.025663; 0.000000; -0.056012 \
# ]
#metaData: qpt=[0.000000;0.500000;0.000000;5.750954 \
#; 0.005764; -0.000000; -0.005160; 0.000000; 0.000000; 0.000000 \
#; 0.000000; 0.000000; -0.000000; 0.000000; -0.002257; -0.000000 \
#; -0.005764; 0.000000; -0.005160; -0.000000; -0.000000; -0.000000 \
#; -0.000000; -0.000000; -0.000000; -0.000000; 0.002257; -0.000000 \
#; -0.005827; -0.007200; -0.000500; 0.005827; 0.007200; 0.000500 \
#; -0.005827; 0.007200; -0.000500; -0.005827; 0.007200; -0.000500 \
#; 0.005827; 0.007200; -0.000500; -0.005827; -0.007200; 0.000500 \
#; 0.005827; -0.007200; -0.000500; 0.005827; -0.007200; -0.000500 \
#; 0.002030; 0.025486; 0.003883; -0.002509; -0.031500; -0.004799 \
#; 0.002030; -0.025486; 0.003883; 0.002509; -0.031500; 0.004799 \
#; -0.016828; -0.017600; -0.014327; 0.013615; 0.014240; 0.011591 \
#; -0.016828; 0.017600; -0.014327; -0.013615; 0.014240; -0.011591 \
#; 0.016828; 0.017600; -0.014327; -0.013615; -0.014240; 0.011591 \
#; 0.016828; -0.017600; -0.014327; 0.013615; -0.014240; -0.011591 \
#; -0.002030; -0.025486; 0.003883; 0.002509; 0.031500; -0.004799 \
#; -0.002030; 0.025486; 0.003883; -0.002509; 0.031500; 0.004799 \
#; -0.070678; 0.000000; 0.057348; -0.000000; -0.000000; 0.000000 \
#; -0.000000; 0.000000; 0.000000; -0.000000; 0.005666; 0.000000 \
#; 0.070678; -0.000000; 0.057348; 0.000000; 0.000000; -0.000000 \
#; 0.000000; 0.000000; 0.000000; 0.000000; -0.005666; 0.000000 \
# ]
#metaData: qpt=[0.000000;0.500000;0.000000;5.750954 \
#; 0.000000; 0.001889; -0.000000; -0.000000; -0.001235; 0.000000 \
#; -0.003154; 0.000000; 0.002823; -0.004825; -0.000000; 0.004319 \
#; -0.000000; -0.001889; -0.000000; -0.000000; 0.001235; -0.000000 \
#; 0.003154; -0.000000; 0.002823; 0.004825; 0.000000; 0.004319 \
#; -0.001690; -0.002088; -0.000145; 0.008065; 0.009966; 0.000693 \
#; 0.008065; -0.009966; 0.000693; 0.001690; -0.002088; 0.000145 \
#; 0.001690; 0.002088; -0.000145; -0.008065; -0.009966; 0.000693 \
#; -0.008065; 0.009966; 0.000693; -0.001690; 0.002088; 0.000145 \
#; -0.002190; -0.002291; -0.001865; 0.021535; 0.022523; 0.018334 \
#; 0.020603; -0.021548; 0.017541; 0.006637; -0.006942; 0.005651 \
#; 0.000990; 0.012424; 0.001893; -0.003072; -0.038568; -0.005876 \
#; -0.003211; 0.040311; -0.006142; -0.000327; 0.004100; -0.000625 \
#; -0.000990; -0.012424; 0.001893; 0.003072; 0.038568; -0.005876 \
#; 0.003211; -0.040311; -0.006142; 0.000327; -0.004100; -0.000625 \
#; 0.002190; 0.002291; -0.001865; -0.021535; -0.022523; 0.018334 \
#; -0.020603; 0.021548; 0.017541; -0.006637; 0.006942; 0.005651 \
#; -0.000000; -0.004743; 0.000000; -0.000000; 0.003100; 0.000000 \
#; 0.038668; 0.000000; -0.031375; 0.059162; 0.000000; -0.048004 \
#; 0.000000; 0.004743; 0.000000; 0.000000; -0.003100; -0.000000 \
#; -0.038668; 0.000000; -0.031375; -0.059162; -0.000000; -0.048004 \
# ]
#metaData: qpt=[0.000000;0.500000;0.000000;5.752663 \
#; -0.004014; -0.000000; 0.011312; -0.000000; -0.000000; 0.000000 \
#; -0.000000; 0.000000; 0.000000; 0.000000; 0.001007; -0.000000 \
#; -0.004014; -0.000000; -0.011312; -0.000000; -0.000000; -0.000000 \
#; -0.000000; -0.000000; -0.000000; 0.000000; 0.001007; 0.000000 \
#; 0.003502; 0.005657; 0.013142; -0.003502; -0.005657; -0.013142 \
#; 0.003502; -0.005657; 0.013142; 0.003502; -0.005657; 0.013142 \
#; 0.003502; 0.005657; -0.013142; -0.003502; -0.005657; 0.013142 \
#; 0.003502; -0.005657; -0.013142; 0.003502; -0.005657; -0.013142 \
#; -0.006195; 0.015845; -0.005456; 0.007656; -0.019584; 0.006743 \
#; -0.006195; -0.015845; -0.005456; -0.007656; -0.019584; -0.006743 \
#; 0.000036; -0.043895; 0.006454; -0.000029; 0.035514; -0.005222 \
#; 0.000036; 0.043895; 0.006454; 0.000029; 0.035514; 0.005222 \
#; 0.000036; -0.043895; -0.006454; -0.000029; 0.035514; 0.005222 \
#; 0.000036; 0.043895; -0.006454; 0.000029; 0.035514; -0.005222 \
#; -0.006195; 0.015845; 0.005456; 0.007656; -0.019584; -0.006743 \
#; -0.006195; -0.015845; 0.005456; -0.007656; -0.019584; 0.006743 \
#; -0.001754; 0.000000; 0.065963; -0.000000; 0.000000; 0.000000 \
#; -0.000000; 0.000000; 0.000000; 0.000000; -0.004791; -0.000000 \
#; -0.001754; 0.000000; -0.065963; 0.000000; 0.000000; -0.000000 \
#; -0.000000; 0.000000; -0.000000; 0.000000; -0.004791; 0.000000 \
# ]
#metaData: qpt=[0.000000;0.500000;0.000000;5.752663 \
#; 0.000000; -0.000951; -0.000000; -0.000000; -0.000331; 0.000000 \
#; -0.001321; 0.000000; 0.003723; 0.003791; -0.000000; -0.010681 \
#; 0.000000; -0.000951; 0.000000; -0.000000; -0.000331; -0.000000 \
#; -0.001321; -0.000000; -0.003723; 0.003791; -0.000000; 0.010681 \
#; 0.004459; 0.007203; 0.016735; -0.002154; -0.003480; -0.008085 \
#; -0.002154; 0.003480; -0.008085; -0.004459; 0.007203; -0.016735 \
#; 0.004459; 0.007203; -0.016735; -0.002154; -0.003480; 0.008085 \
#; -0.002154; 0.003480; 0.008085; -0.004459; 0.007203; 0.016735 \
#; 0.000039; -0.047983; 0.007055; -0.000024; 0.029761; -0.004376 \
#; -0.000016; -0.019089; -0.002807; -0.000044; -0.053138; -0.007813 \
#; -0.009269; 0.023708; -0.008163; 0.003330; -0.008517; 0.002933 \
#; 0.005191; 0.013278; 0.004572; 0.008369; 0.021408; 0.007371 \
#; -0.009269; 0.023708; 0.008163; 0.003330; -0.008517; -0.002933 \
#; 0.005191; 0.013278; -0.004572; 0.008369; 0.021408; -0.007371 \
#; 0.000039; -0.047983; -0.007055; -0.000024; 0.029761; 0.004376 \
#; -0.000016; -0.019089; 0.002807; -0.000044; -0.053138; 0.007813 \
#; 0.000000; 0.004524; -0.000000; -0.000000; 0.001577; 0.000000 \
#; -0.000577; 0.000000; 0.021710; 0.001656; 0.000000; -0.062288 \
#; 0.000000; 0.004524; 0.000000; 0.000000; 0.001577; -0.000000 \
#; -0.000577; 0.000000; -0.021710; 0.001656; 0.000000; 0.062288 \
# ]
#metaData: qpt=[0.000000;0.500000;0.000000;6.234085 \
#; 0.004070; -0.000000; -0.005150; -0.000000; -0.000000; 0.000000 \
#; -0.000000; 0.000000; 0.000000; 0.000000; -0.004701; -0.000000 \
#; -0.004070; 0.000000; -0.005150; -0.000000; 0.000000; -0.000000 \
#; 0.000000; 0.000000; 0.000000; -0.000000; 0.004701; -0.000000 \
#; -0.000321; 0.000014; 0.000138; 0.000321; -0.000014; -0.000138 \
#; -0.000321; -0.000014; 0.000138; -0.000321; -0.000014; 0.000138 \
#; 0.000321; -0.000014; 0.000138; -0.000321; 0.000014; -0.000138 \
#; 0.000321; 0.000014; 0.000138; 0.000321; 0.000014; 0.000138 \
#; -0.025033; 0.012530; -0.024896; 0.030934; -0.015484; 0.030765 \
#; -0.025031; -0.012530; -0.024894; -0.030932; -0.015483; -0.030763 \
#; 0.032151; -0.017849; 0.031745; -0.026008; 0.014439; -0.025680 \
#; 0.032149; 0.017848; 0.031743; 0.026007; 0.014438; 0.025678 \
#; -0.032151; 0.017849; 0.031745; 0.026008; -0.014439; -0.025680 \
#; -0.032149; -0.017848; 0.031743; -0.026007; -0.014438; 0.025678 \
#; 0.025033; -0.012530; -0.024896; -0.030934; 0.015484; 0.030765 \
#; 0.025031; 0.012530; -0.024894; 0.030932; 0.015483; -0.030763 \
#; -0.019603; -0.000000; -0.004541; -0.000000; -0.000000; -0.000000 \
#; 0.000002; 0.000000; 0.000000; -0.000001; -0.003038; -0.000000 \
#; 0.019603; 0.000000; -0.004541; 0.000000; 0.000000; 0.000000 \
#; -0.000002; 0.000000; 0.000000; 0.000001; 0.003038; -0.000000 \
# ]
#metaData: qpt=[0.000000;0.500000;0.000000;6.234085 \
#; 0.000000; 0.001529; -0.000000; 0.000000; 0.004445; -0.000000 \
#; 0.003849; 0.000000; -0.004870; -0.001323; -0.000000; 0.001675 \
#; -0.000000; -0.001529; -0.000000; -0.000000; -0.004445; -0.000000 \
#; -0.003849; -0.000000; -0.004870; 0.001323; 0.000000; 0.001675 \
#; -0.000407; 0.000017; 0.000176; -0.000199; 0.000008; 0.000086 \
#; -0.000199; -0.000008; 0.000086; 0.000407; 0.000017; -0.000176 \
#; 0.000407; -0.000017; 0.000176; 0.000199; -0.000008; 0.000086 \
#; 0.000199; 0.000008; 0.000086; -0.000407; -0.000017; -0.000176 \
#; 0.038857; -0.021572; 0.038366; 0.014145; -0.007852; 0.013966 \
#; 0.021939; 0.012180; 0.021662; -0.035054; -0.019460; -0.034611 \
#; -0.033726; 0.016881; -0.033541; -0.021117; 0.010570; -0.021001 \
#; -0.013605; -0.006810; -0.013531; 0.037396; 0.018719; 0.037191 \
#; 0.033726; -0.016881; -0.033541; 0.021117; -0.010570; -0.021001 \
#; 0.013605; 0.006810; -0.013531; -0.037396; -0.018719; 0.037191 \
#; -0.038857; 0.021572; 0.038366; -0.014145; 0.007852; 0.013966 \
#; -0.021939; -0.012180; 0.021662; 0.035054; 0.019460; -0.034611 \
#; -0.000002; 0.000988; -0.000000; -0.000000; 0.002873; -0.000000 \
#; -0.018537; 0.000000; -0.004294; 0.006375; -0.000000; 0.001477 \
#; 0.000002; -0.000988; -0.000000; -0.000000; -0.002873; 0.000000 \
#; 0.018537; -0.000000; -0.004294; -0.006375; 0.000000; 0.001477 \
# ]
#metaData: qpt=[0.000000;0.500000;0.000000;6.323805 \
#; -0.003919; 0.000000; 0.003396; 0.000000; 0.000001; 0.000000 \
#; -0.000001; 0.000000; 0.000001; 0.000000; -0.006132; -0.000000 \
#; -0.003919; 0.000000; -0.003396; 0.000000; 0.000001; -0.000000 \
#; -0.000001; -0.000000; -0.000001; 0.000000; -0.006132; 0.000000 \
#; 0.003091; 0.015990; 0.017630; -0.003090; -0.015983; -0.017623 \
#; 0.003091; -0.015989; 0.017629; 0.003090; -0.015983; 0.017622 \
#; 0.003091; 0.015990; -0.017630; -0.003090; -0.015983; 0.017623 \
#; 0.003091; -0.015989; -0.017629; 0.003090; -0.015983; -0.017622 \
#; -0.000083; -0.025808; -0.001147; 0.000103; 0.031893; 0.001416 \
#; -0.000083; 0.025808; -0.001147; -0.000103; 0.031892; -0.001416 \
#; 0.001400; -0.014413; -0.002661; -0.001133; 0.011651; 0.002152 \
#; 0.001400; 0.014412; -0.002661; 0.001133; 0.011650; -0.002152 \
#; 0.001400; -0.014413; 0.002661; -0.001133; 0.011651; -0.002152 \
#; 0.001400; 0.014412; 0.002661; 0.001133; 0.011650; 0.002152 \
#; -0.000083; -0.025808; 0.001147; 0.000103; 0.031893; -0.001416 \
#; -0.000083; 0.025808; 0.001147; -0.000103; 0.031892; 0.001416 \
#; 0.004872; 0.000000; -0.062465; -0.000000; 0.000006; -0.000000 \
#; 0.000001; 0.000000; -0.000013; -0.000000; -0.027397; 0.000001 \
#; 0.004872; 0.000000; 0.062465; 0.000000; 0.000006; -0.000000 \
#; 0.000001; 0.000000; 0.000013; -0.000000; -0.027397; -0.000001 \
# ]
#metaData: qpt=[0.000000;0.500000;0.000000;6.323805 \
#; 0.000001; 0.000413; -0.000001; 0.000000; 0.006118; -0.000000 \
#; -0.003910; -0.000000; 0.003388; 0.000264; 0.000001; -0.000228 \
#; 0.000001; 0.000413; 0.000001; 0.000000; 0.006118; -0.000000 \
#; -0.003910; 0.000000; -0.003388; 0.000264; 0.000001; 0.000228 \
#; 0.003291; 0.017022; 0.018768; 0.002876; 0.014878; 0.016404 \
#; 0.002875; -0.014871; 0.016397; -0.003292; 0.017029; -0.018775 \
#; 0.003291; 0.017022; -0.018768; 0.002876; 0.014878; -0.016404 \
#; 0.002875; -0.014871; -0.016397; -0.003292; 0.017029; 0.018775 \
#; 0.001473; -0.015154; -0.002799; 0.001036; -0.010668; -0.001969 \
#; 0.001321; 0.013585; -0.002510; -0.001224; -0.012606; 0.002327 \
#; -0.000090; -0.027889; -0.001238; -0.000097; -0.030089; -0.001337 \
#; -0.000076; 0.023598; -0.001048; 0.000108; -0.033561; 0.001491 \
#; -0.000090; -0.027889; 0.001238; -0.000097; -0.030089; 0.001337 \
#; -0.000076; 0.023598; 0.001048; 0.000108; -0.033561; -0.001491 \
#; 0.001473; -0.015154; 0.002799; 0.001036; -0.010668; 0.001969 \
#; 0.001321; 0.013585; 0.002510; -0.001224; -0.012606; -0.002327 \
#; -0.000001; 0.001843; 0.000013; 0.000000; 0.027335; 0.000000 \
#; 0.004861; -0.000000; -0.062324; -0.000328; 0.000006; 0.004202 \
#; -0.000001; 0.001843; -0.000013; -0.000000; 0.027335; -0.000000 \
#; 0.004861; -0.000000; 0.062324; -0.000328; 0.000006; -0.004202 \
# ]
#metaData: qpt=[0.000000;0.500000;0.000000;6.735155 \
#; 0.005027; 0.001599; 0.000853; -0.000000; -0.001263; -0.000000 \
#; -0.001721; 0.000000; -0.000292; -0.002179; -0.003689; -0.000370 \
#; -0.005027; -0.001599; 0.000853; -0.000000; 0.001263; 0.000000 \
#; 0.001721; -0.000000; -0.000292; 0.002179; 0.003689; -0.000370 \
#; -0.032714; -0.001194; 0.005229; 0.053240; 0.001943; -0.008511 \
#; -0.006721; 0.000245; 0.001074; -0.027247; 0.000995; 0.004356 \
#; 0.032714; 0.001194; 0.005229; -0.053240; -0.001943; -0.008511 \
#; 0.006721; -0.000245; 0.001074; 0.027247; -0.000995; 0.004356 \
#; -0.004874; 0.002630; -0.005166; 0.008775; -0.008058; 0.009347 \
#; -0.002118; 0.002187; -0.002198; -0.005368; -0.002104; -0.005679 \
#; -0.004866; 0.007365; -0.005223; 0.007326; -0.007760; 0.007818 \
#; 0.000322; -0.004609; 0.000274; -0.003129; -0.005530; -0.003370 \
#; 0.004866; -0.007365; -0.005223; -0.007326; 0.007760; 0.007818 \
#; -0.000322; 0.004609; 0.000274; 0.003129; 0.005530; -0.003370 \
#; 0.004874; -0.002630; -0.005166; -0.008775; 0.008058; 0.009347 \
#; 0.002118; -0.002187; -0.002198; 0.005368; 0.002104; -0.005679 \
#; 0.023775; -0.000528; -0.012529; -0.000000; 0.000417; 0.000000 \
#; -0.008138; 0.000000; 0.004289; -0.010306; 0.001219; 0.005431 \
#; -0.023775; 0.000528; -0.012529; 0.000000; -0.000417; -0.000000 \
#; 0.008138; 0.000000; 0.004289; 0.010306; -0.001219; 0.005431 \
# ]
#metaData: qpt=[0.000000;0.500000;0.000000;6.735155 \
#; -0.002777; 0.002895; -0.000471; -0.000000; -0.002286; -0.000000 \
#; -0.003115; 0.000000; -0.000529; -0.003945; 0.002038; -0.000669 \
#; 0.002777; -0.002895; -0.000471; -0.000000; 0.002286; 0.000000 \
#; 0.003115; 0.000000; -0.000529; 0.003945; -0.002038; -0.000669 \
#; 0.011611; 0.000424; -0.001856; 0.025549; 0.000933; -0.004084 \
#; 0.058669; -0.002142; -0.009378; 0.021509; -0.000785; -0.003438 \
#; -0.011611; -0.000424; -0.001856; -0.025549; -0.000933; -0.004084 \
#; -0.058669; 0.002142; -0.009378; -0.021509; 0.000785; -0.003438 \
#; 0.002614; -0.001316; 0.002769; 0.001749; -0.007077; 0.001939 \
#; 0.007604; 0.010038; 0.008142; 0.004418; 0.003702; 0.004702 \
#; 0.000475; -0.002892; 0.000540; 0.005751; -0.000920; 0.006066 \
#; 0.009866; 0.007883; 0.010493; 0.001847; 0.003118; 0.001987 \
#; -0.000475; 0.002892; 0.000540; -0.005751; 0.000920; 0.006066 \
#; -0.009866; -0.007883; 0.010493; -0.001847; -0.003118; 0.001987 \
#; -0.002614; 0.001316; 0.002769; -0.001749; 0.007077; 0.001939 \
#; -0.007604; -0.010038; 0.008142; -0.004418; -0.003702; 0.004702 \
#; -0.013132; -0.000956; 0.006920; 0.000000; 0.000755; -0.000000 \
#; -0.014734; 0.000000; 0.007764; -0.018659; -0.000673; 0.009833 \
#; 0.013132; 0.000956; 0.006920; 0.000000; -0.000755; -0.000000 \
#; 0.014734; 0.000000; 0.007764; 0.018659; 0.000673; 0.009833 \
# ]
#metaData: qpt=[0.000000;0.500000;0.000000;6.874810 \
#; -0.000770; -0.000470; -0.002889; -0.000000; -0.000409; -0.000000 \
#; 0.000131; 0.000000; 0.000491; -0.000150; -0.002408; -0.000564 \
#; -0.000770; -0.000470; 0.002889; -0.000000; -0.000409; 0.000000 \
#; 0.000131; 0.000000; -0.000491; -0.000150; -0.002408; 0.000564 \
#; -0.002122; 0.008293; -0.016681; 0.003259; -0.012735; 0.025618 \
#; -0.003428; -0.013395; -0.026944; -0.004565; -0.017837; -0.035880 \
#; -0.002122; 0.008293; 0.016681; 0.003259; -0.012735; -0.025618 \
#; -0.003428; -0.013395; 0.026944; -0.004565; -0.017837; 0.035880 \
#; 0.003047; -0.008144; 0.000017; -0.006597; 0.019142; -0.001164 \
#; 0.005620; 0.016391; 0.001055; 0.009777; 0.029335; 0.002447 \
#; 0.005791; -0.019233; 0.002837; -0.006673; 0.021369; -0.002676 \
#; 0.008550; 0.027295; 0.003365; 0.008906; 0.027892; 0.003104 \
#; 0.005791; -0.019233; -0.002837; -0.006673; 0.021369; 0.002676 \
#; 0.008550; 0.027295; -0.003365; 0.008906; 0.027892; -0.003104 \
#; 0.003047; -0.008144; -0.000017; -0.006597; 0.019142; 0.001164 \
#; 0.005620; 0.016391; -0.001055; 0.009777; 0.029335; -0.002447 \
#; -0.004039; -0.003405; 0.014464; -0.000000; -0.002965; 0.000000 \
#; 0.000687; 0.000000; -0.002459; -0.000789; -0.017438; 0.002824 \
#; -0.004039; -0.003405; -0.014464; -0.000000; -0.002965; -0.000000 \
#; 0.000687; 0.000000; 0.002459; -0.000789; -0.017438; -0.002824 \
# ]
#metaData: qpt=[0.000000;0.500000;0.000000;6.874810 \
#; -0.000199; 0.001816; -0.000748; 0.000000; 0.001581; -0.000000 \
#; -0.000506; 0.000000; -0.001897; 0.000581; -0.000623; 0.002179 \
#; -0.000199; 0.001816; 0.000748; -0.000000; 0.001581; 0.000000 \
#; -0.000506; 0.000000; 0.001897; 0.000581; -0.000623; -0.002179 \
#; -0.005583; 0.021815; -0.043882; 0.001192; -0.004656; 0.009365 \
#; -0.000540; -0.002109; -0.004243; 0.003852; 0.015050; 0.030274 \
#; -0.005583; 0.021815; 0.043882; 0.001192; -0.004656; -0.009365 \
#; -0.000540; -0.002109; 0.004243; 0.003852; 0.015050; -0.030274 \
#; 0.011796; -0.037395; 0.004448; -0.003644; 0.011163; -0.001083 \
#; 0.001859; 0.005540; 0.000436; -0.008637; -0.028211; -0.003875 \
#; 0.011192; -0.033300; 0.002591; -0.001377; 0.004507; -0.000626 \
#; 0.000533; 0.002157; 0.000549; -0.007247; -0.020690; -0.001026 \
#; 0.011192; -0.033300; -0.002591; -0.001377; 0.004507; 0.000626 \
#; 0.000533; 0.002157; -0.000549; -0.007247; -0.020690; 0.001026 \
#; 0.011796; -0.037395; -0.004448; -0.003644; 0.011163; 0.001083 \
#; 0.001859; 0.005540; -0.000436; -0.008637; -0.028211; 0.003875 \
#; -0.001046; 0.013151; 0.003745; -0.000000; 0.011452; 0.000000 \
#; -0.002652; 0.000000; 0.009499; 0.003046; -0.004515; -0.010908 \
#; -0.001046; 0.013151; -0.003745; -0.000000; 0.011452; -0.000000 \
#; -0.002652; 0.000000; -0.009499; 0.003046; -0.004515; 0.010908 \
# ]
#metaData: qpt=[0.000000;0.500000;0.000000;8.670160 \
#; 0.000000; -0.000258; -0.000000; 0.000000; 0.000125; -0.000000 \
#; -0.000198; 0.000000; 0.000109; -0.000407; 0.000000; 0.000224 \
#; 0.000000; -0.000258; 0.000000; 0.000000; 0.000125; 0.000000 \
#; -0.000198; 0.000000; -0.000109; -0.000407; 0.000000; -0.000224 \
#; -0.003848; -0.000279; 0.001141; 0.011108; 0.000806; -0.003294 \
#; 0.011108; -0.000806; -0.003294; 0.003848; -0.000279; -0.001141 \
#; -0.003848; -0.000279; -0.001141; 0.011108; 0.000806; 0.003294 \
#; 0.011108; -0.000806; 0.003294; 0.003848; -0.000279; 0.001141 \
#; 0.004381; 0.000234; -0.009787; -0.018850; -0.001006; 0.042112 \
#; -0.017520; 0.000935; 0.039142; -0.008219; 0.000439; 0.018363 \
#; 0.015219; 0.000727; -0.025335; -0.032442; -0.001550; 0.054004 \
#; -0.034904; 0.001668; 0.058103; -0.008112; 0.000388; 0.013504 \
#; 0.015219; 0.000727; 0.025335; -0.032442; -0.001550; -0.054004 \
#; -0.034904; 0.001668; -0.058103; -0.008112; 0.000388; -0.013504 \
#; 0.004381; 0.000234; 0.009787; -0.018850; -0.001006; -0.042112 \
#; -0.017520; 0.000935; -0.039142; -0.008219; 0.000439; -0.018363 \
#; -0.000000; 0.000531; 0.000000; -0.000000; -0.000258; 0.000000 \
#; 0.009938; 0.000000; -0.002613; 0.020475; -0.000000; -0.005383 \
#; -0.000000; 0.000531; -0.000000; -0.000000; -0.000258; -0.000000 \
#; 0.009938; -0.000000; 0.002613; 0.020475; -0.000000; 0.005383 \
# ]
#metaData: qpt=[0.000000;0.500000;0.000000;8.670160 \
#; -0.000452; -0.000000; 0.000249; 0.000000; 0.000000; -0.000000 \
#; -0.000000; -0.000000; 0.000000; -0.000000; -0.000287; 0.000000 \
#; -0.000452; -0.000000; -0.000249; -0.000000; 0.000000; -0.000000 \
#; -0.000000; -0.000000; -0.000000; -0.000000; -0.000287; -0.000000 \
#; 0.008312; 0.000603; -0.002465; -0.008312; -0.000603; 0.002465 \
#; 0.008312; -0.000603; -0.002465; 0.008312; -0.000603; -0.002465 \
#; 0.008312; 0.000603; 0.002465; -0.008312; -0.000603; -0.002465 \
#; 0.008312; -0.000603; 0.002465; 0.008312; -0.000603; 0.002465 \
#; -0.022539; -0.001077; 0.037520; 0.027858; 0.001331; -0.046374 \
#; -0.022539; 0.001077; 0.037520; -0.027858; 0.001331; 0.046374 \
#; -0.015045; -0.000803; 0.033611; 0.012173; 0.000650; -0.027194 \
#; -0.015045; 0.000803; 0.033611; -0.012173; 0.000650; 0.027194 \
#; -0.015045; -0.000803; -0.033611; 0.012173; 0.000650; 0.027194 \
#; -0.015045; 0.000803; -0.033611; -0.012173; 0.000650; -0.027194 \
#; -0.022539; -0.001077; -0.037520; 0.027858; 0.001331; 0.046374 \
#; -0.022539; 0.001077; -0.037520; -0.027858; 0.001331; -0.046374 \
#; 0.022759; 0.000000; -0.005984; -0.000000; -0.000000; -0.000000 \
#; 0.000000; 0.000000; -0.000000; 0.000000; 0.000590; -0.000000 \
#; 0.022759; 0.000000; 0.005984; -0.000000; -0.000000; -0.000000 \
#; 0.000000; -0.000000; 0.000000; 0.000000; 0.000590; 0.000000 \
# ]
#metaData: qpt=[0.000000;0.500000;0.000000;8.773814 \
#; -0.001232; 0.000000; 0.000570; -0.000000; -0.000000; 0.000000 \
#; 0.000000; 0.000000; -0.000000; 0.000000; -0.000636; -0.000000 \
#; 0.001232; -0.000000; 0.000570; 0.000000; 0.000000; 0.000000 \
#; -0.000000; 0.000000; -0.000000; -0.000000; 0.000636; -0.000000 \
#; 0.000886; -0.000365; -0.008059; -0.000886; 0.000365; 0.008059 \
#; 0.000886; 0.000365; -0.008059; 0.000886; 0.000365; -0.008059 \
#; -0.000886; 0.000365; -0.008059; 0.000886; -0.000365; 0.008059 \
#; -0.000886; -0.000365; -0.008059; -0.000886; -0.000365; -0.008059 \
#; -0.035735; 0.001171; 0.021454; 0.044168; -0.001447; -0.026516 \
#; -0.035735; -0.001171; 0.021454; -0.044168; -0.001447; 0.026516 \
#; -0.031630; 0.001741; 0.012508; 0.025591; -0.001409; -0.010120 \
#; -0.031630; -0.001741; 0.012508; -0.025591; -0.001409; 0.010120 \
#; 0.031630; -0.001741; 0.012508; -0.025591; 0.001409; -0.010120 \
#; 0.031630; 0.001741; 0.012508; 0.025591; 0.001409; 0.010120 \
#; 0.035735; -0.001171; 0.021454; -0.044168; 0.001447; -0.026516 \
#; 0.035735; 0.001171; 0.021454; 0.044168; 0.001447; 0.026516 \
#; -0.003531; 0.000000; -0.022106; 0.000000; -0.000000; 0.000000 \
#; 0.000000; -0.000000; 0.000000; 0.000000; -0.041323; 0.000000 \
#; 0.003531; -0.000000; -0.022106; 0.000000; 0.000000; 0.000000 \
#; -0.000000; 0.000000; 0.000000; -0.000000; 0.041323; 0.000000 \
# ]
#metaData: qpt=[0.000000;0.500000;0.000000;8.773814 \
#; -0.000000; -0.000124; 0.000000; 0.000000; 0.000623; -0.000000 \
#; -0.001208; -0.000000; 0.000559; -0.000241; -0.000000; 0.000112 \
#; 0.000000; 0.000124; 0.000000; -0.000000; -0.000623; 0.000000 \
#; 0.001208; 0.000000; 0.000559; 0.000241; 0.000000; 0.000112 \
#; 0.000695; -0.000286; -0.006326; 0.001042; -0.000429; -0.009480 \
#; 0.001042; 0.000429; -0.009480; -0.000695; -0.000286; 0.006326 \
#; -0.000695; 0.000286; -0.006326; -0.001042; 0.000429; -0.009480 \
#; -0.001042; -0.000429; -0.009480; 0.000695; 0.000286; 0.006326 \
#; -0.026011; 0.001432; 0.010285; -0.031286; 0.001722; 0.012371 \
#; -0.036027; -0.001983; 0.014246; 0.018907; 0.001041; -0.007476 \
#; -0.026401; 0.000865; 0.015850; -0.050306; 0.001648; 0.030202 \
#; -0.043687; -0.001431; 0.026228; 0.036321; 0.001190; -0.021805 \
#; 0.026401; -0.000865; 0.015850; 0.050306; -0.001648; 0.030202 \
#; 0.043687; 0.001431; 0.026228; -0.036321; -0.001190; -0.021805 \
#; 0.026011; -0.001432; 0.010285; 0.031286; -0.001722; 0.012371 \
#; 0.036027; 0.001983; 0.014246; -0.018907; -0.001041; -0.007476 \
#; -0.000000; -0.008086; -0.000000; -0.000000; 0.040525; 0.000000 \
#; -0.003462; 0.000000; -0.021679; -0.000691; -0.000000; -0.004326 \
#; 0.000000; 0.008086; -0.000000; -0.000000; -0.040525; -0.000000 \
#; 0.003462; -0.000000; -0.021679; 0.000691; 0.000000; -0.004326 \
# ]
#metaData: qpt=[0.000000;0.500000;0.000000;8.936101 \
#; -0.000452; 0.000000; 0.000616; 0.000000; 0.000000; -0.000000 \
#; 0.000000; 0.000000; -0.000000; -0.000000; 0.000318; 0.000000 \
#; -0.000452; 0.000000; -0.000616; 0.000000; 0.000000; -0.000000 \
#; 0.000000; -0.000000; 0.000000; -0.000000; 0.000318; -0.000000 \
#; -0.001313; -0.000096; 0.000384; 0.001313; 0.000096; -0.000384 \
#; -0.001313; 0.000096; 0.000384; -0.001313; 0.000096; 0.000384 \
#; -0.001313; -0.000096; -0.000384; 0.001313; 0.000096; 0.000384 \
#; -0.001313; 0.000096; -0.000384; -0.001313; 0.000096; -0.000384 \
#; -0.024955; 0.001130; 0.020611; 0.030844; -0.001397; -0.025474 \
#; -0.024955; -0.001130; 0.020611; -0.030844; -0.001397; 0.025474 \
#; 0.037941; -0.001298; -0.040370; -0.030698; 0.001051; 0.032662 \
#; 0.037941; 0.001298; -0.040370; 0.030698; 0.001051; -0.032662 \
#; 0.037941; -0.001298; 0.040370; -0.030698; 0.001051; -0.032662 \
#; 0.037941; 0.001298; 0.040370; 0.030698; 0.001051; 0.032662 \
#; -0.024955; 0.001130; -0.020611; 0.030844; -0.001397; 0.025474 \
#; -0.024955; -0.001130; -0.020611; -0.030844; -0.001397; -0.025474 \
#; -0.009148; 0.000000; 0.004767; 0.000000; 0.000000; 0.000000 \
#; 0.000000; 0.000000; -0.000000; -0.000000; 0.000576; 0.000000 \
#; -0.009148; 0.000000; -0.004767; -0.000000; 0.000000; 0.000000 \
#; 0.000000; -0.000000; 0.000000; -0.000000; 0.000576; -0.000000 \
# ]
#metaData: qpt=[0.000000;0.500000;0.000000;8.936101 \
#; 0.000000; 0.000299; -0.000000; 0.000000; 0.000110; -0.000000 \
#; 0.000156; 0.000000; -0.000212; -0.000424; -0.000000; 0.000578 \
#; 0.000000; 0.000299; 0.000000; -0.000000; 0.000110; -0.000000 \
#; 0.000156; 0.000000; 0.000212; -0.000424; -0.000000; -0.000578 \
#; 0.001685; 0.000124; -0.000492; -0.000780; -0.000057; 0.000228 \
#; -0.000780; 0.000057; 0.000228; -0.001685; 0.000124; 0.000492 \
#; 0.001685; 0.000124; 0.000492; -0.000780; -0.000057; -0.000228 \
#; -0.000780; 0.000057; -0.000228; -0.001685; 0.000124; -0.000492 \
#; -0.041893; 0.001434; 0.044574; 0.025037; -0.000857; -0.026640 \
#; 0.015741; 0.000539; -0.016748; 0.046197; 0.001581; -0.049153 \
#; 0.037555; -0.001701; -0.031017; -0.012796; 0.000580; 0.010568 \
#; -0.020354; -0.000922; 0.016810; -0.034057; -0.001542; 0.028128 \
#; 0.037555; -0.001701; 0.031017; -0.012796; 0.000580; -0.010568 \
#; -0.020354; -0.000922; -0.016810; -0.034057; -0.001542; -0.028128 \
#; -0.041893; 0.001434; -0.044574; 0.025037; -0.000857; 0.026640 \
#; 0.015741; 0.000539; 0.016748; 0.046197; 0.001581; 0.049153 \
#; 0.000000; 0.000541; -0.000000; 0.000000; 0.000199; -0.000000 \
#; 0.003153; 0.000000; -0.001643; -0.008588; -0.000000; 0.004475 \
#; 0.000000; 0.000541; 0.000000; 0.000000; 0.000199; 0.000000 \
#; 0.003153; -0.000000; 0.001643; -0.008588; -0.000000; -0.004475 \
# ]
#metaData: qpt=[0.000000;0.500000;0.000000;9.017668 \
#; -0.000050; -0.000000; -0.000156; 0.000000; 0.000000; 0.000000 \
#; 0.000000; 0.000000; 0.000000; 0.000000; 0.000342; 0.000000 \
#; 0.000050; 0.000000; -0.000156; -0.000000; -0.000000; -0.000000 \
#; -0.000000; 0.000000; 0.000000; -0.000000; -0.000342; 0.000000 \
#; -0.000510; -0.005442; 0.002353; 0.000510; 0.005442; -0.002353 \
#; -0.000510; 0.005442; 0.002353; -0.000510; 0.005442; 0.002353 \
#; 0.000510; 0.005442; 0.002353; -0.000510; -0.005442; -0.002353 \
#; 0.000510; -0.005442; 0.002353; 0.000510; -0.005442; 0.002353 \
#; 0.000188; -0.000785; 0.004340; -0.000232; 0.000970; -0.005364 \
#; 0.000188; 0.000785; 0.004340; 0.000232; 0.000970; 0.005364 \
#; 0.028915; -0.000167; -0.025195; -0.023394; 0.000135; 0.020385 \
#; 0.028915; 0.000167; -0.025195; 0.023394; 0.000135; -0.020385 \
#; -0.028915; 0.000167; -0.025195; 0.023394; -0.000135; 0.020385 \
#; -0.028915; -0.000167; -0.025195; -0.023394; -0.000135; -0.020385 \
#; -0.000188; 0.000785; 0.004340; 0.000232; -0.000970; -0.005364 \
#; -0.000188; -0.000785; 0.004340; -0.000232; -0.000970; 0.005364 \
#; 0.003308; 0.000000; 0.013189; -0.000000; -0.000000; -0.000000 \
#; -0.000000; -0.000000; -0.000000; -0.000000; -0.100206; -0.000000 \
#; -0.003308; -0.000000; 0.013189; 0.000000; 0.000000; -0.000000 \
#; 0.000000; 0.000000; -0.000000; 0.000000; 0.100206; -0.000000 \
# ]
#metaData: qpt=[0.000000;0.500000;0.000000;9.017668 \
#; -0.000000; 0.000278; -0.000000; -0.000000; -0.000199; 0.000000 \
#; -0.000029; 0.000000; -0.000091; -0.000041; 0.000000; -0.000127 \
#; 0.000000; -0.000278; -0.000000; 0.000000; 0.000199; 0.000000 \
#; 0.000029; -0.000000; -0.000091; 0.000041; -0.000000; -0.000127 \
#; 0.000118; 0.001258; -0.000544; -0.000712; -0.007593; 0.003282 \
#; -0.000712; 0.007593; 0.003282; -0.000118; 0.001258; 0.000544 \
#; -0.000118; -0.001258; -0.000544; 0.000712; 0.007593; 0.003282 \
#; 0.000712; -0.007593; 0.003282; 0.000118; -0.001258; 0.000544 \
#; -0.002196; 0.000013; 0.001913; 0.037129; -0.000214; -0.032352 \
#; 0.035852; 0.000207; -0.031240; 0.009898; 0.000057; -0.008625 \
#; -0.000079; 0.000332; -0.001836; 0.000287; -0.001203; 0.006651 \
#; 0.000298; 0.001246; 0.006887; 0.000018; 0.000074; 0.000407 \
#; 0.000079; -0.000332; -0.001836; -0.000287; 0.001203; 0.006651 \
#; -0.000298; -0.001246; 0.006887; -0.000018; -0.000074; 0.000407 \
#; 0.002196; -0.000013; 0.001913; -0.037129; 0.000214; -0.032352 \
#; -0.035852; -0.000207; -0.031240; -0.009898; -0.000057; -0.008625 \
#; 0.000000; -0.081487; 0.000000; -0.000000; 0.058319; -0.000000 \
#; 0.001926; -0.000000; 0.007676; 0.002690; -0.000000; 0.010725 \
#; -0.000000; 0.081487; 0.000000; 0.000000; -0.058319; -0.000000 \
#; -0.001926; 0.000000; 0.007676; -0.002690; 0.000000; 0.010725 \
# ]
#metaData: qpt=[0.000000;0.500000;0.000000;12.376335 \
#; -0.000000; -0.000025; -0.000000; 0.000000; 0.000068; -0.000000 \
#; -0.000584; 0.000000; -0.000238; -0.000210; 0.000000; -0.000085 \
#; 0.000000; 0.000025; -0.000000; -0.000000; -0.000068; 0.000000 \
#; 0.000584; 0.000000; -0.000238; 0.000210; -0.000000; -0.000085 \
#; 0.000028; 0.002928; 0.000527; 0.000059; 0.006209; 0.001118 \
#; 0.000059; -0.006209; 0.001118; -0.000028; 0.002928; -0.000527 \
#; -0.000028; -0.002928; 0.000527; -0.000059; -0.006209; 0.001118 \
#; -0.000059; 0.006209; 0.001118; 0.000028; -0.002928; -0.000527 \
#; 0.020559; 0.000022; -0.019915; 0.033851; 0.000037; -0.032791 \
#; 0.037397; -0.000040; -0.036225; -0.013040; 0.000014; 0.012632 \
#; -0.012832; 0.000017; 0.012550; -0.036800; 0.000047; 0.035990 \
#; -0.033311; -0.000043; 0.032578; 0.020231; 0.000026; -0.019786 \
#; 0.012832; -0.000017; 0.012550; 0.036800; -0.000047; 0.035990 \
#; 0.033311; 0.000043; 0.032578; -0.020231; -0.000026; -0.019786 \
#; -0.020559; -0.000022; -0.019915; -0.033851; -0.000037; -0.032791 \
#; -0.037397; 0.000040; -0.036225; 0.013040; -0.000014; 0.012632 \
#; 0.000000; 0.019315; 0.000000; -0.000000; -0.053791; 0.000000 \
#; 0.001442; -0.000000; 0.004575; 0.000518; 0.000000; 0.001643 \
#; -0.000000; -0.019315; 0.000000; 0.000000; 0.053791; -0.000000 \
#; -0.001442; -0.000000; 0.004575; -0.000518; -0.000000; 0.001643 \
# ]
#metaData: qpt=[0.000000;0.500000;0.000000;12.376335 \
#; -0.000621; -0.000000; -0.000253; 0.000000; 0.000000; 0.000000 \
#; 0.000000; -0.000000; 0.000000; -0.000000; -0.000073; 0.000000 \
#; 0.000621; -0.000000; -0.000253; -0.000000; 0.000000; 0.000000 \
#; -0.000000; -0.000000; 0.000000; -0.000000; 0.000073; 0.000000 \
#; 0.000046; 0.004854; 0.000874; -0.000046; -0.004854; -0.000874 \
#; 0.000046; -0.004854; 0.000874; 0.000046; -0.004854; 0.000874 \
#; -0.000046; -0.004854; 0.000874; 0.000046; 0.004854; -0.000874 \
#; -0.000046; 0.004854; 0.000874; -0.000046; 0.004854; 0.000874 \
#; -0.024514; 0.000032; 0.023974; 0.030299; -0.000039; -0.029632 \
#; -0.024514; -0.000032; 0.023974; -0.030299; -0.000039; 0.029632 \
#; 0.030790; 0.000033; -0.029825; -0.024911; -0.000027; 0.024131 \
#; 0.030790; -0.000033; -0.029825; 0.024911; -0.000027; -0.024131 \
#; -0.030790; -0.000033; -0.029825; 0.024911; 0.000027; 0.024131 \
#; -0.030790; 0.000033; -0.029825; -0.024911; 0.000027; -0.024131 \
#; 0.024514; -0.000032; 0.023974; -0.030299; 0.000039; -0.029632 \
#; 0.024514; 0.000032; 0.023974; 0.030299; 0.000039; 0.029632 \
#; 0.001532; -0.000000; 0.004861; -0.000000; 0.000000; -0.000000 \
#; -0.000000; 0.000000; -0.000000; 0.000000; 0.057154; -0.000000 \
#; -0.001532; 0.000000; 0.004861; -0.000000; -0.000000; -0.000000 \
#; 0.000000; 0.000000; -0.000000; -0.000000; -0.057154; -0.000000 \
# ]
#metaData: qpt=[0.000000;0.500000;0.000000;12.522621 \
#; 0.000000; 0.003764; -0.000000; 0.000000; 0.001574; 0.000000 \
#; -0.000017; -0.000000; -0.000024; 0.000041; 0.000000; 0.000057 \
#; 0.000000; 0.003764; -0.000000; 0.000000; 0.001574; -0.000000 \
#; -0.000017; -0.000000; 0.000024; 0.000041; 0.000000; -0.000057 \
#; 0.000062; 0.017638; 0.001133; -0.000025; -0.007238; -0.000465 \
#; -0.000025; 0.007238; -0.000465; -0.000062; 0.017638; -0.001133 \
#; 0.000062; 0.017638; -0.001133; -0.000025; -0.007238; 0.000465 \
#; -0.000025; 0.007238; 0.000465; -0.000062; 0.017638; 0.001133 \
#; -0.001089; 0.000442; -0.001706; 0.000587; -0.000238; 0.000920 \
#; 0.000347; 0.000141; 0.000544; 0.001188; 0.000482; 0.001860 \
#; 0.001900; -0.004940; 0.000746; -0.000555; 0.001443; -0.000218 \
#; -0.000939; -0.002442; -0.000369; -0.001742; -0.004529; -0.000684 \
#; 0.001900; -0.004940; -0.000746; -0.000555; 0.001443; 0.000218 \
#; -0.000939; -0.002442; 0.000369; -0.001742; -0.004529; 0.000684 \
#; -0.001089; 0.000442; 0.001706; 0.000587; -0.000238; -0.000920 \
#; 0.000347; 0.000141; -0.000544; 0.001188; 0.000482; -0.001860 \
#; 0.000000; -0.106697; -0.000000; 0.000000; -0.044609; 0.000000 \
#; 0.000070; 0.000000; -0.000143; -0.000168; -0.000000; 0.000341 \
#; -0.000000; -0.106697; 0.000000; -0.000000; -0.044609; 0.000000 \
#; 0.000070; 0.000000; 0.000143; -0.000168; -0.000000; -0.000341 \
# ]
#metaData: qpt=[0.000000;0.500000;0.000000;12.522621 \
#; -0.000044; 0.000000; -0.000062; 0.000000; -0.000000; 0.000000 \
#; -0.000000; -0.000000; -0.000000; -0.000000; -0.004080; 0.000000 \
#; -0.000044; 0.000000; 0.000062; 0.000000; 0.000000; -0.000000 \
#; -0.000000; -0.000000; 0.000000; 0.000000; -0.004080; -0.000000 \
#; 0.000047; 0.013481; 0.000866; -0.000047; -0.013481; -0.000866 \
#; 0.000047; -0.013481; 0.000866; 0.000047; -0.013481; 0.000866 \
#; 0.000047; 0.013481; -0.000866; -0.000047; -0.013481; 0.000866 \
#; 0.000047; -0.013481; -0.000866; 0.000047; -0.013481; -0.000866 \
#; 0.001245; -0.003237; 0.000489; -0.001539; 0.004001; -0.000604 \
#; 0.001245; 0.003237; 0.000489; 0.001539; 0.004001; 0.000604 \
#; -0.000962; 0.000391; -0.001507; 0.000778; -0.000316; 0.001219 \
#; -0.000962; -0.000391; -0.001507; -0.000778; -0.000316; -0.001219 \
#; -0.000962; 0.000391; 0.001507; 0.000778; -0.000316; -0.001219 \
#; -0.000962; -0.000391; 0.001507; -0.000778; -0.000316; 0.001219 \
#; 0.001245; -0.003237; -0.000489; -0.001539; 0.004001; 0.000604 \
#; 0.001245; 0.003237; -0.000489; 0.001539; 0.004001; -0.000604 \
#; 0.000183; -0.000000; -0.000370; 0.000000; -0.000000; -0.000000 \
#; 0.000000; 0.000000; -0.000000; 0.000000; 0.115647; 0.000000 \
#; 0.000183; -0.000000; 0.000370; -0.000000; -0.000000; -0.000000 \
#; 0.000000; 0.000000; -0.000000; 0.000000; 0.115647; 0.000000 \
# ]
