# Phonopy generated file for v_sim 3.6
    7.072995341    0.000000000    9.927137045
    0.000000000    0.000000000    6.949939268
    0.357787556    7.445352784    0.077590239 Ba
    6.715207785    2.481784261    6.872349030 Ba
    3.894285226    7.445352784    3.397379395 Ba
    3.178710115    2.481784261    3.552559873 Ba
    3.536497671    0.000000000    0.000000000 Zr
    3.536497671    4.963568522    0.000000000 Zr
    0.000000000    0.000000000    3.474969634 Zr
    0.000000000    4.963568522    3.474969634 Zr
    5.020419444    0.332251574    4.931354939  S
    5.020419444    4.631316948    4.931354939  S
    2.052575897    9.594885471    2.018584329  S
    2.052575897    5.295820097    2.018584329  S
    5.589073568    9.594885471    1.456385305  S
    5.589073568    5.295820097    1.456385305  S
    1.483921774    0.332251574    5.493553963  S
    1.483921774    4.631316948    5.493553963  S
    3.498016858    7.445352784    6.507252803  S
    3.574978484    2.481784261    0.442686465  S
    7.034514528    7.445352784    3.917656100  S
    0.038480813    2.481784261    3.032283169  S
#metaData: qpt=[0.000000;0.000000;0.000000;-1.011697 \
#; -0.000000; 0.014027; -0.000000; 0.000000; 0.000000; 0.000000 \
#; -0.000000; 0.014027; -0.000000; 0.000000; 0.000000; 0.000000 \
#; 0.000000; 0.014027; -0.000000; 0.000000; 0.000000; 0.000000 \
#; 0.000000; 0.014027; -0.000000; 0.000000; 0.000000; 0.000000 \
#; 0.017223; -0.040232; -0.012253; 0.000000; 0.000000; 0.000000 \
#; -0.017223; -0.040232; 0.012253; 0.000000; 0.000000; 0.000000 \
#; 0.017223; -0.040232; 0.012253; 0.000000; 0.000000; 0.000000 \
#; -0.017223; -0.040232; -0.012253; 0.000000; 0.000000; 0.000000 \
#; 0.002537; 0.022191; -0.005457; 0.000000; 0.000000; 0.000000 \
#; -0.002537; 0.022191; 0.005457; 0.000000; 0.000000; 0.000000 \
#; 0.002537; 0.022191; -0.005457; 0.000000; 0.000000; 0.000000 \
#; -0.002537; 0.022191; 0.005457; 0.000000; 0.000000; 0.000000 \
#; 0.002537; 0.022191; 0.005457; 0.000000; 0.000000; 0.000000 \
#; -0.002537; 0.022191; -0.005457; 0.000000; 0.000000; 0.000000 \
#; 0.002537; 0.022191; 0.005457; 0.000000; 0.000000; 0.000000 \
#; -0.002537; 0.022191; -0.005457; 0.000000; 0.000000; 0.000000 \
#; 0.000000; 0.004579; -0.000000; 0.000000; 0.000000; 0.000000 \
#; -0.000000; 0.004579; -0.000000; 0.000000; 0.000000; 0.000000 \
#; -0.000000; 0.004579; -0.000000; 0.000000; 0.000000; 0.000000 \
#; 0.000000; 0.004579; -0.000000; 0.000000; 0.000000; 0.000000 \
# ]
#metaData: qpt=[0.000000;0.000000;0.000000;-0.000867 \
#; -0.000000; -0.000000; 0.027750; 0.000000; 0.000000; 0.000000 \
#; -0.000000; -0.000000; 0.027750; 0.000000; 0.000000; 0.000000 \
#; 0.000000; -0.000000; 0.027750; 0.000000; 0.000000; 0.000000 \
#; 0.000000; -0.000000; 0.027750; 0.000000; 0.000000; 0.000000 \
#; -0.000002; 0.000003; 0.027736; 0.000000; 0.000000; 0.000000 \
#; -0.000002; -0.000003; 0.027736; 0.000000; 0.000000; 0.000000 \
#; 0.000002; -0.000003; 0.027736; 0.000000; 0.000000; 0.000000 \
#; 0.000002; 0.000003; 0.027736; 0.000000; 0.000000; 0.000000 \
#; 0.000003; 0.000009; 0.027752; 0.000000; 0.000000; 0.000000 \
#; 0.000003; -0.000009; 0.027752; 0.000000; 0.000000; 0.000000 \
#; 0.000003; 0.000009; 0.027752; 0.000000; 0.000000; 0.000000 \
#; 0.000003; -0.000009; 0.027752; 0.000000; 0.000000; 0.000000 \
#; -0.000003; -0.000009; 0.027752; 0.000000; 0.000000; 0.000000 \
#; -0.000003; 0.000009; 0.027752; 0.000000; 0.000000; 0.000000 \
#; -0.000003; -0.000009; 0.027752; 0.000000; 0.000000; 0.000000 \
#; -0.000003; 0.000009; 0.027752; 0.000000; 0.000000; 0.000000 \
#; 0.000002; -0.000000; 0.027753; 0.000000; 0.000000; 0.000000 \
#; 0.000002; -0.000000; 0.027753; 0.000000; 0.000000; 0.000000 \
#; -0.000002; -0.000000; 0.027753; 0.000000; 0.000000; 0.000000 \
#; -0.000002; -0.000000; 0.027753; 0.000000; 0.000000; 0.000000 \
# ]
#metaData: qpt=[0.000000;0.000000;0.000000;-0.000817 \
#; 0.027751; 0.000000; -0.000001; 0.000000; 0.000000; 0.000000 \
#; 0.027751; 0.000000; -0.000001; 0.000000; 0.000000; 0.000000 \
#; 0.027751; 0.000000; 0.000001; 0.000000; 0.000000; 0.000000 \
#; 0.027751; 0.000000; 0.000001; 0.000000; 0.000000; 0.000000 \
#; 0.027739; -0.000004; 0.000001; 0.000000; 0.000000; 0.000000 \
#; 0.027739; 0.000004; 0.000001; 0.000000; 0.000000; 0.000000 \
#; 0.027739; -0.000004; -0.000001; 0.000000; 0.000000; 0.000000 \
#; 0.027739; 0.000004; -0.000001; 0.000000; 0.000000; 0.000000 \
#; 0.027747; -0.000008; 0.000000; 0.000000; 0.000000; 0.000000 \
#; 0.027747; 0.000008; 0.000000; 0.000000; 0.000000; 0.000000 \
#; 0.027747; -0.000008; 0.000000; 0.000000; 0.000000; 0.000000 \
#; 0.027747; 0.000008; 0.000000; 0.000000; 0.000000; 0.000000 \
#; 0.027747; -0.000008; -0.000000; 0.000000; 0.000000; 0.000000 \
#; 0.027747; 0.000008; -0.000000; 0.000000; 0.000000; 0.000000 \
#; 0.027747; -0.000008; -0.000000; 0.000000; 0.000000; 0.000000 \
#; 0.027747; 0.000008; -0.000000; 0.000000; 0.000000; 0.000000 \
#; 0.027749; 0.000000; -0.000002; 0.000000; 0.000000; 0.000000 \
#; 0.027749; 0.000000; -0.000002; 0.000000; 0.000000; 0.000000 \
#; 0.027749; 0.000000; 0.000002; 0.000000; 0.000000; 0.000000 \
#; 0.027749; 0.000000; 0.000002; 0.000000; 0.000000; 0.000000 \
# ]
#metaData: qpt=[0.000000;0.000000;0.000000;0.008027 \
#; 0.000000; -0.028102; -0.000000; 0.000000; 0.000000; 0.000000 \
#; 0.000000; -0.028102; -0.000000; 0.000000; 0.000000; 0.000000 \
#; 0.000000; -0.028102; -0.000000; 0.000000; 0.000000; 0.000000 \
#; 0.000000; -0.028102; -0.000000; 0.000000; 0.000000; 0.000000 \
#; -0.000408; -0.026969; 0.000161; 0.000000; 0.000000; 0.000000 \
#; 0.000408; -0.026969; -0.000161; 0.000000; 0.000000; 0.000000 \
#; -0.000408; -0.026969; -0.000161; 0.000000; 0.000000; 0.000000 \
#; 0.000408; -0.026969; 0.000161; 0.000000; 0.000000; 0.000000 \
#; -0.000194; -0.028036; 0.000054; 0.000000; 0.000000; 0.000000 \
#; 0.000194; -0.028036; -0.000054; 0.000000; 0.000000; 0.000000 \
#; -0.000194; -0.028036; 0.000054; 0.000000; 0.000000; 0.000000 \
#; 0.000194; -0.028036; -0.000054; 0.000000; 0.000000; 0.000000 \
#; -0.000194; -0.028036; -0.000054; 0.000000; 0.000000; 0.000000 \
#; 0.000194; -0.028036; 0.000054; 0.000000; 0.000000; 0.000000 \
#; -0.000194; -0.028036; -0.000054; 0.000000; 0.000000; 0.000000 \
#; 0.000194; -0.028036; 0.000054; 0.000000; 0.000000; 0.000000 \
#; 0.000000; -0.027801; -0.000000; 0.000000; 0.000000; 0.000000 \
#; 0.000000; -0.027801; -0.000000; 0.000000; 0.000000; 0.000000 \
#; 0.000000; -0.027801; -0.000000; 0.000000; 0.000000; 0.000000 \
#; 0.000000; -0.027801; -0.000000; 0.000000; 0.000000; 0.000000 \
# ]
#metaData: qpt=[0.000000;0.000000;0.000000;1.526985 \
#; 0.000000; -0.033529; 0.000000; 0.000000; 0.000000; 0.000000 \
#; 0.000000; -0.033529; 0.000000; 0.000000; 0.000000; 0.000000 \
#; -0.000000; 0.033529; -0.000000; 0.000000; 0.000000; 0.000000 \
#; 0.000000; 0.033529; -0.000000; 0.000000; 0.000000; 0.000000 \
#; -0.002840; -0.006200; -0.023194; 0.000000; 0.000000; 0.000000 \
#; 0.002840; -0.006200; 0.023194; 0.000000; 0.000000; 0.000000 \
#; 0.002840; 0.006200; -0.023194; 0.000000; 0.000000; 0.000000 \
#; -0.002840; 0.006200; 0.023194; 0.000000; 0.000000; 0.000000 \
#; -0.005715; 0.010976; -0.021953; 0.000000; 0.000000; 0.000000 \
#; 0.005715; 0.010976; 0.021953; 0.000000; 0.000000; 0.000000 \
#; -0.005715; 0.010976; -0.021953; 0.000000; 0.000000; 0.000000 \
#; 0.005715; 0.010976; 0.021953; 0.000000; 0.000000; 0.000000 \
#; 0.005715; -0.010976; -0.021953; 0.000000; 0.000000; 0.000000 \
#; -0.005715; -0.010976; 0.021953; 0.000000; 0.000000; 0.000000 \
#; 0.005715; -0.010976; -0.021953; 0.000000; 0.000000; 0.000000 \
#; -0.005715; -0.010976; 0.021953; 0.000000; 0.000000; 0.000000 \
#; 0.000000; -0.007021; -0.000000; 0.000000; 0.000000; 0.000000 \
#; 0.000000; -0.007021; -0.000000; 0.000000; 0.000000; 0.000000 \
#; -0.000000; 0.007021; 0.000000; 0.000000; 0.000000; 0.000000 \
#; -0.000000; 0.007021; 0.000000; 0.000000; 0.000000; 0.000000 \
# ]
#metaData: qpt=[0.000000;0.000000;0.000000;1.744451 \
#; -0.037871; 0.000000; -0.013824; 0.000000; 0.000000; 0.000000 \
#; 0.037871; 0.000000; 0.013824; 0.000000; 0.000000; 0.000000 \
#; -0.037871; -0.000000; 0.013824; 0.000000; 0.000000; 0.000000 \
#; 0.037871; -0.000000; -0.013824; 0.000000; 0.000000; 0.000000 \
#; 0.000000; 0.000000; 0.000000; 0.000000; 0.000000; 0.000000 \
#; -0.000000; 0.000000; -0.000000; 0.000000; 0.000000; 0.000000 \
#; 0.000000; -0.000000; 0.000000; 0.000000; 0.000000; 0.000000 \
#; -0.000000; -0.000000; 0.000000; 0.000000; 0.000000; 0.000000 \
#; 0.013483; -0.002422; 0.012742; 0.000000; 0.000000; 0.000000 \
#; 0.013483; 0.002422; 0.012742; 0.000000; 0.000000; 0.000000 \
#; -0.013483; 0.002422; -0.012742; 0.000000; 0.000000; 0.000000 \
#; -0.013483; -0.002422; -0.012742; 0.000000; 0.000000; 0.000000 \
#; -0.013483; 0.002422; 0.012742; 0.000000; 0.000000; 0.000000 \
#; -0.013483; -0.002422; 0.012742; 0.000000; 0.000000; 0.000000 \
#; 0.013483; -0.002422; -0.012742; 0.000000; 0.000000; 0.000000 \
#; 0.013483; 0.002422; -0.012742; 0.000000; 0.000000; 0.000000 \
#; -0.009506; 0.000000; 0.006760; 0.000000; 0.000000; 0.000000 \
#; 0.009506; 0.000000; -0.006760; 0.000000; 0.000000; 0.000000 \
#; -0.009506; -0.000000; -0.006760; 0.000000; 0.000000; 0.000000 \
#; 0.009506; -0.000000; 0.006760; 0.000000; 0.000000; 0.000000 \
# ]
#metaData: qpt=[0.000000;0.000000;0.000000;1.841352 \
#; 0.038051; 0.000000; 0.004360; 0.000000; 0.000000; 0.000000 \
#; 0.038051; 0.000000; 0.004360; 0.000000; 0.000000; 0.000000 \
#; -0.038051; -0.000000; 0.004360; 0.000000; 0.000000; 0.000000 \
#; -0.038051; -0.000000; 0.004360; 0.000000; 0.000000; 0.000000 \
#; 0.012413; 0.003319; -0.002438; 0.000000; 0.000000; 0.000000 \
#; 0.012413; -0.003319; -0.002438; 0.000000; 0.000000; 0.000000 \
#; -0.012413; -0.003319; -0.002438; 0.000000; 0.000000; 0.000000 \
#; -0.012413; 0.003319; -0.002438; 0.000000; 0.000000; 0.000000 \
#; -0.007454; 0.012393; -0.009572; 0.000000; 0.000000; 0.000000 \
#; -0.007454; -0.012393; -0.009572; 0.000000; 0.000000; 0.000000 \
#; -0.007454; 0.012393; -0.009572; 0.000000; 0.000000; 0.000000 \
#; -0.007454; -0.012393; -0.009572; 0.000000; 0.000000; 0.000000 \
#; 0.007454; -0.012393; -0.009572; 0.000000; 0.000000; 0.000000 \
#; 0.007454; 0.012393; -0.009572; 0.000000; 0.000000; 0.000000 \
#; 0.007454; -0.012393; -0.009572; 0.000000; 0.000000; 0.000000 \
#; 0.007454; 0.012393; -0.009572; 0.000000; 0.000000; 0.000000 \
#; 0.019279; 0.000000; 0.007400; 0.000000; 0.000000; 0.000000 \
#; 0.019279; 0.000000; 0.007400; 0.000000; 0.000000; 0.000000 \
#; -0.019279; -0.000000; 0.007400; 0.000000; 0.000000; 0.000000 \
#; -0.019279; -0.000000; 0.007400; 0.000000; 0.000000; 0.000000 \
# ]
#metaData: qpt=[0.000000;0.000000;0.000000;1.877896 \
#; 0.000000; 0.020713; -0.000000; 0.000000; 0.000000; 0.000000 \
#; -0.000000; 0.020713; -0.000000; 0.000000; 0.000000; 0.000000 \
#; -0.000000; -0.020713; 0.000000; 0.000000; 0.000000; 0.000000 \
#; -0.000000; -0.020713; 0.000000; 0.000000; 0.000000; 0.000000 \
#; -0.005447; -0.001642; -0.043151; 0.000000; 0.000000; 0.000000 \
#; 0.005447; -0.001642; 0.043151; 0.000000; 0.000000; 0.000000 \
#; 0.005447; 0.001642; -0.043151; 0.000000; 0.000000; 0.000000 \
#; -0.005447; 0.001642; 0.043151; 0.000000; 0.000000; 0.000000 \
#; 0.009355; -0.010822; -0.008328; 0.000000; 0.000000; 0.000000 \
#; -0.009355; -0.010822; 0.008328; 0.000000; 0.000000; 0.000000 \
#; 0.009355; -0.010822; -0.008328; 0.000000; 0.000000; 0.000000 \
#; -0.009355; -0.010822; 0.008328; 0.000000; 0.000000; 0.000000 \
#; -0.009355; 0.010822; -0.008328; 0.000000; 0.000000; 0.000000 \
#; 0.009355; 0.010822; 0.008328; 0.000000; 0.000000; 0.000000 \
#; -0.009355; 0.010822; -0.008328; 0.000000; 0.000000; 0.000000 \
#; 0.009355; 0.010822; 0.008328; 0.000000; 0.000000; 0.000000 \
#; 0.000000; -0.004666; 0.000000; 0.000000; 0.000000; 0.000000 \
#; -0.000000; -0.004666; 0.000000; 0.000000; 0.000000; 0.000000 \
#; -0.000000; 0.004666; -0.000000; 0.000000; 0.000000; 0.000000 \
#; 0.000000; 0.004666; -0.000000; 0.000000; 0.000000; 0.000000 \
# ]
#metaData: qpt=[0.000000;0.000000;0.000000;1.912978 \
#; 0.012692; -0.000000; 0.039620; 0.000000; 0.000000; 0.000000 \
#; -0.012692; -0.000000; -0.039620; 0.000000; 0.000000; 0.000000 \
#; -0.012692; 0.000000; 0.039620; 0.000000; 0.000000; 0.000000 \
#; 0.012692; 0.000000; -0.039620; 0.000000; 0.000000; 0.000000 \
#; 0.000000; -0.000000; 0.000000; 0.000000; 0.000000; 0.000000 \
#; -0.000000; -0.000000; -0.000000; 0.000000; 0.000000; 0.000000 \
#; -0.000000; 0.000000; 0.000000; 0.000000; 0.000000; 0.000000 \
#; 0.000000; 0.000000; -0.000000; 0.000000; 0.000000; 0.000000 \
#; -0.003385; 0.005057; -0.003753; 0.000000; 0.000000; 0.000000 \
#; -0.003385; -0.005057; -0.003753; 0.000000; 0.000000; 0.000000 \
#; 0.003385; -0.005057; 0.003753; 0.000000; 0.000000; 0.000000 \
#; 0.003385; 0.005057; 0.003753; 0.000000; 0.000000; 0.000000 \
#; -0.003385; 0.005057; 0.003753; 0.000000; 0.000000; 0.000000 \
#; -0.003385; -0.005057; 0.003753; 0.000000; 0.000000; 0.000000 \
#; 0.003385; -0.005057; -0.003753; 0.000000; 0.000000; 0.000000 \
#; 0.003385; 0.005057; -0.003753; 0.000000; 0.000000; 0.000000 \
#; 0.006033; -0.000000; 0.015663; 0.000000; 0.000000; 0.000000 \
#; -0.006033; -0.000000; -0.015663; 0.000000; 0.000000; 0.000000 \
#; -0.006033; -0.000000; 0.015663; 0.000000; 0.000000; 0.000000 \
#; 0.006033; 0.000000; -0.015663; 0.000000; 0.000000; 0.000000 \
# ]
#metaData: qpt=[0.000000;0.000000;0.000000;1.964693 \
#; -0.001326; 0.000000; 0.021780; 0.000000; 0.000000; 0.000000 \
#; -0.001326; -0.000000; 0.021780; 0.000000; 0.000000; 0.000000 \
#; 0.001326; -0.000000; 0.021780; 0.000000; 0.000000; 0.000000 \
#; 0.001326; -0.000000; 0.021780; 0.000000; 0.000000; 0.000000 \
#; -0.010050; 0.008775; -0.040640; 0.000000; 0.000000; 0.000000 \
#; -0.010050; -0.008775; -0.040640; 0.000000; 0.000000; 0.000000 \
#; 0.010050; -0.008775; -0.040640; 0.000000; 0.000000; 0.000000 \
#; 0.010050; 0.008775; -0.040640; 0.000000; 0.000000; 0.000000 \
#; 0.010695; -0.002876; 0.002660; 0.000000; 0.000000; 0.000000 \
#; 0.010695; 0.002876; 0.002660; 0.000000; 0.000000; 0.000000 \
#; 0.010695; -0.002876; 0.002660; 0.000000; 0.000000; 0.000000 \
#; 0.010695; 0.002876; 0.002660; 0.000000; 0.000000; 0.000000 \
#; -0.010695; 0.002876; 0.002660; 0.000000; 0.000000; 0.000000 \
#; -0.010695; -0.002876; 0.002660; 0.000000; 0.000000; 0.000000 \
#; -0.010695; 0.002876; 0.002660; 0.000000; 0.000000; 0.000000 \
#; -0.010695; -0.002876; 0.002660; 0.000000; 0.000000; 0.000000 \
#; -0.002302; -0.000000; 0.016960; 0.000000; 0.000000; 0.000000 \
#; -0.002302; -0.000000; 0.016960; 0.000000; 0.000000; 0.000000 \
#; 0.002302; -0.000000; 0.016960; 0.000000; 0.000000; 0.000000 \
#; 0.002302; -0.000000; 0.016960; 0.000000; 0.000000; 0.000000 \
# ]
#metaData: qpt=[0.000000;0.000000;0.000000;1.965945 \
#; -0.007354; -0.000000; -0.039161; 0.000000; 0.000000; 0.000000 \
#; -0.007354; -0.000000; -0.039161; 0.000000; 0.000000; 0.000000 \
#; -0.007354; 0.000000; 0.039161; 0.000000; 0.000000; 0.000000 \
#; -0.007354; 0.000000; 0.039161; 0.000000; 0.000000; 0.000000 \
#; 0.005014; 0.000218; 0.011970; 0.000000; 0.000000; 0.000000 \
#; 0.005014; -0.000218; 0.011970; 0.000000; 0.000000; 0.000000 \
#; 0.005014; 0.000218; -0.011970; 0.000000; 0.000000; 0.000000 \
#; 0.005014; -0.000218; -0.011970; 0.000000; 0.000000; 0.000000 \
#; 0.008191; -0.006160; 0.004656; 0.000000; 0.000000; 0.000000 \
#; 0.008191; 0.006160; 0.004656; 0.000000; 0.000000; 0.000000 \
#; 0.008191; -0.006160; 0.004656; 0.000000; 0.000000; 0.000000 \
#; 0.008191; 0.006160; 0.004656; 0.000000; 0.000000; 0.000000 \
#; 0.008191; -0.006160; -0.004656; 0.000000; 0.000000; 0.000000 \
#; 0.008191; 0.006160; -0.004656; 0.000000; 0.000000; 0.000000 \
#; 0.008191; -0.006160; -0.004656; 0.000000; 0.000000; 0.000000 \
#; 0.008191; 0.006160; -0.004656; 0.000000; 0.000000; 0.000000 \
#; 0.000851; 0.000000; 0.016238; 0.000000; 0.000000; 0.000000 \
#; 0.000851; 0.000000; 0.016238; 0.000000; 0.000000; 0.000000 \
#; 0.000851; -0.000000; -0.016238; 0.000000; 0.000000; 0.000000 \
#; 0.000851; -0.000000; -0.016238; 0.000000; 0.000000; 0.000000 \
# ]
#metaData: qpt=[0.000000;0.000000;0.000000;2.177821 \
#; -0.000000; -0.006174; -0.000000; 0.000000; 0.000000; 0.000000 \
#; -0.000000; -0.006174; 0.000000; 0.000000; 0.000000; 0.000000 \
#; 0.000000; -0.006174; 0.000000; 0.000000; 0.000000; 0.000000 \
#; -0.000000; -0.006174; -0.000000; 0.000000; 0.000000; 0.000000 \
#; 0.045926; 0.014950; -0.000423; 0.000000; 0.000000; 0.000000 \
#; -0.045926; 0.014950; 0.000423; 0.000000; 0.000000; 0.000000 \
#; 0.045926; 0.014950; 0.000423; 0.000000; 0.000000; 0.000000 \
#; -0.045926; 0.014950; -0.000423; 0.000000; 0.000000; 0.000000 \
#; 0.020686; -0.007241; -0.003950; 0.000000; 0.000000; 0.000000 \
#; -0.020686; -0.007241; 0.003950; 0.000000; 0.000000; 0.000000 \
#; 0.020686; -0.007241; -0.003950; 0.000000; 0.000000; 0.000000 \
#; -0.020686; -0.007241; 0.003950; 0.000000; 0.000000; 0.000000 \
#; 0.020686; -0.007241; 0.003950; 0.000000; 0.000000; 0.000000 \
#; -0.020686; -0.007241; -0.003950; 0.000000; 0.000000; 0.000000 \
#; 0.020686; -0.007241; 0.003950; 0.000000; 0.000000; 0.000000 \
#; -0.020686; -0.007241; -0.003950; 0.000000; 0.000000; 0.000000 \
#; 0.000000; -0.002153; 0.000000; 0.000000; 0.000000; 0.000000 \
#; -0.000000; -0.002153; -0.000000; 0.000000; 0.000000; 0.000000 \
#; 0.000000; -0.002153; -0.000000; 0.000000; 0.000000; 0.000000 \
#; -0.000000; -0.002153; 0.000000; 0.000000; 0.000000; 0.000000 \
# ]
#metaData: qpt=[0.000000;0.000000;0.000000;2.249234 \
#; 0.000000; 0.004208; -0.000000; 0.000000; 0.000000; 0.000000 \
#; -0.000000; 0.004208; 0.000000; 0.000000; 0.000000; 0.000000 \
#; -0.000000; -0.004208; 0.000000; 0.000000; 0.000000; 0.000000 \
#; -0.000000; -0.004208; -0.000000; 0.000000; 0.000000; 0.000000 \
#; 0.003625; -0.049321; 0.005176; 0.000000; 0.000000; 0.000000 \
#; -0.003625; -0.049321; -0.005176; 0.000000; 0.000000; 0.000000 \
#; -0.003625; 0.049321; 0.005176; 0.000000; 0.000000; 0.000000 \
#; 0.003625; 0.049321; -0.005176; 0.000000; 0.000000; 0.000000 \
#; -0.005242; -0.003999; 0.000883; 0.000000; 0.000000; 0.000000 \
#; 0.005242; -0.003999; -0.000883; 0.000000; 0.000000; 0.000000 \
#; -0.005242; -0.003999; 0.000883; 0.000000; 0.000000; 0.000000 \
#; 0.005242; -0.003999; -0.000883; 0.000000; 0.000000; 0.000000 \
#; 0.005242; 0.003999; 0.000883; 0.000000; 0.000000; 0.000000 \
#; -0.005242; 0.003999; -0.000883; 0.000000; 0.000000; 0.000000 \
#; 0.005242; 0.003999; 0.000883; 0.000000; 0.000000; 0.000000 \
#; -0.005242; 0.003999; -0.000883; 0.000000; 0.000000; 0.000000 \
#; 0.000000; -0.024458; 0.000000; 0.000000; 0.000000; 0.000000 \
#; -0.000000; -0.024458; -0.000000; 0.000000; 0.000000; 0.000000 \
#; -0.000000; 0.024458; -0.000000; 0.000000; 0.000000; 0.000000 \
#; 0.000000; 0.024458; 0.000000; 0.000000; 0.000000; 0.000000 \
# ]
#metaData: qpt=[0.000000;0.000000;0.000000;2.253581 \
#; -0.009033; -0.000000; 0.036868; 0.000000; 0.000000; 0.000000 \
#; 0.009033; -0.000000; -0.036868; 0.000000; 0.000000; 0.000000 \
#; -0.009033; -0.000000; -0.036868; 0.000000; 0.000000; 0.000000 \
#; 0.009033; -0.000000; 0.036868; 0.000000; 0.000000; 0.000000 \
#; 0.000000; 0.000000; 0.000000; 0.000000; 0.000000; 0.000000 \
#; -0.000000; 0.000000; 0.000000; 0.000000; 0.000000; 0.000000 \
#; 0.000000; 0.000000; 0.000000; 0.000000; 0.000000; 0.000000 \
#; -0.000000; 0.000000; 0.000000; 0.000000; 0.000000; 0.000000 \
#; 0.016259; 0.008493; 0.015721; 0.000000; 0.000000; 0.000000 \
#; 0.016259; -0.008493; 0.015721; 0.000000; 0.000000; 0.000000 \
#; -0.016259; -0.008493; -0.015721; 0.000000; 0.000000; 0.000000 \
#; -0.016259; 0.008493; -0.015721; 0.000000; 0.000000; 0.000000 \
#; -0.016259; -0.008493; 0.015721; 0.000000; 0.000000; 0.000000 \
#; -0.016259; 0.008493; 0.015721; 0.000000; 0.000000; 0.000000 \
#; 0.016259; 0.008493; -0.015721; 0.000000; 0.000000; 0.000000 \
#; 0.016259; -0.008493; -0.015721; 0.000000; 0.000000; 0.000000 \
#; -0.006160; -0.000000; -0.020511; 0.000000; 0.000000; 0.000000 \
#; 0.006160; -0.000000; 0.020511; 0.000000; 0.000000; 0.000000 \
#; -0.006160; 0.000000; 0.020511; 0.000000; 0.000000; 0.000000 \
#; 0.006160; 0.000000; -0.020511; 0.000000; 0.000000; 0.000000 \
# ]
#metaData: qpt=[0.000000;0.000000;0.000000;2.262280 \
#; 0.000000; 0.042351; -0.000000; 0.000000; 0.000000; 0.000000 \
#; -0.000000; -0.042351; 0.000000; 0.000000; 0.000000; 0.000000 \
#; -0.000000; -0.042351; 0.000000; 0.000000; 0.000000; 0.000000 \
#; -0.000000; 0.042351; -0.000000; 0.000000; 0.000000; 0.000000 \
#; 0.000000; -0.000000; 0.000000; 0.000000; 0.000000; 0.000000 \
#; -0.000000; -0.000000; -0.000000; 0.000000; 0.000000; 0.000000 \
#; 0.000000; 0.000000; 0.000000; 0.000000; 0.000000; 0.000000 \
#; -0.000000; 0.000000; -0.000000; 0.000000; 0.000000; 0.000000 \
#; -0.004840; 0.003061; -0.004967; 0.000000; 0.000000; 0.000000 \
#; 0.004840; 0.003061; 0.004967; 0.000000; 0.000000; 0.000000 \
#; 0.004840; -0.003061; 0.004967; 0.000000; 0.000000; 0.000000 \
#; -0.004840; -0.003061; -0.004967; 0.000000; 0.000000; 0.000000 \
#; -0.004840; 0.003061; 0.004967; 0.000000; 0.000000; 0.000000 \
#; 0.004840; 0.003061; -0.004967; 0.000000; 0.000000; 0.000000 \
#; 0.004840; -0.003061; -0.004967; 0.000000; 0.000000; 0.000000 \
#; -0.004840; -0.003061; 0.004967; 0.000000; 0.000000; 0.000000 \
#; 0.000000; 0.000279; -0.000000; 0.000000; 0.000000; 0.000000 \
#; -0.000000; -0.000279; -0.000000; 0.000000; 0.000000; 0.000000 \
#; -0.000000; -0.000279; 0.000000; 0.000000; 0.000000; 0.000000 \
#; 0.000000; 0.000279; 0.000000; 0.000000; 0.000000; 0.000000 \
# ]
#metaData: qpt=[0.000000;0.000000;0.000000;2.288492 \
#; 0.022228; 0.000000; -0.003852; 0.000000; 0.000000; 0.000000 \
#; 0.022228; -0.000000; -0.003852; 0.000000; 0.000000; 0.000000 \
#; 0.022228; -0.000000; 0.003852; 0.000000; 0.000000; 0.000000 \
#; 0.022228; 0.000000; 0.003852; 0.000000; 0.000000; 0.000000 \
#; -0.040819; 0.002347; 0.010017; 0.000000; 0.000000; 0.000000 \
#; -0.040819; -0.002347; 0.010017; 0.000000; 0.000000; 0.000000 \
#; -0.040819; 0.002347; -0.010017; 0.000000; 0.000000; 0.000000 \
#; -0.040819; -0.002347; -0.010017; 0.000000; 0.000000; 0.000000 \
#; 0.003911; -0.002807; 0.013120; 0.000000; 0.000000; 0.000000 \
#; 0.003911; 0.002807; 0.013120; 0.000000; 0.000000; 0.000000 \
#; 0.003911; -0.002807; 0.013120; 0.000000; 0.000000; 0.000000 \
#; 0.003911; 0.002807; 0.013120; 0.000000; 0.000000; 0.000000 \
#; 0.003911; -0.002807; -0.013120; 0.000000; 0.000000; 0.000000 \
#; 0.003911; 0.002807; -0.013120; 0.000000; 0.000000; 0.000000 \
#; 0.003911; -0.002807; -0.013120; 0.000000; 0.000000; 0.000000 \
#; 0.003911; 0.002807; -0.013120; 0.000000; 0.000000; 0.000000 \
#; 0.013062; -0.000000; 0.003808; 0.000000; 0.000000; 0.000000 \
#; 0.013062; -0.000000; 0.003808; 0.000000; 0.000000; 0.000000 \
#; 0.013062; 0.000000; -0.003808; 0.000000; 0.000000; 0.000000 \
#; 0.013062; 0.000000; -0.003808; 0.000000; 0.000000; 0.000000 \
# ]
#metaData: qpt=[0.000000;0.000000;0.000000;2.420552 \
#; -0.040155; 0.000000; 0.012431; 0.000000; 0.000000; 0.000000 \
#; 0.040155; -0.000000; -0.012431; 0.000000; 0.000000; 0.000000 \
#; 0.040155; -0.000000; 0.012431; 0.000000; 0.000000; 0.000000 \
#; -0.040155; 0.000000; -0.012431; 0.000000; 0.000000; 0.000000 \
#; -0.000000; -0.000000; 0.000000; 0.000000; 0.000000; 0.000000 \
#; -0.000000; -0.000000; 0.000000; 0.000000; 0.000000; 0.000000 \
#; -0.000000; 0.000000; -0.000000; 0.000000; 0.000000; 0.000000 \
#; -0.000000; 0.000000; -0.000000; 0.000000; 0.000000; 0.000000 \
#; -0.002306; 0.004432; -0.003418; 0.000000; 0.000000; 0.000000 \
#; -0.002306; -0.004432; -0.003418; 0.000000; 0.000000; 0.000000 \
#; 0.002306; -0.004432; 0.003418; 0.000000; 0.000000; 0.000000 \
#; 0.002306; 0.004432; 0.003418; 0.000000; 0.000000; 0.000000 \
#; -0.002306; 0.004432; 0.003418; 0.000000; 0.000000; 0.000000 \
#; -0.002306; -0.004432; 0.003418; 0.000000; 0.000000; 0.000000 \
#; 0.002306; -0.004432; -0.003418; 0.000000; 0.000000; 0.000000 \
#; 0.002306; 0.004432; -0.003418; 0.000000; 0.000000; 0.000000 \
#; -0.011901; -0.000000; 0.003765; 0.000000; 0.000000; 0.000000 \
#; 0.011901; -0.000000; -0.003765; 0.000000; 0.000000; 0.000000 \
#; 0.011901; 0.000000; 0.003765; 0.000000; 0.000000; 0.000000 \
#; -0.011901; 0.000000; -0.003765; 0.000000; 0.000000; 0.000000 \
# ]
#metaData: qpt=[0.000000;0.000000;0.000000;2.598066 \
#; 0.000000; 0.034410; 0.000000; 0.000000; 0.000000; 0.000000 \
#; 0.000000; -0.034410; -0.000000; 0.000000; 0.000000; 0.000000 \
#; 0.000000; 0.034410; -0.000000; 0.000000; 0.000000; 0.000000 \
#; 0.000000; -0.034410; 0.000000; 0.000000; 0.000000; 0.000000 \
#; -0.000000; -0.000000; 0.000000; 0.000000; 0.000000; 0.000000 \
#; -0.000000; 0.000000; 0.000000; 0.000000; 0.000000; 0.000000 \
#; -0.000000; -0.000000; 0.000000; 0.000000; 0.000000; 0.000000 \
#; -0.000000; 0.000000; 0.000000; 0.000000; 0.000000; 0.000000 \
#; 0.025742; -0.000360; 0.026359; 0.000000; 0.000000; 0.000000 \
#; -0.025742; -0.000360; -0.026359; 0.000000; 0.000000; 0.000000 \
#; -0.025742; 0.000360; -0.026359; 0.000000; 0.000000; 0.000000 \
#; 0.025742; 0.000360; 0.026359; 0.000000; 0.000000; 0.000000 \
#; -0.025742; 0.000360; 0.026359; 0.000000; 0.000000; 0.000000 \
#; 0.025742; 0.000360; -0.026359; 0.000000; 0.000000; 0.000000 \
#; 0.025742; -0.000360; -0.026359; 0.000000; 0.000000; 0.000000 \
#; -0.025742; -0.000360; 0.026359; 0.000000; 0.000000; 0.000000 \
#; 0.000000; 0.003289; 0.000000; 0.000000; 0.000000; 0.000000 \
#; -0.000000; -0.003289; -0.000000; 0.000000; 0.000000; 0.000000 \
#; -0.000000; 0.003289; 0.000000; 0.000000; 0.000000; 0.000000 \
#; 0.000000; -0.003289; -0.000000; 0.000000; 0.000000; 0.000000 \
# ]
#metaData: qpt=[0.000000;0.000000;0.000000;2.769346 \
#; 0.003389; 0.000000; 0.003617; 0.000000; 0.000000; 0.000000 \
#; -0.003389; -0.000000; -0.003617; 0.000000; 0.000000; 0.000000 \
#; -0.003389; 0.000000; 0.003617; 0.000000; 0.000000; 0.000000 \
#; 0.003389; -0.000000; -0.003617; 0.000000; 0.000000; 0.000000 \
#; 0.000000; -0.000000; 0.000000; 0.000000; 0.000000; 0.000000 \
#; -0.000000; -0.000000; -0.000000; 0.000000; 0.000000; 0.000000 \
#; 0.000000; 0.000000; 0.000000; 0.000000; 0.000000; 0.000000 \
#; -0.000000; 0.000000; -0.000000; 0.000000; 0.000000; 0.000000 \
#; -0.005270; -0.043412; -0.003950; 0.000000; 0.000000; 0.000000 \
#; -0.005270; 0.043412; -0.003950; 0.000000; 0.000000; 0.000000 \
#; 0.005270; 0.043412; 0.003950; 0.000000; 0.000000; 0.000000 \
#; 0.005270; -0.043412; 0.003950; 0.000000; 0.000000; 0.000000 \
#; -0.005270; -0.043412; 0.003950; 0.000000; 0.000000; 0.000000 \
#; -0.005270; 0.043412; 0.003950; 0.000000; 0.000000; 0.000000 \
#; 0.005270; 0.043412; -0.003950; 0.000000; 0.000000; 0.000000 \
#; 0.005270; -0.043412; -0.003950; 0.000000; 0.000000; 0.000000 \
#; -0.061855; -0.000000; -0.003269; 0.000000; 0.000000; 0.000000 \
#; 0.061855; -0.000000; 0.003269; 0.000000; 0.000000; 0.000000 \
#; 0.061855; 0.000000; -0.003269; 0.000000; 0.000000; 0.000000 \
#; -0.061855; 0.000000; 0.003269; 0.000000; 0.000000; 0.000000 \
# ]
#metaData: qpt=[0.000000;0.000000;0.000000;2.872382 \
#; -0.011299; 0.000000; 0.015441; 0.000000; 0.000000; 0.000000 \
#; 0.011299; -0.000000; -0.015441; 0.000000; 0.000000; 0.000000 \
#; -0.011299; -0.000000; -0.015441; 0.000000; 0.000000; 0.000000 \
#; 0.011299; 0.000000; 0.015441; 0.000000; 0.000000; 0.000000 \
#; 0.000000; -0.000000; -0.000000; 0.000000; 0.000000; 0.000000 \
#; -0.000000; -0.000000; 0.000000; 0.000000; 0.000000; 0.000000 \
#; 0.000000; 0.000000; -0.000000; 0.000000; 0.000000; 0.000000 \
#; 0.000000; -0.000000; -0.000000; 0.000000; 0.000000; 0.000000 \
#; -0.024300; -0.036811; -0.025846; 0.000000; 0.000000; 0.000000 \
#; -0.024300; 0.036811; -0.025846; 0.000000; 0.000000; 0.000000 \
#; 0.024300; 0.036811; 0.025846; 0.000000; 0.000000; 0.000000 \
#; 0.024300; -0.036811; 0.025846; 0.000000; 0.000000; 0.000000 \
#; 0.024300; 0.036811; -0.025846; 0.000000; 0.000000; 0.000000 \
#; 0.024300; -0.036811; -0.025846; 0.000000; 0.000000; 0.000000 \
#; -0.024300; -0.036811; 0.025846; 0.000000; 0.000000; 0.000000 \
#; -0.024300; 0.036811; 0.025846; 0.000000; 0.000000; 0.000000 \
#; -0.000319; -0.000000; 0.031664; 0.000000; 0.000000; 0.000000 \
#; 0.000319; -0.000000; -0.031664; 0.000000; 0.000000; 0.000000 \
#; -0.000319; -0.000000; -0.031664; 0.000000; 0.000000; 0.000000 \
#; 0.000319; 0.000000; 0.031664; 0.000000; 0.000000; 0.000000 \
# ]
#metaData: qpt=[0.000000;0.000000;0.000000;3.244344 \
#; -0.000000; -0.022764; -0.000000; 0.000000; 0.000000; 0.000000 \
#; -0.000000; 0.022764; -0.000000; 0.000000; 0.000000; 0.000000 \
#; -0.000000; -0.022764; -0.000000; 0.000000; 0.000000; 0.000000 \
#; -0.000000; 0.022764; -0.000000; 0.000000; 0.000000; 0.000000 \
#; -0.000000; 0.000000; -0.000000; 0.000000; 0.000000; 0.000000 \
#; 0.000000; -0.000000; -0.000000; 0.000000; 0.000000; 0.000000 \
#; 0.000000; -0.000000; -0.000000; 0.000000; 0.000000; 0.000000 \
#; 0.000000; 0.000000; -0.000000; 0.000000; 0.000000; 0.000000 \
#; 0.031981; 0.025794; 0.033038; 0.000000; 0.000000; 0.000000 \
#; -0.031981; 0.025794; -0.033038; 0.000000; 0.000000; 0.000000 \
#; -0.031981; -0.025794; -0.033038; 0.000000; 0.000000; 0.000000 \
#; 0.031981; -0.025794; 0.033038; 0.000000; 0.000000; 0.000000 \
#; -0.031981; -0.025794; 0.033038; 0.000000; 0.000000; 0.000000 \
#; 0.031981; -0.025794; -0.033038; 0.000000; 0.000000; 0.000000 \
#; 0.031981; 0.025794; -0.033038; 0.000000; 0.000000; 0.000000 \
#; -0.031981; 0.025794; 0.033038; 0.000000; 0.000000; 0.000000 \
#; 0.000000; -0.004362; 0.000000; 0.000000; 0.000000; 0.000000 \
#; 0.000000; 0.004362; 0.000000; 0.000000; 0.000000; 0.000000 \
#; -0.000000; -0.004362; 0.000000; 0.000000; 0.000000; 0.000000 \
#; -0.000000; 0.004362; 0.000000; 0.000000; 0.000000; 0.000000 \
# ]
#metaData: qpt=[0.000000;0.000000;0.000000;3.328132 \
#; 0.000000; 0.021790; -0.000000; 0.000000; 0.000000; 0.000000 \
#; 0.000000; 0.021790; -0.000000; 0.000000; 0.000000; 0.000000 \
#; -0.000000; 0.021790; -0.000000; 0.000000; 0.000000; 0.000000 \
#; -0.000000; 0.021790; -0.000000; 0.000000; 0.000000; 0.000000 \
#; 0.007811; 0.001026; -0.001631; 0.000000; 0.000000; 0.000000 \
#; -0.007811; 0.001026; 0.001631; 0.000000; 0.000000; 0.000000 \
#; 0.007811; 0.001026; 0.001631; 0.000000; 0.000000; 0.000000 \
#; -0.007811; 0.001026; -0.001631; 0.000000; 0.000000; 0.000000 \
#; -0.029165; -0.035380; -0.018808; 0.000000; 0.000000; 0.000000 \
#; 0.029165; -0.035380; 0.018808; 0.000000; 0.000000; 0.000000 \
#; -0.029165; -0.035380; -0.018808; 0.000000; 0.000000; 0.000000 \
#; 0.029165; -0.035380; 0.018808; 0.000000; 0.000000; 0.000000 \
#; -0.029165; -0.035380; 0.018808; 0.000000; 0.000000; 0.000000 \
#; 0.029165; -0.035380; -0.018808; 0.000000; 0.000000; 0.000000 \
#; -0.029165; -0.035380; 0.018808; 0.000000; 0.000000; 0.000000 \
#; 0.029165; -0.035380; -0.018808; 0.000000; 0.000000; 0.000000 \
#; 0.000000; -0.025839; 0.000000; 0.000000; 0.000000; 0.000000 \
#; 0.000000; -0.025839; 0.000000; 0.000000; 0.000000; 0.000000 \
#; -0.000000; -0.025839; 0.000000; 0.000000; 0.000000; 0.000000 \
#; -0.000000; -0.025839; 0.000000; 0.000000; 0.000000; 0.000000 \
# ]
#metaData: qpt=[0.000000;0.000000;0.000000;3.329446 \
#; -0.001229; 0.000000; 0.021297; 0.000000; 0.000000; 0.000000 \
#; -0.001229; 0.000000; 0.021297; 0.000000; 0.000000; 0.000000 \
#; 0.001229; 0.000000; 0.021297; 0.000000; 0.000000; 0.000000 \
#; 0.001229; 0.000000; 0.021297; 0.000000; 0.000000; 0.000000 \
#; 0.003685; -0.007645; 0.006640; 0.000000; 0.000000; 0.000000 \
#; 0.003685; 0.007645; 0.006640; 0.000000; 0.000000; 0.000000 \
#; -0.003685; 0.007645; 0.006640; 0.000000; 0.000000; 0.000000 \
#; -0.003685; -0.007645; 0.006640; 0.000000; 0.000000; 0.000000 \
#; -0.013108; -0.019993; -0.037075; 0.000000; 0.000000; 0.000000 \
#; -0.013108; 0.019993; -0.037075; 0.000000; 0.000000; 0.000000 \
#; -0.013108; -0.019993; -0.037075; 0.000000; 0.000000; 0.000000 \
#; -0.013108; 0.019993; -0.037075; 0.000000; 0.000000; 0.000000 \
#; 0.013108; 0.019993; -0.037075; 0.000000; 0.000000; 0.000000 \
#; 0.013108; -0.019993; -0.037075; 0.000000; 0.000000; 0.000000 \
#; 0.013108; 0.019993; -0.037075; 0.000000; 0.000000; 0.000000 \
#; 0.013108; -0.019993; -0.037075; 0.000000; 0.000000; 0.000000 \
#; -0.018313; -0.000000; -0.035926; 0.000000; 0.000000; 0.000000 \
#; -0.018313; -0.000000; -0.035926; 0.000000; 0.000000; 0.000000 \
#; 0.018313; -0.000000; -0.035926; 0.000000; 0.000000; 0.000000 \
#; 0.018313; -0.000000; -0.035926; 0.000000; 0.000000; 0.000000 \
# ]
#metaData: qpt=[0.000000;0.000000;0.000000;3.370629 \
#; 0.000000; 0.003982; -0.000000; 0.000000; 0.000000; 0.000000 \
#; -0.000000; 0.003982; -0.000000; 0.000000; 0.000000; 0.000000 \
#; -0.000000; -0.003982; -0.000000; 0.000000; 0.000000; 0.000000 \
#; -0.000000; -0.003982; -0.000000; 0.000000; 0.000000; 0.000000 \
#; 0.007331; 0.005453; 0.009655; 0.000000; 0.000000; 0.000000 \
#; -0.007331; 0.005453; -0.009655; 0.000000; 0.000000; 0.000000 \
#; -0.007331; -0.005453; 0.009655; 0.000000; 0.000000; 0.000000 \
#; 0.007331; -0.005453; -0.009655; 0.000000; 0.000000; 0.000000 \
#; -0.025593; -0.034805; -0.041800; 0.000000; 0.000000; 0.000000 \
#; 0.025593; -0.034805; 0.041800; 0.000000; 0.000000; 0.000000 \
#; -0.025593; -0.034805; -0.041800; 0.000000; 0.000000; 0.000000 \
#; 0.025593; -0.034805; 0.041800; 0.000000; 0.000000; 0.000000 \
#; 0.025593; 0.034805; -0.041800; 0.000000; 0.000000; 0.000000 \
#; -0.025593; 0.034805; 0.041800; 0.000000; 0.000000; 0.000000 \
#; 0.025593; 0.034805; -0.041800; 0.000000; 0.000000; 0.000000 \
#; -0.025593; 0.034805; 0.041800; 0.000000; 0.000000; 0.000000 \
#; -0.000000; -0.000117; 0.000000; 0.000000; 0.000000; 0.000000 \
#; -0.000000; -0.000117; 0.000000; 0.000000; 0.000000; 0.000000 \
#; -0.000000; 0.000117; 0.000000; 0.000000; 0.000000; 0.000000 \
#; -0.000000; 0.000117; 0.000000; 0.000000; 0.000000; 0.000000 \
# ]
#metaData: qpt=[0.000000;0.000000;0.000000;3.455805 \
#; 0.020513; 0.000000; -0.007726; 0.000000; 0.000000; 0.000000 \
#; 0.020513; 0.000000; -0.007726; 0.000000; 0.000000; 0.000000 \
#; 0.020513; -0.000000; 0.007726; 0.000000; 0.000000; 0.000000 \
#; 0.020513; 0.000000; 0.007726; 0.000000; 0.000000; 0.000000 \
#; 0.007704; -0.008761; -0.002543; 0.000000; 0.000000; 0.000000 \
#; 0.007704; 0.008761; -0.002543; 0.000000; 0.000000; 0.000000 \
#; 0.007704; -0.008761; 0.002543; 0.000000; 0.000000; 0.000000 \
#; 0.007704; 0.008761; 0.002543; 0.000000; 0.000000; 0.000000 \
#; -0.030299; -0.018100; -0.008066; 0.000000; 0.000000; 0.000000 \
#; -0.030299; 0.018100; -0.008066; 0.000000; 0.000000; 0.000000 \
#; -0.030299; -0.018100; -0.008066; 0.000000; 0.000000; 0.000000 \
#; -0.030299; 0.018100; -0.008066; 0.000000; 0.000000; 0.000000 \
#; -0.030299; -0.018100; 0.008066; 0.000000; 0.000000; 0.000000 \
#; -0.030299; 0.018100; 0.008066; 0.000000; 0.000000; 0.000000 \
#; -0.030299; -0.018100; 0.008066; 0.000000; 0.000000; 0.000000 \
#; -0.030299; 0.018100; 0.008066; 0.000000; 0.000000; 0.000000 \
#; -0.049205; -0.000000; -0.017075; 0.000000; 0.000000; 0.000000 \
#; -0.049205; -0.000000; -0.017075; 0.000000; 0.000000; 0.000000 \
#; -0.049205; -0.000000; 0.017075; 0.000000; 0.000000; 0.000000 \
#; -0.049205; -0.000000; 0.017075; 0.000000; 0.000000; 0.000000 \
# ]
#metaData: qpt=[0.000000;0.000000;0.000000;3.812715 \
#; -0.011708; -0.000000; -0.001361; 0.000000; 0.000000; 0.000000 \
#; -0.011708; 0.000000; -0.001361; 0.000000; 0.000000; 0.000000 \
#; 0.011708; 0.000000; -0.001361; 0.000000; 0.000000; 0.000000 \
#; 0.011708; 0.000000; -0.001361; 0.000000; 0.000000; 0.000000 \
#; 0.005666; 0.001028; -0.000554; 0.000000; 0.000000; 0.000000 \
#; 0.005666; -0.001028; -0.000554; 0.000000; 0.000000; 0.000000 \
#; -0.005666; -0.001028; -0.000554; 0.000000; 0.000000; 0.000000 \
#; -0.005666; 0.001028; -0.000554; 0.000000; 0.000000; 0.000000 \
#; -0.024191; -0.013911; -0.019644; 0.000000; 0.000000; 0.000000 \
#; -0.024191; 0.013911; -0.019644; 0.000000; 0.000000; 0.000000 \
#; -0.024191; -0.013911; -0.019644; 0.000000; 0.000000; 0.000000 \
#; -0.024191; 0.013911; -0.019644; 0.000000; 0.000000; 0.000000 \
#; 0.024191; 0.013911; -0.019644; 0.000000; 0.000000; 0.000000 \
#; 0.024191; -0.013911; -0.019644; 0.000000; 0.000000; 0.000000 \
#; 0.024191; 0.013911; -0.019644; 0.000000; 0.000000; 0.000000 \
#; 0.024191; -0.013911; -0.019644; 0.000000; 0.000000; 0.000000 \
#; 0.050962; -0.000000; 0.046703; 0.000000; 0.000000; 0.000000 \
#; 0.050962; -0.000000; 0.046703; 0.000000; 0.000000; 0.000000 \
#; -0.050962; -0.000000; 0.046703; 0.000000; 0.000000; 0.000000 \
#; -0.050962; -0.000000; 0.046703; 0.000000; 0.000000; 0.000000 \
# ]
#metaData: qpt=[0.000000;0.000000;0.000000;3.948559 \
#; 0.000986; 0.000000; 0.004107; 0.000000; 0.000000; 0.000000 \
#; 0.000986; -0.000000; 0.004107; 0.000000; 0.000000; 0.000000 \
#; 0.000986; 0.000000; -0.004107; 0.000000; 0.000000; 0.000000 \
#; 0.000986; 0.000000; -0.004107; 0.000000; 0.000000; 0.000000 \
#; 0.002264; 0.008968; 0.003764; 0.000000; 0.000000; 0.000000 \
#; 0.002264; -0.008968; 0.003764; 0.000000; 0.000000; 0.000000 \
#; 0.002264; 0.008968; -0.003764; 0.000000; 0.000000; 0.000000 \
#; 0.002264; -0.008968; -0.003764; 0.000000; 0.000000; 0.000000 \
#; 0.025607; 0.017604; 0.028328; 0.000000; 0.000000; 0.000000 \
#; 0.025607; -0.017604; 0.028328; 0.000000; 0.000000; 0.000000 \
#; 0.025607; 0.017604; 0.028328; 0.000000; 0.000000; 0.000000 \
#; 0.025607; -0.017604; 0.028328; 0.000000; 0.000000; 0.000000 \
#; 0.025607; 0.017604; -0.028328; 0.000000; 0.000000; 0.000000 \
#; 0.025607; -0.017604; -0.028328; 0.000000; 0.000000; 0.000000 \
#; 0.025607; 0.017604; -0.028328; 0.000000; 0.000000; 0.000000 \
#; 0.025607; -0.017604; -0.028328; 0.000000; 0.000000; 0.000000 \
#; -0.061862; -0.000000; 0.008641; 0.000000; 0.000000; 0.000000 \
#; -0.061862; -0.000000; 0.008641; 0.000000; 0.000000; 0.000000 \
#; -0.061862; -0.000000; -0.008641; 0.000000; 0.000000; 0.000000 \
#; -0.061862; -0.000000; -0.008641; 0.000000; 0.000000; 0.000000 \
# ]
#metaData: qpt=[0.000000;0.000000;0.000000;4.081650 \
#; 0.000000; 0.017901; -0.000000; 0.000000; 0.000000; 0.000000 \
#; -0.000000; 0.017901; 0.000000; 0.000000; 0.000000; 0.000000 \
#; -0.000000; 0.017901; 0.000000; 0.000000; 0.000000; 0.000000 \
#; -0.000000; 0.017901; -0.000000; 0.000000; 0.000000; 0.000000 \
#; -0.008025; -0.006510; 0.011266; 0.000000; 0.000000; 0.000000 \
#; 0.008025; -0.006510; -0.011266; 0.000000; 0.000000; 0.000000 \
#; -0.008025; -0.006510; -0.011266; 0.000000; 0.000000; 0.000000 \
#; 0.008025; -0.006510; 0.011266; 0.000000; 0.000000; 0.000000 \
#; 0.040713; -0.019715; 0.025285; 0.000000; 0.000000; 0.000000 \
#; -0.040713; -0.019715; -0.025285; 0.000000; 0.000000; 0.000000 \
#; 0.040713; -0.019715; 0.025285; 0.000000; 0.000000; 0.000000 \
#; -0.040713; -0.019715; -0.025285; 0.000000; 0.000000; 0.000000 \
#; 0.040713; -0.019715; -0.025285; 0.000000; 0.000000; 0.000000 \
#; -0.040713; -0.019715; 0.025285; 0.000000; 0.000000; 0.000000 \
#; 0.040713; -0.019715; -0.025285; 0.000000; 0.000000; 0.000000 \
#; -0.040713; -0.019715; 0.025285; 0.000000; 0.000000; 0.000000 \
#; 0.000000; -0.019727; -0.000000; 0.000000; 0.000000; 0.000000 \
#; 0.000000; -0.019727; 0.000000; 0.000000; 0.000000; 0.000000 \
#; 0.000000; -0.019727; 0.000000; 0.000000; 0.000000; 0.000000 \
#; 0.000000; -0.019727; 0.000000; 0.000000; 0.000000; 0.000000 \
# ]
#metaData: qpt=[0.000000;0.000000;0.000000;4.219052 \
#; -0.007027; -0.000000; -0.000957; 0.000000; 0.000000; 0.000000 \
#; 0.007027; -0.000000; 0.000957; 0.000000; 0.000000; 0.000000 \
#; -0.007027; 0.000000; 0.000957; 0.000000; 0.000000; 0.000000 \
#; 0.007027; 0.000000; -0.000957; 0.000000; 0.000000; 0.000000 \
#; -0.000000; -0.000000; 0.000000; 0.000000; 0.000000; 0.000000 \
#; 0.000000; -0.000000; 0.000000; 0.000000; 0.000000; 0.000000 \
#; 0.000000; 0.000000; 0.000000; 0.000000; 0.000000; 0.000000 \
#; -0.000000; 0.000000; 0.000000; 0.000000; 0.000000; 0.000000 \
#; -0.023268; 0.021357; -0.026897; 0.000000; 0.000000; 0.000000 \
#; -0.023268; -0.021357; -0.026897; 0.000000; 0.000000; 0.000000 \
#; 0.023268; -0.021357; 0.026897; 0.000000; 0.000000; 0.000000 \
#; 0.023268; 0.021357; 0.026897; 0.000000; 0.000000; 0.000000 \
#; 0.023268; -0.021357; -0.026897; 0.000000; 0.000000; 0.000000 \
#; 0.023268; 0.021357; -0.026897; 0.000000; 0.000000; 0.000000 \
#; -0.023268; 0.021357; 0.026897; 0.000000; 0.000000; 0.000000 \
#; -0.023268; -0.021357; 0.026897; 0.000000; 0.000000; 0.000000 \
#; -0.051011; 0.000000; -0.039223; 0.000000; 0.000000; 0.000000 \
#; 0.051011; 0.000000; 0.039223; 0.000000; 0.000000; 0.000000 \
#; -0.051011; 0.000000; 0.039223; 0.000000; 0.000000; 0.000000 \
#; 0.051011; 0.000000; -0.039223; 0.000000; 0.000000; 0.000000 \
# ]
#metaData: qpt=[0.000000;0.000000;0.000000;4.297355 \
#; -0.000000; -0.014648; 0.000000; 0.000000; 0.000000; 0.000000 \
#; -0.000000; -0.014648; -0.000000; 0.000000; 0.000000; 0.000000 \
#; 0.000000; 0.014648; -0.000000; 0.000000; 0.000000; 0.000000 \
#; -0.000000; 0.014648; -0.000000; 0.000000; 0.000000; 0.000000 \
#; -0.012646; -0.001202; -0.002173; 0.000000; 0.000000; 0.000000 \
#; 0.012646; -0.001202; 0.002173; 0.000000; 0.000000; 0.000000 \
#; 0.012646; 0.001202; -0.002173; 0.000000; 0.000000; 0.000000 \
#; -0.012646; 0.001202; 0.002173; 0.000000; 0.000000; 0.000000 \
#; 0.011920; -0.048716; 0.026181; 0.000000; 0.000000; 0.000000 \
#; -0.011920; -0.048716; -0.026181; 0.000000; 0.000000; 0.000000 \
#; 0.011920; -0.048716; 0.026181; 0.000000; 0.000000; 0.000000 \
#; -0.011920; -0.048716; -0.026181; 0.000000; 0.000000; 0.000000 \
#; -0.011920; 0.048716; 0.026181; 0.000000; 0.000000; 0.000000 \
#; 0.011920; 0.048716; -0.026181; 0.000000; 0.000000; 0.000000 \
#; -0.011920; 0.048716; 0.026181; 0.000000; 0.000000; 0.000000 \
#; 0.011920; 0.048716; -0.026181; 0.000000; 0.000000; 0.000000 \
#; 0.000000; 0.002173; -0.000000; 0.000000; 0.000000; 0.000000 \
#; 0.000000; 0.002173; -0.000000; 0.000000; 0.000000; 0.000000 \
#; 0.000000; -0.002173; -0.000000; 0.000000; 0.000000; 0.000000 \
#; 0.000000; -0.002173; 0.000000; 0.000000; 0.000000; 0.000000 \
# ]
#metaData: qpt=[0.000000;0.000000;0.000000;4.584216 \
#; 0.012714; -0.000000; -0.010004; 0.000000; 0.000000; 0.000000 \
#; 0.012714; -0.000000; -0.010004; 0.000000; 0.000000; 0.000000 \
#; -0.012714; -0.000000; -0.010004; 0.000000; 0.000000; 0.000000 \
#; -0.012714; -0.000000; -0.010004; 0.000000; 0.000000; 0.000000 \
#; -0.012242; 0.008503; 0.002172; 0.000000; 0.000000; 0.000000 \
#; -0.012242; -0.008503; 0.002172; 0.000000; 0.000000; 0.000000 \
#; 0.012242; -0.008503; 0.002172; 0.000000; 0.000000; 0.000000 \
#; 0.012242; 0.008503; 0.002172; 0.000000; 0.000000; 0.000000 \
#; -0.007598; -0.041204; 0.003304; 0.000000; 0.000000; 0.000000 \
#; -0.007598; 0.041204; 0.003304; 0.000000; 0.000000; 0.000000 \
#; -0.007598; -0.041204; 0.003304; 0.000000; 0.000000; 0.000000 \
#; -0.007598; 0.041204; 0.003304; 0.000000; 0.000000; 0.000000 \
#; 0.007598; 0.041204; 0.003304; 0.000000; 0.000000; 0.000000 \
#; 0.007598; -0.041204; 0.003304; 0.000000; 0.000000; 0.000000 \
#; 0.007598; 0.041204; 0.003304; 0.000000; 0.000000; 0.000000 \
#; 0.007598; -0.041204; 0.003304; 0.000000; 0.000000; 0.000000 \
#; -0.039914; 0.000000; 0.030087; 0.000000; 0.000000; 0.000000 \
#; -0.039914; 0.000000; 0.030087; 0.000000; 0.000000; 0.000000 \
#; 0.039914; 0.000000; 0.030087; 0.000000; 0.000000; 0.000000 \
#; 0.039914; 0.000000; 0.030087; 0.000000; 0.000000; 0.000000 \
# ]
#metaData: qpt=[0.000000;0.000000;0.000000;4.671552 \
#; -0.008272; 0.000000; 0.001311; 0.000000; 0.000000; 0.000000 \
#; -0.008272; -0.000000; 0.001311; 0.000000; 0.000000; 0.000000 \
#; -0.008272; -0.000000; -0.001311; 0.000000; 0.000000; 0.000000 \
#; -0.008272; -0.000000; -0.001311; 0.000000; 0.000000; 0.000000 \
#; -0.004804; -0.024855; -0.002033; 0.000000; 0.000000; 0.000000 \
#; -0.004804; 0.024855; -0.002033; 0.000000; 0.000000; 0.000000 \
#; -0.004804; -0.024855; 0.002033; 0.000000; 0.000000; 0.000000 \
#; -0.004804; 0.024855; 0.002033; 0.000000; 0.000000; 0.000000 \
#; 0.025652; -0.029340; 0.012287; 0.000000; 0.000000; 0.000000 \
#; 0.025652; 0.029340; 0.012287; 0.000000; 0.000000; 0.000000 \
#; 0.025652; -0.029340; 0.012287; 0.000000; 0.000000; 0.000000 \
#; 0.025652; 0.029340; 0.012287; 0.000000; 0.000000; 0.000000 \
#; 0.025652; -0.029340; -0.012287; 0.000000; 0.000000; 0.000000 \
#; 0.025652; 0.029340; -0.012287; 0.000000; 0.000000; 0.000000 \
#; 0.025652; -0.029340; -0.012287; 0.000000; 0.000000; 0.000000 \
#; 0.025652; 0.029340; -0.012287; 0.000000; 0.000000; 0.000000 \
#; -0.002230; -0.000000; -0.048141; 0.000000; 0.000000; 0.000000 \
#; -0.002230; -0.000000; -0.048141; 0.000000; 0.000000; 0.000000 \
#; -0.002230; 0.000000; 0.048141; 0.000000; 0.000000; 0.000000 \
#; -0.002230; 0.000000; 0.048141; 0.000000; 0.000000; 0.000000 \
# ]
#metaData: qpt=[0.000000;0.000000;0.000000;4.744075 \
#; 0.000000; 0.000388; -0.000000; 0.000000; 0.000000; 0.000000 \
#; 0.000000; -0.000388; 0.000000; 0.000000; 0.000000; 0.000000 \
#; 0.000000; -0.000388; 0.000000; 0.000000; 0.000000; 0.000000 \
#; -0.000000; 0.000388; 0.000000; 0.000000; 0.000000; 0.000000 \
#; -0.000000; 0.000000; -0.000000; 0.000000; 0.000000; 0.000000 \
#; -0.000000; -0.000000; -0.000000; 0.000000; 0.000000; 0.000000 \
#; -0.000000; 0.000000; 0.000000; 0.000000; 0.000000; 0.000000 \
#; -0.000000; -0.000000; 0.000000; 0.000000; 0.000000; 0.000000 \
#; -0.014637; -0.058838; -0.014913; 0.000000; 0.000000; 0.000000 \
#; 0.014637; -0.058838; 0.014913; 0.000000; 0.000000; 0.000000 \
#; 0.014637; 0.058838; 0.014913; 0.000000; 0.000000; 0.000000 \
#; -0.014637; 0.058838; -0.014913; 0.000000; 0.000000; 0.000000 \
#; -0.014637; -0.058838; 0.014913; 0.000000; 0.000000; 0.000000 \
#; 0.014637; -0.058838; -0.014913; 0.000000; 0.000000; 0.000000 \
#; 0.014637; 0.058838; -0.014913; 0.000000; 0.000000; 0.000000 \
#; -0.014637; 0.058838; 0.014913; 0.000000; 0.000000; 0.000000 \
#; 0.000000; 0.000158; 0.000000; 0.000000; 0.000000; 0.000000 \
#; -0.000000; -0.000158; -0.000000; 0.000000; 0.000000; 0.000000 \
#; -0.000000; -0.000158; 0.000000; 0.000000; 0.000000; 0.000000 \
#; 0.000000; 0.000158; -0.000000; 0.000000; 0.000000; 0.000000 \
# ]
#metaData: qpt=[0.000000;0.000000;0.000000;4.938675 \
#; -0.011200; 0.000000; 0.001339; 0.000000; 0.000000; 0.000000 \
#; 0.011200; 0.000000; -0.001339; 0.000000; 0.000000; 0.000000 \
#; -0.011200; -0.000000; -0.001339; 0.000000; 0.000000; 0.000000 \
#; 0.011200; -0.000000; 0.001339; 0.000000; 0.000000; 0.000000 \
#; 0.000000; -0.000000; -0.000000; 0.000000; 0.000000; 0.000000 \
#; 0.000000; 0.000000; -0.000000; 0.000000; 0.000000; 0.000000 \
#; -0.000000; -0.000000; 0.000000; 0.000000; 0.000000; 0.000000 \
#; -0.000000; 0.000000; 0.000000; 0.000000; 0.000000; 0.000000 \
#; -0.017264; 0.020009; -0.013952; 0.000000; 0.000000; 0.000000 \
#; -0.017264; -0.020009; -0.013952; 0.000000; 0.000000; 0.000000 \
#; 0.017264; -0.020009; 0.013952; 0.000000; 0.000000; 0.000000 \
#; 0.017264; 0.020009; 0.013952; 0.000000; 0.000000; 0.000000 \
#; 0.017264; -0.020009; -0.013952; 0.000000; 0.000000; 0.000000 \
#; 0.017264; 0.020009; -0.013952; 0.000000; 0.000000; 0.000000 \
#; -0.017264; 0.020009; 0.013952; 0.000000; 0.000000; 0.000000 \
#; -0.017264; -0.020009; 0.013952; 0.000000; 0.000000; 0.000000 \
#; 0.070602; 0.000000; -0.021957; 0.000000; 0.000000; 0.000000 \
#; -0.070602; 0.000000; 0.021957; 0.000000; 0.000000; 0.000000 \
#; 0.070602; 0.000000; 0.021957; 0.000000; 0.000000; 0.000000 \
#; -0.070602; 0.000000; -0.021957; 0.000000; 0.000000; 0.000000 \
# ]
#metaData: qpt=[0.000000;0.000000;0.000000;5.008740 \
#; 0.002479; -0.000000; 0.006707; 0.000000; 0.000000; 0.000000 \
#; -0.002479; 0.000000; -0.006707; 0.000000; 0.000000; 0.000000 \
#; -0.002479; -0.000000; 0.006707; 0.000000; 0.000000; 0.000000 \
#; 0.002479; 0.000000; -0.006707; 0.000000; 0.000000; 0.000000 \
#; -0.000000; -0.000000; 0.000000; 0.000000; 0.000000; 0.000000 \
#; -0.000000; -0.000000; 0.000000; 0.000000; 0.000000; 0.000000 \
#; 0.000000; -0.000000; -0.000000; 0.000000; 0.000000; 0.000000 \
#; 0.000000; 0.000000; -0.000000; 0.000000; 0.000000; 0.000000 \
#; 0.006491; 0.020066; 0.012479; 0.000000; 0.000000; 0.000000 \
#; 0.006491; -0.020066; 0.012479; 0.000000; 0.000000; 0.000000 \
#; -0.006491; -0.020066; -0.012479; 0.000000; 0.000000; 0.000000 \
#; -0.006491; 0.020066; -0.012479; 0.000000; 0.000000; 0.000000 \
#; 0.006491; 0.020066; -0.012479; 0.000000; 0.000000; 0.000000 \
#; 0.006491; -0.020066; -0.012479; 0.000000; 0.000000; 0.000000 \
#; -0.006491; -0.020066; 0.012479; 0.000000; 0.000000; 0.000000 \
#; -0.006491; 0.020066; 0.012479; 0.000000; 0.000000; 0.000000 \
#; -0.024587; -0.000000; -0.075983; 0.000000; 0.000000; 0.000000 \
#; 0.024587; 0.000000; 0.075983; 0.000000; 0.000000; 0.000000 \
#; 0.024587; -0.000000; -0.075983; 0.000000; 0.000000; 0.000000 \
#; -0.024587; 0.000000; 0.075983; 0.000000; 0.000000; 0.000000 \
# ]
#metaData: qpt=[0.000000;0.000000;0.000000;5.060470 \
#; -0.002039; -0.000000; 0.012886; 0.000000; 0.000000; 0.000000 \
#; -0.002039; 0.000000; 0.012886; 0.000000; 0.000000; 0.000000 \
#; -0.002039; -0.000000; -0.012886; 0.000000; 0.000000; 0.000000 \
#; -0.002039; 0.000000; -0.012886; 0.000000; 0.000000; 0.000000 \
#; 0.004608; -0.009627; 0.018904; 0.000000; 0.000000; 0.000000 \
#; 0.004608; 0.009627; 0.018904; 0.000000; 0.000000; 0.000000 \
#; 0.004608; -0.009627; -0.018904; 0.000000; 0.000000; 0.000000 \
#; 0.004608; 0.009627; -0.018904; 0.000000; 0.000000; 0.000000 \
#; -0.000054; -0.034270; 0.004264; 0.000000; 0.000000; 0.000000 \
#; -0.000054; 0.034270; 0.004264; 0.000000; 0.000000; 0.000000 \
#; -0.000054; -0.034270; 0.004264; 0.000000; 0.000000; 0.000000 \
#; -0.000054; 0.034270; 0.004264; 0.000000; 0.000000; 0.000000 \
#; -0.000054; -0.034270; -0.004264; 0.000000; 0.000000; 0.000000 \
#; -0.000054; 0.034270; -0.004264; 0.000000; 0.000000; 0.000000 \
#; -0.000054; -0.034270; -0.004264; 0.000000; 0.000000; 0.000000 \
#; -0.000054; 0.034270; -0.004264; 0.000000; 0.000000; 0.000000 \
#; -0.004284; -0.000000; 0.057657; 0.000000; 0.000000; 0.000000 \
#; -0.004284; 0.000000; 0.057657; 0.000000; 0.000000; 0.000000 \
#; -0.004284; -0.000000; -0.057657; 0.000000; 0.000000; 0.000000 \
#; -0.004284; 0.000000; -0.057657; 0.000000; 0.000000; 0.000000 \
# ]
#metaData: qpt=[0.000000;0.000000;0.000000;5.154153 \
#; 0.000000; 0.010227; 0.000000; 0.000000; 0.000000; 0.000000 \
#; -0.000000; -0.010227; 0.000000; 0.000000; 0.000000; 0.000000 \
#; -0.000000; 0.010227; -0.000000; 0.000000; 0.000000; 0.000000 \
#; 0.000000; -0.010227; -0.000000; 0.000000; 0.000000; 0.000000 \
#; 0.000000; -0.000000; 0.000000; 0.000000; 0.000000; 0.000000 \
#; 0.000000; 0.000000; 0.000000; 0.000000; 0.000000; 0.000000 \
#; 0.000000; -0.000000; -0.000000; 0.000000; 0.000000; 0.000000 \
#; 0.000000; 0.000000; -0.000000; 0.000000; 0.000000; 0.000000 \
#; -0.013217; 0.056574; -0.015579; 0.000000; 0.000000; 0.000000 \
#; 0.013217; 0.056574; 0.015579; 0.000000; 0.000000; 0.000000 \
#; 0.013217; -0.056574; 0.015579; 0.000000; 0.000000; 0.000000 \
#; -0.013217; -0.056574; -0.015579; 0.000000; 0.000000; 0.000000 \
#; 0.013217; -0.056574; -0.015579; 0.000000; 0.000000; 0.000000 \
#; -0.013217; -0.056574; 0.015579; 0.000000; 0.000000; 0.000000 \
#; -0.013217; 0.056574; 0.015579; 0.000000; 0.000000; 0.000000 \
#; 0.013217; 0.056574; -0.015579; 0.000000; 0.000000; 0.000000 \
#; -0.000000; 0.010665; -0.000000; 0.000000; 0.000000; 0.000000 \
#; 0.000000; -0.010665; 0.000000; 0.000000; 0.000000; 0.000000 \
#; 0.000000; 0.010665; -0.000000; 0.000000; 0.000000; 0.000000 \
#; -0.000000; -0.010665; 0.000000; 0.000000; 0.000000; 0.000000 \
# ]
#metaData: qpt=[0.000000;0.000000;0.000000;5.189614 \
#; 0.004717; 0.000000; 0.000120; 0.000000; 0.000000; 0.000000 \
#; 0.004717; -0.000000; 0.000120; 0.000000; 0.000000; 0.000000 \
#; -0.004717; 0.000000; 0.000120; 0.000000; 0.000000; 0.000000 \
#; -0.004717; -0.000000; 0.000120; 0.000000; 0.000000; 0.000000 \
#; 0.004893; -0.004043; -0.002427; 0.000000; 0.000000; 0.000000 \
#; 0.004893; 0.004043; -0.002427; 0.000000; 0.000000; 0.000000 \
#; -0.004893; 0.004043; -0.002427; 0.000000; 0.000000; 0.000000 \
#; -0.004893; -0.004043; -0.002427; 0.000000; 0.000000; 0.000000 \
#; 0.016504; -0.037164; 0.020709; 0.000000; 0.000000; 0.000000 \
#; 0.016504; 0.037164; 0.020709; 0.000000; 0.000000; 0.000000 \
#; 0.016504; -0.037164; 0.020709; 0.000000; 0.000000; 0.000000 \
#; 0.016504; 0.037164; 0.020709; 0.000000; 0.000000; 0.000000 \
#; -0.016504; 0.037164; 0.020709; 0.000000; 0.000000; 0.000000 \
#; -0.016504; -0.037164; 0.020709; 0.000000; 0.000000; 0.000000 \
#; -0.016504; 0.037164; 0.020709; 0.000000; 0.000000; 0.000000 \
#; -0.016504; -0.037164; 0.020709; 0.000000; 0.000000; 0.000000 \
#; 0.046695; 0.000000; -0.035011; 0.000000; 0.000000; 0.000000 \
#; 0.046695; -0.000000; -0.035011; 0.000000; 0.000000; 0.000000 \
#; -0.046695; 0.000000; -0.035011; 0.000000; 0.000000; 0.000000 \
#; -0.046695; -0.000000; -0.035011; 0.000000; 0.000000; 0.000000 \
# ]
#metaData: qpt=[0.000000;0.000000;0.000000;5.999362 \
#; -0.004086; 0.000000; 0.003935; 0.000000; 0.000000; 0.000000 \
#; 0.004086; -0.000000; -0.003935; 0.000000; 0.000000; 0.000000 \
#; 0.004086; -0.000000; 0.003935; 0.000000; 0.000000; 0.000000 \
#; -0.004086; -0.000000; -0.003935; 0.000000; 0.000000; 0.000000 \
#; -0.000000; -0.000000; 0.000000; 0.000000; 0.000000; 0.000000 \
#; -0.000000; 0.000000; -0.000000; 0.000000; 0.000000; 0.000000 \
#; 0.000000; -0.000000; -0.000000; 0.000000; 0.000000; 0.000000 \
#; 0.000000; -0.000000; 0.000000; 0.000000; 0.000000; 0.000000 \
#; -0.015717; -0.033173; -0.014478; 0.000000; 0.000000; 0.000000 \
#; -0.015717; 0.033173; -0.014478; 0.000000; 0.000000; 0.000000 \
#; 0.015717; 0.033173; 0.014478; 0.000000; 0.000000; 0.000000 \
#; 0.015717; -0.033173; 0.014478; 0.000000; 0.000000; 0.000000 \
#; -0.015717; -0.033173; 0.014478; 0.000000; 0.000000; 0.000000 \
#; -0.015717; 0.033173; 0.014478; 0.000000; 0.000000; 0.000000 \
#; 0.015717; 0.033173; -0.014478; 0.000000; 0.000000; 0.000000 \
#; 0.015717; -0.033173; -0.014478; 0.000000; 0.000000; 0.000000 \
#; 0.053300; -0.000000; -0.041292; 0.000000; 0.000000; 0.000000 \
#; -0.053300; 0.000000; 0.041292; 0.000000; 0.000000; 0.000000 \
#; -0.053300; 0.000000; -0.041292; 0.000000; 0.000000; 0.000000 \
#; 0.053300; 0.000000; 0.041292; 0.000000; 0.000000; 0.000000 \
# ]
#metaData: qpt=[0.000000;0.000000;0.000000;6.040499 \
#; -0.000000; 0.005160; 0.000000; 0.000000; 0.000000; 0.000000 \
#; 0.000000; -0.005160; 0.000000; 0.000000; 0.000000; 0.000000 \
#; 0.000000; -0.005160; -0.000000; 0.000000; 0.000000; 0.000000 \
#; 0.000000; 0.005160; 0.000000; 0.000000; 0.000000; 0.000000 \
#; 0.000000; 0.000000; 0.000000; 0.000000; 0.000000; 0.000000 \
#; 0.000000; -0.000000; -0.000000; 0.000000; 0.000000; 0.000000 \
#; -0.000000; 0.000000; -0.000000; 0.000000; 0.000000; 0.000000 \
#; -0.000000; 0.000000; 0.000000; 0.000000; 0.000000; 0.000000 \
#; 0.041535; -0.020667; 0.041073; 0.000000; 0.000000; 0.000000 \
#; -0.041535; -0.020667; -0.041073; 0.000000; 0.000000; 0.000000 \
#; -0.041535; 0.020667; -0.041073; 0.000000; 0.000000; 0.000000 \
#; 0.041535; 0.020667; 0.041073; 0.000000; 0.000000; 0.000000 \
#; 0.041535; -0.020667; -0.041073; 0.000000; 0.000000; 0.000000 \
#; -0.041535; -0.020667; 0.041073; 0.000000; 0.000000; 0.000000 \
#; -0.041535; 0.020667; 0.041073; 0.000000; 0.000000; 0.000000 \
#; 0.041535; 0.020667; -0.041073; 0.000000; 0.000000; 0.000000 \
#; -0.000000; 0.002301; 0.000000; 0.000000; 0.000000; 0.000000 \
#; 0.000000; -0.002301; -0.000000; 0.000000; 0.000000; 0.000000 \
#; 0.000000; -0.002301; 0.000000; 0.000000; 0.000000; 0.000000 \
#; -0.000000; 0.002301; -0.000000; 0.000000; 0.000000; 0.000000 \
# ]
#metaData: qpt=[0.000000;0.000000;0.000000;6.178963 \
#; 0.001390; -0.000000; -0.005346; 0.000000; 0.000000; 0.000000 \
#; -0.001390; -0.000000; 0.005346; 0.000000; 0.000000; 0.000000 \
#; 0.001390; 0.000000; 0.005346; 0.000000; 0.000000; 0.000000 \
#; -0.001390; 0.000000; -0.005346; 0.000000; 0.000000; 0.000000 \
#; 0.000000; 0.000000; 0.000000; 0.000000; 0.000000; 0.000000 \
#; -0.000000; -0.000000; 0.000000; 0.000000; 0.000000; 0.000000 \
#; -0.000000; 0.000000; -0.000000; 0.000000; 0.000000; 0.000000 \
#; 0.000000; -0.000000; -0.000000; 0.000000; 0.000000; 0.000000 \
#; 0.001740; -0.040070; 0.007103; 0.000000; 0.000000; 0.000000 \
#; 0.001740; 0.040070; 0.007103; 0.000000; 0.000000; 0.000000 \
#; -0.001740; 0.040070; -0.007103; 0.000000; 0.000000; 0.000000 \
#; -0.001740; -0.040070; -0.007103; 0.000000; 0.000000; 0.000000 \
#; -0.001740; 0.040070; 0.007103; 0.000000; 0.000000; 0.000000 \
#; -0.001740; -0.040070; 0.007103; 0.000000; 0.000000; 0.000000 \
#; 0.001740; -0.040070; -0.007103; 0.000000; 0.000000; 0.000000 \
#; 0.001740; 0.040070; -0.007103; 0.000000; 0.000000; 0.000000 \
#; 0.007368; -0.000000; -0.065534; 0.000000; 0.000000; 0.000000 \
#; -0.007368; 0.000000; 0.065534; 0.000000; 0.000000; 0.000000 \
#; 0.007368; -0.000000; 0.065534; 0.000000; 0.000000; 0.000000 \
#; -0.007368; -0.000000; -0.065534; 0.000000; 0.000000; 0.000000 \
# ]
#metaData: qpt=[0.000000;0.000000;0.000000;6.404997 \
#; -0.003500; 0.000000; 0.004749; 0.000000; 0.000000; 0.000000 \
#; 0.003500; -0.000000; -0.004749; 0.000000; 0.000000; 0.000000 \
#; 0.003500; 0.000000; 0.004749; 0.000000; 0.000000; 0.000000 \
#; -0.003500; 0.000000; -0.004749; 0.000000; 0.000000; 0.000000 \
#; 0.000000; -0.000000; -0.000000; 0.000000; 0.000000; 0.000000 \
#; -0.000000; 0.000000; 0.000000; 0.000000; 0.000000; 0.000000 \
#; -0.000000; 0.000000; 0.000000; 0.000000; 0.000000; 0.000000 \
#; 0.000000; -0.000000; -0.000000; 0.000000; 0.000000; 0.000000 \
#; 0.039764; -0.021588; 0.039964; 0.000000; 0.000000; 0.000000 \
#; 0.039764; 0.021588; 0.039964; 0.000000; 0.000000; 0.000000 \
#; -0.039764; 0.021588; -0.039964; 0.000000; 0.000000; 0.000000 \
#; -0.039764; -0.021588; -0.039964; 0.000000; 0.000000; 0.000000 \
#; 0.039764; -0.021588; -0.039964; 0.000000; 0.000000; 0.000000 \
#; 0.039764; 0.021588; -0.039964; 0.000000; 0.000000; 0.000000 \
#; -0.039764; 0.021588; 0.039964; 0.000000; 0.000000; 0.000000 \
#; -0.039764; -0.021588; 0.039964; 0.000000; 0.000000; 0.000000 \
#; 0.018590; -0.000000; 0.003809; 0.000000; 0.000000; 0.000000 \
#; -0.018590; -0.000000; -0.003809; 0.000000; 0.000000; 0.000000 \
#; -0.018590; -0.000000; 0.003809; 0.000000; 0.000000; 0.000000 \
#; 0.018590; -0.000000; -0.003809; 0.000000; 0.000000; 0.000000 \
# ]
#metaData: qpt=[0.000000;0.000000;0.000000;6.534327 \
#; -0.000000; 0.000207; -0.000000; 0.000000; 0.000000; 0.000000 \
#; -0.000000; 0.000207; -0.000000; 0.000000; 0.000000; 0.000000 \
#; 0.000000; 0.000207; 0.000000; 0.000000; 0.000000; 0.000000 \
#; -0.000000; 0.000207; 0.000000; 0.000000; 0.000000; 0.000000 \
#; 0.007808; -0.008591; 0.049364; 0.000000; 0.000000; 0.000000 \
#; -0.007808; -0.008591; -0.049364; 0.000000; 0.000000; 0.000000 \
#; 0.007808; -0.008591; -0.049364; 0.000000; 0.000000; 0.000000 \
#; -0.007808; -0.008591; 0.049364; 0.000000; 0.000000; 0.000000 \
#; -0.011813; 0.007431; -0.003107; 0.000000; 0.000000; 0.000000 \
#; 0.011813; 0.007431; 0.003107; 0.000000; 0.000000; 0.000000 \
#; -0.011813; 0.007431; -0.003107; 0.000000; 0.000000; 0.000000 \
#; 0.011813; 0.007431; 0.003107; 0.000000; 0.000000; 0.000000 \
#; -0.011813; 0.007431; 0.003107; 0.000000; 0.000000; 0.000000 \
#; 0.011813; 0.007431; -0.003107; 0.000000; 0.000000; 0.000000 \
#; -0.011813; 0.007431; 0.003107; 0.000000; 0.000000; 0.000000 \
#; 0.011813; 0.007431; -0.003107; 0.000000; 0.000000; 0.000000 \
#; -0.000000; 0.008470; 0.000000; 0.000000; 0.000000; 0.000000 \
#; -0.000000; 0.008470; 0.000000; 0.000000; 0.000000; 0.000000 \
#; -0.000000; 0.008470; -0.000000; 0.000000; 0.000000; 0.000000 \
#; 0.000000; 0.008470; -0.000000; 0.000000; 0.000000; 0.000000 \
# ]
#metaData: qpt=[0.000000;0.000000;0.000000;6.604104 \
#; -0.000000; 0.004285; 0.000000; 0.000000; 0.000000; 0.000000 \
#; 0.000000; 0.004285; 0.000000; 0.000000; 0.000000; 0.000000 \
#; 0.000000; -0.004285; 0.000000; 0.000000; 0.000000; 0.000000 \
#; 0.000000; -0.004285; -0.000000; 0.000000; 0.000000; 0.000000 \
#; -0.049743; -0.001783; 0.008123; 0.000000; 0.000000; 0.000000 \
#; 0.049743; -0.001783; -0.008123; 0.000000; 0.000000; 0.000000 \
#; 0.049743; 0.001783; 0.008123; 0.000000; 0.000000; 0.000000 \
#; -0.049743; 0.001783; -0.008123; 0.000000; 0.000000; 0.000000 \
#; -0.009186; 0.007564; -0.009870; 0.000000; 0.000000; 0.000000 \
#; 0.009186; 0.007564; 0.009870; 0.000000; 0.000000; 0.000000 \
#; -0.009186; 0.007564; -0.009870; 0.000000; 0.000000; 0.000000 \
#; 0.009186; 0.007564; 0.009870; 0.000000; 0.000000; 0.000000 \
#; 0.009186; -0.007564; -0.009870; 0.000000; 0.000000; 0.000000 \
#; -0.009186; -0.007564; 0.009870; 0.000000; 0.000000; 0.000000 \
#; 0.009186; -0.007564; -0.009870; 0.000000; 0.000000; 0.000000 \
#; -0.009186; -0.007564; 0.009870; 0.000000; 0.000000; 0.000000 \
#; 0.000000; -0.001946; -0.000000; 0.000000; 0.000000; 0.000000 \
#; -0.000000; -0.001946; 0.000000; 0.000000; 0.000000; 0.000000 \
#; -0.000000; 0.001946; 0.000000; 0.000000; 0.000000; 0.000000 \
#; 0.000000; 0.001946; -0.000000; 0.000000; 0.000000; 0.000000 \
# ]
#metaData: qpt=[0.000000;0.000000;0.000000;6.763642 \
#; 0.001817; 0.000000; 0.001093; 0.000000; 0.000000; 0.000000 \
#; 0.001817; 0.000000; 0.001093; 0.000000; 0.000000; 0.000000 \
#; -0.001817; 0.000000; 0.001093; 0.000000; 0.000000; 0.000000 \
#; -0.001817; -0.000000; 0.001093; 0.000000; 0.000000; 0.000000 \
#; -0.034373; 0.031569; 0.011139; 0.000000; 0.000000; 0.000000 \
#; -0.034373; -0.031569; 0.011139; 0.000000; 0.000000; 0.000000 \
#; 0.034373; -0.031569; 0.011139; 0.000000; 0.000000; 0.000000 \
#; 0.034373; 0.031569; 0.011139; 0.000000; 0.000000; 0.000000 \
#; -0.004270; 0.006436; -0.007865; 0.000000; 0.000000; 0.000000 \
#; -0.004270; -0.006436; -0.007865; 0.000000; 0.000000; 0.000000 \
#; -0.004270; 0.006436; -0.007865; 0.000000; 0.000000; 0.000000 \
#; -0.004270; -0.006436; -0.007865; 0.000000; 0.000000; 0.000000 \
#; 0.004270; -0.006436; -0.007865; 0.000000; 0.000000; 0.000000 \
#; 0.004270; 0.006436; -0.007865; 0.000000; 0.000000; 0.000000 \
#; 0.004270; -0.006436; -0.007865; 0.000000; 0.000000; 0.000000 \
#; 0.004270; 0.006436; -0.007865; 0.000000; 0.000000; 0.000000 \
#; 0.023637; -0.000000; -0.020645; 0.000000; 0.000000; 0.000000 \
#; 0.023637; -0.000000; -0.020645; 0.000000; 0.000000; 0.000000 \
#; -0.023637; 0.000000; -0.020645; 0.000000; 0.000000; 0.000000 \
#; -0.023637; -0.000000; -0.020645; 0.000000; 0.000000; 0.000000 \
# ]
#metaData: qpt=[0.000000;0.000000;0.000000;6.781769 \
#; -0.001797; -0.000000; 0.005224; 0.000000; 0.000000; 0.000000 \
#; -0.001797; 0.000000; 0.005224; 0.000000; 0.000000; 0.000000 \
#; -0.001797; 0.000000; -0.005224; 0.000000; 0.000000; 0.000000 \
#; -0.001797; 0.000000; -0.005224; 0.000000; 0.000000; 0.000000 \
#; 0.006456; 0.008206; 0.045293; 0.000000; 0.000000; 0.000000 \
#; 0.006456; -0.008206; 0.045293; 0.000000; 0.000000; 0.000000 \
#; 0.006456; 0.008206; -0.045293; 0.000000; 0.000000; 0.000000 \
#; 0.006456; -0.008206; -0.045293; 0.000000; 0.000000; 0.000000 \
#; -0.006393; 0.007110; -0.005353; 0.000000; 0.000000; 0.000000 \
#; -0.006393; -0.007110; -0.005353; 0.000000; 0.000000; 0.000000 \
#; -0.006393; 0.007110; -0.005353; 0.000000; 0.000000; 0.000000 \
#; -0.006393; -0.007110; -0.005353; 0.000000; 0.000000; 0.000000 \
#; -0.006393; 0.007110; 0.005353; 0.000000; 0.000000; 0.000000 \
#; -0.006393; -0.007110; 0.005353; 0.000000; 0.000000; 0.000000 \
#; -0.006393; 0.007110; 0.005353; 0.000000; 0.000000; 0.000000 \
#; -0.006393; -0.007110; 0.005353; 0.000000; 0.000000; 0.000000 \
#; 0.002125; 0.000000; -0.035708; 0.000000; 0.000000; 0.000000 \
#; 0.002125; 0.000000; -0.035708; 0.000000; 0.000000; 0.000000 \
#; 0.002125; 0.000000; 0.035708; 0.000000; 0.000000; 0.000000 \
#; 0.002125; 0.000000; 0.035708; 0.000000; 0.000000; 0.000000 \
# ]
#metaData: qpt=[0.000000;0.000000;0.000000;6.787095 \
#; 0.006638; 0.000000; -0.000237; 0.000000; 0.000000; 0.000000 \
#; 0.006638; 0.000000; -0.000237; 0.000000; 0.000000; 0.000000 \
#; -0.006638; -0.000000; -0.000237; 0.000000; 0.000000; 0.000000 \
#; -0.006638; 0.000000; -0.000237; 0.000000; 0.000000; 0.000000 \
#; -0.032903; -0.038823; -0.001136; 0.000000; 0.000000; 0.000000 \
#; -0.032903; 0.038823; -0.001136; 0.000000; 0.000000; 0.000000 \
#; 0.032903; 0.038823; -0.001136; 0.000000; 0.000000; 0.000000 \
#; 0.032903; -0.038823; -0.001136; 0.000000; 0.000000; 0.000000 \
#; -0.004052; 0.004104; -0.000765; 0.000000; 0.000000; 0.000000 \
#; -0.004052; -0.004104; -0.000765; 0.000000; 0.000000; 0.000000 \
#; -0.004052; 0.004104; -0.000765; 0.000000; 0.000000; 0.000000 \
#; -0.004052; -0.004104; -0.000765; 0.000000; 0.000000; 0.000000 \
#; 0.004052; -0.004104; -0.000765; 0.000000; 0.000000; 0.000000 \
#; 0.004052; 0.004104; -0.000765; 0.000000; 0.000000; 0.000000 \
#; 0.004052; -0.004104; -0.000765; 0.000000; 0.000000; 0.000000 \
#; 0.004052; 0.004104; -0.000765; 0.000000; 0.000000; 0.000000 \
#; 0.011617; 0.000000; 0.005778; 0.000000; 0.000000; 0.000000 \
#; 0.011617; -0.000000; 0.005778; 0.000000; 0.000000; 0.000000 \
#; -0.011617; -0.000000; 0.005778; 0.000000; 0.000000; 0.000000 \
#; -0.011617; 0.000000; 0.005778; 0.000000; 0.000000; 0.000000 \
# ]
#metaData: qpt=[0.000000;0.000000;0.000000;7.410742 \
#; -0.002113; 0.000000; 0.000626; 0.000000; 0.000000; 0.000000 \
#; -0.002113; -0.000000; 0.000626; 0.000000; 0.000000; 0.000000 \
#; -0.002113; 0.000000; -0.000626; 0.000000; 0.000000; 0.000000 \
#; -0.002113; -0.000000; -0.000626; 0.000000; 0.000000; 0.000000 \
#; 0.000013; 0.042410; -0.007530; 0.000000; 0.000000; 0.000000 \
#; 0.000013; -0.042410; -0.007530; 0.000000; 0.000000; 0.000000 \
#; 0.000013; 0.042410; 0.007530; 0.000000; 0.000000; 0.000000 \
#; 0.000013; -0.042410; 0.007530; 0.000000; 0.000000; 0.000000 \
#; 0.005091; -0.033594; -0.000634; 0.000000; 0.000000; 0.000000 \
#; 0.005091; 0.033594; -0.000634; 0.000000; 0.000000; 0.000000 \
#; 0.005091; -0.033594; -0.000634; 0.000000; 0.000000; 0.000000 \
#; 0.005091; 0.033594; -0.000634; 0.000000; 0.000000; 0.000000 \
#; 0.005091; -0.033594; 0.000634; 0.000000; 0.000000; 0.000000 \
#; 0.005091; 0.033594; 0.000634; 0.000000; 0.000000; 0.000000 \
#; 0.005091; -0.033594; 0.000634; 0.000000; 0.000000; 0.000000 \
#; 0.005091; 0.033594; 0.000634; 0.000000; 0.000000; 0.000000 \
#; -0.001170; 0.000000; -0.013669; 0.000000; 0.000000; 0.000000 \
#; -0.001170; 0.000000; -0.013669; 0.000000; 0.000000; 0.000000 \
#; -0.001170; 0.000000; 0.013669; 0.000000; 0.000000; 0.000000 \
#; -0.001170; 0.000000; 0.013669; 0.000000; 0.000000; 0.000000 \
# ]
#metaData: qpt=[0.000000;0.000000;0.000000;8.363603 \
#; -0.000000; -0.000627; -0.000000; 0.000000; 0.000000; 0.000000 \
#; 0.000000; -0.000627; 0.000000; 0.000000; 0.000000; 0.000000 \
#; -0.000000; -0.000627; 0.000000; 0.000000; 0.000000; 0.000000 \
#; 0.000000; -0.000627; -0.000000; 0.000000; 0.000000; 0.000000 \
#; 0.003942; 0.007001; 0.000885; 0.000000; 0.000000; 0.000000 \
#; -0.003942; 0.007001; -0.000885; 0.000000; 0.000000; 0.000000 \
#; 0.003942; 0.007001; -0.000885; 0.000000; 0.000000; 0.000000 \
#; -0.003942; 0.007001; 0.000885; 0.000000; 0.000000; 0.000000 \
#; -0.011020; 0.027917; 0.015825; 0.000000; 0.000000; 0.000000 \
#; 0.011020; 0.027917; -0.015825; 0.000000; 0.000000; 0.000000 \
#; -0.011020; 0.027917; 0.015825; 0.000000; 0.000000; 0.000000 \
#; 0.011020; 0.027917; -0.015825; 0.000000; 0.000000; 0.000000 \
#; -0.011020; 0.027917; -0.015825; 0.000000; 0.000000; 0.000000 \
#; 0.011020; 0.027917; 0.015825; 0.000000; 0.000000; 0.000000 \
#; -0.011020; 0.027917; -0.015825; 0.000000; 0.000000; 0.000000 \
#; 0.011020; 0.027917; 0.015825; 0.000000; 0.000000; 0.000000 \
#; -0.000000; -0.072854; 0.000000; 0.000000; 0.000000; 0.000000 \
#; -0.000000; -0.072854; -0.000000; 0.000000; 0.000000; 0.000000 \
#; -0.000000; -0.072854; -0.000000; 0.000000; 0.000000; 0.000000 \
#; -0.000000; -0.072854; 0.000000; 0.000000; 0.000000; 0.000000 \
# ]
#metaData: qpt=[0.000000;0.000000;0.000000;8.651298 \
#; -0.000000; 0.000420; 0.000000; 0.000000; 0.000000; 0.000000 \
#; -0.000000; 0.000420; 0.000000; 0.000000; 0.000000; 0.000000 \
#; -0.000000; 0.000420; 0.000000; 0.000000; 0.000000; 0.000000 \
#; 0.000000; 0.000420; 0.000000; 0.000000; 0.000000; 0.000000 \
#; 0.011514; -0.002209; -0.004798; 0.000000; 0.000000; 0.000000 \
#; -0.011514; -0.002209; 0.004798; 0.000000; 0.000000; 0.000000 \
#; 0.011514; -0.002209; 0.004798; 0.000000; 0.000000; 0.000000 \
#; -0.011514; -0.002209; -0.004798; 0.000000; 0.000000; 0.000000 \
#; -0.026370; -0.009641; 0.050994; 0.000000; 0.000000; 0.000000 \
#; 0.026370; -0.009641; -0.050994; 0.000000; 0.000000; 0.000000 \
#; -0.026370; -0.009641; 0.050994; 0.000000; 0.000000; 0.000000 \
#; 0.026370; -0.009641; -0.050994; 0.000000; 0.000000; 0.000000 \
#; -0.026370; -0.009641; -0.050994; 0.000000; 0.000000; 0.000000 \
#; 0.026370; -0.009641; 0.050994; 0.000000; 0.000000; 0.000000 \
#; -0.026370; -0.009641; -0.050994; 0.000000; 0.000000; 0.000000 \
#; 0.026370; -0.009641; 0.050994; 0.000000; 0.000000; 0.000000 \
#; 0.000000; 0.023730; -0.000000; 0.000000; 0.000000; 0.000000 \
#; 0.000000; 0.023730; -0.000000; 0.000000; 0.000000; 0.000000 \
#; 0.000000; 0.023730; 0.000000; 0.000000; 0.000000; 0.000000 \
#; 0.000000; 0.023730; 0.000000; 0.000000; 0.000000; 0.000000 \
# ]
#metaData: qpt=[0.000000;0.000000;0.000000;8.694635 \
#; 0.000399; -0.000000; -0.000224; 0.000000; 0.000000; 0.000000 \
#; 0.000399; -0.000000; -0.000224; 0.000000; 0.000000; 0.000000 \
#; 0.000399; 0.000000; 0.000224; 0.000000; 0.000000; 0.000000 \
#; 0.000399; 0.000000; 0.000224; 0.000000; 0.000000; 0.000000 \
#; -0.011370; -0.001182; 0.002574; 0.000000; 0.000000; 0.000000 \
#; -0.011370; 0.001182; 0.002574; 0.000000; 0.000000; 0.000000 \
#; -0.011370; -0.001182; -0.002574; 0.000000; 0.000000; 0.000000 \
#; -0.011370; 0.001182; -0.002574; 0.000000; 0.000000; 0.000000 \
#; 0.027351; 0.001086; -0.051375; 0.000000; 0.000000; 0.000000 \
#; 0.027351; -0.001086; -0.051375; 0.000000; 0.000000; 0.000000 \
#; 0.027351; 0.001086; -0.051375; 0.000000; 0.000000; 0.000000 \
#; 0.027351; -0.001086; -0.051375; 0.000000; 0.000000; 0.000000 \
#; 0.027351; 0.001086; 0.051375; 0.000000; 0.000000; 0.000000 \
#; 0.027351; -0.001086; 0.051375; 0.000000; 0.000000; 0.000000 \
#; 0.027351; 0.001086; 0.051375; 0.000000; 0.000000; 0.000000 \
#; 0.027351; -0.001086; 0.051375; 0.000000; 0.000000; 0.000000 \
#; -0.024068; 0.000000; 0.007050; 0.000000; 0.000000; 0.000000 \
#; -0.024068; -0.000000; 0.007050; 0.000000; 0.000000; 0.000000 \
#; -0.024068; 0.000000; -0.007050; 0.000000; 0.000000; 0.000000 \
#; -0.024068; 0.000000; -0.007050; 0.000000; 0.000000; 0.000000 \
# ]
#metaData: qpt=[0.000000;0.000000;0.000000;8.698848 \
#; 0.000000; 0.000861; -0.000000; 0.000000; 0.000000; 0.000000 \
#; -0.000000; 0.000861; 0.000000; 0.000000; 0.000000; 0.000000 \
#; 0.000000; -0.000861; 0.000000; 0.000000; 0.000000; 0.000000 \
#; 0.000000; -0.000861; 0.000000; 0.000000; 0.000000; 0.000000 \
#; 0.001076; -0.001429; -0.012183; 0.000000; 0.000000; 0.000000 \
#; -0.001076; -0.001429; 0.012183; 0.000000; 0.000000; 0.000000 \
#; -0.001076; 0.001429; -0.012183; 0.000000; 0.000000; 0.000000 \
#; 0.001076; 0.001429; 0.012183; 0.000000; 0.000000; 0.000000 \
#; -0.051665; 0.001880; 0.026207; 0.000000; 0.000000; 0.000000 \
#; 0.051665; 0.001880; -0.026207; 0.000000; 0.000000; 0.000000 \
#; -0.051665; 0.001880; 0.026207; 0.000000; 0.000000; 0.000000 \
#; 0.051665; 0.001880; -0.026207; 0.000000; 0.000000; 0.000000 \
#; 0.051665; -0.001880; 0.026207; 0.000000; 0.000000; 0.000000 \
#; -0.051665; -0.001880; -0.026207; 0.000000; 0.000000; 0.000000 \
#; 0.051665; -0.001880; 0.026207; 0.000000; 0.000000; 0.000000 \
#; -0.051665; -0.001880; -0.026207; 0.000000; 0.000000; 0.000000 \
#; -0.000000; 0.025377; 0.000000; 0.000000; 0.000000; 0.000000 \
#; -0.000000; 0.025377; 0.000000; 0.000000; 0.000000; 0.000000 \
#; -0.000000; -0.025377; 0.000000; 0.000000; 0.000000; 0.000000 \
#; -0.000000; -0.025377; 0.000000; 0.000000; 0.000000; 0.000000 \
# ]
#metaData: qpt=[0.000000;0.000000;0.000000;8.709703 \
#; 0.000000; -0.000272; 0.000000; 0.000000; 0.000000; 0.000000 \
#; 0.000000; 0.000272; 0.000000; 0.000000; 0.000000; 0.000000 \
#; 0.000000; -0.000272; 0.000000; 0.000000; 0.000000; 0.000000 \
#; -0.000000; 0.000272; 0.000000; 0.000000; 0.000000; 0.000000 \
#; -0.000000; 0.000000; 0.000000; 0.000000; 0.000000; 0.000000 \
#; 0.000000; 0.000000; -0.000000; 0.000000; 0.000000; 0.000000 \
#; -0.000000; 0.000000; 0.000000; 0.000000; 0.000000; 0.000000 \
#; 0.000000; 0.000000; -0.000000; 0.000000; 0.000000; 0.000000 \
#; 0.045066; -0.001157; -0.043196; 0.000000; 0.000000; 0.000000 \
#; -0.045066; -0.001157; 0.043196; 0.000000; 0.000000; 0.000000 \
#; -0.045066; 0.001157; 0.043196; 0.000000; 0.000000; 0.000000 \
#; 0.045066; 0.001157; -0.043196; 0.000000; 0.000000; 0.000000 \
#; -0.045066; 0.001157; -0.043196; 0.000000; 0.000000; 0.000000 \
#; 0.045066; 0.001157; 0.043196; 0.000000; 0.000000; 0.000000 \
#; 0.045066; -0.001157; 0.043196; 0.000000; 0.000000; 0.000000 \
#; -0.045066; -0.001157; -0.043196; 0.000000; 0.000000; 0.000000 \
#; -0.000000; -0.001116; 0.000000; 0.000000; 0.000000; 0.000000 \
#; -0.000000; 0.001116; 0.000000; 0.000000; 0.000000; 0.000000 \
#; -0.000000; -0.001116; -0.000000; 0.000000; 0.000000; 0.000000 \
#; -0.000000; 0.001116; -0.000000; 0.000000; 0.000000; 0.000000 \
# ]
#metaData: qpt=[0.000000;0.000000;0.000000;8.768010 \
#; 0.000000; -0.000266; -0.000000; 0.000000; 0.000000; 0.000000 \
#; 0.000000; 0.000266; 0.000000; 0.000000; 0.000000; 0.000000 \
#; -0.000000; 0.000266; -0.000000; 0.000000; 0.000000; 0.000000 \
#; -0.000000; -0.000266; -0.000000; 0.000000; 0.000000; 0.000000 \
#; -0.000000; -0.000000; -0.000000; 0.000000; 0.000000; 0.000000 \
#; 0.000000; -0.000000; 0.000000; 0.000000; 0.000000; 0.000000 \
#; -0.000000; 0.000000; -0.000000; 0.000000; 0.000000; 0.000000 \
#; 0.000000; 0.000000; 0.000000; 0.000000; 0.000000; 0.000000 \
#; 0.026447; 0.000676; -0.028273; 0.000000; 0.000000; 0.000000 \
#; -0.026447; 0.000676; 0.028273; 0.000000; 0.000000; 0.000000 \
#; -0.026447; -0.000676; 0.028273; 0.000000; 0.000000; 0.000000 \
#; 0.026447; -0.000676; -0.028273; 0.000000; 0.000000; 0.000000 \
#; 0.026447; 0.000676; 0.028273; 0.000000; 0.000000; 0.000000 \
#; -0.026447; 0.000676; -0.028273; 0.000000; 0.000000; 0.000000 \
#; -0.026447; -0.000676; -0.028273; 0.000000; 0.000000; 0.000000 \
#; 0.026447; -0.000676; 0.028273; 0.000000; 0.000000; 0.000000 \
#; 0.000000; 0.069275; 0.000000; 0.000000; 0.000000; 0.000000 \
#; 0.000000; -0.069275; 0.000000; 0.000000; 0.000000; 0.000000 \
#; 0.000000; -0.069275; 0.000000; 0.000000; 0.000000; 0.000000 \
#; 0.000000; 0.069275; 0.000000; 0.000000; 0.000000; 0.000000 \
# ]
#metaData: qpt=[0.000000;0.000000;0.000000;8.847543 \
#; -0.001015; -0.000000; 0.000560; 0.000000; 0.000000; 0.000000 \
#; -0.001015; 0.000000; 0.000560; 0.000000; 0.000000; 0.000000 \
#; 0.001015; 0.000000; 0.000560; 0.000000; 0.000000; 0.000000 \
#; 0.001015; 0.000000; 0.000560; 0.000000; 0.000000; 0.000000 \
#; 0.001341; 0.000698; -0.011546; 0.000000; 0.000000; 0.000000 \
#; 0.001341; -0.000698; -0.011546; 0.000000; 0.000000; 0.000000 \
#; -0.001341; -0.000698; -0.011546; 0.000000; 0.000000; 0.000000 \
#; -0.001341; 0.000698; -0.011546; 0.000000; 0.000000; 0.000000 \
#; -0.051061; 0.002566; 0.027702; 0.000000; 0.000000; 0.000000 \
#; -0.051061; -0.002566; 0.027702; 0.000000; 0.000000; 0.000000 \
#; -0.051061; 0.002566; 0.027702; 0.000000; 0.000000; 0.000000 \
#; -0.051061; -0.002566; 0.027702; 0.000000; 0.000000; 0.000000 \
#; 0.051061; -0.002566; 0.027702; 0.000000; 0.000000; 0.000000 \
#; 0.051061; 0.002566; 0.027702; 0.000000; 0.000000; 0.000000 \
#; 0.051061; -0.002566; 0.027702; 0.000000; 0.000000; 0.000000 \
#; 0.051061; 0.002566; 0.027702; 0.000000; 0.000000; 0.000000 \
#; -0.004605; 0.000000; -0.024955; 0.000000; 0.000000; 0.000000 \
#; -0.004605; 0.000000; -0.024955; 0.000000; 0.000000; 0.000000 \
#; 0.004605; -0.000000; -0.024955; 0.000000; 0.000000; 0.000000 \
#; 0.004605; -0.000000; -0.024955; 0.000000; 0.000000; 0.000000 \
# ]
#metaData: qpt=[0.000000;0.000000;0.000000;9.021201 \
#; -0.000000; 0.000212; 0.000000; 0.000000; 0.000000; 0.000000 \
#; 0.000000; 0.000212; 0.000000; 0.000000; 0.000000; 0.000000 \
#; 0.000000; -0.000212; -0.000000; 0.000000; 0.000000; 0.000000 \
#; 0.000000; -0.000212; 0.000000; 0.000000; 0.000000; 0.000000 \
#; 0.000652; 0.015178; -0.001159; 0.000000; 0.000000; 0.000000 \
#; -0.000652; 0.015178; 0.001159; 0.000000; 0.000000; 0.000000 \
#; -0.000652; -0.015178; -0.001159; 0.000000; 0.000000; 0.000000 \
#; 0.000652; -0.015178; 0.001159; 0.000000; 0.000000; 0.000000 \
#; -0.014162; 0.000031; 0.011400; 0.000000; 0.000000; 0.000000 \
#; 0.014162; 0.000031; -0.011400; 0.000000; 0.000000; 0.000000 \
#; -0.014162; 0.000031; 0.011400; 0.000000; 0.000000; 0.000000 \
#; 0.014162; 0.000031; -0.011400; 0.000000; 0.000000; 0.000000 \
#; 0.014162; -0.000031; 0.011400; 0.000000; 0.000000; 0.000000 \
#; -0.014162; -0.000031; -0.011400; 0.000000; 0.000000; 0.000000 \
#; 0.014162; -0.000031; 0.011400; 0.000000; 0.000000; 0.000000 \
#; -0.014162; -0.000031; -0.011400; 0.000000; 0.000000; 0.000000 \
#; 0.000000; -0.080474; -0.000000; 0.000000; 0.000000; 0.000000 \
#; -0.000000; -0.080474; -0.000000; 0.000000; 0.000000; 0.000000 \
#; -0.000000; 0.080474; 0.000000; 0.000000; 0.000000; 0.000000 \
#; 0.000000; 0.080474; -0.000000; 0.000000; 0.000000; 0.000000 \
# ]
#metaData: qpt=[0.000000;0.000000;0.000000;9.137623 \
#; 0.000526; 0.000000; -0.000616; 0.000000; 0.000000; 0.000000 \
#; -0.000526; 0.000000; 0.000616; 0.000000; 0.000000; 0.000000 \
#; 0.000526; 0.000000; 0.000616; 0.000000; 0.000000; 0.000000 \
#; -0.000526; 0.000000; -0.000616; 0.000000; 0.000000; 0.000000 \
#; 0.000000; -0.000000; -0.000000; 0.000000; 0.000000; 0.000000 \
#; 0.000000; 0.000000; -0.000000; 0.000000; 0.000000; 0.000000 \
#; -0.000000; -0.000000; -0.000000; 0.000000; 0.000000; 0.000000 \
#; -0.000000; 0.000000; -0.000000; 0.000000; 0.000000; 0.000000 \
#; 0.044943; -0.001955; -0.043045; 0.000000; 0.000000; 0.000000 \
#; 0.044943; 0.001955; -0.043045; 0.000000; 0.000000; 0.000000 \
#; -0.044943; 0.001955; 0.043045; 0.000000; 0.000000; 0.000000 \
#; -0.044943; -0.001955; 0.043045; 0.000000; 0.000000; 0.000000 \
#; -0.044943; 0.001955; -0.043045; 0.000000; 0.000000; 0.000000 \
#; -0.044943; -0.001955; -0.043045; 0.000000; 0.000000; 0.000000 \
#; 0.044943; -0.001955; 0.043045; 0.000000; 0.000000; 0.000000 \
#; 0.044943; 0.001955; 0.043045; 0.000000; 0.000000; 0.000000 \
#; 0.005334; 0.000000; -0.003691; 0.000000; 0.000000; 0.000000 \
#; -0.005334; 0.000000; 0.003691; 0.000000; 0.000000; 0.000000 \
#; 0.005334; -0.000000; 0.003691; 0.000000; 0.000000; 0.000000 \
#; -0.005334; -0.000000; -0.003691; 0.000000; 0.000000; 0.000000 \
# ]
#metaData: qpt=[0.000000;0.000000;0.000000;11.315613 \
#; 0.000000; 0.003679; 0.000000; 0.000000; 0.000000; 0.000000 \
#; -0.000000; -0.003679; -0.000000; 0.000000; 0.000000; 0.000000 \
#; 0.000000; 0.003679; -0.000000; 0.000000; 0.000000; 0.000000 \
#; 0.000000; -0.003679; -0.000000; 0.000000; 0.000000; 0.000000 \
#; 0.000000; 0.000000; -0.000000; 0.000000; 0.000000; 0.000000 \
#; -0.000000; -0.000000; 0.000000; 0.000000; 0.000000; 0.000000 \
#; -0.000000; -0.000000; 0.000000; 0.000000; 0.000000; 0.000000 \
#; 0.000000; -0.000000; 0.000000; 0.000000; 0.000000; 0.000000 \
#; -0.002813; 0.005612; -0.002004; 0.000000; 0.000000; 0.000000 \
#; 0.002813; 0.005612; 0.002004; 0.000000; 0.000000; 0.000000 \
#; 0.002813; -0.005612; 0.002004; 0.000000; 0.000000; 0.000000 \
#; -0.002813; -0.005612; -0.002004; 0.000000; 0.000000; 0.000000 \
#; 0.002813; -0.005612; -0.002004; 0.000000; 0.000000; 0.000000 \
#; -0.002813; -0.005612; 0.002004; 0.000000; 0.000000; 0.000000 \
#; -0.002813; 0.005612; 0.002004; 0.000000; 0.000000; 0.000000 \
#; 0.002813; 0.005612; -0.002004; 0.000000; 0.000000; 0.000000 \
#; 0.000000; -0.087482; -0.000000; 0.000000; 0.000000; 0.000000 \
#; -0.000000; 0.087482; 0.000000; 0.000000; 0.000000; 0.000000 \
#; -0.000000; -0.087482; 0.000000; 0.000000; 0.000000; 0.000000 \
#; -0.000000; 0.087482; 0.000000; 0.000000; 0.000000; 0.000000 \
# ]
#metaData: qpt=[0.000000;0.000000;0.000000;12.046920 \
#; -0.000608; 0.000000; -0.000254; 0.000000; 0.000000; 0.000000 \
#; 0.000608; -0.000000; 0.000254; 0.000000; 0.000000; 0.000000 \
#; 0.000608; 0.000000; -0.000254; 0.000000; 0.000000; 0.000000 \
#; -0.000608; -0.000000; 0.000254; 0.000000; 0.000000; 0.000000 \
#; -0.000000; -0.000000; -0.000000; 0.000000; 0.000000; 0.000000 \
#; -0.000000; 0.000000; -0.000000; 0.000000; 0.000000; 0.000000 \
#; 0.000000; 0.000000; -0.000000; 0.000000; 0.000000; 0.000000 \
#; 0.000000; 0.000000; -0.000000; 0.000000; 0.000000; 0.000000 \
#; -0.044543; -0.000120; 0.043533; 0.000000; 0.000000; 0.000000 \
#; -0.044543; 0.000120; 0.043533; 0.000000; 0.000000; 0.000000 \
#; 0.044543; 0.000120; -0.043533; 0.000000; 0.000000; 0.000000 \
#; 0.044543; -0.000120; -0.043533; 0.000000; 0.000000; 0.000000 \
#; -0.044543; -0.000120; -0.043533; 0.000000; 0.000000; 0.000000 \
#; -0.044543; 0.000120; -0.043533; 0.000000; 0.000000; 0.000000 \
#; 0.044543; 0.000120; 0.043533; 0.000000; 0.000000; 0.000000 \
#; 0.044543; -0.000120; 0.043533; 0.000000; 0.000000; 0.000000 \
#; 0.001681; -0.000000; 0.005900; 0.000000; 0.000000; 0.000000 \
#; -0.001681; 0.000000; -0.005900; 0.000000; 0.000000; 0.000000 \
#; -0.001681; 0.000000; 0.005900; 0.000000; 0.000000; 0.000000 \
#; 0.001681; -0.000000; -0.005900; 0.000000; 0.000000; 0.000000 \
# ]
#metaData: qpt=[0.000000;0.000000;0.000000;12.678287 \
#; -0.000000; 0.000097; -0.000000; 0.000000; 0.000000; 0.000000 \
#; -0.000000; -0.000097; -0.000000; 0.000000; 0.000000; 0.000000 \
#; -0.000000; -0.000097; -0.000000; 0.000000; 0.000000; 0.000000 \
#; 0.000000; 0.000097; 0.000000; 0.000000; 0.000000; 0.000000 \
#; 0.000000; -0.000000; -0.000000; 0.000000; 0.000000; 0.000000 \
#; 0.000000; 0.000000; -0.000000; 0.000000; 0.000000; 0.000000 \
#; -0.000000; -0.000000; 0.000000; 0.000000; 0.000000; 0.000000 \
#; 0.000000; -0.000000; 0.000000; 0.000000; 0.000000; 0.000000 \
#; 0.035166; -0.000167; -0.034139; 0.000000; 0.000000; 0.000000 \
#; -0.035166; -0.000167; 0.034139; 0.000000; 0.000000; 0.000000 \
#; -0.035166; 0.000167; 0.034139; 0.000000; 0.000000; 0.000000 \
#; 0.035166; 0.000167; -0.034139; 0.000000; 0.000000; 0.000000 \
#; 0.035166; -0.000167; 0.034139; 0.000000; 0.000000; 0.000000 \
#; -0.035166; -0.000167; -0.034139; 0.000000; 0.000000; 0.000000 \
#; -0.035166; 0.000167; -0.034139; 0.000000; 0.000000; 0.000000 \
#; 0.035166; 0.000167; 0.034139; 0.000000; 0.000000; 0.000000 \
#; -0.000000; -0.054713; 0.000000; 0.000000; 0.000000; 0.000000 \
#; 0.000000; 0.054713; -0.000000; 0.000000; 0.000000; 0.000000 \
#; -0.000000; 0.054713; -0.000000; 0.000000; 0.000000; 0.000000 \
#; -0.000000; -0.054713; 0.000000; 0.000000; 0.000000; 0.000000 \
# ]
