# Phonopy generated file for v_sim 3.6
    7.072995341    0.000000000    9.927137045
    0.000000000    0.000000000    6.949939268
    0.357787556    7.445352784    0.077590239 Ba
    6.715207785    2.481784261    6.872349030 Ba
    3.894285226    7.445352784    3.397379395 Ba
    3.178710115    2.481784261    3.552559873 Ba
    3.536497671    0.000000000    0.000000000 Zr
    3.536497671    4.963568522    0.000000000 Zr
    0.000000000    0.000000000    3.474969634 Zr
    0.000000000    4.963568522    3.474969634 Zr
    5.020419444    0.332251574    4.931354939  S
    5.020419444    4.631316948    4.931354939  S
    2.052575897    9.594885471    2.018584329  S
    2.052575897    5.295820097    2.018584329  S
    5.589073568    9.594885471    1.456385305  S
    5.589073568    5.295820097    1.456385305  S
    1.483921774    0.332251574    5.493553963  S
    1.483921774    4.631316948    5.493553963  S
    3.498016858    7.445352784    6.507252803  S
    3.574978484    2.481784261    0.442686465  S
    7.034514528    7.445352784    3.917656100  S
    0.038480813    2.481784261    3.032283169  S
#metaData: qpt=[0.500000;0.000000;0.500000;0.899371 \
#; 0.000000; -0.000000; -0.009485; 0.000000; 0.000000; 0.010433 \
#; -0.000000; 0.000000; 0.012727; -0.000000; 0.000000; -0.006069 \
#; 0.024674; 0.000000; -0.022677; -0.023582; -0.000000; 0.021674 \
#; -0.029702; 0.000000; 0.027299; 0.016814; -0.000000; -0.015453 \
#; -0.002637; 0.003546; 0.011637; -0.003549; 0.004774; 0.015664 \
#; -0.002637; -0.003546; 0.011637; -0.003549; -0.004774; 0.015664 \
#; -0.011518; -0.000293; 0.002446; -0.015504; -0.000395; 0.003293 \
#; -0.011518; 0.000293; 0.002446; -0.015504; 0.000395; 0.003293 \
#; -0.002787; 0.000332; 0.004902; -0.006866; 0.000817; 0.012077 \
#; -0.002787; -0.000332; 0.004902; -0.006866; -0.000817; 0.012077 \
#; -0.005769; 0.000686; 0.010147; -0.004651; 0.000553; 0.008180 \
#; -0.005769; -0.000686; 0.010147; -0.004651; -0.000553; 0.008180 \
#; 0.010157; 0.000878; 0.000922; -0.007534; -0.000651; -0.000684 \
#; 0.010157; -0.000878; 0.000922; -0.007534; 0.000651; -0.000684 \
#; -0.010146; -0.000877; -0.000921; 0.007550; 0.000653; 0.000686 \
#; -0.010146; 0.000877; -0.000921; 0.007550; -0.000653; 0.000686 \
#; 0.002390; -0.000000; 0.014908; 0.005327; 0.000000; 0.033228 \
#; 0.004410; 0.000000; 0.027508; 0.003827; 0.000000; 0.023868 \
#; -0.023134; -0.000000; -0.005459; -0.021501; 0.000000; -0.005074 \
#; -0.013906; -0.000000; -0.003281; -0.028357; -0.000000; -0.006691 \
# ]
#metaData: qpt=[0.500000;0.000000;0.500000;0.899371 \
#; -0.034131; 0.000000; -0.031369; 0.000000; -0.000000; 0.000000 \
#; 0.031594; -0.000000; 0.029038; 0.012912; 0.000000; 0.011868 \
#; 0.000000; 0.000000; 0.014065; -0.000000; 0.000000; 0.000988 \
#; -0.000000; -0.000000; -0.013394; 0.000000; 0.000000; -0.004406 \
#; -0.003723; -0.000095; -0.000791; 0.018952; 0.000483; 0.004025 \
#; -0.003723; 0.000095; -0.000791; 0.018952; -0.000483; 0.004025 \
#; 0.000852; -0.001146; 0.003762; -0.004339; 0.005835; -0.019147 \
#; 0.000852; 0.001146; 0.003762; -0.004339; -0.005835; -0.019147 \
#; -0.005470; -0.000473; 0.000497; 0.011402; 0.000986; -0.001036 \
#; -0.005470; 0.000473; 0.000497; 0.011402; -0.000986; -0.001036 \
#; 0.000750; 0.000065; -0.000068; 0.012624; 0.001092; -0.001147 \
#; 0.000750; -0.000065; -0.000068; 0.012624; -0.001092; -0.001147 \
#; 0.007270; -0.000865; 0.012788; 0.001434; -0.000171; 0.002523 \
#; 0.007270; 0.000865; 0.012788; 0.001434; 0.000171; 0.002523 \
#; -0.007273; 0.000865; -0.012791; -0.001423; 0.000169; -0.002503 \
#; -0.007273; -0.000865; -0.012791; -0.001423; -0.000169; -0.002503 \
#; -0.012624; -0.000000; 0.002979; 0.028950; 0.000000; -0.006832 \
#; 0.000733; -0.000000; -0.000173; 0.031575; 0.000000; -0.007451 \
#; -0.000064; -0.000000; 0.000400; 0.005839; -0.000000; -0.036417 \
#; -0.002150; 0.000000; 0.013407; 0.005429; -0.000000; -0.033862 \
# ]
#metaData: qpt=[0.500000;0.000000;0.500000;1.494561 \
#; 0.000000; 0.000000; 0.034402; -0.000000; 0.000000; -0.004311 \
#; -0.000000; -0.000000; 0.033475; 0.000000; -0.000000; 0.009025 \
#; -0.035631; -0.000000; -0.013081; 0.001944; 0.000000; 0.000714 \
#; -0.035020; -0.000000; -0.012856; -0.006851; -0.000000; -0.002515 \
#; 0.000000; -0.000000; 0.000000; -0.000000; -0.000000; -0.000000 \
#; -0.000000; -0.000000; -0.000000; -0.000000; -0.000000; 0.000000 \
#; -0.000000; 0.000000; -0.000000; 0.000000; -0.000000; 0.000000 \
#; 0.000000; 0.000000; 0.000000; -0.000000; -0.000000; 0.000000 \
#; -0.001535; 0.005010; -0.001392; 0.004590; -0.014982; 0.004163 \
#; -0.001535; -0.005010; -0.001392; 0.004590; 0.014982; 0.004163 \
#; -0.000885; 0.002891; -0.000803; -0.004758; 0.015531; -0.004315 \
#; -0.000885; -0.002891; -0.000803; -0.004758; -0.015531; -0.004315 \
#; -0.000635; 0.023859; 0.000844; -0.000045; 0.001676; 0.000059 \
#; -0.000635; -0.023859; 0.000844; -0.000045; -0.001676; 0.000059 \
#; -0.000635; 0.023862; 0.000844; -0.000044; 0.001639; 0.000058 \
#; -0.000635; -0.023862; 0.000844; -0.000044; -0.001639; 0.000058 \
#; -0.003612; -0.000000; -0.006204; 0.012258; -0.000000; 0.021055 \
#; -0.001883; -0.000000; -0.003234; -0.012639; -0.000000; -0.021710 \
#; 0.004367; 0.000000; 0.002268; 0.038247; -0.000000; 0.019866 \
#; 0.009612; 0.000000; 0.004992; -0.037276; -0.000000; -0.019361 \
# ]
#metaData: qpt=[0.500000;0.000000;0.500000;1.494561 \
#; -0.035684; -0.000000; 0.013100; 0.000000; 0.000000; 0.000000 \
#; -0.033031; 0.000000; 0.012126; -0.013500; -0.000000; 0.004956 \
#; 0.000000; -0.000000; 0.034585; 0.000000; -0.000000; 0.002430 \
#; 0.000000; 0.000000; 0.032934; 0.000000; -0.000000; 0.010835 \
#; -0.000000; 0.000000; -0.000000; 0.000000; 0.000000; -0.000000 \
#; -0.000000; 0.000000; -0.000000; 0.000000; 0.000000; -0.000000 \
#; 0.000000; 0.000000; 0.000000; 0.000000; 0.000000; 0.000000 \
#; 0.000000; -0.000000; 0.000000; 0.000000; 0.000000; -0.000000 \
#; 0.000275; -0.010346; 0.000366; -0.000574; 0.021564; -0.000763 \
#; 0.000275; 0.010346; 0.000366; -0.000574; -0.021564; -0.000763 \
#; 0.000038; -0.001419; 0.000050; 0.000636; -0.023876; 0.000845 \
#; 0.000038; 0.001419; 0.000050; 0.000636; 0.023876; 0.000845 \
#; -0.004748; 0.015499; 0.004306; -0.000937; 0.003057; 0.000849 \
#; -0.004748; -0.015499; 0.004306; -0.000937; -0.003057; 0.000849 \
#; -0.004749; 0.015504; 0.004308; -0.000929; 0.003033; 0.000843 \
#; -0.004749; -0.015504; 0.004308; -0.000929; -0.003033; 0.000843 \
#; -0.015387; -0.000000; 0.007992; 0.035287; 0.000000; -0.018328 \
#; -0.000893; 0.000000; 0.000464; -0.038485; 0.000000; 0.019989 \
#; 0.000140; 0.000000; -0.000241; -0.012778; 0.000000; 0.021948 \
#; -0.004704; -0.000000; 0.008080; 0.011881; 0.000000; -0.020408 \
# ]
#metaData: qpt=[0.500000;0.000000;0.500000;1.662776 \
#; 0.000000; -0.007937; -0.000000; -0.000000; -0.013434; -0.000000 \
#; -0.000000; 0.002264; 0.000000; -0.000000; 0.015438; 0.000000 \
#; -0.000000; -0.018521; -0.000000; -0.000000; -0.018401; -0.000000 \
#; 0.000000; 0.013444; 0.000000; 0.000000; 0.022381; 0.000000 \
#; -0.014206; 0.012395; -0.021152; 0.011683; -0.014996; 0.010711 \
#; 0.014206; 0.012395; 0.021152; -0.011683; -0.014996; -0.010711 \
#; 0.012860; -0.034786; 0.013656; -0.005309; 0.019665; -0.013021 \
#; -0.012860; -0.034786; -0.013656; 0.005309; 0.019665; 0.013021 \
#; -0.002019; 0.002240; -0.009421; 0.001755; -0.003566; 0.002106 \
#; 0.002019; 0.002240; 0.009421; -0.001755; -0.003566; -0.002106 \
#; -0.000914; 0.000228; -0.007215; 0.002514; -0.004205; 0.006413 \
#; 0.000914; 0.000228; 0.007215; -0.002514; -0.004205; -0.006413 \
#; 0.003564; -0.009747; 0.005130; 0.006081; -0.015714; 0.005308 \
#; -0.003564; -0.009747; -0.005130; -0.006081; -0.015714; -0.005308 \
#; -0.003573; 0.009772; -0.005138; -0.006075; 0.015698; -0.005300 \
#; 0.003573; 0.009772; 0.005138; 0.006075; 0.015698; 0.005300 \
#; -0.000000; 0.009795; -0.000000; 0.000000; -0.007507; 0.000000 \
#; -0.000000; 0.005725; -0.000000; 0.000000; -0.010932; 0.000000 \
#; -0.000000; -0.018900; 0.000000; 0.000000; 0.015771; -0.000000 \
#; -0.000000; -0.023293; 0.000000; 0.000000; 0.007961; -0.000000 \
# ]
#metaData: qpt=[0.500000;0.000000;0.500000;1.662776 \
#; -0.000000; -0.025928; -0.000000; 0.000000; 0.003064; 0.000000 \
#; 0.000000; 0.025160; 0.000000; 0.000000; 0.006973; -0.000000 \
#; -0.000000; 0.014532; -0.000000; 0.000000; -0.005681; 0.000000 \
#; 0.000000; -0.015482; 0.000000; -0.000000; 0.001945; -0.000000 \
#; -0.002722; 0.002951; -0.003252; -0.013644; 0.039851; 0.018586 \
#; 0.002722; 0.002951; 0.003252; 0.013644; 0.039851; -0.018586 \
#; 0.001833; -0.005593; 0.002831; -0.018302; 0.018634; 0.023540 \
#; -0.001833; -0.005593; -0.002831; 0.018302; 0.018634; -0.023540 \
#; 0.001371; -0.004052; -0.003105; -0.006914; 0.018042; 0.006698 \
#; -0.001371; -0.004052; 0.003105; 0.006914; 0.018042; -0.006698 \
#; -0.002156; 0.005213; 0.000536; -0.006710; 0.017741; 0.007363 \
#; 0.002156; 0.005213; -0.000536; 0.006710; 0.017741; -0.007363 \
#; 0.002483; -0.003286; -0.009590; 0.000995; -0.002634; 0.001102 \
#; -0.002483; -0.003286; 0.009590; -0.000995; -0.002634; -0.001102 \
#; -0.002485; 0.003290; 0.009588; -0.000991; 0.002628; -0.001116 \
#; 0.002485; 0.003290; -0.009588; 0.000991; 0.002628; 0.001116 \
#; 0.000000; -0.003462; 0.000000; 0.000000; 0.024371; 0.000000 \
#; 0.000000; 0.007116; 0.000000; 0.000000; 0.023565; 0.000000 \
#; 0.000000; -0.001228; -0.000000; 0.000000; 0.012279; -0.000000 \
#; 0.000000; -0.005542; -0.000000; 0.000000; 0.011026; -0.000000 \
# ]
#metaData: qpt=[0.500000;0.000000;0.500000;1.685772 \
#; 0.000000; 0.000000; -0.012792; 0.000000; -0.000000; 0.010103 \
#; 0.000000; -0.000000; 0.015663; 0.000000; -0.000000; -0.004513 \
#; -0.017388; 0.000000; -0.029991; 0.011854; -0.000000; 0.020446 \
#; 0.019763; -0.000000; 0.034088; -0.007229; 0.000000; -0.012469 \
#; 0.000158; 0.005775; -0.012438; 0.000308; 0.011244; -0.024214 \
#; 0.000158; -0.005775; -0.012438; 0.000308; -0.011244; -0.024214 \
#; 0.012624; 0.003297; 0.000476; 0.024577; 0.006419; 0.000926 \
#; 0.012624; -0.003297; 0.000476; 0.024577; -0.006419; 0.000926 \
#; 0.000740; 0.003142; -0.002568; 0.003289; 0.013974; -0.011423 \
#; 0.000740; -0.003142; -0.002568; 0.003289; -0.013974; -0.011423 \
#; 0.002243; 0.009528; -0.007789; 0.002517; 0.010693; -0.008741 \
#; 0.002243; -0.009528; -0.007789; 0.002517; -0.010693; -0.008741 \
#; 0.001665; -0.000376; -0.008968; -0.000854; 0.000193; 0.004598 \
#; 0.001665; 0.000376; -0.008968; -0.000854; -0.000193; 0.004598 \
#; -0.001664; 0.000375; 0.008961; 0.000856; -0.000193; -0.004612 \
#; -0.001664; -0.000375; 0.008961; 0.000856; 0.000193; -0.004612 \
#; 0.001647; 0.000000; 0.005685; 0.006260; -0.000000; 0.021605 \
#; 0.004129; 0.000000; 0.014250; 0.004986; -0.000000; 0.017206 \
#; 0.011900; -0.000000; -0.008482; 0.015412; -0.000000; -0.010985 \
#; 0.005596; -0.000000; -0.003989; 0.018650; -0.000000; -0.013293 \
# ]
#metaData: qpt=[0.500000;0.000000;0.500000;1.685772 \
#; 0.021044; -0.000000; -0.036297; 0.000000; 0.000000; 0.000000 \
#; -0.019480; -0.000000; 0.033599; -0.007961; -0.000000; 0.013732 \
#; 0.000000; -0.000000; 0.016260; 0.000000; -0.000000; 0.001142 \
#; 0.000000; 0.000000; -0.015484; -0.000000; -0.000000; -0.005094 \
#; 0.005326; 0.001391; -0.000201; -0.027111; -0.007081; 0.001021 \
#; 0.005326; -0.001391; -0.000201; -0.027111; 0.007081; 0.001021 \
#; -0.000067; -0.002437; -0.005248; 0.000340; 0.012403; 0.026711 \
#; -0.000067; 0.002437; -0.005248; 0.000340; -0.012403; 0.026711 \
#; -0.000809; 0.000183; -0.004360; 0.001687; -0.000381; 0.009086 \
#; -0.000809; -0.000183; -0.004360; 0.001687; 0.000381; 0.009086 \
#; 0.000111; -0.000025; 0.000598; 0.001868; -0.000422; 0.010060 \
#; 0.000111; 0.000025; 0.000598; 0.001868; 0.000422; 0.010060 \
#; -0.003307; -0.014052; -0.011487; -0.000652; -0.002772; -0.002266 \
#; -0.003307; 0.014052; -0.011487; -0.000652; 0.002772; -0.002266 \
#; 0.003309; 0.014056; 0.011490; 0.000647; 0.002750; 0.002248 \
#; 0.003309; -0.014056; 0.011490; 0.000647; -0.002750; 0.002248 \
#; 0.007783; 0.000000; 0.005547; -0.017849; 0.000000; -0.012722 \
#; -0.000452; 0.000000; -0.000322; -0.019466; -0.000000; -0.013875 \
#; -0.000071; 0.000000; 0.000245; 0.006473; -0.000000; -0.022339 \
#; -0.002383; 0.000000; 0.008224; 0.006019; -0.000000; -0.020772 \
# ]
#metaData: qpt=[0.500000;0.000000;0.500000;1.896867 \
#; -0.000000; -0.025857; -0.000000; -0.000000; -0.008089; -0.000000 \
#; -0.000000; 0.020875; 0.000000; 0.000000; 0.017270; -0.000000 \
#; 0.000000; -0.014468; -0.000000; 0.000000; -0.029256; -0.000000 \
#; 0.000000; 0.006854; -0.000000; -0.000000; 0.031910; 0.000000 \
#; 0.011970; -0.008360; 0.009498; 0.006929; 0.000453; -0.015705 \
#; -0.011970; -0.008360; -0.009498; -0.006929; 0.000453; 0.015705 \
#; -0.025853; 0.008124; -0.019278; 0.021166; -0.009101; 0.005966 \
#; 0.025853; 0.008124; 0.019278; -0.021166; -0.009101; -0.005966 \
#; -0.012872; -0.000322; -0.007145; 0.005666; 0.005875; -0.002650 \
#; 0.012872; -0.000322; 0.007145; -0.005666; 0.005875; 0.002650 \
#; -0.008505; 0.002569; -0.007534; 0.011201; 0.005293; 0.001150 \
#; 0.008505; 0.002569; 0.007534; -0.011201; 0.005293; -0.001150 \
#; 0.003314; -0.007514; -0.009519; -0.004494; -0.012077; -0.009600 \
#; -0.003314; -0.007514; 0.009519; 0.004494; -0.012077; 0.009600 \
#; -0.003307; 0.007532; 0.009534; 0.004499; 0.012065; 0.009585 \
#; 0.003307; 0.007532; -0.009534; -0.004499; 0.012065; -0.009585 \
#; 0.000000; -0.000236; -0.000000; 0.000000; -0.001341; 0.000000 \
#; -0.000000; -0.000779; -0.000000; -0.000000; -0.001117; -0.000000 \
#; -0.000000; 0.002517; 0.000000; -0.000000; -0.002446; 0.000000 \
#; -0.000000; 0.003226; -0.000000; 0.000000; -0.001383; -0.000000 \
# ]
#metaData: qpt=[0.500000;0.000000;0.500000;1.896867 \
#; 0.000000; 0.019944; -0.000000; -0.000000; -0.025835; -0.000000 \
#; 0.000000; -0.028236; -0.000000; -0.000000; 0.016369; -0.000000 \
#; -0.000000; -0.026944; 0.000000; -0.000000; 0.002840; 0.000000 \
#; -0.000000; 0.026818; 0.000000; -0.000000; 0.003852; 0.000000 \
#; -0.012044; 0.002576; 0.013824; -0.031166; 0.011925; 0.014701 \
#; 0.012044; 0.002576; -0.013824; 0.031166; 0.011925; -0.014701 \
#; -0.013830; 0.007048; 0.000512; 0.000121; 0.004519; 0.018347 \
#; 0.013830; 0.007048; -0.000512; -0.000121; 0.004519; -0.018347 \
#; -0.005533; -0.003438; 0.000264; -0.000750; -0.013802; 0.013517 \
#; 0.005533; -0.003438; -0.000264; 0.000750; -0.013802; -0.013517 \
#; -0.005202; -0.009704; 0.006790; 0.002030; -0.010399; 0.011691 \
#; 0.005202; -0.009704; -0.006790; -0.002030; -0.010399; -0.011691 \
#; -0.013029; -0.004441; 0.003072; 0.005295; -0.003859; -0.006974 \
#; 0.013029; -0.004441; -0.003072; -0.005295; -0.003859; 0.006974 \
#; 0.013020; 0.004447; -0.003061; -0.005315; 0.003852; 0.006979 \
#; -0.013020; 0.004447; 0.003061; 0.005315; 0.003852; -0.006979 \
#; 0.000000; 0.000867; 0.000000; -0.000000; 0.003401; -0.000000 \
#; 0.000000; 0.002218; 0.000000; 0.000000; 0.002721; 0.000000 \
#; -0.000000; 0.000902; 0.000000; 0.000000; -0.001020; -0.000000 \
#; 0.000000; 0.001208; -0.000000; -0.000000; -0.000629; 0.000000 \
# ]
#metaData: qpt=[0.500000;0.000000;0.500000;1.959163 \
#; 0.000000; 0.000199; 0.000000; -0.000000; -0.032792; -0.000000 \
#; -0.000000; 0.012590; 0.000000; 0.000000; -0.030279; 0.000000 \
#; 0.000000; -0.013470; -0.000000; 0.000000; -0.047005; 0.000000 \
#; 0.000000; -0.001535; -0.000000; 0.000000; -0.048872; -0.000000 \
#; -0.000000; 0.000000; 0.000000; -0.000000; 0.000000; 0.000000 \
#; 0.000000; 0.000000; -0.000000; 0.000000; 0.000000; -0.000000 \
#; -0.000000; -0.000000; 0.000000; 0.000000; 0.000000; 0.000000 \
#; 0.000000; -0.000000; -0.000000; -0.000000; 0.000000; -0.000000 \
#; 0.007518; -0.012725; 0.008148; 0.001340; -0.001270; 0.001311 \
#; -0.007518; -0.012725; -0.008148; -0.001340; -0.001270; -0.001311 \
#; -0.007224; 0.011743; -0.007760; 0.002477; -0.005065; 0.002807 \
#; 0.007224; 0.011743; 0.007760; -0.002477; -0.005065; -0.002807 \
#; -0.001197; 0.001716; 0.001253; 0.001414; -0.008299; -0.002368 \
#; 0.001197; 0.001716; -0.001253; -0.001414; -0.008299; 0.002368 \
#; -0.001195; 0.001703; 0.001250; 0.001416; -0.008302; -0.002370 \
#; 0.001195; 0.001703; -0.001250; -0.001416; -0.008302; 0.002370 \
#; -0.000000; -0.001630; -0.000000; 0.000000; -0.000429; 0.000000 \
#; -0.000000; 0.001659; -0.000000; -0.000000; -0.000297; -0.000000 \
#; -0.000000; -0.000807; 0.000000; -0.000000; 0.000475; 0.000000 \
#; -0.000000; 0.000923; 0.000000; 0.000000; -0.000154; -0.000000 \
# ]
#metaData: qpt=[0.500000;0.000000;0.500000;1.959163 \
#; 0.000000; 0.045985; -0.000000; 0.000000; 0.016622; 0.000000 \
#; -0.000000; 0.036279; -0.000000; -0.000000; 0.032783; 0.000000 \
#; -0.000000; -0.032730; 0.000000; 0.000000; -0.002022; -0.000000 \
#; -0.000000; -0.031235; 0.000000; 0.000000; -0.009984; -0.000000 \
#; -0.000000; 0.000000; 0.000000; 0.000000; -0.000000; -0.000000 \
#; 0.000000; 0.000000; -0.000000; 0.000000; -0.000000; -0.000000 \
#; -0.000000; -0.000000; 0.000000; -0.000000; 0.000000; -0.000000 \
#; 0.000000; -0.000000; -0.000000; 0.000000; 0.000000; -0.000000 \
#; -0.000116; -0.003578; 0.000408; -0.001849; 0.007683; -0.002648 \
#; 0.000116; -0.003578; -0.000408; 0.001849; 0.007683; 0.002648 \
#; 0.000999; -0.000600; 0.000928; 0.001560; -0.008454; 0.002513 \
#; -0.000999; -0.000600; -0.000928; -0.001560; -0.008454; -0.002513 \
#; -0.006831; 0.010967; 0.007319; -0.003413; 0.006578; 0.003812 \
#; 0.006831; 0.010967; -0.007319; 0.003413; 0.006578; -0.003812 \
#; -0.006837; 0.010977; 0.007325; -0.003402; 0.006561; 0.003800 \
#; 0.006837; 0.010977; -0.007325; 0.003402; 0.006561; -0.003800 \
#; -0.000000; 0.000762; -0.000000; -0.000000; -0.000543; -0.000000 \
#; 0.000000; -0.000463; 0.000000; 0.000000; 0.000814; 0.000000 \
#; 0.000000; -0.000272; -0.000000; 0.000000; 0.001663; -0.000000 \
#; -0.000000; 0.000850; 0.000000; -0.000000; -0.001456; 0.000000 \
# ]
#metaData: qpt=[0.500000;0.000000;0.500000;1.986943 \
#; 0.000000; 0.000000; 0.019886; -0.000000; 0.000000; -0.002537 \
#; -0.000000; -0.000000; 0.019368; -0.000000; 0.000000; 0.005175 \
#; 0.036148; 0.000000; -0.029264; -0.002053; 0.000000; 0.001662 \
#; 0.035548; 0.000000; -0.028778; 0.006872; 0.000000; -0.005563 \
#; -0.000000; 0.000000; -0.000000; -0.000000; 0.000000; 0.000000 \
#; 0.000000; 0.000000; -0.000000; 0.000000; 0.000000; -0.000000 \
#; 0.000000; 0.000000; 0.000000; -0.000000; -0.000000; 0.000000 \
#; -0.000000; 0.000000; -0.000000; -0.000000; -0.000000; -0.000000 \
#; 0.000714; -0.005977; -0.000136; -0.002150; 0.018007; 0.000411 \
#; 0.000714; 0.005977; -0.000136; -0.002150; -0.018007; 0.000411 \
#; 0.000419; -0.003513; -0.000080; 0.002226; -0.018645; -0.000426 \
#; 0.000419; 0.003513; -0.000080; 0.002226; 0.018645; -0.000426 \
#; 0.004262; 0.023296; -0.003251; 0.000290; 0.001584; -0.000221 \
#; 0.004262; -0.023296; -0.003251; 0.000290; -0.001584; -0.000221 \
#; 0.004262; 0.023298; -0.003251; 0.000283; 0.001548; -0.000216 \
#; 0.004262; -0.023298; -0.003251; 0.000283; -0.001548; -0.000216 \
#; -0.007886; 0.000000; -0.005638; 0.026984; 0.000000; 0.019292 \
#; -0.004203; -0.000000; -0.003005; -0.027797; 0.000000; -0.019873 \
#; -0.002907; 0.000000; 0.003419; -0.024973; -0.000000; 0.029366 \
#; -0.006223; -0.000000; 0.007318; 0.024359; -0.000000; -0.028644 \
# ]
#metaData: qpt=[0.500000;0.000000;0.500000;1.986943 \
#; -0.036206; -0.000000; -0.029311; 0.000000; 0.000000; 0.000000 \
#; -0.033515; -0.000000; -0.027132; -0.013698; -0.000000; -0.011089 \
#; -0.000000; 0.000000; -0.019998; 0.000000; -0.000000; -0.001405 \
#; -0.000000; 0.000000; -0.019043; -0.000000; -0.000000; -0.006265 \
#; 0.000000; 0.000000; -0.000000; -0.000000; -0.000000; 0.000000 \
#; 0.000000; 0.000000; -0.000000; 0.000000; -0.000000; -0.000000 \
#; 0.000000; 0.000000; -0.000000; -0.000000; -0.000000; 0.000000 \
#; 0.000000; 0.000000; -0.000000; 0.000000; -0.000000; -0.000000 \
#; 0.001848; 0.010100; 0.001409; -0.003851; -0.021052; -0.002938 \
#; 0.001848; -0.010100; 0.001409; -0.003851; 0.021052; -0.002938 \
#; 0.000253; 0.001385; 0.000193; 0.004264; 0.023309; 0.003253 \
#; 0.000253; -0.001385; 0.000193; 0.004264; -0.023309; 0.003253 \
#; -0.002222; 0.018614; -0.000425; -0.000438; 0.003672; -0.000084 \
#; -0.002222; -0.018614; -0.000425; -0.000438; -0.003672; -0.000084 \
#; -0.002223; 0.018620; -0.000425; -0.000435; 0.003643; -0.000083 \
#; -0.002223; -0.018620; -0.000425; -0.000435; -0.003643; -0.000083 \
#; -0.010049; 0.000000; -0.011817; 0.023046; -0.000000; 0.027100 \
#; -0.000583; -0.000000; -0.000686; -0.025135; -0.000000; -0.029557 \
#; -0.000309; 0.000000; 0.000221; 0.028111; -0.000000; -0.020098 \
#; 0.010349; 0.000000; -0.007399; -0.026138; -0.000000; 0.018688 \
# ]
#metaData: qpt=[0.500000;0.000000;0.500000;2.152095 \
#; 0.000000; 0.000000; 0.001329; 0.000000; 0.000000; 0.000902 \
#; 0.000000; -0.000000; -0.000889; 0.000000; 0.000000; -0.001337 \
#; -0.028751; -0.000000; -0.008308; -0.022606; -0.000000; -0.006532 \
#; 0.022331; 0.000000; 0.006453; 0.028964; -0.000000; 0.008369 \
#; 0.001829; 0.001623; -0.026303; -0.001812; -0.001607; 0.026054 \
#; 0.001829; -0.001623; -0.026303; -0.001812; 0.001607; 0.026054 \
#; 0.025779; -0.006939; -0.003612; -0.025535; 0.006873; 0.003578 \
#; 0.025779; 0.006939; -0.003612; -0.025535; -0.006873; 0.003578 \
#; 0.012363; -0.008095; -0.001785; -0.007198; 0.004714; 0.001039 \
#; 0.012363; 0.008095; -0.001785; -0.007198; -0.004714; 0.001039 \
#; 0.007316; -0.004791; -0.001056; -0.012294; 0.008050; 0.001775 \
#; 0.007316; 0.004791; -0.001056; -0.012294; -0.008050; 0.001775 \
#; 0.002934; -0.000656; 0.003181; 0.002966; -0.000663; 0.003217 \
#; 0.002934; 0.000656; 0.003181; 0.002966; 0.000663; 0.003217 \
#; -0.002938; 0.000657; -0.003186; -0.002962; 0.000662; -0.003212 \
#; -0.002938; -0.000657; -0.003186; -0.002962; -0.000662; -0.003212 \
#; -0.004365; -0.000000; -0.005789; 0.002758; -0.000000; 0.003657 \
#; -0.002799; -0.000000; -0.003712; 0.004339; -0.000000; 0.005754 \
#; -0.013893; 0.000000; 0.002155; 0.020000; -0.000000; -0.003102 \
#; -0.020131; 0.000000; 0.003122; 0.013702; -0.000000; -0.002125 \
# ]
#metaData: qpt=[0.500000;0.000000;0.500000;2.152095 \
#; 0.036573; -0.000000; -0.010568; 0.000000; 0.000000; 0.000000 \
#; -0.033855; -0.000000; 0.009783; -0.013836; -0.000000; 0.003998 \
#; -0.000000; 0.000000; -0.001602; 0.000000; 0.000000; -0.000113 \
#; -0.000000; 0.000000; 0.001525; -0.000000; -0.000000; 0.000502 \
#; -0.006995; 0.001883; -0.000980; 0.035604; -0.009583; 0.004989 \
#; -0.006995; -0.001883; -0.000980; 0.035604; 0.009583; 0.004989 \
#; 0.000496; 0.000440; 0.007137; -0.002526; -0.002241; -0.036328 \
#; 0.000496; -0.000440; 0.007137; -0.002526; 0.002241; -0.036328 \
#; -0.001805; 0.000404; 0.001957; 0.003762; -0.000841; -0.004079 \
#; -0.001805; -0.000404; 0.001957; 0.003762; 0.000841; -0.004079 \
#; 0.000248; -0.000055; -0.000268; 0.004165; -0.000931; -0.004516 \
#; 0.000248; 0.000055; -0.000268; 0.004165; 0.000931; -0.004516 \
#; 0.014035; -0.009191; 0.002026; 0.002769; -0.001813; 0.000400 \
#; 0.014035; 0.009191; 0.002026; 0.002769; 0.001813; 0.000400 \
#; -0.014039; 0.009193; -0.002027; -0.002747; 0.001799; -0.000397 \
#; -0.014039; -0.009193; -0.002027; -0.002747; -0.001799; -0.000397 \
#; 0.009734; 0.000000; 0.001509; -0.022322; -0.000000; -0.003462 \
#; -0.000565; -0.000000; -0.000088; -0.024345; -0.000000; -0.003775 \
#; -0.000057; -0.000000; 0.000075; 0.005163; -0.000000; -0.006847 \
#; -0.001901; 0.000000; 0.002521; 0.004800; -0.000000; -0.006366 \
# ]
#metaData: qpt=[0.500000;0.000000;0.500000;2.365185 \
#; 0.000000; 0.016319; -0.000000; -0.000000; -0.001430; -0.000000 \
#; -0.000000; -0.015647; -0.000000; -0.000000; -0.004850; 0.000000 \
#; 0.000000; -0.004871; -0.000000; 0.000000; 0.001223; -0.000000 \
#; -0.000000; 0.005022; -0.000000; -0.000000; 0.000009; -0.000000 \
#; -0.000026; -0.002344; 0.003267; 0.017309; 0.043308; -0.015092 \
#; 0.000026; -0.002344; -0.003267; -0.017309; 0.043308; 0.015092 \
#; -0.003132; -0.004739; 0.001677; 0.023116; 0.022380; -0.030309 \
#; 0.003132; -0.004739; -0.001677; -0.023116; 0.022380; 0.030309 \
#; -0.004434; -0.003902; 0.002370; 0.013005; 0.009326; -0.005790 \
#; 0.004434; -0.003902; -0.002370; -0.013005; 0.009326; 0.005790 \
#; 0.002435; 0.001115; -0.000738; 0.013523; 0.010047; -0.006212 \
#; -0.002435; 0.001115; 0.000738; -0.013523; 0.010047; 0.006212 \
#; -0.002554; 0.008796; 0.004690; -0.001106; 0.000132; 0.000015 \
#; 0.002554; 0.008796; -0.004690; 0.001106; 0.000132; -0.000015 \
#; 0.002556; -0.008796; -0.004690; 0.001102; -0.000118; -0.000007 \
#; -0.002556; -0.008796; 0.004690; -0.001102; -0.000118; 0.000007 \
#; 0.000000; -0.006831; -0.000000; -0.000000; 0.025047; 0.000000 \
#; -0.000000; 0.004345; -0.000000; -0.000000; 0.025595; -0.000000 \
#; -0.000000; -0.000156; 0.000000; 0.000000; 0.015719; -0.000000 \
#; 0.000000; -0.005772; -0.000000; -0.000000; 0.014621; 0.000000 \
# ]
#metaData: qpt=[0.500000;0.000000;0.500000;2.365185 \
#; -0.000000; -0.004203; -0.000000; -0.000000; -0.002749; 0.000000 \
#; -0.000000; 0.002851; -0.000000; -0.000000; 0.004135; -0.000000 \
#; -0.000000; -0.014954; 0.000000; 0.000000; -0.006689; 0.000000 \
#; -0.000000; 0.012857; -0.000000; -0.000000; 0.010151; -0.000000 \
#; -0.011518; -0.009794; -0.017034; 0.020285; 0.020674; 0.025125 \
#; 0.011518; -0.009794; 0.017034; -0.020285; 0.020674; -0.025125 \
#; 0.010469; 0.024382; 0.006548; -0.013784; -0.035869; -0.013985 \
#; -0.010469; 0.024382; -0.006548; 0.013784; -0.035869; 0.013985 \
#; -0.001326; 0.006837; -0.003680; 0.002447; -0.005535; 0.002908 \
#; 0.001326; 0.006837; 0.003680; -0.002447; -0.005535; -0.002908 \
#; 0.000028; 0.003291; -0.001806; 0.002783; -0.008158; 0.004328 \
#; -0.000028; 0.003291; 0.001806; -0.002783; -0.008158; -0.004328 \
#; 0.011519; 0.008828; 0.005439; 0.007491; 0.004926; 0.003090 \
#; -0.011519; 0.008828; -0.005439; -0.007491; 0.004926; -0.003090 \
#; -0.011530; -0.008835; -0.005444; -0.007473; -0.004912; -0.003082 \
#; 0.011530; -0.008835; 0.005444; 0.007473; -0.004912; 0.003082 \
#; -0.000000; -0.009827; 0.000000; -0.000000; 0.012269; -0.000000 \
#; 0.000000; -0.003750; 0.000000; -0.000000; 0.015265; -0.000000 \
#; 0.000000; 0.010562; -0.000000; 0.000000; -0.023716; 0.000000 \
#; 0.000000; 0.018351; -0.000000; -0.000000; -0.018364; 0.000000 \
# ]
#metaData: qpt=[0.500000;0.000000;0.500000;3.510349 \
#; 0.000000; 0.001276; 0.000000; 0.000000; 0.014007; -0.000000 \
#; 0.000000; 0.004118; 0.000000; 0.000000; -0.013449; -0.000000 \
#; 0.000000; 0.005315; 0.000000; -0.000000; 0.003209; -0.000000 \
#; 0.000000; -0.004366; 0.000000; -0.000000; -0.004414; -0.000000 \
#; -0.007226; 0.008003; -0.008086; -0.000038; 0.005240; 0.000999 \
#; 0.007226; 0.008003; 0.008086; 0.000038; 0.005240; -0.000999 \
#; 0.000041; 0.014779; -0.003017; 0.002534; -0.002699; -0.002857 \
#; -0.000041; 0.014779; 0.003017; -0.002534; -0.002699; 0.002857 \
#; -0.020770; -0.054312; -0.023038; -0.006620; -0.026852; -0.007681 \
#; 0.020770; -0.054312; 0.023038; 0.006620; -0.026852; 0.007681 \
#; -0.021373; -0.060519; -0.023870; 0.004291; 0.002879; 0.004465 \
#; 0.021373; -0.060519; 0.023870; -0.004291; 0.002879; -0.004465 \
#; -0.007608; -0.020522; 0.008461; -0.002988; -0.034107; 0.004244 \
#; 0.007608; -0.020522; -0.008461; 0.002988; -0.034107; -0.004244 \
#; 0.007613; 0.020575; -0.008467; 0.002976; 0.034075; -0.004231 \
#; -0.007613; 0.020575; 0.008467; -0.002976; 0.034075; 0.004231 \
#; -0.000000; -0.002272; 0.000000; -0.000000; -0.006475; 0.000000 \
#; 0.000000; -0.004786; -0.000000; 0.000000; -0.004917; -0.000000 \
#; -0.000000; -0.016076; 0.000000; 0.000000; 0.004142; 0.000000 \
#; -0.000000; -0.016494; 0.000000; -0.000000; -0.001886; 0.000000 \
# ]
#metaData: qpt=[0.500000;0.000000;0.500000;3.510349 \
#; -0.000000; -0.003369; -0.000000; 0.000000; 0.005215; -0.000000 \
#; 0.000000; 0.005091; 0.000000; -0.000000; -0.003553; 0.000000 \
#; -0.000000; -0.004996; 0.000000; -0.000000; -0.013148; 0.000000 \
#; 0.000000; 0.001620; -0.000000; 0.000000; 0.013971; -0.000000 \
#; -0.000303; 0.015008; 0.002602; -0.002516; 0.000668; -0.003240 \
#; 0.000303; 0.015008; -0.002602; 0.002516; 0.000668; 0.003240 \
#; 0.007154; -0.007217; -0.008147; -0.001018; 0.006277; 0.000108 \
#; -0.007154; -0.007217; 0.008147; 0.001018; 0.006277; -0.000108 \
#; -0.002071; -0.031455; -0.003219; -0.007907; -0.024393; -0.008901 \
#; 0.002071; -0.031455; 0.003219; 0.007907; -0.024393; 0.008901 \
#; -0.005648; -0.039341; -0.007134; -0.005908; -0.006063; -0.006221 \
#; 0.005648; -0.039341; 0.007134; 0.005908; -0.006063; 0.006221 \
#; 0.004130; 0.020274; -0.004916; 0.021405; 0.057094; -0.023781 \
#; -0.004130; 0.020274; 0.004916; -0.021405; 0.057094; 0.023781 \
#; -0.004163; -0.020363; 0.004953; -0.021399; -0.057063; 0.023774 \
#; 0.004163; -0.020363; -0.004953; 0.021399; -0.057063; -0.023774 \
#; 0.000000; -0.016414; -0.000000; -0.000000; -0.002484; 0.000000 \
#; -0.000000; -0.015935; -0.000000; -0.000000; 0.004655; 0.000000 \
#; 0.000000; 0.001601; -0.000000; -0.000000; -0.006672; 0.000000 \
#; 0.000000; 0.003883; -0.000000; -0.000000; -0.005657; 0.000000 \
# ]
#metaData: qpt=[0.500000;0.000000;0.500000;3.616789 \
#; 0.000000; 0.000000; 0.017678; -0.000000; -0.000000; -0.004343 \
#; 0.000000; -0.000000; 0.018007; 0.000000; 0.000000; 0.002667 \
#; 0.026078; -0.000000; 0.019957; -0.004497; -0.000000; -0.003442 \
#; 0.026385; 0.000000; 0.020191; 0.002033; -0.000000; 0.001556 \
#; 0.000000; -0.000000; 0.000000; -0.000000; -0.000000; 0.000000 \
#; -0.000000; -0.000000; -0.000000; -0.000000; -0.000000; 0.000000 \
#; 0.000000; -0.000000; 0.000000; -0.000000; -0.000000; -0.000000 \
#; 0.000000; -0.000000; 0.000000; 0.000000; -0.000000; -0.000000 \
#; 0.005273; 0.009246; 0.004772; -0.025179; -0.044153; -0.022790 \
#; 0.005273; -0.009246; 0.004772; -0.025179; 0.044153; -0.022790 \
#; 0.007610; 0.013344; 0.006887; 0.024574; 0.043092; 0.022242 \
#; 0.007610; -0.013344; 0.006887; 0.024574; -0.043092; 0.022242 \
#; -0.001685; 0.007891; 0.006826; 0.000078; -0.000365; -0.000315 \
#; -0.001685; -0.007891; 0.006826; 0.000078; 0.000365; -0.000315 \
#; -0.001685; 0.007891; 0.006826; 0.000080; -0.000377; -0.000326 \
#; -0.001685; -0.007891; 0.006826; 0.000080; 0.000377; -0.000326 \
#; 0.004603; 0.000000; -0.003173; -0.026775; 0.000000; 0.018454 \
#; 0.007093; 0.000000; -0.004889; 0.026226; 0.000000; -0.018075 \
#; 0.008291; 0.000000; -0.003988; 0.035418; -0.000000; -0.017037 \
#; 0.004935; 0.000000; -0.002374; -0.036039; 0.000000; 0.017336 \
# ]
#metaData: qpt=[0.500000;0.000000;0.500000;3.616789 \
#; -0.026463; 0.000000; 0.020251; 0.000000; 0.000000; -0.000000 \
#; -0.024496; 0.000000; 0.018746; -0.010012; -0.000000; 0.007662 \
#; 0.000000; 0.000000; -0.018159; 0.000000; 0.000000; -0.001276 \
#; 0.000000; -0.000000; -0.017292; 0.000000; -0.000000; -0.005689 \
#; -0.000000; 0.000000; 0.000000; 0.000000; 0.000000; 0.000000 \
#; 0.000000; 0.000000; 0.000000; -0.000000; 0.000000; 0.000000 \
#; -0.000000; 0.000000; 0.000000; 0.000000; 0.000000; -0.000000 \
#; 0.000000; 0.000000; 0.000000; -0.000000; 0.000000; -0.000000 \
#; -0.000730; 0.003417; -0.002956; 0.001521; -0.007122; 0.006161 \
#; -0.000730; -0.003417; -0.002956; 0.001521; 0.007122; 0.006161 \
#; -0.000100; 0.000469; -0.000405; -0.001684; 0.007886; -0.006821 \
#; -0.000100; -0.000469; -0.000405; -0.001684; -0.007886; -0.006821 \
#; -0.025239; -0.044258; 0.022844; -0.004979; -0.008731; 0.004506 \
#; -0.025239; 0.044258; 0.022844; -0.004979; 0.008731; 0.004506 \
#; -0.025247; -0.044272; 0.022851; -0.004940; -0.008662; 0.004471 \
#; -0.025247; 0.044272; 0.022851; -0.004940; 0.008662; 0.004471 \
#; 0.014539; -0.000000; 0.006994; -0.033344; 0.000000; -0.016039 \
#; 0.000844; -0.000000; 0.000406; 0.036366; 0.000000; 0.017493 \
#; 0.000298; -0.000000; 0.000205; -0.027167; 0.000000; -0.018724 \
#; -0.010002; -0.000000; -0.006893; 0.025260; 0.000000; 0.017410 \
# ]
#metaData: qpt=[0.500000;0.000000;0.500000;3.758284 \
#; 0.000000; -0.000000; 0.013368; 0.000000; 0.000000; 0.006277 \
#; 0.000000; 0.000000; -0.010000; 0.000000; 0.000000; -0.010868 \
#; 0.016959; 0.000000; -0.010386; 0.009467; -0.000000; -0.005798 \
#; -0.014120; -0.000000; 0.008647; -0.013336; 0.000000; 0.008167 \
#; 0.002435; 0.002790; -0.008588; -0.003318; -0.003803; 0.011706 \
#; 0.002435; -0.002790; -0.008588; -0.003318; 0.003803; 0.011706 \
#; -0.003414; -0.000973; -0.001507; 0.004653; 0.001327; 0.002054 \
#; -0.003414; 0.000973; -0.001507; 0.004653; -0.001327; 0.002054 \
#; -0.018530; -0.002006; -0.000122; 0.015122; 0.001637; 0.000099 \
#; -0.018530; 0.002006; -0.000122; 0.015122; -0.001637; 0.000099 \
#; -0.008863; -0.000959; -0.000058; 0.022214; 0.002404; 0.000146 \
#; -0.008863; 0.000959; -0.000058; 0.022214; -0.002404; 0.000146 \
#; -0.003151; -0.015903; -0.002558; -0.002315; -0.011687; -0.001880 \
#; -0.003151; 0.015903; -0.002558; -0.002315; 0.011687; -0.001880 \
#; 0.003154; 0.015921; 0.002561; 0.002310; 0.011662; 0.001876 \
#; 0.003154; -0.015921; 0.002561; 0.002310; -0.011662; 0.001876 \
#; -0.008094; -0.000000; 0.025914; 0.007108; 0.000000; -0.022757 \
#; -0.004351; -0.000000; 0.013930; 0.009854; 0.000000; -0.031549 \
#; -0.036153; -0.000000; 0.016306; 0.074849; -0.000000; -0.033759 \
#; -0.060547; -0.000000; 0.027309; 0.056951; -0.000000; -0.025687 \
# ]
#metaData: qpt=[0.500000;0.000000;0.500000;3.758284 \
#; 0.019422; 0.000000; 0.011894; 0.000000; 0.000000; -0.000000 \
#; -0.017979; -0.000000; -0.011010; -0.007348; -0.000000; -0.004500 \
#; 0.000000; 0.000000; 0.014732; 0.000000; 0.000000; 0.001035 \
#; 0.000000; -0.000000; -0.014029; 0.000000; -0.000000; -0.004615 \
#; -0.001112; -0.000317; 0.000491; 0.005662; 0.001615; -0.002500 \
#; -0.001112; 0.000317; 0.000491; 0.005662; -0.001615; -0.002500 \
#; -0.000793; -0.000909; -0.002799; 0.004038; 0.004628; 0.014246 \
#; -0.000793; 0.000909; -0.002799; 0.004038; -0.004628; 0.014246 \
#; -0.001691; -0.008537; 0.001373; 0.003525; 0.017794; -0.002862 \
#; -0.001691; 0.008537; 0.001373; 0.003525; -0.017794; -0.002862 \
#; 0.000232; 0.001171; -0.000188; 0.003903; 0.019701; -0.003169 \
#; 0.000232; -0.001171; -0.000188; 0.003903; -0.019701; -0.003169 \
#; 0.023465; 0.002540; -0.000154; 0.004629; 0.000501; -0.000030 \
#; 0.023465; -0.002540; -0.000154; 0.004629; -0.000501; -0.000030 \
#; -0.023472; -0.002540; 0.000154; -0.004592; -0.000497; 0.000030 \
#; -0.023472; 0.002540; 0.000154; -0.004592; 0.000497; 0.000030 \
#; -0.033224; -0.000000; -0.014985; 0.076194; 0.000000; 0.034366 \
#; 0.001929; -0.000000; 0.000870; 0.083100; 0.000000; 0.037481 \
#; 0.000118; -0.000000; 0.000378; -0.010771; 0.000000; -0.034486 \
#; 0.003966; -0.000000; 0.012696; -0.010016; 0.000000; -0.032066 \
# ]
#metaData: qpt=[0.500000;0.000000;0.500000;4.074709 \
#; 0.000000; 0.000000; 0.008177; -0.000000; -0.000000; -0.003837 \
#; -0.000000; 0.000000; -0.009021; -0.000000; -0.000000; 0.000458 \
#; -0.006853; -0.000000; -0.002962; 0.002647; 0.000000; 0.001144 \
#; 0.007293; -0.000000; 0.003152; -0.000886; -0.000000; -0.000383 \
#; -0.002186; -0.000661; 0.001580; -0.008750; -0.002648; 0.006324 \
#; -0.002186; 0.000661; 0.001580; -0.008750; 0.002648; 0.006324 \
#; 0.003538; 0.003220; -0.002809; 0.014163; 0.012890; -0.011246 \
#; 0.003538; -0.003220; -0.002809; 0.014163; -0.012890; -0.011246 \
#; -0.000122; -0.000075; -0.000209; 0.014160; 0.008732; 0.024275 \
#; -0.000122; 0.000075; -0.000209; 0.014160; -0.008732; 0.024275 \
#; 0.006766; 0.004172; 0.011598; 0.012440; 0.007671; 0.021326 \
#; 0.006766; -0.004172; 0.011598; 0.012440; -0.007671; 0.021326 \
#; -0.026064; -0.047972; 0.035765; 0.006489; 0.011942; -0.008904 \
#; -0.026064; 0.047972; 0.035765; 0.006489; -0.011942; -0.008904 \
#; 0.026054; 0.047953; -0.035751; -0.006529; -0.012017; 0.008959 \
#; 0.026054; -0.047953; -0.035751; -0.006529; 0.012017; 0.008959 \
#; -0.000093; 0.000000; 0.000406; -0.003391; 0.000000; 0.014721 \
#; -0.001512; 0.000000; 0.006564; -0.003036; -0.000000; 0.013183 \
#; -0.017569; -0.000000; -0.007255; -0.038533; -0.000000; -0.015912 \
#; -0.002613; -0.000000; -0.001079; -0.042268; -0.000000; -0.017454 \
# ]
#metaData: qpt=[0.500000;0.000000;0.500000;4.074709 \
#; -0.007346; 0.000000; 0.003175; -0.000000; 0.000000; -0.000000 \
#; 0.006800; -0.000000; -0.002939; 0.002779; -0.000000; -0.001201 \
#; 0.000000; 0.000000; 0.009010; 0.000000; 0.000000; 0.000633 \
#; 0.000000; 0.000000; -0.008580; 0.000000; 0.000000; -0.002823 \
#; -0.002814; -0.002561; -0.002235; 0.014324; 0.013037; 0.011374 \
#; -0.002814; 0.002561; -0.002235; 0.014324; -0.013037; 0.011374 \
#; -0.001739; -0.000526; -0.001257; 0.008850; 0.002678; 0.006396 \
#; -0.001739; 0.000526; -0.001257; 0.008850; -0.002678; 0.006396 \
#; -0.011619; -0.021385; -0.015943; 0.024217; 0.044571; 0.033230 \
#; -0.011619; 0.021385; -0.015943; 0.024217; -0.044571; 0.033230 \
#; 0.001594; 0.002933; 0.002187; 0.026812; 0.049349; 0.036792 \
#; 0.001594; -0.002933; 0.002187; 0.026812; -0.049349; 0.036792 \
#; 0.013893; 0.008567; -0.023817; 0.002741; 0.001690; -0.004698 \
#; 0.013893; -0.008567; -0.023817; 0.002741; -0.001690; -0.004698 \
#; -0.013897; -0.008570; 0.023824; -0.002719; -0.001677; 0.004661 \
#; -0.013897; 0.008570; 0.023824; -0.002719; 0.001677; 0.004661 \
#; 0.016927; -0.000000; -0.006990; -0.038819; 0.000000; 0.016030 \
#; -0.000983; 0.000000; 0.000406; -0.042338; 0.000000; 0.017483 \
#; -0.000037; -0.000000; -0.000162; 0.003392; 0.000000; 0.014725 \
#; -0.001249; -0.000000; -0.005421; 0.003154; 0.000000; 0.013692 \
# ]
#metaData: qpt=[0.500000;0.000000;0.500000;4.427973 \
#; 0.000000; 0.001166; -0.000000; -0.000000; -0.000112; -0.000000 \
#; -0.000000; 0.001122; 0.000000; -0.000000; 0.000337; 0.000000 \
#; -0.000000; -0.000733; 0.000000; -0.000000; -0.002302; 0.000000 \
#; 0.000000; -0.000146; 0.000000; 0.000000; -0.002411; -0.000000 \
#; -0.000000; 0.000000; 0.000000; 0.000000; 0.000000; -0.000000 \
#; -0.000000; 0.000000; -0.000000; -0.000000; 0.000000; -0.000000 \
#; 0.000000; 0.000000; 0.000000; -0.000000; -0.000000; 0.000000 \
#; 0.000000; -0.000000; -0.000000; 0.000000; -0.000000; -0.000000 \
#; 0.034708; 0.060108; 0.036574; 0.005730; 0.000627; 0.004475 \
#; -0.034708; 0.060108; -0.036574; -0.005730; 0.000627; -0.004475 \
#; -0.033128; -0.052860; -0.034150; 0.011834; 0.028623; 0.013837 \
#; 0.033128; -0.052860; 0.034150; -0.011834; 0.028623; -0.013837 \
#; -0.018673; -0.027093; 0.018795; -0.008747; 0.004587; 0.005900 \
#; 0.018673; -0.027093; -0.018795; 0.008747; 0.004587; -0.005900 \
#; -0.018687; -0.027086; 0.018804; -0.008718; 0.004630; 0.005870 \
#; 0.018687; -0.027086; -0.018804; 0.008718; 0.004630; -0.005870 \
#; 0.000000; 0.002412; -0.000000; -0.000000; 0.000739; -0.000000 \
#; -0.000000; -0.002499; -0.000000; -0.000000; 0.000345; 0.000000 \
#; 0.000000; 0.001213; -0.000000; 0.000000; -0.001778; -0.000000 \
#; 0.000000; -0.001769; -0.000000; -0.000000; 0.001226; 0.000000 \
# ]
#metaData: qpt=[0.500000;0.000000;0.500000;4.427973 \
#; -0.000000; -0.002113; 0.000000; 0.000000; 0.001171; 0.000000 \
#; -0.000000; -0.002399; -0.000000; -0.000000; 0.000284; -0.000000 \
#; 0.000000; -0.000771; 0.000000; 0.000000; -0.000882; -0.000000 \
#; 0.000000; -0.000531; 0.000000; 0.000000; -0.001044; 0.000000 \
#; -0.000000; -0.000000; -0.000000; -0.000000; -0.000000; 0.000000 \
#; -0.000000; -0.000000; 0.000000; -0.000000; -0.000000; 0.000000 \
#; -0.000000; 0.000000; 0.000000; 0.000000; -0.000000; -0.000000 \
#; -0.000000; -0.000000; -0.000000; 0.000000; -0.000000; -0.000000 \
#; 0.016029; 0.027402; 0.016831; -0.012972; -0.002047; -0.010237 \
#; -0.016029; 0.027402; -0.016831; 0.012972; -0.002047; 0.010237 \
#; -0.007720; -0.022966; -0.009748; 0.019121; 0.015088; 0.017119 \
#; 0.007720; -0.022966; 0.009748; -0.019121; 0.015088; -0.017119 \
#; 0.032320; 0.058202; -0.034432; -0.013890; -0.015030; 0.013119 \
#; -0.032320; 0.058202; 0.034432; 0.013890; -0.015030; -0.013119 \
#; 0.032298; 0.058179; -0.034412; -0.013940; -0.015121; 0.013173 \
#; -0.032298; 0.058179; 0.034412; 0.013940; -0.015121; -0.013173 \
#; 0.000000; 0.001050; 0.000000; -0.000000; -0.001879; 0.000000 \
#; 0.000000; -0.000162; 0.000000; 0.000000; 0.002146; 0.000000 \
#; -0.000000; 0.001737; 0.000000; 0.000000; 0.001830; -0.000000 \
#; 0.000000; -0.000967; 0.000000; 0.000000; -0.002330; -0.000000 \
# ]
#metaData: qpt=[0.500000;0.000000;0.500000;4.701104 \
#; 0.007431; 0.000000; 0.005736; -0.000000; -0.000000; -0.000000 \
#; -0.006878; -0.000000; -0.005310; -0.002811; -0.000000; -0.002170 \
#; -0.000000; -0.000000; 0.002032; -0.000000; -0.000000; 0.000143 \
#; -0.000000; 0.000000; -0.001935; -0.000000; 0.000000; -0.000637 \
#; 0.005033; -0.002553; 0.000620; -0.025621; 0.012995; -0.003154 \
#; 0.005033; 0.002553; 0.000620; -0.025621; -0.012995; -0.003154 \
#; 0.001014; -0.000170; 0.004260; -0.005161; 0.000867; -0.021682 \
#; 0.001014; 0.000170; 0.004260; -0.005161; -0.000867; -0.021682 \
#; -0.002692; -0.005432; 0.000010; 0.005610; 0.011322; -0.000020 \
#; -0.002692; 0.005432; 0.000010; 0.005610; -0.011322; -0.000020 \
#; 0.000369; 0.000745; -0.000001; 0.006211; 0.012535; -0.000022 \
#; 0.000369; -0.000745; -0.000001; 0.006211; -0.012535; -0.000022 \
#; -0.010909; 0.050511; 0.020192; -0.002152; 0.009964; 0.003983 \
#; -0.010909; -0.050511; 0.020192; -0.002152; -0.009964; 0.003983 \
#; 0.010912; -0.050526; -0.020199; 0.002135; -0.009886; -0.003952 \
#; 0.010912; 0.050526; -0.020199; 0.002135; 0.009886; -0.003952 \
#; 0.010266; -0.000000; 0.000456; -0.023544; 0.000000; -0.001047 \
#; -0.000596; -0.000000; -0.000027; -0.025678; 0.000000; -0.001142 \
#; 0.000049; -0.000000; 0.000676; -0.004454; 0.000000; -0.061580 \
#; 0.001640; -0.000000; 0.022672; -0.004142; 0.000000; -0.057259 \
# ]
#metaData: qpt=[0.500000;0.000000;0.500000;4.701104 \
#; -0.000000; -0.000000; -0.000587; 0.000000; 0.000000; 0.001950 \
#; -0.000000; 0.000000; 0.001281; 0.000000; -0.000000; -0.001584 \
#; -0.002633; -0.000000; 0.002033; 0.006948; -0.000000; -0.005364 \
#; 0.004257; 0.000000; -0.003286; -0.006091; 0.000000; 0.004702 \
#; -0.004650; 0.000781; 0.019536; -0.002457; 0.000413; 0.010323 \
#; -0.004650; -0.000781; 0.019536; -0.002457; -0.000413; 0.010323 \
#; 0.023086; -0.011709; -0.002842; 0.012199; -0.006187; -0.001502 \
#; 0.023086; 0.011709; -0.002842; 0.012199; 0.006187; -0.001502 \
#; 0.008215; -0.038038; 0.015206; 0.007493; -0.034696; 0.013870 \
#; 0.008215; 0.038038; 0.015206; 0.007493; 0.034696; 0.013870 \
#; 0.010819; -0.050096; 0.020027; 0.002565; -0.011876; 0.004748 \
#; 0.010819; 0.050096; 0.020027; 0.002565; 0.011876; 0.004748 \
#; 0.002911; 0.005875; 0.000010; -0.005499; -0.011098; -0.000020 \
#; 0.002911; -0.005875; 0.000010; -0.005499; 0.011098; -0.000020 \
#; -0.002903; -0.005858; -0.000010; 0.005504; 0.011107; 0.000020 \
#; -0.002903; 0.005858; -0.000010; 0.005504; -0.011107; 0.000020 \
#; -0.003397; 0.000000; 0.046970; -0.002881; 0.000000; 0.039830 \
#; -0.004294; 0.000000; 0.059371; -0.001184; 0.000000; 0.016363 \
#; 0.024514; -0.000000; -0.001090; 0.007667; 0.000000; -0.000341 \
#; 0.020146; -0.000000; -0.000896; 0.015933; 0.000000; -0.000708 \
# ]
#metaData: qpt=[0.500000;0.000000;0.500000;4.744448 \
#; 0.000000; 0.006555; 0.000000; -0.000000; -0.004170; 0.000000 \
#; 0.000000; -0.007646; -0.000000; 0.000000; 0.001380; 0.000000 \
#; 0.000000; -0.008093; -0.000000; 0.000000; -0.013846; 0.000000 \
#; -0.000000; 0.004451; 0.000000; 0.000000; 0.015408; 0.000000 \
#; 0.006879; -0.001016; 0.010158; 0.004740; 0.004424; -0.006567 \
#; -0.006879; -0.001016; -0.010158; -0.004740; 0.004424; 0.006567 \
#; 0.012590; 0.007409; 0.005949; -0.007866; -0.001829; 0.003695 \
#; -0.012590; 0.007409; -0.005949; 0.007866; -0.001829; -0.003695 \
#; 0.042423; -0.028190; 0.044435; -0.010703; -0.001814; -0.010902 \
#; -0.042423; -0.028190; -0.044435; 0.010703; -0.001814; 0.010902 \
#; 0.031898; -0.025528; 0.033561; -0.029946; 0.012095; -0.031097 \
#; -0.031898; -0.025528; -0.033561; 0.029946; 0.012095; 0.031097 \
#; 0.016209; -0.017461; -0.017209; -0.015555; -0.006605; 0.015707 \
#; -0.016209; -0.017461; 0.017209; 0.015555; -0.006605; -0.015707 \
#; -0.016185; 0.017471; 0.017185; 0.015580; 0.006578; -0.015734 \
#; 0.016185; 0.017471; -0.017185; -0.015580; 0.006578; 0.015734 \
#; -0.000000; -0.005278; 0.000000; 0.000000; -0.005308; -0.000000 \
#; 0.000000; -0.007022; -0.000000; -0.000000; -0.002593; -0.000000 \
#; -0.000000; -0.009531; 0.000000; 0.000000; 0.008913; 0.000000 \
#; 0.000000; -0.012090; -0.000000; -0.000000; 0.004911; 0.000000 \
# ]
#metaData: qpt=[0.500000;0.000000;0.500000;4.744448 \
#; -0.000000; -0.013859; 0.000000; 0.000000; 0.008072; -0.000000 \
#; -0.000000; 0.015882; 0.000000; 0.000000; -0.002229; 0.000000 \
#; 0.000000; -0.003655; -0.000000; -0.000000; -0.006856; 0.000000 \
#; 0.000000; 0.001862; 0.000000; 0.000000; 0.007543; -0.000000 \
#; -0.002659; -0.003635; 0.006738; -0.014605; -0.006710; 0.001912 \
#; 0.002659; -0.003635; -0.006738; 0.014605; -0.006710; -0.001912 \
#; 0.008136; 0.002587; -0.001982; 0.001895; -0.003730; -0.011932 \
#; -0.008136; 0.002587; 0.001982; -0.001895; -0.003730; 0.011932 \
#; 0.021588; -0.012376; 0.022544; 0.006217; 0.013976; 0.005886 \
#; -0.021588; -0.012376; -0.022544; -0.006217; 0.013976; -0.005886 \
#; 0.021892; -0.004038; 0.022568; -0.005041; 0.018226; -0.005794 \
#; -0.021892; -0.004038; -0.022568; 0.005041; 0.018226; 0.005794 \
#; -0.042526; 0.024103; 0.044400; 0.010284; -0.014733; -0.011044 \
#; 0.042526; 0.024103; -0.044400; -0.010284; -0.014733; 0.011044 \
#; 0.042510; -0.024080; -0.044383; -0.010350; 0.014770; 0.011113 \
#; -0.042510; -0.024080; 0.044383; 0.010350; 0.014770; -0.011113 \
#; -0.000000; -0.000621; -0.000000; 0.000000; 0.013035; -0.000000 \
#; -0.000000; 0.004923; 0.000000; -0.000000; 0.012085; 0.000000 \
#; 0.000000; -0.007462; -0.000000; 0.000000; -0.000585; -0.000000 \
#; 0.000000; -0.006758; -0.000000; -0.000000; -0.003217; 0.000000 \
# ]
#metaData: qpt=[0.500000;0.000000;0.500000;4.763175 \
#; -0.017029; 0.000000; 0.000445; -0.000000; -0.000000; 0.000000 \
#; -0.015763; -0.000000; 0.000412; -0.006442; -0.000000; 0.000169 \
#; 0.000000; -0.000000; -0.006169; -0.000000; -0.000000; -0.000433 \
#; -0.000000; 0.000000; -0.005875; -0.000000; 0.000000; -0.001933 \
#; -0.000000; 0.000000; -0.000000; 0.000000; -0.000000; -0.000000 \
#; -0.000000; -0.000000; -0.000000; 0.000000; 0.000000; 0.000000 \
#; -0.000000; 0.000000; -0.000000; 0.000000; 0.000000; 0.000000 \
#; -0.000000; 0.000000; -0.000000; 0.000000; -0.000000; 0.000000 \
#; 0.003054; -0.001830; -0.000202; -0.006365; 0.003814; 0.000422 \
#; 0.003054; 0.001830; -0.000202; -0.006365; -0.003814; 0.000422 \
#; 0.000419; -0.000251; -0.000028; 0.007047; -0.004222; -0.000467 \
#; 0.000419; 0.000251; -0.000028; 0.007047; 0.004222; -0.000467 \
#; 0.034303; 0.007775; -0.043049; 0.006767; 0.001534; -0.008492 \
#; 0.034303; -0.007775; -0.043049; 0.006767; -0.001534; -0.008492 \
#; 0.034313; 0.007777; -0.043063; 0.006714; 0.001522; -0.008425 \
#; 0.034313; -0.007777; -0.043063; 0.006714; -0.001522; -0.008425 \
#; 0.028469; -0.000000; 0.013646; -0.065288; 0.000000; -0.031294 \
#; 0.001653; -0.000000; 0.000792; 0.071206; 0.000000; 0.034130 \
#; -0.000137; -0.000000; -0.000386; 0.012482; 0.000000; 0.035175 \
#; 0.004595; -0.000000; 0.012950; -0.011606; 0.000000; -0.032707 \
# ]
#metaData: qpt=[0.500000;0.000000;0.500000;4.763175 \
#; -0.000000; -0.000000; -0.005317; 0.000000; 0.000000; 0.003159 \
#; 0.000000; 0.000000; -0.006117; 0.000000; -0.000000; 0.000913 \
#; -0.015213; -0.000000; -0.000398; 0.007650; 0.000000; 0.000200 \
#; -0.016625; 0.000000; -0.000435; 0.003687; 0.000000; 0.000096 \
#; -0.000000; -0.000000; -0.000000; -0.000000; -0.000000; -0.000000 \
#; 0.000000; -0.000000; -0.000000; 0.000000; -0.000000; 0.000000 \
#; -0.000000; 0.000000; -0.000000; -0.000000; -0.000000; -0.000000 \
#; -0.000000; -0.000000; 0.000000; 0.000000; -0.000000; 0.000000 \
#; -0.003098; -0.000702; -0.003888; -0.034826; -0.007894; -0.043706 \
#; -0.003098; 0.000702; -0.003888; -0.034826; 0.007894; -0.043706 \
#; 0.019610; 0.004445; 0.024610; 0.028947; 0.006561; 0.036328 \
#; 0.019610; -0.004445; 0.024610; 0.028947; -0.006561; 0.036328 \
#; -0.006652; 0.003986; -0.000441; 0.002363; -0.001416; 0.000157 \
#; -0.006652; -0.003986; -0.000441; 0.002363; 0.001416; 0.000157 \
#; -0.006649; 0.003984; -0.000440; 0.002373; -0.001422; 0.000157 \
#; -0.006649; -0.003984; -0.000440; 0.002373; 0.001422; 0.000157 \
#; -0.001555; -0.000000; 0.004381; -0.012385; 0.000000; 0.034903 \
#; 0.006623; 0.000000; -0.018664; 0.010581; 0.000000; -0.029817 \
#; -0.035705; -0.000000; 0.017114; -0.061630; 0.000000; 0.029540 \
#; 0.011282; -0.000000; -0.005407; 0.070326; 0.000000; -0.033709 \
# ]
#metaData: qpt=[0.500000;0.000000;0.500000;5.320532 \
#; -0.012449; 0.000000; 0.014595; -0.000000; -0.000000; -0.000000 \
#; 0.011524; 0.000000; -0.013510; 0.004710; -0.000000; -0.005521 \
#; -0.000000; 0.000000; 0.005787; 0.000000; 0.000000; 0.000407 \
#; 0.000000; 0.000000; -0.005511; 0.000000; 0.000000; -0.001813 \
#; 0.000530; 0.000383; 0.002015; -0.002696; -0.001947; -0.010258 \
#; 0.000530; -0.000383; 0.002015; -0.002696; 0.001947; -0.010258 \
#; 0.001097; -0.002458; 0.000598; -0.005581; 0.012511; -0.003043 \
#; 0.001097; 0.002458; 0.000598; -0.005581; -0.012511; -0.003043 \
#; 0.009431; 0.005367; 0.006640; -0.019657; -0.011186; -0.013840 \
#; 0.009431; -0.005367; 0.006640; -0.019657; 0.011186; -0.013840 \
#; -0.001293; -0.000736; -0.000911; -0.021763; -0.012385; -0.015324 \
#; -0.001293; 0.000736; -0.000911; -0.021763; 0.012385; -0.015324 \
#; 0.033094; -0.026740; -0.025680; 0.006528; -0.005275; -0.005066 \
#; 0.033094; 0.026740; -0.025680; 0.006528; 0.005275; -0.005066 \
#; -0.033104; 0.026749; 0.025688; -0.006477; 0.005233; 0.005026 \
#; -0.033104; -0.026749; 0.025688; -0.006477; -0.005233; 0.005026 \
#; 0.019020; -0.000000; -0.010054; -0.043619; 0.000000; 0.023058 \
#; -0.001104; -0.000000; 0.000584; -0.047572; 0.000000; 0.025148 \
#; 0.000102; -0.000000; 0.000611; -0.009305; 0.000000; -0.055714 \
#; 0.003426; -0.000000; 0.020512; -0.008652; 0.000000; -0.051805 \
# ]
#metaData: qpt=[0.500000;0.000000;0.500000;5.320532 \
#; -0.000000; 0.000000; -0.005732; 0.000000; 0.000000; 0.000896 \
#; 0.000000; 0.000000; 0.005645; 0.000000; 0.000000; 0.001339 \
#; 0.012404; -0.000000; 0.014542; -0.001056; -0.000000; -0.001237 \
#; -0.012285; -0.000000; -0.014402; -0.002018; -0.000000; -0.002366 \
#; 0.000222; -0.000497; -0.000121; -0.005684; 0.012741; 0.003099 \
#; 0.000222; 0.000497; -0.000121; -0.005684; -0.012741; 0.003099 \
#; -0.000107; -0.000077; 0.000407; 0.002745; 0.001983; -0.010446 \
#; -0.000107; 0.000077; 0.000407; 0.002745; -0.001983; -0.010446 \
#; 0.009720; -0.007854; 0.007543; -0.032301; 0.026100; -0.025065 \
#; 0.009720; 0.007854; 0.007543; -0.032301; -0.026100; -0.025065 \
#; -0.007177; 0.005799; -0.005569; -0.032960; 0.026632; -0.025576 \
#; -0.007177; -0.005799; -0.005569; -0.032960; -0.026632; -0.025576 \
#; -0.021785; -0.012397; 0.015338; -0.000866; -0.000493; 0.000610 \
#; -0.021785; 0.012397; 0.015338; -0.000866; 0.000493; 0.000610 \
#; 0.021786; 0.012398; -0.015339; 0.000832; 0.000474; -0.000586 \
#; 0.021786; -0.012398; -0.015339; 0.000832; -0.000474; -0.000586 \
#; 0.002358; -0.000000; -0.014117; -0.009002; 0.000000; 0.053899 \
#; -0.001650; 0.000000; 0.009879; -0.009158; -0.000000; 0.054835 \
#; 0.006831; 0.000000; 0.003611; 0.047092; -0.000000; 0.024894 \
#; -0.010476; -0.000000; -0.005538; 0.046418; 0.000000; 0.024538 \
# ]
#metaData: qpt=[0.500000;0.000000;0.500000;5.323267 \
#; 0.000000; 0.000000; 0.001527; -0.000000; -0.000000; -0.012011 \
#; 0.000000; 0.000000; 0.005958; 0.000000; -0.000000; -0.010540 \
#; -0.001138; 0.000000; -0.001455; 0.005715; 0.000000; 0.007303 \
#; -0.002505; 0.000000; -0.003201; 0.005262; 0.000000; 0.006724 \
#; -0.000000; 0.000000; -0.000000; -0.000000; 0.000000; 0.000000 \
#; -0.000000; -0.000000; -0.000000; -0.000000; -0.000000; 0.000000 \
#; -0.000000; 0.000000; -0.000000; 0.000000; 0.000000; -0.000000 \
#; -0.000000; -0.000000; -0.000000; 0.000000; -0.000000; -0.000000 \
#; -0.027200; 0.007116; -0.018922; -0.017581; 0.004600; -0.012231 \
#; -0.027200; -0.007116; -0.018922; -0.017581; -0.004600; -0.012231 \
#; 0.032314; -0.008454; 0.022480; 0.002172; -0.000568; 0.001511 \
#; 0.032314; 0.008454; 0.022480; 0.002172; 0.000568; 0.001511 \
#; 0.008532; -0.006118; -0.009225; -0.025641; 0.018384; 0.027723 \
#; 0.008532; 0.006118; -0.009225; -0.025641; -0.018384; 0.027723 \
#; 0.008492; -0.006089; -0.009182; -0.025654; 0.018394; 0.027738 \
#; 0.008492; 0.006089; -0.009182; -0.025654; -0.018394; 0.027738 \
#; 0.042698; -0.000000; -0.023932; 0.025459; 0.000000; -0.014270 \
#; -0.049447; 0.000000; 0.027715; -0.005124; -0.000000; 0.002872 \
#; -0.001314; -0.000000; -0.063890; -0.000182; -0.000000; -0.008837 \
#; 0.001162; 0.000000; 0.056495; 0.000640; 0.000000; 0.031119 \
# ]
#metaData: qpt=[0.500000;0.000000;0.500000;5.323267 \
#; 0.005828; -0.000000; -0.007447; 0.000000; -0.000000; 0.000000 \
#; 0.005394; -0.000000; -0.006893; 0.002205; -0.000000; -0.002817 \
#; 0.000000; 0.000000; -0.012078; -0.000000; -0.000000; -0.000849 \
#; 0.000000; 0.000000; -0.011501; -0.000000; -0.000000; -0.003784 \
#; 0.000000; -0.000000; 0.000000; 0.000000; -0.000000; 0.000000 \
#; 0.000000; 0.000000; 0.000000; 0.000000; 0.000000; 0.000000 \
#; 0.000000; -0.000000; 0.000000; 0.000000; -0.000000; 0.000000 \
#; 0.000000; 0.000000; 0.000000; 0.000000; 0.000000; 0.000000 \
#; 0.011689; -0.008381; 0.012639; -0.024364; 0.017469; -0.026343 \
#; 0.011689; 0.008381; 0.012639; -0.024364; -0.017469; -0.026343 \
#; 0.001603; -0.001150; 0.001733; 0.026975; -0.019341; 0.029166 \
#; 0.001603; 0.001150; 0.001733; 0.026975; 0.019341; 0.029166 \
#; -0.031774; 0.008313; 0.022105; -0.006268; 0.001640; 0.004361 \
#; -0.031774; -0.008313; 0.022105; -0.006268; -0.001640; 0.004361 \
#; -0.031784; 0.008316; 0.022112; -0.006219; 0.001627; 0.004326 \
#; -0.031784; -0.008316; 0.022112; -0.006219; -0.001627; 0.004326 \
#; -0.000530; 0.000000; 0.025780; 0.001216; 0.000000; -0.059122 \
#; -0.000031; -0.000000; 0.001497; -0.001326; 0.000000; 0.064481 \
#; -0.000546; -0.000000; -0.000306; 0.049709; 0.000000; 0.027862 \
#; 0.018301; -0.000000; 0.010258; -0.046221; -0.000000; -0.025907 \
# ]
#metaData: qpt=[0.500000;0.000000;0.500000;5.342073 \
#; -0.000000; -0.012186; 0.000000; -0.000000; -0.001703; -0.000000 \
#; -0.000000; -0.010636; 0.000000; 0.000000; -0.006186; -0.000000 \
#; 0.000000; 0.000575; 0.000000; -0.000000; -0.003912; -0.000000 \
#; -0.000000; 0.001517; -0.000000; 0.000000; -0.003652; 0.000000 \
#; -0.000000; 0.000000; 0.000000; -0.000000; 0.000000; -0.000000 \
#; -0.000000; -0.000000; 0.000000; -0.000000; -0.000000; -0.000000 \
#; -0.000000; -0.000000; -0.000000; 0.000000; 0.000000; -0.000000 \
#; 0.000000; 0.000000; -0.000000; 0.000000; -0.000000; -0.000000 \
#; -0.020773; 0.016111; -0.017520; 0.007917; 0.006824; 0.001565 \
#; 0.020773; 0.016111; 0.017520; -0.007917; 0.006824; -0.001565 \
#; 0.014321; -0.017399; 0.014559; -0.017003; 0.001852; -0.009871 \
#; -0.014321; -0.017399; -0.014559; 0.017003; 0.001852; 0.009871 \
#; -0.039561; 0.050846; 0.041317; -0.007848; 0.016895; 0.010881 \
#; 0.039561; 0.050846; -0.041317; 0.007848; 0.016895; -0.010881 \
#; -0.039574; 0.050872; 0.041334; -0.007787; 0.016816; 0.010817 \
#; 0.039574; 0.050872; -0.041334; 0.007787; 0.016816; -0.010817 \
#; 0.000000; 0.002173; 0.000000; 0.000000; -0.002259; 0.000000 \
#; -0.000000; -0.001021; 0.000000; -0.000000; 0.002964; -0.000000 \
#; 0.000000; 0.000654; -0.000000; -0.000000; 0.002156; -0.000000 \
#; 0.000000; 0.000161; 0.000000; 0.000000; -0.002247; 0.000000 \
# ]
#metaData: qpt=[0.500000;0.000000;0.500000;5.342073 \
#; 0.000000; 0.002129; 0.000000; 0.000000; 0.003332; 0.000000 \
#; -0.000000; 0.000711; 0.000000; -0.000000; 0.003890; -0.000000 \
#; -0.000000; 0.010414; 0.000000; -0.000000; -0.006553; -0.000000 \
#; -0.000000; 0.011703; -0.000000; 0.000000; -0.003800; 0.000000 \
#; -0.000000; 0.000000; -0.000000; -0.000000; 0.000000; -0.000000 \
#; -0.000000; -0.000000; 0.000000; -0.000000; -0.000000; 0.000000 \
#; 0.000000; 0.000000; -0.000000; -0.000000; -0.000000; -0.000000 \
#; 0.000000; -0.000000; -0.000000; 0.000000; 0.000000; -0.000000 \
#; -0.001881; 0.009150; -0.004619; -0.040289; 0.052792; -0.042476 \
#; 0.001881; 0.009150; 0.004619; 0.040289; 0.052792; 0.042476 \
#; 0.021197; -0.033620; 0.024652; 0.034313; -0.041718; 0.034897 \
#; -0.021197; -0.033620; -0.024652; -0.034313; -0.041718; -0.034897 \
#; -0.010917; -0.004354; 0.004152; 0.019365; -0.016947; -0.017093 \
#; 0.010917; -0.004354; -0.004152; -0.019365; -0.016947; 0.017093 \
#; -0.010887; -0.004380; 0.004125; 0.019382; -0.016940; -0.017100 \
#; 0.010887; -0.004380; -0.004125; -0.019382; -0.016940; 0.017100 \
#; -0.000000; -0.000500; 0.000000; 0.000000; 0.002197; 0.000000 \
#; -0.000000; -0.000471; 0.000000; -0.000000; -0.002203; 0.000000 \
#; 0.000000; 0.002328; 0.000000; 0.000000; 0.002100; -0.000000 \
#; 0.000000; -0.001422; 0.000000; 0.000000; -0.002794; 0.000000 \
# ]
#metaData: qpt=[0.500000;0.000000;0.500000;6.431267 \
#; -0.004634; -0.000000; 0.001034; 0.000000; 0.000000; -0.000000 \
#; -0.004289; -0.000000; 0.000957; -0.001753; 0.000000; 0.000391 \
#; -0.000000; 0.000000; 0.003458; -0.000000; 0.000000; 0.000243 \
#; 0.000000; -0.000000; 0.003293; -0.000000; 0.000000; 0.001083 \
#; 0.000000; -0.000000; 0.000000; -0.000000; 0.000000; -0.000000 \
#; -0.000000; 0.000000; -0.000000; 0.000000; -0.000000; -0.000000 \
#; 0.000000; -0.000000; 0.000000; -0.000000; 0.000000; -0.000000 \
#; -0.000000; 0.000000; -0.000000; -0.000000; -0.000000; 0.000000 \
#; 0.004118; -0.022170; 0.005045; -0.008583; 0.046207; -0.010516 \
#; 0.004118; 0.022170; 0.005045; -0.008583; -0.046207; -0.010516 \
#; 0.000565; -0.003041; 0.000692; 0.009503; -0.051160; 0.011643 \
#; 0.000565; 0.003041; 0.000692; 0.009503; 0.051160; 0.011643 \
#; -0.000779; -0.027868; -0.001744; -0.000154; -0.005498; -0.000344 \
#; -0.000779; 0.027868; -0.001744; -0.000154; 0.005498; -0.000344 \
#; -0.000779; -0.027877; -0.001745; -0.000152; -0.005454; -0.000341 \
#; -0.000779; 0.027877; -0.001745; -0.000152; 0.005454; -0.000341 \
#; 0.008073; -0.000000; -0.029286; -0.018513; 0.000000; 0.067162 \
#; 0.000469; 0.000000; -0.001700; 0.020191; -0.000000; -0.073250 \
#; -0.000531; 0.000000; -0.000001; 0.048407; 0.000000; 0.000088 \
#; 0.017822; 0.000000; 0.000032; -0.045010; 0.000000; -0.000082 \
# ]
#metaData: qpt=[0.500000;0.000000;0.500000;6.431267 \
#; 0.000000; -0.000000; 0.003313; -0.000000; 0.000000; -0.001021 \
#; 0.000000; -0.000000; 0.003453; 0.000000; 0.000000; 0.000308 \
#; -0.004513; 0.000000; -0.001007; 0.001051; -0.000000; 0.000235 \
#; -0.004633; 0.000000; -0.001034; -0.000088; -0.000000; -0.000020 \
#; -0.000000; 0.000000; -0.000000; 0.000000; -0.000000; 0.000000 \
#; -0.000000; -0.000000; 0.000000; 0.000000; 0.000000; -0.000000 \
#; -0.000000; 0.000000; 0.000000; 0.000000; -0.000000; 0.000000 \
#; 0.000000; 0.000000; -0.000000; -0.000000; -0.000000; 0.000000 \
#; -0.000117; -0.004201; 0.000263; 0.000785; 0.028093; -0.001758 \
#; -0.000117; 0.004201; 0.000263; 0.000785; -0.028093; -0.001758 \
#; -0.000278; -0.009960; 0.000623; -0.000743; -0.026602; 0.001665 \
#; -0.000278; 0.009960; 0.000623; -0.000743; 0.026602; 0.001665 \
#; -0.009468; 0.050973; 0.011600; 0.000989; -0.005327; -0.001212 \
#; -0.009468; -0.050973; 0.011600; 0.000989; 0.005327; -0.001212 \
#; -0.009466; 0.050965; 0.011598; 0.001004; -0.005406; -0.001230 \
#; -0.009466; -0.050965; 0.011598; 0.001004; 0.005406; -0.001230 \
#; 0.005425; -0.000000; -0.000010; -0.048105; 0.000000; 0.000088 \
#; 0.015325; -0.000000; -0.000028; 0.045921; -0.000000; -0.000084 \
#; -0.005735; 0.000000; -0.020805; -0.019365; -0.000000; -0.070254 \
#; -0.001576; 0.000000; -0.005718; 0.020135; 0.000000; 0.073046 \
# ]
#metaData: qpt=[0.500000;0.000000;0.500000;6.797902 \
#; -0.000000; 0.008118; -0.000000; 0.000000; 0.000830; -0.000000 \
#; 0.000000; -0.007201; 0.000000; 0.000000; -0.003839; 0.000000 \
#; -0.000000; -0.000300; -0.000000; -0.000000; -0.000373; -0.000000 \
#; 0.000000; 0.000199; 0.000000; 0.000000; 0.000435; 0.000000 \
#; -0.013997; -0.000170; -0.000701; 0.044606; -0.000466; 0.008382 \
#; 0.013997; -0.000170; 0.000701; -0.044606; -0.000466; -0.008382 \
#; -0.000585; -0.002286; -0.013851; 0.008075; 0.007402; 0.044089 \
#; 0.000585; -0.002286; 0.013851; -0.008075; 0.007402; -0.044089 \
#; 0.002052; 0.002594; 0.006219; -0.005051; -0.003496; -0.011541 \
#; -0.002052; 0.002594; -0.006219; 0.005051; -0.003496; 0.011541 \
#; -0.000657; 0.000571; -0.000163; -0.005412; -0.004316; -0.013109 \
#; 0.000657; 0.000571; 0.000163; 0.005412; -0.004316; 0.013109 \
#; -0.022077; 0.009448; 0.018190; -0.007006; 0.002730; 0.006123 \
#; 0.022077; 0.009448; -0.018190; 0.007006; 0.002730; -0.006123 \
#; 0.022088; -0.009453; -0.018200; 0.006972; -0.002715; -0.006094 \
#; -0.022088; -0.009453; 0.018200; -0.006972; -0.002715; 0.006094 \
#; -0.000000; -0.001342; 0.000000; 0.000000; 0.002229; -0.000000 \
#; 0.000000; -0.000280; 0.000000; 0.000000; 0.002586; -0.000000 \
#; 0.000000; -0.000111; 0.000000; -0.000000; 0.001843; 0.000000 \
#; 0.000000; -0.000763; 0.000000; -0.000000; 0.001681; 0.000000 \
# ]
#metaData: qpt=[0.500000;0.000000;0.500000;6.797902 \
#; 0.000000; 0.000457; 0.000000; -0.000000; -0.000143; 0.000000 \
#; -0.000000; -0.000477; -0.000000; -0.000000; -0.000041; -0.000000 \
#; 0.000000; 0.007203; 0.000000; 0.000000; 0.003835; -0.000000 \
#; -0.000000; -0.006043; -0.000000; 0.000000; -0.005484; 0.000000 \
#; 0.006010; 0.004434; -0.026264; -0.005425; -0.006352; 0.038025 \
#; -0.006010; 0.004434; 0.026264; 0.005425; -0.006352; -0.038025 \
#; -0.026582; 0.000472; 0.006181; 0.038457; -0.000152; -0.005705 \
#; 0.026582; 0.000472; -0.006181; -0.038457; -0.000152; 0.005705 \
#; 0.017488; -0.007591; 0.014270; -0.015187; 0.006253; -0.012835 \
#; -0.017488; -0.007591; -0.014270; 0.015187; 0.006253; 0.012835 \
#; 0.007921; -0.003602; 0.006248; -0.021766; 0.009151; -0.018147 \
#; -0.007921; -0.003602; -0.006248; 0.021766; 0.009151; 0.018147 \
#; 0.003887; 0.003768; -0.010287; 0.003823; 0.002181; -0.008128 \
#; -0.003887; 0.003768; 0.010287; -0.003823; 0.002181; 0.008128 \
#; -0.003893; -0.003771; 0.010299; -0.003817; -0.002175; 0.008112 \
#; 0.003893; -0.003771; -0.010299; 0.003817; -0.002175; -0.008112 \
#; -0.000000; 0.001426; -0.000000; 0.000000; -0.001172; 0.000000 \
#; 0.000000; 0.000801; -0.000000; -0.000000; -0.001663; 0.000000 \
#; 0.000000; -0.001015; 0.000000; 0.000000; 0.002395; 0.000000 \
#; 0.000000; -0.001805; -0.000000; -0.000000; 0.001873; -0.000000 \
# ]
#metaData: qpt=[0.500000;0.000000;0.500000;6.945545 \
#; 0.000000; 0.000000; 0.004007; 0.000000; -0.000000; 0.002084 \
#; 0.000000; -0.000000; -0.002921; 0.000000; -0.000000; -0.003445 \
#; 0.006117; -0.000000; -0.000962; 0.003748; -0.000000; -0.000589 \
#; -0.005011; 0.000000; 0.000788; -0.005133; 0.000000; 0.000807 \
#; -0.006133; 0.009705; 0.000779; 0.007684; -0.012160; -0.000976 \
#; -0.006133; -0.009705; 0.000779; 0.007684; 0.012160; -0.000976 \
#; -0.002166; -0.040641; -0.000672; 0.002714; 0.050921; 0.000842 \
#; -0.002166; 0.040641; -0.000672; 0.002714; -0.050921; 0.000842 \
#; -0.003741; 0.010677; 0.000230; 0.002808; -0.008014; -0.000173 \
#; -0.003741; -0.010677; 0.000230; 0.002808; 0.008014; -0.000173 \
#; -0.001908; 0.005447; 0.000117; 0.004270; -0.012189; -0.000263 \
#; -0.001908; -0.005447; 0.000117; 0.004270; 0.012189; -0.000263 \
#; -0.005381; 0.018512; 0.001860; -0.004301; 0.014799; 0.001487 \
#; -0.005381; -0.018512; 0.001860; -0.004301; -0.014799; 0.001487 \
#; 0.005388; -0.018535; -0.001863; 0.004293; -0.014770; -0.001484 \
#; 0.005388; 0.018535; -0.001863; 0.004293; 0.014770; -0.001484 \
#; 0.001290; -0.000000; -0.008107; -0.001044; 0.000000; 0.006556 \
#; 0.000731; 0.000000; -0.004595; -0.001490; 0.000000; 0.009359 \
#; -0.003019; 0.000000; -0.009613; 0.005653; 0.000000; 0.017998 \
#; -0.004843; -0.000000; -0.015418; 0.004198; -0.000000; 0.013365 \
# ]
#metaData: qpt=[0.500000;0.000000;0.500000;6.945545 \
#; 0.007174; 0.000000; 0.001128; -0.000000; 0.000000; -0.000000 \
#; -0.006640; -0.000000; -0.001044; -0.002714; -0.000000; -0.000427 \
#; -0.000000; -0.000000; 0.004506; -0.000000; -0.000000; 0.000317 \
#; 0.000000; 0.000000; -0.004291; 0.000000; 0.000000; -0.001412 \
#; -0.000669; -0.012560; 0.000208; 0.003407; 0.063929; -0.001057 \
#; -0.000669; 0.012560; 0.000208; 0.003407; -0.063929; -0.001057 \
#; 0.001895; -0.002999; 0.000241; -0.009647; 0.015266; -0.001225 \
#; 0.001895; 0.002999; 0.000241; -0.009647; -0.015266; -0.001225 \
#; -0.002980; 0.010252; -0.001030; 0.006211; -0.021368; 0.002147 \
#; -0.002980; -0.010252; -0.001030; 0.006211; 0.021368; 0.002147 \
#; 0.000409; -0.001406; 0.000141; 0.006877; -0.023658; 0.002377 \
#; 0.000409; 0.001406; 0.000141; 0.006877; 0.023658; 0.002377 \
#; 0.004589; -0.013098; 0.000282; 0.000905; -0.002584; 0.000056 \
#; 0.004589; 0.013098; 0.000282; 0.000905; 0.002584; 0.000056 \
#; -0.004590; 0.013102; -0.000283; -0.000898; 0.002563; -0.000055 \
#; -0.004590; -0.013102; -0.000283; -0.000898; -0.002563; -0.000055 \
#; -0.002562; -0.000000; 0.008156; 0.005875; 0.000000; -0.018704 \
#; 0.000149; 0.000000; -0.000474; 0.006407; 0.000000; -0.020399 \
#; -0.000018; 0.000000; -0.000114; 0.001660; 0.000000; 0.010426 \
#; -0.000611; 0.000000; -0.003838; 0.001543; 0.000000; 0.009694 \
# ]
#metaData: qpt=[0.500000;0.000000;0.500000;7.325722 \
#; -0.001054; -0.000000; -0.001328; 0.000000; 0.000000; 0.000000 \
#; 0.000975; -0.000000; 0.001230; 0.000399; -0.000000; 0.000503 \
#; -0.000000; -0.000000; -0.000110; -0.000000; -0.000000; -0.000008 \
#; 0.000000; 0.000000; 0.000105; 0.000000; -0.000000; 0.000034 \
#; 0.005199; -0.000353; -0.006022; -0.026461; 0.001798; 0.030654 \
#; 0.005199; 0.000353; -0.006022; -0.026461; -0.001798; 0.030654 \
#; -0.005760; -0.001783; 0.005524; 0.029318; 0.009076; -0.028116 \
#; -0.005760; 0.001783; 0.005524; 0.029318; -0.009076; -0.028116 \
#; 0.006428; -0.004641; 0.005914; -0.013397; 0.009672; -0.012327 \
#; 0.006428; 0.004641; 0.005914; -0.013397; -0.009672; -0.012327 \
#; -0.000882; 0.000636; -0.000811; -0.014833; 0.010709; -0.013648 \
#; -0.000882; -0.000636; -0.000811; -0.014833; -0.010709; -0.013648 \
#; 0.018759; -0.000402; -0.025233; 0.003701; -0.000079; -0.004978 \
#; 0.018759; 0.000402; -0.025233; 0.003701; 0.000079; -0.004978 \
#; -0.018765; 0.000402; 0.025240; -0.003671; 0.000079; 0.004938 \
#; -0.018765; -0.000402; 0.025240; -0.003671; -0.000079; 0.004938 \
#; -0.009130; -0.000000; 0.013275; 0.020937; 0.000000; -0.030443 \
#; 0.000530; 0.000000; -0.000771; 0.022835; -0.000000; -0.033203 \
#; 0.000245; 0.000000; -0.000215; -0.022334; 0.000000; 0.019600 \
#; 0.008222; -0.000000; -0.007216; -0.020766; 0.000000; 0.018225 \
# ]
#metaData: qpt=[0.500000;0.000000;0.500000;7.325722 \
#; 0.000000; 0.000000; 0.000103; -0.000000; -0.000000; -0.000039 \
#; 0.000000; -0.000000; -0.000110; 0.000000; -0.000000; -0.000003 \
#; 0.001010; 0.000000; -0.001274; -0.000299; 0.000000; 0.000377 \
#; -0.001053; 0.000000; 0.001327; 0.000042; -0.000000; -0.000054 \
#; 0.004883; 0.001512; 0.004683; 0.029477; 0.009125; 0.028269 \
#; 0.004883; -0.001512; 0.004683; 0.029477; -0.009125; 0.028269 \
#; 0.004408; -0.000300; 0.005106; 0.026604; -0.001808; 0.030820 \
#; 0.004408; 0.000300; 0.005106; 0.026604; 0.001808; 0.030820 \
#; 0.001703; -0.000037; 0.002290; -0.019045; 0.000408; -0.025617 \
#; 0.001703; 0.000037; 0.002290; -0.019045; -0.000408; -0.025617 \
#; -0.007754; 0.000166; -0.010429; -0.017478; 0.000375; -0.023509 \
#; -0.007754; -0.000166; -0.010429; -0.017478; -0.000375; -0.023509 \
#; -0.014662; 0.010585; 0.013490; 0.002417; -0.001745; -0.002224 \
#; -0.014662; -0.010585; 0.013490; 0.002417; 0.001745; -0.002224 \
#; 0.014658; -0.010582; -0.013487; -0.002440; 0.001762; 0.002245 \
#; 0.014658; 0.010582; -0.013487; -0.002440; -0.001762; 0.002245 \
#; 0.001184; 0.000000; 0.001039; -0.022303; 0.000000; -0.019574 \
#; -0.008313; -0.000000; -0.007296; -0.020730; 0.000000; -0.018193 \
#; -0.007772; 0.000000; -0.011301; -0.021478; -0.000000; -0.031230 \
#; 0.000430; 0.000000; 0.000626; -0.022837; -0.000000; -0.033206 \
# ]
#metaData: qpt=[0.500000;0.000000;0.500000;8.576887 \
#; -0.000000; -0.000134; 0.000000; -0.000000; -0.000972; 0.000000 \
#; 0.000000; -0.000244; -0.000000; -0.000000; 0.000950; -0.000000 \
#; 0.000000; 0.000035; -0.000000; -0.000000; -0.000089; -0.000000 \
#; -0.000000; -0.000055; 0.000000; -0.000000; 0.000077; -0.000000 \
#; 0.005654; -0.002212; -0.013004; -0.000172; -0.000236; -0.000770 \
#; -0.005654; -0.002212; 0.013004; 0.000172; -0.000236; 0.000770 \
#; 0.012601; 0.002466; 0.000528; 0.000999; 0.000059; 0.000565 \
#; -0.012601; 0.002466; -0.000528; -0.000999; 0.000059; -0.000565 \
#; -0.053020; -0.000483; 0.048346; -0.016275; -0.000333; 0.014717 \
#; 0.053020; -0.000483; -0.048346; 0.016275; -0.000333; -0.014717 \
#; -0.054256; -0.000584; 0.049414; 0.011500; -0.000057; -0.010595 \
#; 0.054256; -0.000584; -0.049414; -0.011500; -0.000057; 0.010595 \
#; 0.003635; -0.000230; 0.003491; -0.022134; 0.004090; -0.023054 \
#; -0.003635; -0.000230; -0.003491; 0.022134; 0.004090; 0.023054 \
#; -0.003601; 0.000223; -0.003455; 0.022140; -0.004090; 0.023059 \
#; 0.003601; 0.000223; 0.003455; -0.022140; -0.004090; -0.023059 \
#; 0.000000; 0.028976; -0.000000; 0.000000; 0.008905; -0.000000 \
#; 0.000000; 0.030032; -0.000000; 0.000000; -0.004117; -0.000000 \
#; 0.000000; -0.014633; -0.000000; 0.000000; 0.003042; -0.000000 \
#; -0.000000; -0.014752; 0.000000; 0.000000; -0.002396; -0.000000 \
# ]
#metaData: qpt=[0.500000;0.000000;0.500000;8.576887 \
#; 0.000000; 0.000040; -0.000000; -0.000000; -0.000086; -0.000000 \
#; 0.000000; -0.000070; 0.000000; 0.000000; 0.000064; 0.000000 \
#; -0.000000; -0.000795; 0.000000; -0.000000; 0.000574; -0.000000 \
#; 0.000000; 0.000912; -0.000000; 0.000000; -0.000361; -0.000000 \
#; 0.006312; 0.001112; -0.000737; 0.010952; 0.002202; -0.000234 \
#; -0.006312; 0.001112; 0.000737; -0.010952; 0.002202; 0.000234 \
#; -0.002272; 0.001162; -0.006278; -0.005180; 0.001897; -0.011414 \
#; 0.002272; 0.001162; 0.006278; 0.005180; 0.001897; 0.011414 \
#; -0.007741; 0.000996; 0.007773; -0.021053; 0.003973; 0.021983 \
#; 0.007741; 0.000996; -0.007773; 0.021053; 0.003973; -0.021983 \
#; -0.016986; 0.002799; 0.017464; -0.014650; 0.002991; 0.015448 \
#; 0.016986; 0.002799; -0.017464; 0.014650; 0.002991; -0.015448 \
#; -0.049003; -0.000411; -0.044706; 0.025975; 0.000418; 0.023565 \
#; 0.049003; -0.000411; 0.044706; -0.025975; 0.000418; -0.023565 \
#; 0.048962; 0.000411; 0.044670; -0.026052; -0.000418; -0.023634 \
#; -0.048962; 0.000411; -0.044670; 0.026052; -0.000418; 0.023634 \
#; 0.000000; -0.003036; -0.000000; -0.000000; -0.014634; 0.000000 \
#; 0.000000; -0.008913; -0.000000; -0.000000; -0.011997; 0.000000 \
#; 0.000000; -0.019706; -0.000000; -0.000000; -0.023034; 0.000000 \
#; 0.000000; -0.010157; -0.000000; -0.000000; -0.028561; 0.000000 \
# ]
#metaData: qpt=[0.500000;0.000000;0.500000;8.725799 \
#; 0.001267; 0.000000; 0.001244; 0.000000; 0.000000; 0.000000 \
#; -0.001172; -0.000000; -0.001152; -0.000479; -0.000000; -0.000471 \
#; -0.000000; -0.000000; 0.000832; 0.000000; -0.000000; 0.000058 \
#; 0.000000; -0.000000; -0.000793; 0.000000; 0.000000; -0.000261 \
#; -0.002318; -0.000448; -0.000181; 0.011797; 0.002280; 0.000921 \
#; -0.002318; 0.000448; -0.000181; 0.011797; -0.002280; 0.000921 \
#; 0.001132; 0.000113; 0.002220; -0.005763; -0.000574; -0.011299 \
#; 0.001132; -0.000113; 0.002220; -0.005763; 0.000574; -0.011299 \
#; 0.007401; 0.002132; -0.008256; -0.015425; -0.004443; 0.017208 \
#; 0.007401; -0.002132; -0.008256; -0.015425; 0.004443; 0.017208 \
#; -0.001015; -0.000292; 0.001132; -0.017079; -0.004919; 0.019053 \
#; -0.001015; 0.000292; 0.001132; -0.017079; 0.004919; 0.019053 \
#; -0.054738; 0.000977; -0.052308; -0.010798; 0.000193; -0.010319 \
#; -0.054738; -0.000977; -0.052308; -0.010798; -0.000193; -0.010319 \
#; 0.054755; -0.000977; 0.052324; 0.010713; -0.000191; 0.010237 \
#; 0.054755; 0.000977; 0.052324; 0.010713; 0.000191; 0.010237 \
#; -0.009273; 0.000000; -0.002886; 0.021265; 0.000000; 0.006618 \
#; 0.000538; 0.000000; 0.000168; 0.023193; -0.000000; 0.007218 \
#; 0.000085; 0.000000; 0.000300; -0.007748; 0.000000; -0.027345 \
#; 0.002853; -0.000000; 0.010067; -0.007205; 0.000000; -0.025426 \
# ]
#metaData: qpt=[0.500000;0.000000;0.500000;8.725799 \
#; -0.000000; 0.000000; 0.000732; 0.000000; -0.000000; 0.000400 \
#; -0.000000; -0.000000; -0.000526; 0.000000; 0.000000; -0.000647 \
#; 0.001066; -0.000000; -0.001047; 0.000684; 0.000000; -0.000672 \
#; -0.000866; 0.000000; 0.000851; -0.000924; -0.000000; 0.000908 \
#; -0.003757; -0.000374; 0.007365; 0.004515; 0.000450; -0.008851 \
#; -0.003757; 0.000374; 0.007365; 0.004515; -0.000450; -0.008851 \
#; -0.007690; -0.001486; 0.000600; 0.009241; 0.001786; -0.000721 \
#; -0.007690; 0.001486; 0.000600; 0.009241; -0.001786; -0.000721 \
#; 0.045297; -0.000809; -0.043287; -0.032573; 0.000581; 0.031127 \
#; 0.045297; 0.000809; -0.043287; -0.032573; -0.000581; 0.031127 \
#; 0.023798; -0.000425; -0.022741; -0.050463; 0.000901; 0.048223 \
#; 0.023798; 0.000425; -0.022741; -0.050463; -0.000901; 0.048223 \
#; 0.013143; 0.003785; 0.014662; 0.010953; 0.003155; 0.012219 \
#; 0.013143; -0.003785; 0.014662; 0.010953; -0.003155; 0.012219 \
#; -0.013160; -0.003790; -0.014681; -0.010933; -0.003149; -0.012197 \
#; -0.013160; 0.003790; -0.014681; -0.010933; 0.003149; -0.012197 \
#; -0.006123; 0.000000; 0.021611; 0.004748; -0.000000; -0.016758 \
#; -0.003556; 0.000000; 0.012551; 0.006884; 0.000000; -0.024296 \
#; -0.011345; -0.000000; 0.003531; 0.020235; -0.000000; -0.006298 \
#; -0.017836; -0.000000; 0.005551; 0.014834; -0.000000; -0.004617 \
# ]
#metaData: qpt=[0.500000;0.000000;0.500000;9.015916 \
#; -0.000000; 0.000224; -0.000000; -0.000000; -0.000753; -0.000000 \
#; 0.000000; -0.000493; 0.000000; -0.000000; 0.000612; 0.000000 \
#; 0.000000; 0.000631; 0.000000; -0.000000; -0.000509; 0.000000 \
#; -0.000000; -0.000737; 0.000000; -0.000000; 0.000339; -0.000000 \
#; -0.000915; -0.012910; 0.001207; -0.000018; -0.014071; 0.000794 \
#; 0.000915; -0.012910; -0.001207; 0.000018; -0.014071; -0.000794 \
#; -0.001516; 0.007087; -0.000412; -0.001693; -0.000428; -0.000925 \
#; 0.001516; 0.007087; 0.000412; 0.001693; -0.000428; 0.000925 \
#; 0.007969; -0.001276; -0.010620; 0.008911; -0.011573; -0.010658 \
#; -0.007969; -0.001276; 0.010620; -0.008911; -0.011573; 0.010658 \
#; 0.011292; -0.006732; -0.014458; 0.003924; -0.009499; -0.004164 \
#; -0.011292; -0.006732; 0.014458; -0.003924; -0.009499; 0.004164 \
#; -0.007483; -0.010696; -0.011402; 0.003217; 0.015402; 0.006199 \
#; 0.007483; -0.010696; 0.011402; -0.003217; 0.015402; -0.006199 \
#; 0.007478; 0.010672; 0.011392; -0.003228; -0.015419; -0.006216 \
#; -0.007478; 0.010672; -0.011392; 0.003228; -0.015419; 0.006216 \
#; 0.000000; 0.051938; -0.000000; -0.000000; 0.089583; 0.000000 \
#; 0.000000; 0.084817; -0.000000; -0.000000; 0.059404; 0.000000 \
#; 0.000000; -0.037300; 0.000000; -0.000000; 0.009318; 0.000000 \
#; 0.000000; -0.038164; 0.000000; -0.000000; -0.004650; 0.000000 \
# ]
#metaData: qpt=[0.500000;0.000000;0.500000;9.015916 \
#; 0.000000; 0.000146; -0.000000; 0.000000; 0.000797; -0.000000 \
#; -0.000000; 0.000166; 0.000000; 0.000000; -0.000793; -0.000000 \
#; 0.000000; 0.000321; -0.000000; 0.000000; -0.000717; 0.000000 \
#; 0.000000; -0.000487; 0.000000; -0.000000; 0.000616; 0.000000 \
#; 0.002233; -0.003292; -0.001005; 0.000425; -0.006291; 0.000124 \
#; -0.002233; -0.003292; 0.001005; -0.000425; -0.006291; -0.000124 \
#; -0.000487; -0.018715; -0.001303; -0.000774; -0.003794; -0.000624 \
#; 0.000487; -0.018715; 0.001303; 0.000774; -0.003794; 0.000624 \
#; -0.008089; -0.014634; 0.012693; -0.000957; -0.011726; 0.002702 \
#; 0.008089; -0.014634; -0.012693; 0.000957; -0.011726; -0.002702 \
#; -0.007537; -0.018485; 0.012409; 0.003089; -0.003151; -0.003798 \
#; 0.007537; -0.018485; -0.012409; -0.003089; -0.003151; 0.003798 \
#; -0.005107; -0.002067; -0.007153; 0.010809; -0.011458; 0.013237 \
#; 0.005107; -0.002067; 0.007153; -0.010809; -0.011458; -0.013237 \
#; 0.005090; 0.002084; 0.007132; -0.010817; 0.011455; -0.013248 \
#; -0.005090; 0.002084; -0.007132; 0.010817; 0.011455; 0.013248 \
#; -0.000000; 0.010010; 0.000000; 0.000000; 0.037121; -0.000000 \
#; -0.000000; 0.024703; 0.000000; 0.000000; 0.029460; -0.000000 \
#; -0.000000; 0.103535; -0.000000; 0.000000; 0.001783; -0.000000 \
#; -0.000000; 0.096038; 0.000000; 0.000000; 0.038722; 0.000000 \
# ]
#metaData: qpt=[0.500000;0.000000;0.500000;9.033078 \
#; 0.000000; -0.000492; -0.000000; 0.000000; 0.000391; -0.000000 \
#; -0.000000; -0.000603; 0.000000; -0.000000; 0.000176; 0.000000 \
#; 0.000000; 0.000076; -0.000000; -0.000000; -0.000078; 0.000000 \
#; -0.000000; 0.000093; -0.000000; 0.000000; -0.000057; -0.000000 \
#; 0.000000; -0.000000; 0.000000; 0.000000; -0.000000; 0.000000 \
#; 0.000000; -0.000000; -0.000000; -0.000000; -0.000000; 0.000000 \
#; -0.000000; -0.000000; -0.000000; -0.000000; -0.000000; -0.000000 \
#; 0.000000; -0.000000; 0.000000; -0.000000; -0.000000; 0.000000 \
#; -0.010113; -0.000075; 0.009574; -0.044535; -0.000163; 0.042989 \
#; 0.010113; -0.000075; -0.009574; 0.044535; -0.000163; -0.042989 \
#; 0.030455; 0.000145; -0.029234; 0.034031; 0.000106; -0.032941 \
#; -0.030455; 0.000145; 0.029234; -0.034031; 0.000106; 0.032941 \
#; 0.007102; -0.000950; 0.011713; -0.005441; 0.000491; -0.007794 \
#; -0.007102; -0.000950; -0.011713; 0.005441; 0.000491; 0.007794 \
#; 0.007094; -0.000950; 0.011700; -0.005452; 0.000492; -0.007812 \
#; -0.007094; -0.000950; -0.011700; 0.005452; 0.000492; 0.007812 \
#; 0.000000; -0.008814; -0.000000; -0.000000; -0.041516; 0.000000 \
#; 0.000000; 0.025468; 0.000000; -0.000000; 0.033951; 0.000000 \
#; 0.000000; 0.045595; 0.000000; -0.000000; 0.055721; 0.000000 \
#; 0.000000; -0.022631; 0.000000; -0.000000; -0.068349; 0.000000 \
# ]
#metaData: qpt=[0.500000;0.000000;0.500000;9.033078 \
#; 0.000000; 0.000107; 0.000000; -0.000000; -0.000024; 0.000000 \
#; -0.000000; 0.000108; 0.000000; 0.000000; 0.000018; 0.000000 \
#; -0.000000; 0.000590; -0.000000; -0.000000; -0.000217; -0.000000 \
#; 0.000000; 0.000625; 0.000000; 0.000000; -0.000066; 0.000000 \
#; 0.000000; -0.000000; -0.000000; 0.000000; -0.000000; 0.000000 \
#; -0.000000; -0.000000; 0.000000; -0.000000; -0.000000; -0.000000 \
#; -0.000000; -0.000000; -0.000000; -0.000000; -0.000000; -0.000000 \
#; 0.000000; -0.000000; 0.000000; 0.000000; -0.000000; 0.000000 \
#; -0.001788; 0.000026; 0.001888; 0.008767; -0.001069; -0.013941 \
#; 0.001788; 0.000026; -0.001888; -0.008767; -0.001069; 0.013941 \
#; -0.002691; 0.000496; 0.005115; -0.008533; 0.000948; 0.013106 \
#; 0.002691; 0.000496; -0.005115; 0.008533; 0.000948; -0.013106 \
#; 0.044474; 0.000179; 0.042848; -0.010378; -0.000004; -0.010187 \
#; -0.044474; 0.000179; -0.042848; 0.010378; -0.000004; 0.010187 \
#; 0.044458; 0.000179; 0.042832; -0.010447; -0.000004; -0.010253 \
#; -0.044458; 0.000179; -0.042832; 0.010447; -0.000004; 0.010253 \
#; -0.000000; -0.000958; 0.000000; -0.000000; 0.071992; -0.000000 \
#; 0.000000; -0.029430; -0.000000; -0.000000; -0.065708; -0.000000 \
#; -0.000000; 0.018967; -0.000000; 0.000000; 0.037968; -0.000000 \
#; -0.000000; -0.004121; -0.000000; 0.000000; -0.042241; 0.000000 \
# ]
#metaData: qpt=[0.500000;0.000000;0.500000;11.466736 \
#; 0.000000; 0.000000; 0.000721; 0.000000; 0.000000; 0.003205 \
#; 0.000000; -0.000000; -0.000545; 0.000000; 0.000000; 0.003240 \
#; 0.000500; 0.000000; 0.000095; 0.003284; -0.000000; 0.000623 \
#; -0.000320; 0.000000; -0.000061; 0.003307; 0.000000; 0.000627 \
#; -0.000000; -0.000000; -0.000000; -0.000000; -0.000000; 0.000000 \
#; -0.000000; 0.000000; 0.000000; 0.000000; -0.000000; 0.000000 \
#; -0.000000; 0.000000; -0.000000; 0.000000; -0.000000; -0.000000 \
#; 0.000000; -0.000000; -0.000000; -0.000000; -0.000000; 0.000000 \
#; -0.045477; 0.003168; 0.038028; -0.010461; 0.000729; 0.008748 \
#; -0.045477; -0.003168; 0.038028; -0.010461; -0.000729; 0.008748 \
#; 0.044840; -0.003123; -0.037495; -0.012923; 0.000900; 0.010806 \
#; 0.044840; 0.003123; -0.037495; -0.012923; -0.000900; 0.010806 \
#; -0.001112; -0.000035; -0.001250; -0.042006; -0.001320; -0.047201 \
#; -0.001112; 0.000035; -0.001250; -0.042006; 0.001320; -0.047201 \
#; -0.001178; -0.000037; -0.001323; -0.042004; -0.001320; -0.047199 \
#; -0.001178; 0.000037; -0.001323; -0.042004; 0.001320; -0.047199 \
#; -0.002928; 0.000000; 0.000873; -0.000563; -0.000000; 0.000168 \
#; 0.002893; -0.000000; -0.000862; -0.000722; 0.000000; 0.000215 \
#; -0.002098; -0.000000; 0.008226; 0.000448; 0.000000; -0.001756 \
#; 0.002120; 0.000000; -0.008310; 0.000333; 0.000000; -0.001305 \
# ]
#metaData: qpt=[0.500000;0.000000;0.500000;11.466736 \
#; 0.003322; 0.000000; -0.000630; -0.000000; -0.000000; -0.000000 \
#; 0.003075; 0.000000; -0.000583; 0.001257; 0.000000; -0.000238 \
#; -0.000000; 0.000000; 0.003277; -0.000000; 0.000000; 0.000230 \
#; 0.000000; 0.000000; 0.003121; -0.000000; 0.000000; 0.001027 \
#; -0.000000; -0.000000; 0.000000; 0.000000; 0.000000; -0.000000 \
#; -0.000000; 0.000000; 0.000000; 0.000000; -0.000000; -0.000000 \
#; 0.000000; -0.000000; 0.000000; -0.000000; 0.000000; -0.000000 \
#; 0.000000; 0.000000; 0.000000; -0.000000; -0.000000; -0.000000 \
#; 0.018177; 0.000571; -0.020425; -0.037886; -0.001191; 0.042571 \
#; 0.018177; -0.000571; -0.020425; -0.037886; 0.001191; 0.042571 \
#; 0.002493; 0.000078; -0.002801; 0.041946; 0.001319; -0.047134 \
#; 0.002493; -0.000078; -0.002801; 0.041946; -0.001319; -0.047134 \
#; -0.045782; 0.003189; -0.038283; -0.009031; 0.000629; -0.007552 \
#; -0.045782; -0.003189; -0.038283; -0.009031; -0.000629; -0.007552 \
#; -0.045796; 0.003190; -0.038295; -0.008960; 0.000624; -0.007493 \
#; -0.045796; -0.003190; -0.038295; -0.008960; -0.000624; -0.007493 \
#; -0.000858; 0.000000; -0.003362; 0.001967; -0.000000; 0.007711 \
#; -0.000050; -0.000000; -0.000195; -0.002145; 0.000000; -0.008409 \
#; 0.000033; -0.000000; 0.000010; -0.002981; 0.000000; -0.000889 \
#; -0.001097; 0.000000; -0.000327; 0.002772; 0.000000; 0.000826 \
# ]
#metaData: qpt=[0.500000;0.000000;0.500000;12.209815 \
#; -0.000000; -0.000145; -0.000000; 0.000000; 0.000012; -0.000000 \
#; -0.000000; -0.000139; 0.000000; -0.000000; -0.000044; -0.000000 \
#; 0.000000; 0.000257; -0.000000; -0.000000; 0.000131; -0.000000 \
#; 0.000000; 0.000217; 0.000000; 0.000000; 0.000190; -0.000000 \
#; 0.000000; 0.000000; -0.000000; 0.000000; -0.000000; -0.000000 \
#; -0.000000; -0.000000; 0.000000; -0.000000; -0.000000; 0.000000 \
#; -0.000000; -0.000000; 0.000000; 0.000000; 0.000000; 0.000000 \
#; -0.000000; 0.000000; 0.000000; -0.000000; -0.000000; -0.000000 \
#; -0.027071; -0.000721; 0.027705; 0.022250; 0.001757; -0.024608 \
#; 0.027071; -0.000721; -0.027705; -0.022250; 0.001757; 0.024608 \
#; 0.012872; -0.000222; -0.012282; -0.032592; -0.001886; 0.034961 \
#; -0.012872; -0.000222; 0.012282; 0.032592; -0.001886; -0.034961 \
#; 0.023106; -0.002896; 0.018110; 0.005007; -0.001991; 0.001773 \
#; -0.023106; -0.002896; -0.018110; -0.005007; -0.001991; -0.001773 \
#; 0.023114; -0.002899; 0.018113; 0.004971; -0.001987; 0.001745 \
#; -0.023114; -0.002899; -0.018113; -0.004971; -0.001987; -0.001745 \
#; 0.000000; 0.053735; 0.000000; -0.000000; -0.068842; 0.000000 \
#; -0.000000; -0.019771; 0.000000; 0.000000; 0.085063; 0.000000 \
#; -0.000000; -0.024247; -0.000000; -0.000000; 0.019146; -0.000000 \
#; 0.000000; 0.029493; -0.000000; 0.000000; -0.009199; 0.000000 \
# ]
#metaData: qpt=[0.500000;0.000000;0.500000;12.209815 \
#; 0.000000; 0.000274; 0.000000; -0.000000; -0.000090; -0.000000 \
#; 0.000000; 0.000288; -0.000000; 0.000000; 0.000020; -0.000000 \
#; -0.000000; 0.000142; -0.000000; -0.000000; 0.000034; 0.000000 \
#; 0.000000; 0.000129; 0.000000; 0.000000; 0.000068; 0.000000 \
#; -0.000000; -0.000000; -0.000000; 0.000000; 0.000000; 0.000000 \
#; -0.000000; -0.000000; 0.000000; 0.000000; 0.000000; 0.000000 \
#; -0.000000; 0.000000; 0.000000; -0.000000; -0.000000; -0.000000 \
#; 0.000000; 0.000000; -0.000000; 0.000000; -0.000000; 0.000000 \
#; -0.011550; 0.000426; 0.010665; 0.020629; -0.003489; -0.014744 \
#; 0.011550; 0.000426; -0.010665; -0.020629; -0.003489; 0.014744 \
#; 0.000088; 0.001321; -0.002169; -0.023642; 0.003257; 0.018067 \
#; -0.000088; 0.001321; 0.002169; 0.023642; 0.003257; -0.018067 \
#; -0.034599; -0.001794; -0.036786; 0.005549; -0.000623; 0.004464 \
#; 0.034599; -0.001794; 0.036786; -0.005549; -0.000623; -0.004464 \
#; -0.034591; -0.001794; -0.036779; 0.005603; -0.000620; 0.004521 \
#; 0.034591; -0.001794; 0.036779; -0.005603; -0.000620; -0.004521 \
#; -0.000000; 0.011990; 0.000000; 0.000000; 0.028473; -0.000000 \
#; -0.000000; -0.022860; 0.000000; 0.000000; -0.020782; -0.000000 \
#; 0.000000; 0.013821; -0.000000; 0.000000; 0.086230; 0.000000 \
#; 0.000000; 0.017958; -0.000000; -0.000000; -0.085465; 0.000000 \
# ]
