# Phonopy generated file for v_sim 3.6
    7.072995341    0.000000000    9.927137045
    0.000000000    0.000000000    6.949939268
    0.357787556    7.445352784    0.077590239 Ba
    6.715207785    2.481784261    6.872349030 Ba
    3.894285226    7.445352784    3.397379395 Ba
    3.178710115    2.481784261    3.552559873 Ba
    3.536497671    0.000000000    0.000000000 Zr
    3.536497671    4.963568522    0.000000000 Zr
    0.000000000    0.000000000    3.474969634 Zr
    0.000000000    4.963568522    3.474969634 Zr
    5.020419444    0.332251574    4.931354939  S
    5.020419444    4.631316948    4.931354939  S
    2.052575897    9.594885471    2.018584329  S
    2.052575897    5.295820097    2.018584329  S
    5.589073568    9.594885471    1.456385305  S
    5.589073568    5.295820097    1.456385305  S
    1.483921774    0.332251574    5.493553963  S
    1.483921774    4.631316948    5.493553963  S
    3.498016858    7.445352784    6.507252803  S
    3.574978484    2.481784261    0.442686465  S
    7.034514528    7.445352784    3.917656100  S
    0.038480813    2.481784261    3.032283169  S
#metaData: qpt=[0.000000;0.500000;0.500000;0.992441 \
#; 0.016057; 0.000000; 0.046295; -0.000000; -0.000000; -0.000000 \
#; -0.000000; 0.000159; -0.000000; -0.000000; -0.002269; -0.000000 \
#; 0.001125; 0.000000; -0.003245; -0.016017; 0.000000; 0.046181 \
#; 0.000000; -0.002274; -0.000000; -0.000000; -0.000000; 0.000000 \
#; 0.000525; 0.009645; -0.000621; -0.000489; -0.008991; 0.000579 \
#; 0.000489; -0.008991; -0.000579; 0.000525; -0.009645; -0.000621 \
#; -0.000489; -0.008991; -0.000579; -0.000525; -0.009645; -0.000621 \
#; 0.000525; -0.009645; 0.000621; -0.000489; 0.008991; -0.000579 \
#; -0.003564; 0.003761; -0.000725; -0.000203; 0.000215; -0.000041 \
#; 0.000943; 0.000995; 0.000192; -0.003443; -0.003633; -0.000701 \
#; 0.000134; 0.000351; 0.000094; -0.010152; -0.026678; -0.007140 \
#; 0.009956; -0.026164; 0.007002; -0.001988; 0.005226; -0.001399 \
#; 0.002681; 0.007047; -0.001886; -0.009792; -0.025733; 0.006887 \
#; 0.010136; -0.026637; -0.007129; 0.000578; -0.001520; -0.000407 \
#; 0.003501; -0.003694; -0.000712; -0.000699; 0.000738; 0.000142 \
#; -0.000047; -0.000050; 0.000010; 0.003570; 0.003767; -0.000727 \
#; 0.011693; 0.000000; 0.045351; 0.002802; -0.000000; 0.010867 \
#; -0.000000; -0.002242; -0.000000; -0.000000; -0.013460; -0.000000 \
#; -0.001975; 0.000000; 0.007661; -0.011861; 0.000000; 0.046001 \
#; 0.000000; -0.013270; -0.000000; -0.000000; -0.003180; 0.000000 \
# ]
#metaData: qpt=[0.000000;0.500000;0.500000;0.992441 \
#; 0.000000; -0.000548; 0.000000; 0.000000; 0.002207; -0.000000 \
#; 0.015274; 0.000000; 0.044038; 0.004952; -0.000000; 0.014278 \
#; 0.000000; -0.002164; -0.000000; -0.000000; -0.000701; 0.000000 \
#; -0.003869; -0.000000; 0.011156; 0.015583; -0.000000; -0.044931 \
#; 0.000348; 0.006402; -0.000412; 0.000627; 0.011528; -0.000743 \
#; 0.000627; -0.011528; -0.000743; -0.000348; 0.006402; 0.000412 \
#; -0.000627; -0.011528; -0.000743; 0.000348; 0.006402; 0.000412 \
#; 0.000348; -0.006402; 0.000412; 0.000627; -0.011528; 0.000743 \
#; -0.003004; -0.007894; -0.002113; 0.009698; 0.025486; 0.006821 \
#; 0.008857; -0.023277; 0.006229; 0.004962; -0.013040; 0.003490 \
#; -0.003453; 0.003644; -0.000703; -0.000906; 0.000956; -0.000184 \
#; -0.000165; -0.000174; -0.000034; 0.003566; 0.003763; 0.000726 \
#; 0.003114; -0.003286; -0.000634; 0.001745; -0.001841; -0.000355 \
#; 0.001056; 0.001115; -0.000215; -0.003410; -0.003598; 0.000694 \
#; -0.000469; -0.001233; 0.000330; 0.010142; 0.026652; -0.007133 \
#; 0.009820; -0.025808; -0.006907; 0.002576; -0.006770; -0.001812 \
#; 0.000000; -0.006284; 0.000000; 0.000000; 0.012112; 0.000000 \
#; 0.011987; -0.000000; 0.046491; 0.000941; -0.000000; 0.003650 \
#; -0.000000; -0.013603; 0.000000; -0.000000; -0.001068; 0.000000 \
#; -0.005537; -0.000000; 0.021475; 0.010673; -0.000000; -0.041396 \
# ]
#metaData: qpt=[0.000000;0.500000;0.500000;1.407698 \
#; -0.014149; -0.000000; -0.044335; -0.000000; -0.000000; -0.000000 \
#; -0.000000; -0.001709; -0.000000; 0.000000; 0.024320; 0.000000 \
#; 0.000992; -0.000000; -0.003107; -0.014114; 0.000000; 0.044226 \
#; 0.000000; -0.024380; -0.000000; 0.000000; -0.000000; -0.000000 \
#; -0.002113; 0.005044; 0.009223; 0.001970; -0.004702; -0.008598 \
#; -0.001970; -0.004702; 0.008598; -0.002113; -0.005044; 0.009223 \
#; -0.001970; 0.004702; -0.008598; -0.002113; 0.005044; -0.009223 \
#; 0.002113; 0.005044; 0.009223; -0.001970; -0.004702; -0.008598 \
#; 0.006621; -0.017267; 0.009274; 0.000378; -0.000985; 0.000529 \
#; -0.001751; -0.004568; -0.002453; 0.006396; 0.016681; 0.008960 \
#; -0.000092; 0.000105; 0.000046; 0.007032; -0.008012; -0.003515 \
#; -0.006896; -0.007857; 0.003448; 0.001377; 0.001569; -0.000689 \
#; 0.001857; -0.002116; 0.000929; -0.006783; 0.007728; -0.003391 \
#; 0.007021; 0.007999; 0.003510; 0.000401; 0.000456; 0.000200 \
#; 0.006503; -0.016960; -0.009110; -0.001299; 0.003387; 0.001819 \
#; -0.000087; -0.000227; 0.000122; 0.006631; 0.017293; -0.009289 \
#; -0.000827; 0.000000; 0.036873; -0.000198; -0.000000; 0.008835 \
#; -0.000000; 0.000124; 0.000000; 0.000000; 0.000745; -0.000000 \
#; -0.000140; -0.000000; -0.006229; -0.000839; 0.000000; -0.037402 \
#; -0.000000; -0.000734; -0.000000; 0.000000; -0.000176; 0.000000 \
# ]
#metaData: qpt=[0.000000;0.500000;0.500000;1.407698 \
#; 0.000000; -0.003653; 0.000000; -0.000000; -0.024105; 0.000000 \
#; -0.014104; 0.000000; -0.044192; 0.001135; -0.000000; 0.003555 \
#; -0.000000; -0.024302; 0.000000; 0.000000; 0.001955; -0.000000 \
#; 0.002120; 0.000000; -0.006643; 0.013990; 0.000000; -0.043834 \
#; -0.002264; 0.005405; 0.009883; -0.001794; 0.004282; 0.007831 \
#; -0.001794; -0.004282; 0.007831; 0.002264; 0.005405; -0.009883 \
#; -0.001794; 0.004282; -0.007831; 0.002264; -0.005405; 0.009883 \
#; 0.002264; 0.005405; 0.009883; 0.001794; 0.004282; 0.007831 \
#; -0.000656; 0.000747; 0.000328; -0.007002; 0.007977; 0.003500 \
#; -0.006984; -0.007958; 0.003492; -0.000820; -0.000934; 0.000410 \
#; 0.006569; -0.017132; 0.009202; -0.000907; 0.002366; -0.001271 \
#; -0.002259; -0.005891; -0.003164; -0.006235; -0.016261; -0.008734 \
#; 0.006586; -0.017177; -0.009226; 0.000773; -0.002017; -0.001083 \
#; -0.000619; -0.001613; 0.000867; -0.006602; -0.017219; 0.009249 \
#; 0.002395; -0.002729; 0.001197; 0.006612; -0.007533; 0.003306 \
#; 0.006966; 0.007937; 0.003483; -0.000962; -0.001096; -0.000481 \
#; 0.000000; 0.000064; -0.000000; 0.000000; -0.000752; -0.000000 \
#; -0.000809; -0.000000; 0.036046; 0.000264; -0.000000; -0.011763 \
#; 0.000000; -0.000718; 0.000000; 0.000000; 0.000234; 0.000000 \
#; -0.000072; 0.000000; -0.003210; 0.000847; 0.000000; 0.037781 \
# ]
#metaData: qpt=[0.000000;0.500000;0.500000;1.611695 \
#; 0.000000; 0.001037; -0.000000; 0.000000; 0.001217; -0.000000 \
#; -0.038538; -0.000000; 0.013630; 0.028443; 0.000000; -0.010060 \
#; 0.000000; -0.001286; 0.000000; -0.000000; 0.000949; -0.000000 \
#; -0.031074; 0.000000; -0.010991; -0.036449; -0.000000; -0.012892 \
#; -0.011079; 0.001392; -0.007303; -0.001274; 0.000160; -0.000840 \
#; -0.001274; -0.000160; -0.000840; 0.011079; 0.001392; 0.007303 \
#; 0.001274; -0.000160; -0.000840; -0.011079; 0.001392; 0.007303 \
#; -0.011079; -0.001392; 0.007303; -0.001274; -0.000160; 0.000840 \
#; -0.016386; 0.006026; -0.007805; -0.021601; 0.007944; -0.010290 \
#; -0.024546; -0.009026; -0.011692; 0.011516; 0.004235; 0.005486 \
#; 0.001419; -0.011682; -0.002279; -0.001178; 0.009697; 0.001891 \
#; -0.001448; -0.011922; 0.002325; -0.001142; -0.009401; 0.001834 \
#; -0.001669; 0.013745; -0.002681; 0.000783; -0.006449; 0.001258 \
#; 0.001114; 0.009176; 0.001790; 0.001469; 0.012096; 0.002359 \
#; -0.021290; 0.007829; 0.010142; -0.016788; 0.006174; 0.007997 \
#; -0.020862; -0.007672; 0.009938; 0.017317; 0.006368; -0.008249 \
#; 0.000000; 0.001748; -0.000000; 0.000000; 0.003435; -0.000000 \
#; -0.019349; 0.000000; 0.006338; 0.022981; 0.000000; -0.007528 \
#; -0.000000; -0.002483; -0.000000; -0.000000; 0.002949; -0.000000 \
#; -0.013626; 0.000000; -0.004464; -0.026774; 0.000000; -0.008771 \
# ]
#metaData: qpt=[0.000000;0.500000;0.500000;1.611695 \
#; 0.047897; -0.000000; -0.016941; -0.000000; -0.000000; -0.000000 \
#; 0.000000; -0.000112; -0.000000; -0.000000; 0.001595; 0.000000 \
#; 0.003357; 0.000000; 0.001187; -0.047780; -0.000000; -0.016899 \
#; 0.000000; 0.001599; 0.000000; 0.000000; -0.000000; 0.000000 \
#; 0.008157; -0.001025; 0.005377; -0.007604; 0.000955; -0.005012 \
#; 0.007604; 0.000955; 0.005012; 0.008157; 0.001025; 0.005377 \
#; -0.007604; 0.000955; 0.005012; -0.008157; 0.001025; 0.005377 \
#; 0.008157; 0.001025; -0.005377; -0.007604; -0.000955; 0.005012 \
#; -0.001841; 0.015158; 0.002957; -0.000105; 0.000865; 0.000169 \
#; 0.000487; 0.004010; -0.000782; -0.001778; -0.014644; 0.002856 \
#; 0.000357; -0.000131; 0.000170; -0.027111; 0.009970; -0.012914 \
#; 0.026588; 0.009777; 0.012665; -0.005310; -0.001953; -0.002530 \
#; 0.007161; -0.002633; -0.003411; -0.026150; 0.009616; 0.012457 \
#; 0.027069; 0.009954; -0.012894; 0.001544; 0.000568; -0.000736 \
#; 0.001808; -0.014889; 0.002904; -0.000361; 0.002974; -0.000580 \
#; -0.000024; -0.000200; -0.000039; 0.001844; 0.015181; 0.002961 \
#; 0.029215; -0.000000; -0.009570; 0.007000; -0.000000; -0.002293 \
#; 0.000000; 0.000633; -0.000000; -0.000000; 0.003802; 0.000000 \
#; -0.004936; 0.000000; -0.001617; -0.029634; -0.000000; -0.009708 \
#; 0.000000; 0.003748; 0.000000; 0.000000; 0.000898; 0.000000 \
# ]
#metaData: qpt=[0.000000;0.500000;0.500000;1.901557 \
#; -0.014970; -0.000000; -0.025851; -0.000000; -0.000000; -0.000000 \
#; 0.000000; 0.003337; 0.000000; -0.000000; -0.047489; -0.000000 \
#; 0.001049; -0.000000; -0.001812; -0.014934; 0.000000; 0.025788 \
#; -0.000000; 0.047606; 0.000000; -0.000000; 0.000000; 0.000000 \
#; -0.001569; 0.006387; -0.006286; 0.001463; -0.005954; 0.005859 \
#; -0.001463; -0.005954; -0.005859; -0.001569; -0.006387; -0.006286 \
#; -0.001463; 0.005954; 0.005859; -0.001569; 0.006387; 0.006286 \
#; 0.001569; 0.006387; -0.006286; -0.001463; -0.005954; 0.005859 \
#; -0.012907; 0.012048; -0.010195; -0.000736; 0.000687; -0.000582 \
#; 0.003414; 0.003187; 0.002697; -0.012469; -0.011639; -0.009849 \
#; -0.000011; -0.000112; -0.000093; 0.000867; 0.008526; 0.007088 \
#; -0.000850; 0.008361; -0.006952; 0.000170; -0.001670; 0.001388 \
#; 0.000229; 0.002252; -0.001872; -0.000836; -0.008224; 0.006837 \
#; 0.000866; -0.008513; -0.007077; 0.000049; -0.000486; -0.000404 \
#; -0.012678; 0.011834; 0.010014; 0.002532; -0.002364; -0.002000 \
#; 0.000170; 0.000159; -0.000134; -0.012927; -0.012067; 0.010211 \
#; 0.000203; -0.000000; 0.008976; 0.000049; -0.000000; 0.002151 \
#; 0.000000; -0.000708; 0.000000; 0.000000; -0.004250; 0.000000 \
#; 0.000034; 0.000000; -0.001516; 0.000206; 0.000000; -0.009105 \
#; 0.000000; 0.004190; -0.000000; 0.000000; 0.001004; -0.000000 \
# ]
#metaData: qpt=[0.000000;0.500000;0.500000;1.901557 \
#; -0.000000; 0.047450; -0.000000; 0.000000; 0.003843; 0.000000 \
#; -0.002251; 0.000000; -0.003887; 0.014800; -0.000000; 0.025557 \
#; 0.000000; 0.007159; -0.000000; -0.000000; -0.047064; 0.000000 \
#; 0.014922; 0.000000; -0.025767; 0.001208; -0.000000; -0.002087 \
#; -0.001682; 0.006847; -0.006738; 0.001331; -0.005419; 0.005333 \
#; 0.001331; 0.005419; 0.005333; 0.001682; 0.006847; 0.006738 \
#; 0.001331; -0.005419; -0.005333; 0.001682; -0.006847; -0.006738 \
#; 0.001682; 0.006847; -0.006738; -0.001331; -0.005419; 0.005333 \
#; -0.000859; -0.008446; -0.007022; -0.000119; -0.001171; -0.000974 \
#; -0.000296; 0.002908; -0.002418; 0.000815; -0.008015; 0.006664 \
#; -0.001213; 0.001132; -0.000958; 0.012871; -0.012015; 0.010167 \
#; 0.012841; 0.011986; 0.010143; -0.001501; -0.001401; -0.001185 \
#; -0.004410; 0.004116; 0.003483; 0.012153; -0.011344; -0.009599 \
#; 0.012805; 0.011954; -0.010115; 0.001776; 0.001658; -0.001403 \
#; 0.000861; 0.008469; -0.007041; -0.000101; -0.000990; 0.000823 \
#; 0.000081; -0.000800; -0.000665; -0.000863; 0.008489; 0.007058 \
#; 0.000000; 0.004095; 0.000000; 0.000000; 0.001339; 0.000000 \
#; -0.000018; -0.000000; -0.000777; -0.000208; -0.000000; -0.009198 \
#; 0.000000; -0.000362; -0.000000; 0.000000; -0.004293; -0.000000 \
#; -0.000198; 0.000000; 0.008774; -0.000065; 0.000000; 0.002868 \
# ]
#metaData: qpt=[0.000000;0.500000;0.500000;2.012745 \
#; 0.000456; -0.000000; 0.003362; -0.000000; -0.000000; 0.000000 \
#; 0.000000; -0.003992; 0.000000; 0.000000; 0.056815; 0.000000 \
#; 0.000032; 0.000000; -0.000236; -0.000454; 0.000000; 0.003354 \
#; 0.000000; 0.056955; -0.000000; -0.000000; 0.000000; -0.000000 \
#; -0.000133; 0.000046; -0.007375; 0.000124; -0.000043; 0.006875 \
#; -0.000124; -0.000043; -0.006875; -0.000133; -0.000046; -0.007375 \
#; 0.000124; -0.000043; -0.006875; 0.000133; -0.000046; -0.007375 \
#; -0.000133; -0.000046; 0.007375; 0.000124; 0.000043; -0.006875 \
#; -0.006232; 0.013206; -0.012458; -0.000356; 0.000753; -0.000711 \
#; 0.001649; 0.003494; 0.003296; -0.006020; -0.012758; -0.012035 \
#; -0.000089; -0.000049; -0.000092; 0.006760; 0.003745; 0.007000 \
#; -0.006630; 0.003672; -0.006865; 0.001324; -0.000734; 0.001371 \
#; -0.001786; -0.000989; 0.001849; 0.006520; 0.003612; -0.006752 \
#; -0.006749; 0.003739; 0.006989; -0.000385; 0.000213; 0.000399 \
#; 0.006121; -0.012971; -0.012236; -0.001223; 0.002591; 0.002444 \
#; -0.000082; -0.000174; 0.000164; 0.006242; 0.013226; -0.012477 \
#; 0.009827; 0.000000; 0.000174; 0.002355; -0.000000; 0.000042 \
#; 0.000000; 0.000615; 0.000000; -0.000000; 0.003694; -0.000000 \
#; -0.001660; 0.000000; 0.000029; -0.009968; -0.000000; 0.000177 \
#; -0.000000; 0.003642; -0.000000; 0.000000; 0.000873; 0.000000 \
# ]
#metaData: qpt=[0.000000;0.500000;0.500000;2.012745 \
#; -0.000000; -0.009261; -0.000000; -0.000000; -0.056197; 0.000000 \
#; 0.000454; -0.000000; 0.003348; -0.000042; -0.000000; -0.000313 \
#; 0.000000; 0.056708; -0.000000; 0.000000; -0.005299; -0.000000 \
#; 0.000074; -0.000000; -0.000547; 0.000450; 0.000000; -0.003318 \
#; -0.000143; 0.000050; -0.007983; -0.000111; 0.000039; -0.006159 \
#; -0.000111; -0.000039; -0.006159; 0.000143; 0.000050; 0.007983 \
#; 0.000111; -0.000039; -0.006159; -0.000143; 0.000050; 0.007983 \
#; -0.000143; -0.000050; 0.007983; -0.000111; -0.000039; 0.006159 \
#; -0.000718; -0.000397; -0.000743; -0.006722; -0.003724; -0.006961 \
#; -0.006724; 0.003725; -0.006962; -0.000702; 0.000389; -0.000726 \
#; -0.006172; 0.013079; -0.012337; 0.000934; -0.001979; 0.001867 \
#; 0.002202; 0.004665; 0.004401; 0.005841; 0.012377; 0.011676 \
#; 0.006208; -0.013156; -0.012410; 0.000648; -0.001373; -0.001295 \
#; -0.000662; -0.001404; 0.001324; -0.006207; -0.013153; 0.012407 \
#; -0.002384; -0.001321; 0.002469; -0.006326; -0.003504; 0.006550 \
#; -0.006684; 0.003703; 0.006921; 0.001011; -0.000560; -0.001047 \
#; -0.000000; 0.000269; -0.000000; -0.000000; -0.003736; 0.000000 \
#; 0.009565; -0.000000; 0.000170; -0.003259; -0.000000; -0.000058 \
#; 0.000000; 0.003545; -0.000000; 0.000000; -0.001208; -0.000000 \
#; -0.000725; -0.000000; 0.000013; 0.010079; -0.000000; -0.000179 \
# ]
#metaData: qpt=[0.000000;0.500000;0.500000;2.085231 \
#; -0.000000; 0.001273; 0.000000; -0.000000; -0.005950; 0.000000 \
#; -0.050205; -0.000000; 0.016975; -0.014490; 0.000000; 0.004899 \
#; 0.000000; -0.005846; 0.000000; -0.000000; -0.001687; -0.000000 \
#; -0.010936; -0.000000; -0.003698; 0.051097; -0.000000; 0.017277 \
#; -0.007021; -0.003318; 0.000671; -0.011726; -0.005542; 0.001120 \
#; -0.011726; 0.005542; 0.001120; 0.007021; -0.003318; -0.000671 \
#; -0.011726; -0.005542; -0.001120; 0.007021; 0.003318; 0.000671 \
#; 0.007021; -0.003318; 0.000671; 0.011726; -0.005542; 0.001120 \
#; -0.001934; 0.003846; -0.002128; 0.007046; -0.014017; 0.007756 \
#; 0.006487; 0.012905; 0.007141; 0.003362; 0.006688; 0.003700 \
#; -0.005510; -0.003677; 0.000919; -0.001255; -0.000838; 0.000209 \
#; -0.000077; 0.000052; 0.000013; 0.005651; -0.003771; -0.000942 \
#; -0.005018; -0.003348; -0.000836; -0.002600; -0.001735; -0.000433 \
#; -0.001496; 0.000998; -0.000249; 0.005450; -0.003637; 0.000909 \
#; 0.000100; -0.000199; -0.000110; -0.007306; 0.014533; 0.008042 \
#; -0.007124; -0.014172; 0.007842; -0.001623; -0.003229; 0.001786 \
#; -0.000000; 0.001089; -0.000000; -0.000000; -0.002279; -0.000000 \
#; -0.016200; 0.000000; -0.008471; -0.000743; 0.000000; -0.000388 \
#; -0.000000; -0.002523; 0.000000; -0.000000; -0.000116; 0.000000 \
#; -0.006996; -0.000000; 0.003658; 0.014630; -0.000000; -0.007650 \
# ]
#metaData: qpt=[0.000000;0.500000;0.500000;2.085231 \
#; -0.052254; -0.000000; 0.017668; 0.000000; 0.000000; 0.000000 \
#; 0.000000; -0.000426; -0.000000; 0.000000; 0.006070; -0.000000 \
#; 0.003662; 0.000000; 0.001238; -0.052125; 0.000000; -0.017625 \
#; 0.000000; -0.006085; 0.000000; -0.000000; 0.000000; -0.000000 \
#; -0.009997; -0.004725; 0.000955; 0.009320; 0.004405; -0.000890 \
#; -0.009320; 0.004405; 0.000890; -0.009997; 0.004725; 0.000955 \
#; -0.009320; -0.004405; -0.000890; -0.009997; -0.004725; -0.000955 \
#; 0.009997; -0.004725; 0.000955; -0.009320; 0.004405; -0.000890 \
#; -0.005642; -0.003765; 0.000941; -0.000322; -0.000215; 0.000054 \
#; 0.001493; -0.000996; -0.000249; -0.005451; 0.003637; 0.000909 \
#; 0.000096; -0.000191; 0.000106; -0.007306; 0.014534; -0.008042 \
#; 0.007165; 0.014253; 0.007887; -0.001431; -0.002847; -0.001575 \
#; -0.001930; 0.003839; 0.002124; 0.007047; -0.014019; -0.007757 \
#; -0.007295; -0.014511; 0.008029; -0.000416; -0.000828; 0.000458 \
#; -0.005542; -0.003698; -0.000924; 0.001107; 0.000739; 0.000185 \
#; 0.000074; -0.000050; 0.000012; -0.005651; 0.003771; -0.000942 \
#; -0.015770; -0.000000; -0.008246; -0.003779; 0.000000; -0.001976 \
#; 0.000000; 0.000415; 0.000000; 0.000000; 0.002491; 0.000000 \
#; -0.002664; 0.000000; 0.001393; -0.015996; 0.000000; 0.008365 \
#; 0.000000; -0.002456; -0.000000; -0.000000; -0.000589; 0.000000 \
# ]
#metaData: qpt=[0.000000;0.500000;0.500000;3.114316 \
#; 0.026186; 0.000000; 0.019892; -0.000000; -0.000000; -0.000000 \
#; -0.000000; 0.000160; -0.000000; -0.000000; -0.002275; -0.000000 \
#; 0.001835; 0.000000; -0.001394; -0.026121; 0.000000; 0.019843 \
#; 0.000000; -0.002281; -0.000000; -0.000000; -0.000000; 0.000000 \
#; -0.007559; -0.003922; -0.003575; 0.007047; 0.003656; 0.003332 \
#; -0.007047; 0.003656; -0.003332; -0.007559; 0.003922; -0.003575 \
#; 0.007047; 0.003656; -0.003332; 0.007559; 0.003922; -0.003575 \
#; -0.007559; 0.003922; 0.003575; 0.007047; -0.003656; -0.003332 \
#; 0.002028; -0.026528; -0.003887; 0.000116; -0.001514; -0.000222 \
#; -0.000537; -0.007018; 0.001028; 0.001959; 0.025628; -0.003755 \
#; -0.000412; -0.000515; -0.000214; 0.031358; 0.039122; 0.016276 \
#; -0.030753; 0.038368; -0.015962; 0.006142; -0.007663; 0.003188 \
#; -0.008283; -0.010334; 0.004299; 0.030247; 0.037736; -0.015700 \
#; -0.031310; 0.039062; 0.016251; -0.001786; 0.002229; 0.000927 \
#; -0.001992; 0.026057; -0.003817; 0.000398; -0.005204; 0.000762 \
#; 0.000027; 0.000349; 0.000051; -0.002031; -0.026569; -0.003893 \
#; -0.041541; -0.000000; -0.030719; -0.009954; 0.000000; -0.007361 \
#; 0.000000; 0.002337; 0.000000; 0.000000; 0.014032; 0.000000 \
#; 0.007018; -0.000000; -0.005190; 0.042137; -0.000000; -0.031160 \
#; -0.000000; 0.013834; 0.000000; 0.000000; 0.003315; -0.000000 \
# ]
#metaData: qpt=[0.000000;0.500000;0.500000;3.114316 \
#; -0.000000; 0.002182; -0.000000; -0.000000; -0.000664; 0.000000 \
#; -0.005850; -0.000000; -0.004444; -0.025524; 0.000000; -0.019389 \
#; -0.000000; 0.000510; 0.000000; 0.000000; 0.002223; -0.000000 \
#; 0.025051; 0.000000; -0.019030; -0.007624; -0.000000; 0.005792 \
#; -0.005180; -0.002688; -0.002450; 0.008942; 0.004640; 0.004229 \
#; 0.008942; -0.004640; 0.004229; 0.005180; -0.002688; 0.002450 \
#; -0.008942; -0.004640; 0.004229; -0.005180; -0.002688; 0.002450 \
#; -0.005180; 0.002688; 0.002450; 0.008942; -0.004640; -0.004229 \
#; -0.030473; -0.038019; -0.015817; 0.007407; 0.009241; 0.003845 \
#; 0.000883; -0.001101; 0.000458; 0.031348; -0.039110; 0.016271 \
#; -0.000566; 0.007402; 0.001084; -0.001951; 0.025520; 0.003739 \
#; -0.001790; -0.023412; 0.003430; 0.000961; 0.012566; -0.001841 \
#; 0.000057; -0.000748; 0.000110; 0.002031; -0.026561; 0.003891 \
#; 0.001974; 0.025819; 0.003783; -0.000480; -0.006276; -0.000919 \
#; -0.027632; -0.034474; 0.014342; 0.014830; 0.018503; -0.007698 \
#; 0.008736; -0.010899; -0.004534; 0.030119; -0.037577; -0.015633 \
#; 0.000000; -0.014200; 0.000000; 0.000000; 0.000857; 0.000000 \
#; 0.018982; -0.000000; 0.014037; 0.038268; -0.000000; 0.028299 \
#; -0.000000; -0.006321; 0.000000; -0.000000; -0.012744; 0.000000 \
#; -0.042640; -0.000000; 0.031531; 0.002573; -0.000000; -0.001902 \
# ]
#metaData: qpt=[0.000000;0.500000;0.500000;3.386426 \
#; 0.000000; 0.005926; 0.000000; -0.000000; -0.003148; -0.000000 \
#; 0.003408; -0.000000; 0.000513; 0.007670; -0.000000; 0.001155 \
#; -0.000000; -0.002724; 0.000000; -0.000000; -0.006132; -0.000000 \
#; 0.007412; 0.000000; -0.001116; -0.003937; -0.000000; 0.000593 \
#; 0.003590; 0.000667; 0.001083; -0.010405; -0.001934; -0.003138 \
#; -0.010405; 0.001934; -0.003138; -0.003590; 0.000667; -0.001083 \
#; -0.010405; -0.001934; 0.003138; -0.003590; -0.000667; 0.001083 \
#; -0.003590; 0.000667; 0.001083; 0.010405; -0.001934; -0.003138 \
#; 0.005047; 0.035369; 0.003144; -0.002322; -0.016274; -0.001447 \
#; -0.001217; 0.008533; -0.000758; -0.005420; 0.037987; -0.003377 \
#; -0.019001; -0.015605; -0.015981; -0.036939; -0.030338; -0.031070 \
#; -0.032159; 0.026412; -0.027049; 0.026293; -0.021594; 0.022115 \
#; -0.009104; -0.007477; 0.007657; -0.040530; -0.033287; 0.034090 \
#; -0.037736; 0.030993; 0.031740; 0.017363; -0.014260; -0.014604 \
#; -0.004301; -0.030142; 0.002679; 0.003516; 0.024644; -0.002191 \
#; 0.002541; -0.017809; -0.001583; 0.004940; -0.034622; -0.003078 \
#; -0.000000; 0.009639; 0.000000; -0.000000; -0.002493; 0.000000 \
#; 0.029931; -0.000000; 0.012983; 0.039107; -0.000000; 0.016964 \
#; 0.000000; -0.006051; -0.000000; 0.000000; -0.007906; -0.000000 \
#; 0.047678; 0.000000; -0.020682; -0.012329; -0.000000; 0.005348 \
# ]
#metaData: qpt=[0.000000;0.500000;0.500000;3.386426 \
#; 0.008393; 0.000000; 0.001264; -0.000000; -0.000000; 0.000000 \
#; 0.000000; -0.000470; -0.000000; 0.000000; 0.006694; 0.000000 \
#; -0.000588; 0.000000; 0.000089; 0.008372; -0.000000; -0.001261 \
#; -0.000000; -0.006710; 0.000000; 0.000000; 0.000000; -0.000000 \
#; -0.008051; -0.001496; -0.002428; 0.007505; 0.001395; 0.002264 \
#; -0.007505; 0.001395; -0.002264; -0.008051; 0.001496; -0.002428 \
#; -0.007505; -0.001395; 0.002264; -0.008051; -0.001496; 0.002428 \
#; 0.008051; -0.001496; -0.002428; -0.007505; 0.001395; 0.002264 \
#; -0.041472; -0.034061; -0.034882; -0.002366; -0.001943; -0.001990 \
#; 0.010971; -0.009011; 0.009228; -0.040064; 0.032905; -0.033698 \
#; -0.000073; -0.000512; -0.000046; 0.005555; 0.038931; 0.003460 \
#; -0.005448; 0.038180; -0.003394; 0.001088; -0.007626; 0.000678 \
#; 0.001467; 0.010283; -0.000914; -0.005358; -0.037551; 0.003338 \
#; 0.005546; -0.038871; -0.003455; 0.000316; -0.002218; -0.000197 \
#; -0.040735; -0.033455; 0.034262; 0.008136; 0.006682; -0.006843 \
#; 0.000546; -0.000449; -0.000460; -0.041536; 0.034113; 0.034936 \
#; 0.047891; 0.000000; 0.020774; 0.011475; 0.000000; 0.004978 \
#; 0.000000; 0.001636; -0.000000; 0.000000; 0.009821; -0.000000 \
#; 0.008091; -0.000000; -0.003509; 0.048577; -0.000000; -0.021072 \
#; 0.000000; -0.009682; -0.000000; -0.000000; -0.002320; -0.000000 \
# ]
#metaData: qpt=[0.000000;0.500000;0.500000;3.578010 \
#; -0.004653; 0.000000; 0.011643; -0.000000; -0.000000; 0.000000 \
#; 0.000000; 0.000962; -0.000000; 0.000000; -0.013686; -0.000000 \
#; -0.000326; -0.000000; -0.000816; 0.004641; -0.000000; 0.011615 \
#; 0.000000; -0.013720; -0.000000; -0.000000; -0.000000; 0.000000 \
#; 0.006539; -0.007355; -0.007238; -0.006096; 0.006856; 0.006747 \
#; 0.006096; 0.006856; -0.006747; 0.006539; 0.007355; -0.007238 \
#; -0.006096; 0.006856; -0.006747; -0.006539; 0.007355; -0.007238 \
#; 0.006539; 0.007355; 0.007238; -0.006096; -0.006856; -0.006747 \
#; 0.006828; 0.040114; 0.000530; 0.000390; 0.002289; 0.000030 \
#; -0.001806; 0.010612; -0.000140; 0.006597; -0.038753; 0.000512 \
#; -0.000323; -0.000238; -0.000427; 0.024580; 0.018072; 0.032496 \
#; -0.024106; 0.017724; -0.031869; 0.004815; -0.003540; 0.006365 \
#; -0.006492; -0.004773; 0.008583; 0.023709; 0.017432; -0.031344 \
#; -0.024542; 0.018044; 0.032446; -0.001400; 0.001030; 0.001851 \
#; -0.006707; -0.039401; 0.000520; 0.001340; 0.007870; -0.000104 \
#; 0.000090; -0.000528; -0.000007; -0.006839; 0.040176; 0.000531 \
#; 0.069030; 0.000000; -0.010789; 0.016541; -0.000000; -0.002585 \
#; 0.000000; 0.001372; 0.000000; 0.000000; 0.008237; 0.000000 \
#; -0.011662; -0.000000; -0.001823; -0.070020; -0.000000; -0.010943 \
#; 0.000000; 0.008121; -0.000000; -0.000000; 0.001946; -0.000000 \
# ]
#metaData: qpt=[0.000000;0.500000;0.500000;3.578010 \
#; 0.000000; 0.012954; 0.000000; 0.000000; 0.004520; -0.000000 \
#; -0.001837; -0.000000; 0.004597; 0.004275; -0.000000; -0.010698 \
#; 0.000000; -0.005417; 0.000000; 0.000000; 0.012606; -0.000000 \
#; -0.004393; 0.000000; -0.010993; -0.001533; 0.000000; -0.003836 \
#; 0.008182; -0.009203; -0.009057; -0.003601; 0.004051; 0.003986 \
#; -0.003601; -0.004051; 0.003986; -0.008182; -0.009203; 0.009057 \
#; 0.003601; -0.004051; 0.003986; 0.008182; -0.009203; 0.009057 \
#; 0.008182; 0.009203; 0.009057; -0.003601; -0.004051; -0.003986 \
#; -0.022711; -0.016698; -0.030025; -0.009407; -0.006916; -0.012436 \
#; -0.013940; 0.010249; -0.018430; 0.020247; -0.014886; 0.026767 \
#; 0.002338; 0.013734; 0.000181; -0.006428; -0.037760; -0.000499 \
#; -0.006774; 0.039795; -0.000526; -0.000945; 0.005549; -0.000073 \
#; -0.003879; -0.022786; 0.000301; 0.005633; 0.033094; -0.000437 \
#; 0.006319; -0.037121; -0.000490; 0.002617; -0.015375; -0.000203 \
#; -0.024347; -0.017900; 0.032187; -0.003395; -0.002496; 0.004488 \
#; -0.008402; 0.006178; 0.011108; 0.023102; -0.016985; -0.030541 \
#; 0.000000; -0.007026; 0.000000; -0.000000; -0.004512; 0.000000 \
#; 0.012055; 0.000000; -0.001884; -0.069953; 0.000000; 0.010933 \
#; -0.000000; 0.001418; -0.000000; 0.000000; -0.008229; -0.000000 \
#; 0.059728; 0.000000; 0.009335; 0.038357; 0.000000; 0.005995 \
# ]
#metaData: qpt=[0.000000;0.500000;0.500000;3.647198 \
#; 0.000000; 0.003045; 0.000000; -0.000000; -0.000345; -0.000000 \
#; 0.000288; -0.000000; -0.000148; 0.006757; -0.000000; -0.003475 \
#; 0.000000; -0.000130; 0.000000; 0.000000; -0.003061; 0.000000 \
#; 0.006720; 0.000000; 0.003456; -0.000761; -0.000000; -0.000391 \
#; 0.007160; 0.000409; 0.004994; -0.008369; -0.000478; -0.005836 \
#; -0.008369; 0.000478; -0.005836; -0.007160; 0.000409; -0.004994 \
#; -0.008369; -0.000478; 0.005836; -0.007160; -0.000409; 0.004994 \
#; -0.007160; 0.000409; 0.004994; 0.008369; -0.000478; -0.005836 \
#; -0.013513; -0.042276; -0.005144; 0.000754; 0.002358; 0.000287 \
#; -0.002084; 0.006519; -0.000793; 0.013373; -0.041837; 0.005091 \
#; -0.004223; -0.001564; -0.002042; -0.042273; -0.015657; -0.020442 \
#; -0.040460; 0.014985; -0.019566; 0.012954; -0.004798; 0.006264 \
#; 0.006540; 0.002422; -0.003163; -0.041977; -0.015547; 0.020299 \
#; -0.042417; 0.015710; 0.020512; 0.002366; -0.000876; -0.001144 \
#; 0.012890; 0.040325; -0.004907; -0.004127; -0.012911; 0.001571 \
#; -0.001345; 0.004209; 0.000512; -0.013467; 0.042132; 0.005127 \
#; 0.000000; 0.004909; 0.000000; 0.000000; 0.000604; -0.000000 \
#; -0.019789; 0.000000; -0.002636; -0.069404; 0.000000; -0.009244 \
#; -0.000000; -0.001356; -0.000000; -0.000000; -0.004757; -0.000000 \
#; -0.071630; 0.000000; 0.009540; -0.008816; 0.000000; 0.001174 \
# ]
#metaData: qpt=[0.000000;0.500000;0.500000;3.647198 \
#; 0.006763; 0.000000; -0.003478; -0.000000; -0.000000; 0.000000 \
#; 0.000000; -0.000215; -0.000000; 0.000000; 0.003057; -0.000000 \
#; -0.000474; 0.000000; -0.000244; 0.006746; 0.000000; 0.003470 \
#; 0.000000; -0.003064; -0.000000; -0.000000; -0.000000; 0.000000 \
#; -0.008056; -0.000460; -0.005618; 0.007510; 0.000429; 0.005238 \
#; -0.007510; 0.000429; -0.005238; -0.008056; 0.000460; -0.005618 \
#; -0.007510; -0.000429; 0.005238; -0.008056; -0.000460; 0.005618 \
#; 0.008056; -0.000460; -0.005618; -0.007510; 0.000429; 0.005238 \
#; -0.042414; -0.015709; -0.020511; -0.002420; -0.000896; -0.001170 \
#; 0.011220; -0.004156; 0.005426; -0.040975; 0.015176; -0.019815 \
#; 0.000178; 0.000557; 0.000068; -0.013533; -0.042338; -0.005152 \
#; 0.013272; -0.041522; 0.005052; -0.002651; 0.008293; -0.001009 \
#; -0.003575; -0.011183; 0.001361; 0.013054; 0.040838; -0.004969 \
#; -0.013512; 0.042273; 0.005144; -0.000771; 0.002412; 0.000293 \
#; -0.041660; -0.015430; 0.020146; 0.008321; 0.003082; -0.004024 \
#; 0.000559; -0.000207; -0.000270; -0.042480; 0.015733; 0.020542 \
#; -0.070184; 0.000000; -0.009348; -0.016817; 0.000000; -0.002240 \
#; 0.000000; 0.000813; 0.000000; 0.000000; 0.004879; 0.000000 \
#; -0.011857; -0.000000; 0.001579; -0.071190; -0.000000; 0.009482 \
#; 0.000000; -0.004810; -0.000000; 0.000000; -0.001153; -0.000000 \
# ]
#metaData: qpt=[0.000000;0.500000;0.500000;3.947562 \
#; 0.000000; 0.014206; -0.000000; 0.000000; 0.017892; 0.000000 \
#; 0.001868; 0.000000; 0.012728; -0.001280; 0.000000; -0.008724 \
#; 0.000000; 0.018844; -0.000000; -0.000000; -0.012917; 0.000000 \
#; -0.001408; -0.000000; 0.009595; -0.001774; 0.000000; 0.012085 \
#; 0.002848; -0.001956; 0.022007; 0.000429; -0.000295; 0.003313 \
#; 0.000429; 0.000295; 0.003313; -0.002848; -0.001956; -0.022007 \
#; 0.000429; -0.000295; -0.003313; -0.002848; 0.001956; 0.022007 \
#; -0.002848; -0.001956; 0.022007; -0.000429; -0.000295; 0.003313 \
#; 0.003886; 0.010091; 0.022055; 0.005512; 0.014314; 0.031285 \
#; 0.006202; -0.016105; 0.035199; -0.002650; 0.006880; -0.015038 \
#; 0.005646; -0.028812; 0.005409; -0.004363; 0.022264; -0.004180 \
#; -0.005445; -0.027787; -0.005217; -0.004611; -0.023529; -0.004417 \
#; 0.006562; -0.033483; -0.006286; -0.002803; 0.014305; 0.002686 \
#; -0.004111; -0.020979; 0.003939; -0.005832; -0.029760; 0.005587 \
#; -0.005147; -0.013365; 0.029211; -0.004358; -0.011317; 0.024735 \
#; -0.005336; 0.013858; 0.030288; 0.004124; -0.010708; -0.023404 \
#; -0.000000; -0.002469; -0.000000; -0.000000; -0.005302; -0.000000 \
#; 0.002036; -0.000000; 0.036133; -0.002253; -0.000000; -0.039995 \
#; -0.000000; -0.003921; 0.000000; -0.000000; 0.004340; 0.000000 \
#; -0.001282; 0.000000; 0.022756; -0.002753; 0.000000; 0.048861 \
# ]
#metaData: qpt=[0.000000;0.500000;0.500000;3.947562 \
#; -0.002265; -0.000000; -0.015431; -0.000000; -0.000000; 0.000000 \
#; -0.000000; -0.001601; -0.000000; 0.000000; 0.022790; -0.000000 \
#; 0.000159; -0.000000; -0.001082; -0.002259; -0.000000; 0.015393 \
#; -0.000000; -0.022846; -0.000000; 0.000000; 0.000000; -0.000000 \
#; -0.002107; 0.001447; -0.016279; 0.001964; -0.001349; 0.015175 \
#; -0.001964; -0.001349; -0.015175; -0.002107; -0.001447; -0.016279 \
#; -0.001964; 0.001349; 0.015175; -0.002107; 0.001447; 0.016279 \
#; 0.002107; 0.001447; -0.016279; -0.001964; -0.001349; 0.015175 \
#; -0.007124; 0.036352; -0.006824; -0.000406; 0.002074; -0.000389 \
#; 0.001885; 0.009617; 0.001805; -0.006882; -0.035118; -0.006593 \
#; -0.000089; -0.000230; -0.000503; 0.006743; 0.017512; 0.038274 \
#; -0.006613; 0.017174; -0.037536; 0.001321; -0.003430; 0.007497 \
#; 0.001781; 0.004625; -0.010109; -0.006504; -0.016891; 0.036918 \
#; 0.006733; -0.017485; -0.038215; 0.000384; -0.000998; -0.002180 \
#; -0.006997; 0.035706; 0.006703; 0.001398; -0.007132; -0.001339 \
#; 0.000094; 0.000479; -0.000090; -0.007135; -0.036408; 0.006835 \
#; -0.002953; -0.000000; -0.052416; -0.000708; 0.000000; -0.012560 \
#; 0.000000; -0.000961; -0.000000; -0.000000; -0.005769; 0.000000 \
#; -0.000499; -0.000000; 0.008855; -0.002995; -0.000000; 0.053167 \
#; 0.000000; 0.005687; 0.000000; 0.000000; 0.001363; -0.000000 \
# ]
#metaData: qpt=[0.000000;0.500000;0.500000;4.084027 \
#; 0.000000; 0.008354; -0.000000; 0.000000; 0.000240; -0.000000 \
#; 0.001101; -0.000000; -0.001445; -0.011098; 0.000000; 0.014573 \
#; 0.000000; -0.000825; -0.000000; 0.000000; 0.008317; 0.000000 \
#; 0.011147; -0.000000; 0.014639; 0.000320; -0.000000; 0.000420 \
#; 0.008206; 0.000122; -0.024080; -0.007221; -0.000108; 0.021189 \
#; -0.007221; 0.000108; 0.021189; -0.008206; 0.000122; 0.024080 \
#; 0.007221; 0.000108; 0.021189; 0.008206; 0.000122; 0.024080 \
#; 0.008206; -0.000122; 0.024080; -0.007221; 0.000108; -0.021189 \
#; -0.011807; 0.033170; -0.015047; -0.001014; 0.002849; -0.001293 \
#; -0.003457; -0.009711; -0.004405; 0.011335; 0.031844; 0.014445 \
#; -0.000574; -0.001169; -0.001388; 0.013699; 0.027919; 0.033155 \
#; 0.013517; -0.027548; 0.032715; -0.002299; 0.004684; -0.005563 \
#; 0.003999; 0.008150; -0.009679; -0.013114; -0.026728; 0.031741 \
#; -0.013660; 0.027840; 0.033063; -0.001173; 0.002392; 0.002840 \
#; -0.011683; 0.032821; 0.014888; 0.001987; -0.005581; -0.002532 \
#; -0.000496; -0.001393; 0.000632; 0.011840; 0.033263; -0.015089 \
#; -0.000000; 0.010674; -0.000000; -0.000000; 0.002884; -0.000000 \
#; -0.000759; -0.000000; -0.001078; -0.005530; -0.000000; -0.007859 \
#; 0.000000; 0.001503; -0.000000; -0.000000; 0.010954; 0.000000 \
#; 0.005389; 0.000000; -0.007658; 0.001456; 0.000000; -0.002069 \
# ]
#metaData: qpt=[0.000000;0.500000;0.500000;4.084027 \
#; 0.011152; -0.000000; -0.014645; -0.000000; -0.000000; -0.000000 \
#; 0.000000; 0.000586; -0.000000; 0.000000; -0.008337; -0.000000 \
#; 0.000782; -0.000000; 0.001026; -0.011125; 0.000000; -0.014609 \
#; -0.000000; -0.008358; -0.000000; 0.000000; -0.000000; 0.000000 \
#; 0.007996; 0.000119; -0.023462; -0.007454; -0.000111; 0.021872 \
#; 0.007454; -0.000111; -0.021872; 0.007996; -0.000119; -0.023462 \
#; -0.007454; -0.000111; -0.021872; -0.007996; -0.000119; -0.023462 \
#; 0.007996; -0.000119; 0.023462; -0.007454; 0.000111; -0.021872 \
#; -0.013688; -0.027898; -0.033131; -0.000781; -0.001592; -0.001890 \
#; 0.003621; -0.007380; 0.008764; -0.013224; 0.026951; -0.032006 \
#; -0.000156; 0.000438; -0.000199; 0.011850; -0.033289; 0.015101 \
#; -0.011621; -0.032647; -0.014810; 0.002321; 0.006521; 0.002958 \
#; -0.003130; 0.008793; 0.003989; 0.011430; -0.032110; -0.014566 \
#; -0.011831; -0.033238; 0.015078; -0.000675; -0.001896; 0.000860 \
#; 0.013445; 0.027402; -0.032542; -0.002685; -0.005473; 0.006500 \
#; -0.000180; 0.000368; 0.000436; 0.013709; -0.027941; -0.033182 \
#; 0.005429; -0.000000; 0.007714; 0.001301; 0.000000; 0.001848 \
#; 0.000000; -0.001816; -0.000000; -0.000000; -0.010906; 0.000000 \
#; -0.000917; 0.000000; 0.001303; -0.005506; -0.000000; 0.007825 \
#; 0.000000; -0.010752; -0.000000; -0.000000; -0.002576; -0.000000 \
# ]
#metaData: qpt=[0.000000;0.500000;0.500000;4.291120 \
#; -0.009376; 0.000000; -0.010296; 0.000000; -0.000000; 0.000000 \
#; 0.000000; 0.000262; 0.000000; 0.000000; -0.003736; -0.000000 \
#; 0.000657; -0.000000; -0.000722; -0.009353; 0.000000; 0.010271 \
#; 0.000000; 0.003745; -0.000000; -0.000000; -0.000000; 0.000000 \
#; 0.021183; -0.026291; -0.002340; -0.019747; 0.024508; 0.002182 \
#; 0.019747; 0.024508; -0.002182; 0.021183; 0.026291; -0.002340 \
#; 0.019747; -0.024508; 0.002182; 0.021183; -0.026291; 0.002340 \
#; -0.021183; -0.026291; -0.002340; 0.019747; 0.024508; 0.002182 \
#; -0.001110; -0.022014; -0.011745; -0.000063; -0.001256; -0.000670 \
#; 0.000294; -0.005824; 0.003107; -0.001073; 0.021267; -0.011347 \
#; -0.000093; 0.000127; -0.000141; 0.007048; -0.009640; 0.010747 \
#; -0.006913; -0.009454; -0.010540; 0.001381; 0.001888; 0.002105 \
#; 0.001862; -0.002546; -0.002839; -0.006799; 0.009298; 0.010366 \
#; 0.007038; 0.009625; -0.010730; 0.000402; 0.000549; -0.000612 \
#; -0.001091; -0.021623; 0.011537; 0.000218; 0.004319; -0.002304 \
#; 0.000015; -0.000290; -0.000155; -0.001112; 0.022048; 0.011763 \
#; 0.004743; -0.000000; -0.018820; 0.001137; 0.000000; -0.004510 \
#; 0.000000; 0.003099; 0.000000; 0.000000; 0.018607; 0.000000 \
#; 0.000801; 0.000000; 0.003179; 0.004811; -0.000000; 0.019090 \
#; -0.000000; -0.018344; -0.000000; -0.000000; -0.004396; 0.000000 \
# ]
#metaData: qpt=[0.000000;0.500000;0.500000;4.291120 \
#; 0.000000; 0.000701; 0.000000; -0.000000; -0.003679; -0.000000 \
#; 0.009065; 0.000000; 0.009954; 0.002396; 0.000000; 0.002631 \
#; 0.000000; -0.003621; 0.000000; 0.000000; -0.000957; 0.000000 \
#; 0.001754; -0.000000; -0.001926; -0.009210; 0.000000; 0.010114 \
#; -0.015435; 0.019156; 0.001705; -0.024504; 0.030412; 0.002707 \
#; -0.024504; -0.030412; 0.002707; 0.015435; 0.019156; -0.001705 \
#; -0.024504; 0.030412; -0.002707; 0.015435; -0.019156; 0.001705 \
#; 0.015435; 0.019156; 0.001705; 0.024504; 0.030412; 0.002707 \
#; -0.001711; 0.002340; -0.002609; 0.006838; -0.009352; 0.010426 \
#; 0.006330; 0.008658; 0.009652; 0.003101; 0.004241; 0.004728 \
#; 0.001090; 0.021604; 0.011527; 0.000222; 0.004410; 0.002353 \
#; -0.000010; 0.000197; -0.000105; -0.001112; 0.022049; -0.011764 \
#; 0.000999; 0.019802; -0.010565; 0.000489; 0.009700; -0.005175 \
#; 0.000270; -0.005353; -0.002856; -0.001079; 0.021390; 0.011413 \
#; -0.000063; 0.000086; 0.000096; -0.007049; 0.009640; 0.010747 \
#; -0.006907; -0.009446; 0.010531; -0.001410; -0.001928; 0.002150 \
#; -0.000000; -0.007750; 0.000000; 0.000000; 0.017198; 0.000000 \
#; -0.004876; 0.000000; 0.019347; -0.000113; -0.000000; 0.000449 \
#; 0.000000; 0.018859; -0.000000; 0.000000; 0.000437; -0.000000 \
#; -0.002004; 0.000000; -0.007951; 0.004447; 0.000000; 0.017644 \
# ]
#metaData: qpt=[0.000000;0.500000;0.500000;4.328407 \
#; 0.012130; 0.000000; -0.018015; 0.000000; -0.000000; 0.000000 \
#; 0.000000; -0.000049; 0.000000; 0.000000; 0.000698; -0.000000 \
#; 0.000850; 0.000000; 0.001263; -0.012100; -0.000000; -0.017971 \
#; 0.000000; 0.000700; -0.000000; -0.000000; -0.000000; 0.000000 \
#; -0.019273; 0.016572; 0.007578; 0.017966; -0.015448; -0.007065 \
#; -0.017966; -0.015448; 0.007065; -0.019273; -0.016572; 0.007578 \
#; 0.017966; -0.015448; 0.007065; 0.019273; -0.016572; 0.007578 \
#; -0.019273; -0.016572; -0.007578; 0.017966; 0.015448; 0.007065 \
#; 0.010690; 0.006969; 0.009602; 0.000610; 0.000398; 0.000548 \
#; -0.002828; 0.001844; -0.002540; 0.010327; -0.006732; 0.009277 \
#; -0.000499; 0.000217; -0.000281; 0.037927; -0.016472; 0.021391 \
#; -0.037196; -0.016154; -0.020979; 0.007429; 0.003227; 0.004190 \
#; -0.010018; 0.004351; 0.005650; 0.036584; -0.015889; -0.020634 \
#; -0.037869; -0.016447; 0.021358; -0.002161; -0.000938; 0.001219 \
#; -0.010500; -0.006845; 0.009432; 0.002097; 0.001367; -0.001884 \
#; 0.000141; -0.000092; -0.000127; -0.010706; 0.006980; 0.009617 \
#; 0.019447; -0.000000; 0.018777; 0.004660; 0.000000; 0.004499 \
#; -0.000000; -0.003565; 0.000000; -0.000000; -0.021405; 0.000000 \
#; -0.003285; 0.000000; 0.003172; -0.019726; 0.000000; 0.019046 \
#; -0.000000; -0.021102; 0.000000; 0.000000; -0.005056; 0.000000 \
# ]
#metaData: qpt=[0.000000;0.500000;0.500000;4.328407 \
#; 0.000000; 0.000333; 0.000000; 0.000000; 0.000616; 0.000000 \
#; -0.011050; -0.000000; 0.016412; 0.005002; 0.000000; -0.007429 \
#; -0.000000; -0.000638; -0.000000; 0.000000; 0.000289; 0.000000 \
#; -0.005764; -0.000000; -0.008561; -0.010672; -0.000000; -0.015851 \
#; 0.024966; -0.021468; -0.009817; 0.008419; -0.007239; -0.003311 \
#; 0.008419; 0.007239; -0.003311; -0.024966; -0.021468; 0.009817 \
#; -0.008419; 0.007239; -0.003311; 0.024966; -0.021468; 0.009817 \
#; 0.024966; 0.021468; 0.009817; 0.008419; 0.007239; 0.003311 \
#; 0.016095; -0.006990; 0.009078; 0.034346; -0.014917; 0.019372 \
#; 0.036949; 0.016047; 0.020840; -0.008571; -0.003723; -0.004834 \
#; -0.009487; -0.006185; -0.008522; 0.004964; 0.003236; 0.004459 \
#; 0.006835; -0.004456; 0.006140; 0.008242; -0.005373; 0.007403 \
#; 0.010430; 0.006800; -0.009369; -0.002419; -0.001577; 0.002173 \
#; -0.004543; 0.002962; 0.004081; -0.009695; 0.006321; 0.008709 \
#; 0.024213; -0.010516; -0.013657; 0.029197; -0.012680; -0.016467 \
#; 0.033608; 0.014596; -0.018955; -0.017585; -0.007637; 0.009918 \
#; -0.000000; -0.005579; 0.000000; -0.000000; -0.020970; -0.000000 \
#; -0.015795; 0.000000; -0.015251; 0.012265; -0.000000; 0.011842 \
#; -0.000000; 0.017139; 0.000000; -0.000000; -0.013309; 0.000000 \
#; -0.005142; 0.000000; 0.004965; -0.019325; 0.000000; 0.018660 \
# ]
#metaData: qpt=[0.000000;0.500000;0.500000;4.737015 \
#; 0.000000; 0.001507; 0.000000; -0.000000; -0.003467; -0.000000 \
#; -0.003886; -0.000000; -0.001245; -0.002024; -0.000000; -0.000649 \
#; -0.000000; 0.003353; -0.000000; -0.000000; 0.001746; -0.000000 \
#; 0.001747; -0.000000; -0.000560; -0.004018; 0.000000; 0.001287 \
#; 0.010763; 0.005074; 0.008127; 0.030404; 0.014335; 0.022959 \
#; 0.030404; -0.014335; 0.022959; -0.010763; 0.005074; -0.008127 \
#; -0.030404; -0.014335; 0.022959; 0.010763; 0.005074; -0.008127 \
#; 0.010763; -0.005074; -0.008127; 0.030404; -0.014335; -0.022959 \
#; 0.008587; 0.007518; 0.010497; -0.017028; -0.014907; -0.020816 \
#; -0.014861; 0.013009; -0.018166; -0.011953; 0.010464; -0.014611 \
#; -0.015523; -0.022192; -0.008202; -0.006993; -0.009997; -0.003695 \
#; -0.003598; 0.005144; -0.001901; 0.016641; -0.023790; 0.008792 \
#; 0.013267; 0.018966; -0.007009; 0.010671; 0.015255; -0.005638 \
#; 0.007666; -0.010960; -0.004051; -0.015202; 0.021732; 0.008032 \
#; 0.004031; 0.003529; -0.004927; -0.018640; -0.016318; 0.022786 \
#; -0.017388; 0.015222; 0.021256; -0.007833; 0.006857; 0.009575 \
#; -0.000000; -0.000809; -0.000000; -0.000000; 0.001074; -0.000000 \
#; 0.002905; 0.000000; 0.022196; 0.000727; 0.000000; 0.005551 \
#; 0.000000; -0.001304; -0.000000; 0.000000; -0.000326; -0.000000 \
#; -0.001801; -0.000000; 0.013760; 0.002393; -0.000000; -0.018279 \
# ]
#metaData: qpt=[0.000000;0.500000;0.500000;4.737015 \
#; 0.004381; 0.000000; 0.001404; 0.000000; 0.000000; 0.000000 \
#; 0.000000; 0.000265; -0.000000; -0.000000; -0.003771; 0.000000 \
#; 0.000307; 0.000000; -0.000098; -0.004370; -0.000000; 0.001400 \
#; -0.000000; -0.003780; -0.000000; -0.000000; -0.000000; -0.000000 \
#; -0.023592; -0.011123; -0.017815; 0.021993; 0.010369; 0.016607 \
#; -0.021993; 0.010369; -0.016607; -0.023592; 0.011123; -0.017815 \
#; 0.021993; 0.010369; -0.016607; 0.023592; 0.011123; -0.017815 \
#; -0.023592; 0.011123; 0.017815; 0.021993; -0.010369; -0.016607 \
#; 0.016998; 0.024300; 0.008981; 0.000970; 0.001386; 0.000512 \
#; -0.004497; 0.006428; -0.002376; 0.016421; -0.023475; 0.008676 \
#; 0.000251; 0.000220; 0.000307; -0.019069; -0.016694; -0.023311 \
#; 0.018702; -0.016372; 0.022861; -0.003735; 0.003270; -0.004566 \
#; 0.005037; 0.004409; -0.006157; -0.018394; -0.016103; 0.022485 \
#; 0.019040; -0.016668; -0.023275; 0.001086; -0.000951; -0.001328 \
#; -0.016696; -0.023868; 0.008821; 0.003335; 0.004767; -0.001762 \
#; 0.000224; -0.000320; -0.000118; -0.017024; 0.024337; 0.008995 \
#; -0.002912; 0.000000; -0.022249; -0.000698; -0.000000; -0.005331 \
#; -0.000000; 0.000221; -0.000000; 0.000000; 0.001326; 0.000000 \
#; 0.000492; 0.000000; -0.003759; 0.002954; -0.000000; -0.022568 \
#; 0.000000; 0.001307; -0.000000; 0.000000; 0.000313; -0.000000 \
# ]
#metaData: qpt=[0.000000;0.500000;0.500000;4.785792 \
#; -0.014583; 0.000000; 0.013768; 0.000000; 0.000000; 0.000000 \
#; 0.000000; -0.000543; -0.000000; -0.000000; 0.007722; 0.000000 \
#; 0.001022; 0.000000; 0.000965; -0.014547; -0.000000; -0.013734 \
#; -0.000000; -0.007741; -0.000000; -0.000000; -0.000000; -0.000000 \
#; 0.016855; 0.017395; -0.016930; -0.015712; -0.016215; 0.015782 \
#; 0.015712; -0.016215; -0.015782; 0.016855; -0.017395; -0.016930 \
#; 0.015712; 0.016215; 0.015782; 0.016855; 0.017395; 0.016930 \
#; -0.016855; 0.017395; -0.016930; 0.015712; -0.016215; 0.015782 \
#; -0.002011; -0.009442; -0.011428; -0.000115; -0.000539; -0.000652 \
#; 0.000532; -0.002498; 0.003023; -0.001943; 0.009122; -0.011040 \
#; -0.000066; 0.000361; -0.000138; 0.005011; -0.027431; 0.010511 \
#; -0.004914; -0.026902; -0.010309; 0.000982; 0.005373; 0.002059 \
#; 0.001324; -0.007246; -0.002776; -0.004834; 0.026459; 0.010139 \
#; 0.005003; 0.027389; -0.010495; 0.000285; 0.001563; -0.000599 \
#; -0.001976; -0.009275; 0.011225; 0.000395; 0.001852; -0.002242 \
#; 0.000026; -0.000124; -0.000151; -0.002014; 0.009457; 0.011446 \
#; 0.021208; -0.000000; 0.039126; 0.005082; -0.000000; 0.009375 \
#; -0.000000; -0.000465; -0.000000; -0.000000; -0.002794; 0.000000 \
#; 0.003583; -0.000000; -0.006610; 0.021512; 0.000000; -0.039687 \
#; 0.000000; 0.002755; -0.000000; 0.000000; 0.000660; 0.000000 \
# ]
#metaData: qpt=[0.000000;0.500000;0.500000;4.785792 \
#; -0.000000; -0.006940; 0.000000; -0.000000; -0.003429; 0.000000 \
#; -0.007360; 0.000000; 0.006949; 0.012589; -0.000000; -0.011885 \
#; -0.000000; -0.003907; 0.000000; -0.000000; 0.006683; -0.000000 \
#; 0.013074; -0.000000; 0.012343; 0.006460; -0.000000; 0.006099 \
#; 0.022071; 0.022778; -0.022169; -0.006620; -0.006832; 0.006650 \
#; -0.006620; 0.006832; 0.006650; -0.022071; 0.022778; 0.022169 \
#; -0.006620; -0.006832; -0.006650; -0.022071; -0.022778; -0.022169 \
#; -0.022071; 0.022778; -0.022169; 0.006620; -0.006832; 0.006650 \
#; -0.004359; 0.023863; -0.009144; -0.002472; 0.013533; -0.005186 \
#; -0.003328; -0.018217; -0.006980; 0.003747; 0.020512; 0.007860 \
#; -0.000916; -0.004301; -0.005205; 0.001794; 0.008423; 0.010195 \
#; 0.001946; -0.009136; 0.011057; 0.000521; -0.002448; 0.002962 \
#; -0.001338; -0.006280; 0.007601; 0.001506; 0.007072; -0.008559 \
#; 0.001752; -0.008227; -0.009957; 0.000994; -0.004666; -0.005647 \
#; 0.004841; -0.026499; -0.010154; 0.001297; -0.007100; -0.002721 \
#; 0.002279; 0.012475; -0.004780; -0.004463; -0.024433; 0.009363 \
#; 0.000000; 0.002177; -0.000000; 0.000000; 0.001812; -0.000000 \
#; 0.006317; -0.000000; 0.011654; -0.020873; 0.000000; -0.038509 \
#; 0.000000; 0.000821; -0.000000; 0.000000; -0.002711; -0.000000 \
#; -0.016762; -0.000000; 0.030925; -0.013950; -0.000000; 0.025737 \
# ]
#metaData: qpt=[0.000000;0.500000;0.500000;5.059034 \
#; 0.000719; 0.000000; 0.001696; 0.000000; 0.000000; -0.000000 \
#; 0.000000; 0.000122; 0.000000; 0.000000; -0.001732; -0.000000 \
#; 0.000050; 0.000000; -0.000119; -0.000718; 0.000000; 0.001692 \
#; 0.000000; -0.001736; -0.000000; -0.000000; 0.000000; -0.000000 \
#; 0.012757; 0.018075; -0.006398; -0.011892; -0.016849; 0.005965 \
#; 0.011892; -0.016849; -0.005965; 0.012757; -0.018075; -0.006398 \
#; -0.011892; -0.016849; -0.005965; -0.012757; -0.018075; -0.006398 \
#; 0.012757; -0.018075; 0.006398; -0.011892; 0.016849; -0.005965 \
#; 0.019997; 0.036009; 0.008315; 0.001141; 0.002054; 0.000474 \
#; -0.005290; 0.009526; -0.002200; 0.019318; -0.034787; 0.008032 \
#; -0.000035; 0.000161; -0.000060; 0.002660; -0.012202; 0.004563 \
#; -0.002609; -0.011967; -0.004475; 0.000521; 0.002390; 0.000894 \
#; -0.000703; 0.003223; 0.001205; 0.002566; -0.011770; -0.004401 \
#; -0.002656; -0.012183; 0.004556; -0.000152; -0.000695; 0.000260 \
#; -0.019642; -0.035369; 0.008167; 0.003923; 0.007064; -0.001631 \
#; 0.000263; -0.000474; -0.000110; -0.020028; 0.036065; 0.008327 \
#; -0.052125; 0.000000; -0.053187; -0.012490; -0.000000; -0.012744 \
#; -0.000000; -0.002118; 0.000000; -0.000000; -0.012719; 0.000000 \
#; 0.008806; -0.000000; -0.008985; 0.052872; 0.000000; -0.053949 \
#; -0.000000; -0.012539; 0.000000; 0.000000; -0.003005; 0.000000 \
# ]
#metaData: qpt=[0.000000;0.500000;0.500000;5.059034 \
#; -0.000000; -0.001405; 0.000000; -0.000000; -0.001020; 0.000000 \
#; -0.000462; 0.000000; -0.001090; 0.000551; -0.000000; 0.001299 \
#; 0.000000; 0.001116; 0.000000; -0.000000; -0.001330; 0.000000 \
#; -0.000582; -0.000000; 0.001372; -0.000423; -0.000000; 0.000996 \
#; -0.017310; -0.024526; 0.008682; 0.002129; 0.003016; -0.001068 \
#; 0.002129; -0.003016; -0.001068; 0.017310; -0.024526; -0.008682 \
#; -0.002129; -0.003016; -0.001068; -0.017310; -0.024526; -0.008682 \
#; -0.017310; 0.024526; -0.008682; 0.002129; -0.003016; 0.001068 \
#; 0.002060; -0.009451; 0.003534; 0.001683; -0.007720; 0.002887 \
#; 0.002076; 0.009523; 0.003561; -0.001664; -0.007631; -0.002853 \
#; -0.011979; -0.021572; -0.004981; 0.016052; 0.028906; 0.006674 \
#; 0.018199; -0.032772; 0.007567; 0.008365; -0.015062; 0.003478 \
#; 0.015630; 0.028146; -0.006499; -0.012525; -0.022554; 0.005208 \
#; -0.015512; 0.027933; 0.006450; -0.012671; 0.022818; 0.005269 \
#; 0.002417; -0.011088; -0.004146; 0.001111; -0.005096; -0.001906 \
#; 0.001591; 0.007298; -0.002729; -0.002132; -0.009780; 0.003657 \
#; -0.000000; -0.008382; -0.000000; -0.000000; -0.009798; -0.000000 \
#; 0.023936; 0.000000; 0.024424; -0.047959; -0.000000; -0.048936 \
#; -0.000000; 0.005758; 0.000000; 0.000000; -0.011537; -0.000000 \
#; 0.034843; -0.000000; -0.035553; 0.040730; -0.000000; -0.041560 \
# ]
#metaData: qpt=[0.000000;0.500000;0.500000;5.167957 \
#; -0.000000; -0.003890; -0.000000; 0.000000; 0.003812; -0.000000 \
#; 0.004090; 0.000000; 0.001840; 0.004804; 0.000000; 0.002161 \
#; 0.000000; 0.003530; -0.000000; 0.000000; 0.004147; -0.000000 \
#; 0.004506; 0.000000; -0.002027; -0.004417; 0.000000; 0.001987 \
#; 0.000637; 0.000282; 0.001041; -0.014122; -0.006254; -0.023063 \
#; -0.014122; 0.006254; -0.023063; -0.000637; 0.000282; -0.001041 \
#; -0.014122; -0.006254; 0.023063; -0.000637; -0.000282; 0.001041 \
#; -0.000637; 0.000282; 0.001041; 0.014122; -0.006254; -0.023063 \
#; 0.014174; 0.011287; 0.018594; -0.012391; -0.009867; -0.016255 \
#; -0.009160; 0.007294; -0.012016; -0.016448; 0.013098; -0.021577 \
#; 0.019586; -0.024914; 0.020340; 0.020515; -0.026096; 0.021305 \
#; 0.015975; 0.020320; 0.016590; -0.023437; -0.029812; -0.024339 \
#; 0.013799; -0.017553; -0.014330; 0.024780; -0.031521; -0.025734 \
#; 0.021354; 0.027162; -0.022176; -0.018668; -0.023746; 0.019387 \
#; -0.010604; -0.008444; 0.013910; 0.015557; 0.012388; -0.020408 \
#; 0.013001; -0.010352; -0.017054; 0.013617; -0.010844; -0.017863 \
#; 0.000000; 0.014548; 0.000000; 0.000000; -0.008724; 0.000000 \
#; -0.030501; 0.000000; 0.023286; -0.022257; 0.000000; 0.016992 \
#; -0.000000; -0.013703; 0.000000; -0.000000; -0.009999; 0.000000 \
#; -0.032382; 0.000000; -0.024721; 0.019419; 0.000000; 0.014826 \
# ]
#metaData: qpt=[0.000000;0.500000;0.500000;5.167957 \
#; -0.006310; -0.000000; -0.002838; -0.000000; 0.000000; -0.000000 \
#; 0.000000; -0.000382; -0.000000; 0.000000; 0.005433; -0.000000 \
#; 0.000442; 0.000000; -0.000199; -0.006294; 0.000000; 0.002831 \
#; 0.000000; -0.005446; 0.000000; -0.000000; 0.000000; -0.000000 \
#; 0.010341; 0.004579; 0.016887; -0.009639; -0.004269; -0.015742 \
#; 0.009639; -0.004269; 0.015742; 0.010341; -0.004579; 0.016887 \
#; 0.009639; 0.004269; -0.015742; 0.010341; 0.004579; -0.016887 \
#; -0.010341; 0.004579; 0.016887; 0.009639; -0.004269; -0.015742 \
#; -0.028317; 0.036020; -0.029407; -0.001616; 0.002055; -0.001678 \
#; 0.007491; 0.009529; 0.007779; -0.027356; -0.034798; -0.028409 \
#; 0.000248; 0.000197; 0.000325; -0.018825; -0.014991; -0.024695 \
#; 0.018462; -0.014702; 0.024219; -0.003687; 0.002936; -0.004837 \
#; -0.004972; -0.003960; 0.006523; 0.018158; 0.014460; -0.023820 \
#; -0.018796; 0.014968; 0.024657; -0.001072; 0.000854; 0.001407 \
#; -0.027814; 0.035380; 0.028884; 0.005555; -0.007067; -0.005769 \
#; 0.000373; 0.000475; -0.000387; -0.028361; -0.036076; 0.029452 \
#; 0.036719; 0.000000; -0.028033; 0.008798; -0.000000; -0.006717 \
#; -0.000000; -0.002787; -0.000000; -0.000000; -0.016733; 0.000000 \
#; 0.006203; -0.000000; 0.004736; 0.037245; 0.000000; 0.028434 \
#; -0.000000; 0.016496; 0.000000; -0.000000; 0.003953; 0.000000 \
# ]
#metaData: qpt=[0.000000;0.500000;0.500000;5.304242 \
#; 0.001684; 0.000000; 0.005366; -0.000000; 0.000000; -0.000000 \
#; -0.000000; -0.000164; 0.000000; 0.000000; 0.002334; 0.000000 \
#; -0.000118; -0.000000; 0.000376; 0.001680; -0.000000; -0.005353 \
#; -0.000000; -0.002340; -0.000000; -0.000000; 0.000000; -0.000000 \
#; 0.016370; 0.006532; 0.010773; -0.015260; -0.006090; -0.010043 \
#; 0.015260; -0.006090; 0.010043; 0.016370; -0.006532; 0.010773 \
#; 0.015260; 0.006090; -0.010043; 0.016370; 0.006532; -0.010773 \
#; -0.016370; 0.006532; 0.010773; 0.015260; -0.006090; -0.010043 \
#; -0.011019; 0.004935; -0.010729; -0.000629; 0.000282; -0.000612 \
#; 0.002915; 0.001306; 0.002838; -0.010645; -0.004768; -0.010364 \
#; -0.000245; -0.000558; -0.000120; 0.018643; 0.042406; 0.009138 \
#; -0.018284; 0.041589; -0.008961; 0.003652; -0.008307; 0.001790 \
#; 0.004924; 0.011201; -0.002414; -0.017983; -0.040904; 0.008814 \
#; 0.018615; -0.042341; -0.009124; 0.001062; -0.002416; -0.000521 \
#; -0.010823; 0.004848; 0.010538; 0.002162; -0.000968; -0.002105 \
#; 0.000145; 0.000065; -0.000141; -0.011036; -0.004943; 0.010745 \
#; -0.071348; -0.000000; 0.020042; -0.017096; -0.000000; 0.004802 \
#; 0.000000; -0.001706; -0.000000; -0.000000; -0.010243; 0.000000 \
#; -0.012053; 0.000000; -0.003386; -0.072370; 0.000000; -0.020330 \
#; -0.000000; 0.010098; -0.000000; 0.000000; 0.002420; 0.000000 \
# ]
#metaData: qpt=[0.000000;0.500000;0.500000;5.304242 \
#; 0.000000; 0.002113; -0.000000; -0.000000; -0.001006; 0.000000 \
#; 0.000616; -0.000000; 0.001962; 0.001568; -0.000000; 0.004995 \
#; -0.000000; -0.000855; 0.000000; -0.000000; -0.002178; 0.000000 \
#; 0.001521; 0.000000; -0.004845; -0.000724; -0.000000; 0.002307 \
#; -0.008220; -0.003280; -0.005409; 0.020815; 0.008306; 0.013698 \
#; 0.020815; -0.008306; 0.013698; 0.008220; -0.003280; 0.005409 \
#; 0.020815; 0.008306; -0.013698; 0.008220; 0.003280; -0.005409 \
#; 0.008220; -0.003280; -0.005409; -0.020815; 0.008306; 0.013698 \
#; 0.017263; 0.039267; 0.008461; -0.007044; -0.016021; -0.003452 \
#; -0.003285; 0.007472; -0.001610; -0.018353; 0.041747; -0.008996 \
#; -0.004613; 0.002066; -0.004492; -0.010027; 0.004491; -0.009762 \
#; -0.008843; -0.003961; -0.008610; 0.006605; 0.002958; 0.006431 \
#; -0.001944; 0.000871; 0.001893; -0.010864; 0.004866; 0.010578 \
#; -0.010219; -0.004577; 0.009950; 0.004170; 0.001867; -0.004060 \
#; -0.014938; -0.033978; 0.007322; 0.011158; 0.025379; -0.005469 \
#; 0.007793; -0.017727; -0.003820; 0.016938; -0.038528; -0.008302 \
#; 0.000000; -0.010158; -0.000000; -0.000000; 0.002157; -0.000000 \
#; -0.041995; 0.000000; 0.011797; -0.060160; 0.000000; 0.016900 \
#; 0.000000; 0.005944; 0.000000; 0.000000; 0.008515; 0.000000 \
#; -0.071768; -0.000000; -0.020160; 0.015237; 0.000000; 0.004280 \
# ]
#metaData: qpt=[0.000000;0.500000;0.500000;5.349103 \
#; 0.000000; 0.002681; -0.000000; 0.000000; 0.003513; 0.000000 \
#; -0.007676; 0.000000; 0.003355; 0.005049; -0.000000; -0.002207 \
#; -0.000000; -0.003692; 0.000000; -0.000000; 0.002428; 0.000000 \
#; -0.005574; 0.000000; -0.002436; -0.007303; 0.000000; -0.003192 \
#; -0.011621; 0.027501; -0.004413; -0.001977; 0.004679; -0.000751 \
#; -0.001977; -0.004679; -0.000751; 0.011621; 0.027501; 0.004413 \
#; 0.001977; -0.004679; -0.000751; -0.011621; 0.027501; 0.004413 \
#; -0.011621; -0.027501; 0.004413; -0.001977; -0.004679; 0.000751 \
#; 0.013083; -0.015494; 0.007337; 0.019333; -0.022895; 0.010842 \
#; 0.021638; 0.025625; 0.012135; -0.008759; -0.010374; -0.004912 \
#; -0.011409; -0.011207; -0.025814; 0.008473; 0.008323; 0.019171 \
#; 0.010667; -0.010479; 0.024137; 0.009389; -0.009223; 0.021243 \
#; 0.013172; 0.012939; -0.029804; -0.005332; -0.005238; 0.012065 \
#; -0.007965; 0.007824; 0.018021; -0.011769; 0.011561; 0.026629 \
#; 0.017523; -0.020752; -0.009827; 0.015423; -0.018265; -0.008649 \
#; 0.018741; 0.022194; -0.010510; -0.013918; -0.016483; 0.007805 \
#; 0.000000; 0.000295; 0.000000; 0.000000; 0.000666; 0.000000 \
#; 0.030554; 0.000000; -0.030085; -0.032547; 0.000000; 0.032048 \
#; 0.000000; -0.000498; 0.000000; 0.000000; 0.000531; 0.000000 \
#; 0.018071; -0.000000; 0.017794; 0.040820; 0.000000; 0.040194 \
# ]
#metaData: qpt=[0.000000;0.500000;0.500000;5.349103 \
#; -0.009187; 0.000000; 0.004016; -0.000000; 0.000000; -0.000000 \
#; -0.000000; 0.000310; 0.000000; 0.000000; -0.004408; -0.000000 \
#; -0.000644; -0.000000; -0.000281; 0.009165; 0.000000; 0.004006 \
#; -0.000000; -0.004419; -0.000000; -0.000000; 0.000000; -0.000000 \
#; -0.008622; 0.020405; -0.003274; 0.008038; -0.019022; 0.003052 \
#; -0.008038; -0.019022; -0.003052; -0.008622; -0.020405; -0.003274 \
#; 0.008038; -0.019022; -0.003052; 0.008622; -0.020405; -0.003274 \
#; -0.008622; -0.020405; 0.003274; 0.008038; 0.019022; -0.003052 \
#; -0.014188; -0.013937; -0.032101; -0.000809; -0.000795; -0.001832 \
#; 0.003753; -0.003687; 0.008492; -0.013706; 0.013464; -0.031012 \
#; 0.000307; -0.000364; 0.000172; -0.023342; 0.027643; -0.013090 \
#; 0.022891; 0.027110; 0.012838; -0.004572; -0.005415; -0.002564 \
#; 0.006165; -0.007301; -0.003458; -0.022515; 0.026664; 0.012627 \
#; 0.023306; 0.027600; -0.013070; 0.001330; 0.001575; -0.000746 \
#; 0.013935; 0.013689; -0.031531; -0.002783; -0.002734; 0.006298 \
#; -0.000187; 0.000184; 0.000423; 0.014209; -0.013958; -0.032151 \
#; 0.043412; -0.000000; -0.042747; 0.010402; 0.000000; -0.010243 \
#; 0.000000; -0.000120; -0.000000; -0.000000; -0.000718; 0.000000 \
#; -0.007334; 0.000000; -0.007222; -0.044035; 0.000000; -0.043359 \
#; -0.000000; -0.000708; 0.000000; 0.000000; -0.000170; 0.000000 \
# ]
#metaData: qpt=[0.000000;0.500000;0.500000;5.665915 \
#; 0.000000; -0.000375; -0.000000; 0.000000; 0.000043; 0.000000 \
#; -0.000065; -0.000000; 0.000382; -0.001519; 0.000000; 0.008897 \
#; -0.000000; 0.000016; -0.000000; 0.000000; 0.000377; 0.000000 \
#; -0.001510; -0.000000; -0.008848; 0.000172; -0.000000; 0.001005 \
#; 0.007082; 0.010087; -0.006872; -0.008282; -0.011797; 0.008037 \
#; -0.008282; 0.011797; 0.008037; -0.007082; 0.010087; 0.006872 \
#; -0.008282; -0.011797; -0.008037; -0.007082; -0.010087; -0.006872 \
#; -0.007082; 0.010087; -0.006872; 0.008282; -0.011797; 0.008037 \
#; 0.036277; -0.024840; 0.032634; -0.002036; 0.001394; -0.001832 \
#; 0.005581; 0.003822; 0.005021; -0.035903; -0.024584; -0.032298 \
#; -0.001613; 0.003660; -0.000206; -0.016096; 0.036510; -0.002050 \
#; -0.015404; -0.034942; -0.001962; 0.004938; 0.011201; 0.000629 \
#; 0.002485; -0.005637; -0.000317; -0.015984; 0.036258; 0.002036 \
#; -0.016151; -0.036636; 0.002058; 0.000907; 0.002056; -0.000115 \
#; -0.034600; 0.023692; 0.031125; 0.011091; -0.007594; -0.009977 \
#; 0.003624; 0.002481; -0.003260; 0.036153; 0.024755; -0.032522 \
#; -0.000000; 0.001897; -0.000000; -0.000000; 0.000233; -0.000000 \
#; 0.002465; -0.000000; 0.015623; 0.008635; -0.000000; 0.054722 \
#; -0.000000; -0.000525; 0.000000; -0.000000; -0.001838; 0.000000 \
#; 0.008913; 0.000000; -0.056484; 0.001094; 0.000000; -0.006932 \
# ]
#metaData: qpt=[0.000000;0.500000;0.500000;5.665915 \
#; 0.001520; 0.000000; -0.008905; -0.000000; -0.000000; -0.000000 \
#; 0.000000; -0.000026; -0.000000; 0.000000; 0.000376; -0.000000 \
#; -0.000107; -0.000000; -0.000624; 0.001516; -0.000000; 0.008883 \
#; 0.000000; -0.000377; 0.000000; -0.000000; -0.000000; -0.000000 \
#; 0.007971; 0.011353; -0.007735; -0.007431; -0.010583; 0.007211 \
#; 0.007431; -0.010583; -0.007211; 0.007971; -0.011353; -0.007735 \
#; 0.007431; 0.010583; 0.007211; 0.007971; 0.011353; 0.007735 \
#; -0.007971; 0.011353; -0.007735; 0.007431; -0.010583; 0.007211 \
#; 0.016150; -0.036634; 0.002057; 0.000921; -0.002090; 0.000117 \
#; -0.004272; -0.009691; -0.000544; 0.015602; 0.035390; 0.001988 \
#; 0.000478; -0.000327; 0.000430; -0.036331; 0.024877; -0.032683 \
#; 0.035631; 0.024397; 0.032052; -0.007117; -0.004873; -0.006402 \
#; -0.009596; 0.006571; 0.008633; 0.035044; -0.023996; -0.031525 \
#; -0.036276; -0.024839; 0.032632; -0.002070; -0.001417; 0.001862 \
#; 0.015863; -0.035983; -0.002021; -0.003168; 0.007187; 0.000404 \
#; -0.000213; -0.000483; 0.000027; 0.016175; 0.036690; -0.002061 \
#; -0.008733; -0.000000; -0.055341; -0.002092; -0.000000; -0.013261 \
#; -0.000000; -0.000314; -0.000000; -0.000000; -0.001885; -0.000000 \
#; -0.001475; 0.000000; 0.009349; -0.008858; 0.000000; 0.056135 \
#; -0.000000; 0.001858; 0.000000; -0.000000; 0.000445; 0.000000 \
# ]
#metaData: qpt=[0.000000;0.500000;0.500000;5.748123 \
#; -0.001390; 0.000000; 0.003943; 0.000000; 0.000000; 0.000000 \
#; 0.000000; -0.000628; -0.000000; -0.000000; 0.008935; 0.000000 \
#; -0.000097; -0.000000; -0.000276; 0.001387; 0.000000; 0.003933 \
#; 0.000000; 0.008957; 0.000000; 0.000000; -0.000000; 0.000000 \
#; 0.005117; 0.001717; -0.004362; -0.004770; -0.001601; 0.004066 \
#; 0.004770; -0.001601; -0.004066; 0.005117; -0.001717; -0.004362 \
#; -0.004770; -0.001601; -0.004066; -0.005117; -0.001717; -0.004362 \
#; 0.005117; -0.001717; 0.004362; -0.004770; 0.001601; -0.004066 \
#; 0.041413; -0.045935; 0.045127; 0.002363; -0.002621; 0.002575 \
#; -0.010956; -0.012152; -0.011938; 0.040008; 0.044376; 0.043596 \
#; 0.000122; 0.000118; -0.000091; -0.009239; -0.008944; 0.006940 \
#; 0.009061; -0.008771; -0.006806; -0.001810; 0.001752; 0.001359 \
#; 0.002440; 0.002362; 0.001833; -0.008912; -0.008627; -0.006694 \
#; 0.009225; -0.008930; 0.006929; 0.000526; -0.000509; 0.000395 \
#; -0.040677; 0.045119; 0.044325; 0.008125; -0.009012; -0.008853 \
#; 0.000546; 0.000605; -0.000595; -0.041477; -0.046006; 0.045197 \
#; 0.039830; -0.000000; -0.026640; 0.009544; -0.000000; -0.006383 \
#; -0.000000; -0.001145; 0.000000; 0.000000; -0.006877; -0.000000 \
#; -0.006729; 0.000000; -0.004501; -0.040401; -0.000000; -0.027022 \
#; -0.000000; -0.006780; -0.000000; -0.000000; -0.001625; -0.000000 \
# ]
#metaData: qpt=[0.000000;0.500000;0.500000;5.748123 \
#; -0.000000; -0.004352; 0.000000; -0.000000; -0.007828; -0.000000 \
#; -0.001260; -0.000000; 0.003572; 0.000589; 0.000000; -0.001670 \
#; -0.000000; 0.008114; -0.000000; 0.000000; -0.003793; 0.000000 \
#; -0.000676; 0.000000; -0.001916; -0.001215; -0.000000; -0.003446 \
#; 0.006656; 0.002234; -0.005673; 0.002154; 0.000723; -0.001836 \
#; 0.002154; -0.000723; -0.001836; -0.006656; 0.002234; 0.005673 \
#; -0.002154; -0.000723; -0.001836; 0.006656; 0.002234; 0.005673 \
#; 0.006656; -0.002234; 0.005673; 0.002154; -0.000723; 0.001836 \
#; 0.004023; 0.003894; -0.003022; 0.008318; 0.008052; -0.006248 \
#; 0.008975; -0.008688; -0.006741; -0.002198; 0.002128; 0.001651 \
#; 0.036516; -0.040502; 0.039790; -0.019679; 0.021828; -0.021444 \
#; -0.026868; -0.029802; -0.029277; -0.031603; -0.035054; -0.034437 \
#; -0.040290; 0.044689; 0.043903; 0.009867; -0.010944; -0.010752 \
#; 0.018060; 0.020032; -0.019679; 0.037343; 0.041420; -0.040692 \
#; 0.005985; 0.005793; 0.004496; 0.007040; 0.006814; 0.005288 \
#; 0.008134; -0.007874; 0.006110; -0.004384; 0.004243; -0.003293 \
#; 0.000000; 0.001875; -0.000000; 0.000000; 0.006715; -0.000000 \
#; 0.032040; -0.000000; -0.021430; -0.025514; -0.000000; 0.017065 \
#; -0.000000; -0.005454; -0.000000; -0.000000; 0.004343; -0.000000 \
#; 0.011014; -0.000000; 0.007367; 0.039449; -0.000000; 0.026385 \
# ]
#metaData: qpt=[0.000000;0.500000;0.500000;6.553525 \
#; 0.004350; -0.000243; -0.004888; 0.000000; 0.000017; 0.000000 \
#; -0.000000; -0.000511; 0.000000; -0.000146; 0.007268; 0.000164 \
#; -0.000305; 0.000000; -0.000343; 0.004339; 0.000244; 0.004876 \
#; -0.000145; -0.007286; -0.000163; 0.000010; -0.000000; 0.000012 \
#; 0.002469; -0.011495; -0.013237; -0.002313; 0.010766; 0.012397 \
#; 0.002152; 0.010018; -0.011536; 0.002320; 0.010800; -0.012437 \
#; 0.002152; -0.010018; 0.011536; 0.002320; -0.010800; 0.012437 \
#; -0.002469; -0.011495; -0.013237; 0.002313; 0.010766; 0.012397 \
#; 0.004331; 0.033264; -0.003496; 0.000150; 0.001940; -0.000268 \
#; -0.000525; 0.009073; 0.001365; 0.001550; -0.033293; -0.005244 \
#; 0.000526; -0.000300; 0.000385; -0.040497; 0.016636; -0.028490 \
#; 0.039522; 0.018521; 0.028230; -0.007887; -0.003782; -0.005649 \
#; -0.010651; 0.004914; 0.007594; 0.038868; -0.018254; -0.027771 \
#; -0.040435; -0.016607; 0.028445; -0.002300; -0.001029; 0.001634 \
#; 0.001621; 0.033831; 0.005300; -0.000225; -0.006800; -0.001128 \
#; 0.000040; 0.000481; -0.000115; 0.004333; -0.033317; 0.003504 \
#; -0.011618; -0.000479; 0.059825; -0.002784; -0.000079; 0.014335 \
#; 0.000094; 0.002382; -0.000483; 0.000389; 0.014301; -0.002002 \
#; -0.001963; 0.000114; -0.010107; -0.011784; 0.000472; -0.060682 \
#; 0.000395; -0.014098; 0.002032; 0.000065; -0.003378; 0.000335 \
# ]
#metaData: qpt=[0.000000;0.500000;0.500000;6.553525 \
#; -0.000146; -0.007267; 0.000164; 0.000000; 0.000521; 0.000000 \
#; -0.000006; 0.000017; 0.000007; -0.004350; -0.000243; 0.004888 \
#; 0.000010; 0.000010; 0.000011; -0.000145; 0.007285; -0.000163 \
#; -0.004339; 0.000244; -0.004876; 0.000311; 0.000000; 0.000350 \
#; 0.002149; -0.010003; -0.011519; -0.002323; 0.010815; 0.012454 \
#; -0.002473; -0.011511; 0.013255; -0.002309; -0.010749; 0.012378 \
#; -0.002473; 0.011511; -0.013255; -0.002309; 0.010749; -0.012378 \
#; -0.002149; -0.010003; -0.011519; 0.002323; 0.010815; 0.012454 \
#; 0.040297; -0.018902; 0.028787; -0.000595; 0.000194; -0.000409 \
#; 0.007883; 0.003156; 0.005530; -0.039726; -0.016336; -0.027950 \
#; -0.000192; -0.001972; 0.000248; -0.001625; -0.034451; 0.005413 \
#; -0.004202; 0.032113; 0.003361; 0.001057; -0.008887; -0.000997 \
#; 0.000937; 0.006438; 0.000614; -0.004231; -0.032692; -0.003452 \
#; -0.001632; 0.034504; -0.005419; 0.000121; -0.000461; 0.000010 \
#; -0.039049; 0.016020; 0.027467; 0.010745; -0.004496; -0.007575 \
#; 0.002360; 0.001023; -0.001670; 0.040232; 0.018876; -0.028742 \
#; 0.000389; -0.014304; -0.002003; 0.000093; -0.002361; -0.000480 \
#; 0.002800; -0.000080; -0.014420; 0.011614; -0.000479; -0.059804 \
#; 0.000066; 0.003398; 0.000338; 0.000395; 0.014094; 0.002032 \
#; 0.011787; 0.000472; 0.060697; 0.001946; 0.000113; 0.010020 \
# ]
#metaData: qpt=[0.000000;0.500000;0.500000;6.600498 \
#; -0.000044; -0.001549; -0.000223; -0.000000; -0.001844; 0.000000 \
#; 0.001468; 0.000004; 0.007417; -0.001066; -0.000058; -0.005389 \
#; -0.000003; 0.001948; 0.000016; 0.000044; -0.001416; -0.000223 \
#; 0.001167; -0.000059; -0.005896; 0.001389; -0.000000; -0.007021 \
#; -0.002979; -0.011284; 0.020009; -0.000423; -0.001600; 0.002838 \
#; -0.000321; 0.001216; 0.002156; 0.003088; -0.011696; -0.020739 \
#; 0.000321; 0.001216; 0.002156; -0.003088; -0.011696; -0.020739 \
#; -0.002979; 0.011284; -0.020009; -0.000423; 0.001600; -0.002838 \
#; -0.004070; 0.028123; -0.004714; -0.006307; 0.037517; -0.006564 \
#; -0.007372; -0.042506; -0.007508; 0.003958; 0.019470; 0.003622 \
#; -0.021336; -0.003345; -0.006288; 0.017253; 0.003862; 0.004944 \
#; 0.021705; -0.002241; 0.006539; 0.017189; -0.002912; 0.005040 \
#; 0.025090; 0.003607; -0.007435; -0.011707; -0.000699; 0.003589 \
#; -0.016302; 0.003712; 0.004663; -0.022072; 0.003512; 0.006499 \
#; -0.006840; 0.036446; 0.006601; -0.004819; 0.029283; 0.005091 \
#; -0.006123; -0.036249; 0.006352; 0.004342; 0.029740; -0.004997 \
#; -0.000336; -0.002511; 0.001741; -0.000081; -0.005026; 0.000417 \
#; 0.009223; -0.000022; -0.047782; -0.010790; -0.000135; 0.055902 \
#; 0.000057; 0.003650; 0.000294; 0.000341; -0.004271; 0.001766 \
#; 0.006344; -0.000133; 0.032868; 0.012698; -0.000032; 0.065786 \
# ]
#metaData: qpt=[0.000000;0.500000;0.500000;6.600498 \
#; -0.001814; 0.000038; -0.009168; 0.000000; 0.000045; 0.000000 \
#; -0.000036; 0.000169; -0.000181; 0.000026; -0.002402; 0.000131 \
#; -0.000127; -0.000047; 0.000643; 0.001810; 0.000034; -0.009145 \
#; -0.000028; -0.002408; 0.000143; -0.000034; 0.000000; 0.000171 \
#; 0.002310; 0.008747; -0.015510; -0.002075; -0.007859; 0.013936 \
#; 0.002093; -0.007928; -0.014057; 0.002162; -0.008188; -0.014519 \
#; -0.002093; -0.007928; -0.014057; -0.002162; -0.008188; -0.014519 \
#; 0.002310; -0.008747; 0.015510; -0.002075; 0.007859; -0.013936 \
#; 0.027633; 0.003613; 0.008232; 0.001724; -0.000668; 0.000623 \
#; -0.007105; 0.002171; -0.001965; 0.026503; -0.004625; 0.007754 \
#; 0.000624; -0.000535; 0.000261; -0.008344; 0.046749; -0.008332 \
#; 0.007243; 0.045995; 0.007894; -0.001971; -0.009105; -0.001731 \
#; 0.001482; -0.012461; -0.001988; -0.007358; 0.045201; 0.007833 \
#; 0.008309; 0.046681; -0.008313; 0.000989; 0.002583; -0.000626 \
#; -0.026878; -0.005108; 0.007813; 0.005519; 0.000130; -0.001716 \
#; 0.000512; 0.000826; -0.000262; -0.027682; 0.003580; 0.008252 \
#; -0.013804; 0.000061; 0.071516; -0.003308; 0.000122; 0.017136 \
#; -0.000224; -0.000923; 0.001163; 0.000263; -0.005542; -0.001361 \
#; 0.002332; -0.000089; 0.012082; 0.014001; 0.000104; 0.072541 \
#; -0.000154; -0.005463; -0.000800; -0.000309; -0.001309; -0.001601 \
# ]
#metaData: qpt=[0.000000;0.500000;0.500000;8.815200 \
#; 0.000000; -0.000190; -0.000000; -0.000000; -0.000152; 0.000000 \
#; 0.000080; -0.000000; -0.000237; -0.000087; 0.000000; 0.000258 \
#; -0.000000; -0.000165; -0.000000; 0.000000; 0.000179; 0.000000 \
#; -0.000092; -0.000000; -0.000273; -0.000074; 0.000000; -0.000219 \
#; 0.008915; 0.002366; -0.003804; -0.000680; -0.000181; 0.000290 \
#; -0.000680; 0.000180; 0.000290; -0.008914; 0.002366; 0.003804 \
#; -0.000680; -0.000180; -0.000290; -0.008914; -0.002366; -0.003804 \
#; -0.008915; 0.002366; -0.003804; 0.000680; -0.000181; 0.000290 \
#; -0.007113; -0.003913; 0.010551; -0.006380; -0.003510; 0.009463 \
#; -0.007723; 0.004250; 0.011456; 0.005622; -0.003095; -0.008339 \
#; -0.031770; 0.003242; 0.040249; 0.038703; -0.003950; -0.049032 \
#; 0.044482; 0.004540; -0.056353; 0.022991; 0.002346; -0.029127 \
#; -0.040480; 0.004131; -0.051283; 0.029472; -0.003008; 0.037338 \
#; 0.037274; 0.003804; 0.047221; 0.033436; 0.003412; 0.042359 \
#; 0.008486; 0.004670; 0.012587; 0.004387; 0.002414; 0.006507 \
#; 0.006062; -0.003336; 0.008991; -0.007386; 0.004063; -0.010956 \
#; 0.000000; -0.020462; -0.000000; 0.000000; -0.026287; -0.000000 \
#; 0.005200; 0.000000; -0.003351; -0.009316; 0.000001; 0.006002 \
#; 0.000000; -0.016237; 0.000000; 0.000000; 0.029087; 0.000000 \
#; -0.006553; -0.000001; -0.004222; -0.008419; -0.000000; -0.005424 \
# ]
#metaData: qpt=[0.000000;0.500000;0.500000;8.815200 \
#; -0.000118; -0.000000; 0.000350; -0.000000; -0.000000; 0.000000 \
#; 0.000000; 0.000017; -0.000000; -0.000000; -0.000242; 0.000000 \
#; 0.000008; -0.000000; 0.000025; -0.000118; 0.000000; -0.000349 \
#; -0.000000; 0.000243; -0.000000; -0.000000; 0.000000; -0.000000 \
#; -0.006539; -0.001735; 0.002791; 0.006096; 0.001618; -0.002601 \
#; -0.006096; 0.001618; 0.002601; -0.006540; 0.001736; 0.002791 \
#; -0.006096; -0.001618; -0.002601; -0.006540; -0.001736; -0.002791 \
#; 0.006539; -0.001735; 0.002791; -0.006096; 0.001618; -0.002601 \
#; 0.049991; -0.005102; -0.063332; 0.002852; -0.000291; -0.003613 \
#; -0.013225; -0.001350; 0.016755; 0.048295; 0.004929; -0.061183 \
#; 0.000125; 0.000069; -0.000185; -0.009552; -0.005257; 0.014168 \
#; 0.009370; -0.005155; -0.013899; -0.001870; 0.001030; 0.002775 \
#; -0.002525; -0.001388; -0.003745; 0.009216; 0.005070; 0.013669 \
#; -0.009537; 0.005249; -0.014147; -0.000543; 0.000300; -0.000806 \
#; 0.049103; -0.005011; 0.062207; -0.009807; 0.001001; -0.012425 \
#; -0.000658; -0.000067; -0.000834; 0.050068; 0.005110; 0.063430 \
#; -0.010375; -0.000001; 0.006685; -0.002486; -0.000001; 0.001602 \
#; 0.000000; -0.005473; -0.000000; -0.000000; -0.032859; 0.000000 \
#; -0.001753; -0.000001; -0.001129; -0.010524; 0.000001; -0.006781 \
#; -0.000000; 0.032395; -0.000000; -0.000000; 0.007762; -0.000000 \
# ]
#metaData: qpt=[0.000000;0.500000;0.500000;8.827299 \
#; -0.000000; 0.000383; 0.000000; 0.000000; 0.000168; -0.000000 \
#; 0.000221; -0.000000; -0.000256; -0.000422; 0.000000; 0.000488 \
#; -0.000000; -0.000194; -0.000000; 0.000000; 0.000371; 0.000000 \
#; 0.000437; 0.000000; 0.000505; 0.000191; 0.000000; 0.000221 \
#; -0.006293; 0.001922; 0.005356; 0.002212; -0.000676; -0.001883 \
#; 0.002213; 0.000676; -0.001883; 0.006293; 0.001922; -0.005356 \
#; -0.002213; 0.000676; -0.001883; -0.006293; 0.001922; -0.005356 \
#; -0.006293; -0.001922; -0.005356; 0.002212; 0.000676; 0.001883 \
#; 0.036173; 0.008578; -0.047936; 0.018341; 0.004350; -0.024305 \
#; 0.025488; -0.006044; -0.033776; -0.031548; 0.007481; 0.041806 \
#; 0.010454; 0.000172; -0.008865; -0.023072; -0.000381; 0.019566 \
#; -0.024746; 0.000408; 0.020986; -0.005407; 0.000089; 0.004586 \
#; -0.015918; -0.000263; -0.013500; 0.019703; 0.000325; 0.016710 \
#; 0.022591; -0.000373; 0.019159; 0.011455; -0.000189; 0.009714 \
#; 0.039623; 0.009396; 0.052507; 0.008658; 0.002053; 0.011473 \
#; 0.016738; -0.003969; 0.022181; -0.036942; 0.008761; -0.048955 \
#; 0.000000; -0.045951; -0.000000; 0.000000; -0.034748; -0.000000 \
#; -0.003717; -0.000000; 0.002730; 0.014727; -0.000000; -0.010817 \
#; -0.000000; 0.014098; -0.000000; -0.000000; -0.055858; -0.000000 \
#; -0.012115; -0.000000; -0.008898; -0.009161; -0.000000; -0.006729 \
# ]
#metaData: qpt=[0.000000;0.500000;0.500000;8.827299 \
#; -0.000476; -0.000000; 0.000551; -0.000000; -0.000000; -0.000000 \
#; -0.000000; -0.000029; 0.000000; 0.000000; 0.000418; -0.000000 \
#; -0.000033; 0.000000; -0.000039; 0.000475; -0.000000; 0.000550 \
#; -0.000000; 0.000419; -0.000000; -0.000000; -0.000000; -0.000000 \
#; 0.004880; -0.001490; -0.004152; -0.004549; 0.001389; 0.003871 \
#; 0.004549; 0.001389; -0.003871; 0.004880; 0.001490; -0.004152 \
#; -0.004549; 0.001389; -0.003871; -0.004880; 0.001490; -0.004152 \
#; 0.004880; 0.001490; 0.004152; -0.004549; -0.001389; -0.003871 \
#; -0.025289; -0.000417; 0.021447; -0.001443; -0.000024; 0.001224 \
#; 0.006690; -0.000110; -0.005673; -0.024430; 0.000403; 0.020718 \
#; -0.000534; -0.000127; 0.000707; 0.040554; 0.009617; -0.053741 \
#; -0.039772; 0.009432; 0.052704; 0.007944; -0.001884; -0.010527 \
#; -0.010712; -0.002540; -0.014195; 0.039117; 0.009277; 0.051837 \
#; -0.040492; 0.009602; -0.053658; -0.002310; 0.000548; -0.003062 \
#; 0.024839; 0.000410; 0.021065; -0.004961; -0.000082; -0.004207 \
#; -0.000333; 0.000006; -0.000283; 0.025328; -0.000418; 0.021480 \
#; 0.014771; 0.000000; -0.010849; 0.003539; 0.000000; -0.002600 \
#; 0.000000; -0.009465; -0.000000; -0.000000; -0.056827; 0.000000 \
#; -0.002495; -0.000000; -0.001833; -0.014983; 0.000000; -0.011004 \
#; 0.000000; -0.056024; 0.000000; 0.000000; -0.013424; 0.000000 \
# ]
#metaData: qpt=[0.000000;0.500000;0.500000;8.948843 \
#; -0.000383; -0.000000; -0.000881; -0.000000; -0.000000; 0.000000 \
#; -0.000000; -0.000039; -0.000000; 0.000000; 0.000550; 0.000000 \
#; 0.000027; -0.000000; -0.000062; -0.000383; 0.000000; 0.000879 \
#; 0.000000; -0.000552; -0.000000; 0.000000; -0.000000; -0.000000 \
#; -0.002080; 0.005275; -0.001659; 0.001939; -0.004918; 0.001547 \
#; -0.001939; -0.004918; -0.001547; -0.002080; -0.005275; -0.001659 \
#; -0.001939; 0.004918; 0.001547; -0.002080; 0.005275; 0.001659 \
#; 0.002080; 0.005275; -0.001659; -0.001939; -0.004918; 0.001547 \
#; 0.016125; 0.013012; -0.024674; 0.000920; 0.000742; -0.001408 \
#; -0.004266; 0.003442; 0.006527; 0.015578; -0.012570; -0.023837 \
#; -0.000480; 0.000021; 0.000391; 0.036529; -0.001612; -0.029749 \
#; -0.035825; -0.001580; 0.029176; 0.007155; 0.000316; -0.005827 \
#; 0.009649; -0.000426; 0.007858; -0.035235; 0.001554; -0.028696 \
#; 0.036473; 0.001609; 0.029704; 0.002081; 0.000092; 0.001695 \
#; 0.015839; 0.012781; 0.024236; -0.003163; -0.002553; -0.004841 \
#; -0.000212; 0.000171; -0.000325; 0.016150; -0.013032; 0.024712 \
#; -0.006195; -0.000000; -0.013928; -0.001484; -0.000000; -0.003337 \
#; -0.000000; 0.015098; -0.000000; 0.000000; 0.090652; 0.000000 \
#; -0.001047; -0.000000; 0.002353; -0.006284; 0.000000; 0.014127 \
#; 0.000000; -0.089371; -0.000000; 0.000000; -0.021415; -0.000000 \
# ]
#metaData: qpt=[0.000000;0.500000;0.500000;8.948843 \
#; 0.000000; -0.000400; 0.000000; -0.000000; -0.000379; -0.000000 \
#; -0.000283; 0.000000; -0.000649; 0.000259; -0.000000; 0.000596 \
#; -0.000000; -0.000406; 0.000000; 0.000000; 0.000373; -0.000000 \
#; 0.000278; 0.000000; -0.000640; 0.000264; 0.000000; -0.000606 \
#; -0.002843; 0.007212; -0.002268; -0.000023; 0.000058; -0.000018 \
#; -0.000023; -0.000058; -0.000018; 0.002843; 0.007212; 0.002268 \
#; -0.000023; 0.000058; 0.000018; 0.002843; -0.007212; -0.002268 \
#; 0.002843; 0.007212; -0.002268; 0.000023; 0.000058; -0.000018 \
#; -0.025048; 0.001105; 0.020400; -0.026593; 0.001173; 0.021657 \
#; -0.031236; -0.001378; 0.025438; 0.018945; 0.000836; -0.015429 \
#; 0.011260; 0.009086; -0.017231; -0.011579; -0.009343; 0.017718 \
#; -0.013674; 0.011034; 0.020924; -0.008595; 0.006936; 0.013152 \
#; 0.013810; 0.011143; 0.021131; -0.008376; -0.006759; -0.012817 \
#; -0.011074; 0.008936; -0.016946; -0.011757; 0.009487; -0.017990 \
#; 0.030929; -0.001365; 0.025189; 0.019441; -0.000858; 0.015833 \
#; 0.025470; 0.001124; 0.020742; -0.026190; -0.001155; -0.021329 \
#; 0.000000; -0.050157; 0.000000; 0.000000; -0.077006; 0.000000 \
#; -0.003561; -0.000000; -0.008007; 0.005282; -0.000000; 0.011874 \
#; 0.000000; -0.051379; -0.000000; 0.000000; 0.076196; -0.000000 \
#; 0.003477; 0.000000; -0.007816; 0.005338; 0.000000; -0.012001 \
# ]
#metaData: qpt=[0.000000;0.500000;0.500000;8.970130 \
#; -0.000590; 0.000000; 0.000097; -0.000000; -0.000000; 0.000000 \
#; 0.000000; -0.000010; -0.000000; -0.000000; 0.000149; 0.000000 \
#; -0.000041; -0.000000; -0.000007; 0.000588; 0.000000; 0.000097 \
#; 0.000000; 0.000150; 0.000000; -0.000000; -0.000000; -0.000000 \
#; -0.003834; -0.002762; -0.002909; 0.003574; 0.002575; 0.002711 \
#; -0.003574; 0.002575; -0.002711; -0.003834; 0.002762; -0.002909 \
#; 0.003574; 0.002575; -0.002711; 0.003834; 0.002762; -0.002909 \
#; -0.003834; 0.002762; 0.002909; 0.003574; -0.002575; -0.002711 \
#; -0.034898; 0.001888; 0.023897; -0.001991; 0.000108; 0.001363 \
#; 0.009232; 0.000500; -0.006322; -0.033713; -0.001824; 0.023086 \
#; 0.000423; -0.000169; -0.000555; -0.032179; 0.012879; 0.042169 \
#; 0.031558; 0.012630; -0.041356; -0.006303; -0.002523; 0.008260 \
#; 0.008500; -0.003402; 0.011138; -0.031039; 0.012423; -0.040675 \
#; 0.032129; 0.012859; 0.042104; 0.001833; 0.000734; 0.002402 \
#; 0.034277; -0.001855; 0.023473; -0.006846; 0.000370; -0.004688 \
#; -0.000460; -0.000025; -0.000315; 0.034951; 0.001891; 0.023934 \
#; -0.012576; -0.000000; -0.003005; -0.003013; -0.000000; -0.000720 \
#; -0.000000; -0.012220; -0.000000; -0.000000; -0.073374; -0.000000 \
#; 0.002124; -0.000000; -0.000508; 0.012756; -0.000000; -0.003048 \
#; 0.000000; -0.072337; -0.000000; 0.000000; -0.017333; -0.000000 \
# ]
#metaData: qpt=[0.000000;0.500000;0.500000;8.970130 \
#; -0.000000; -0.000149; 0.000000; 0.000000; 0.000010; 0.000000 \
#; -0.000002; -0.000000; 0.000000; 0.000590; 0.000000; -0.000097 \
#; -0.000000; 0.000000; -0.000000; 0.000000; -0.000150; 0.000000 \
#; -0.000588; 0.000000; -0.000097; 0.000039; 0.000000; 0.000006 \
#; -0.003586; -0.002583; -0.002721; 0.003823; 0.002754; 0.002900 \
#; 0.003823; -0.002754; 0.002900; 0.003586; -0.002583; 0.002721 \
#; -0.003823; -0.002754; 0.002900; -0.003586; -0.002583; 0.002721 \
#; -0.003586; 0.002583; 0.002721; 0.003823; -0.002754; -0.002900 \
#; 0.032180; -0.012879; -0.042171; -0.000321; 0.000129; 0.000421 \
#; 0.006403; 0.002563; -0.008391; -0.031538; -0.012622; 0.041329 \
#; 0.001880; -0.000102; -0.001288; 0.034904; -0.001889; -0.023902 \
#; 0.033742; 0.001826; -0.023106; -0.009125; -0.000494; 0.006249 \
#; 0.006955; -0.000376; 0.004763; -0.034255; 0.001854; -0.023458 \
#; -0.034953; -0.001891; -0.023935; 0.000349; 0.000019; 0.000239 \
#; 0.031066; -0.012433; 0.040710; -0.008401; 0.003362; -0.011009 \
#; -0.001731; -0.000693; -0.002269; -0.032135; -0.012861; -0.042112 \
#; -0.000000; 0.073335; -0.000000; -0.000000; 0.012453; -0.000000 \
#; 0.002973; -0.000000; 0.000710; 0.012585; -0.000000; 0.003007 \
#; 0.000000; 0.017103; -0.000000; 0.000000; 0.072392; -0.000000 \
#; -0.012749; -0.000000; 0.003046; -0.002165; -0.000000; 0.000517 \
# ]
#metaData: qpt=[0.000000;0.500000;0.500000;12.241457 \
#; -0.000501; 0.000000; 0.002564; -0.000000; -0.000000; -0.000000 \
#; -0.000000; 0.000142; 0.000000; 0.000000; -0.002024; 0.000000 \
#; 0.000035; 0.000000; 0.000180; -0.000500; 0.000000; -0.002558 \
#; 0.000000; 0.002029; 0.000000; 0.000000; -0.000000; -0.000000 \
#; 0.001074; 0.005622; 0.010472; -0.001002; -0.005241; -0.009762 \
#; 0.001002; -0.005241; 0.009762; 0.001074; -0.005622; 0.010472 \
#; 0.001002; 0.005241; -0.009762; 0.001074; 0.005622; -0.010472 \
#; -0.001074; 0.005622; 0.010472; 0.001002; -0.005241; -0.009762 \
#; 0.001806; -0.002469; 0.002303; 0.000103; -0.000141; 0.000131 \
#; -0.000478; -0.000653; -0.000609; 0.001745; 0.002385; 0.002225 \
#; 0.000628; 0.000003; -0.000627; -0.047722; -0.000241; 0.047660 \
#; 0.046802; -0.000237; -0.046741; -0.009348; 0.000047; 0.009336 \
#; -0.012605; -0.000064; -0.012589; 0.046031; 0.000233; 0.045972 \
#; -0.047648; 0.000241; -0.047587; -0.002719; 0.000014; -0.002715 \
#; 0.001774; -0.002425; -0.002262; -0.000354; 0.000484; 0.000452 \
#; -0.000024; -0.000033; 0.000030; 0.001809; 0.002472; -0.002307 \
#; 0.001755; -0.000000; 0.004172; 0.000420; -0.000000; 0.001000 \
#; 0.000000; 0.011481; -0.000000; 0.000000; 0.068933; -0.000000 \
#; 0.000296; -0.000000; -0.000705; 0.001780; -0.000000; -0.004232 \
#; -0.000000; -0.067959; -0.000000; -0.000000; -0.016284; 0.000000 \
# ]
#metaData: qpt=[0.000000;0.500000;0.500000;12.241457 \
#; -0.000000; -0.001752; 0.000000; -0.000000; -0.001023; 0.000000 \
#; 0.000282; 0.000000; -0.001446; -0.000414; 0.000000; 0.002118 \
#; 0.000000; -0.001144; 0.000000; -0.000000; 0.001676; -0.000000 \
#; -0.000433; 0.000000; -0.002214; -0.000253; 0.000000; -0.001294 \
#; -0.001433; -0.007498; -0.013966; 0.000323; 0.001689; 0.003146 \
#; 0.000323; -0.001689; 0.003146; 0.001433; -0.007498; 0.013966 \
#; 0.000323; 0.001689; -0.003146; 0.001433; 0.007498; -0.013966 \
#; 0.001433; -0.007498; -0.013966; -0.000323; 0.001689; 0.003146 \
#; -0.039770; -0.000201; 0.039718; -0.026384; -0.000133; 0.026350 \
#; -0.034105; 0.000172; 0.034060; 0.033386; -0.000169; -0.033343 \
#; -0.000933; 0.001275; -0.001190; 0.001550; -0.002118; 0.001976 \
#; 0.001710; 0.002338; 0.002181; 0.000589; 0.000805; 0.000751 \
#; -0.001293; 0.001767; 0.001648; 0.001265; -0.001730; -0.001614 \
#; 0.001507; 0.002060; -0.001922; 0.001000; 0.001367; -0.001275 \
#; 0.045126; 0.000228; 0.045067; 0.015538; 0.000079; 0.015518 \
#; 0.024616; -0.000124; 0.024584; -0.040888; 0.000207; -0.040835 \
#; -0.000000; 0.050463; 0.000000; 0.000000; 0.048343; -0.000000 \
#; -0.000642; 0.000000; -0.001526; 0.001686; 0.000000; 0.004009 \
#; 0.000000; 0.024861; 0.000000; -0.000000; -0.065311; 0.000000 \
#; 0.001303; -0.000000; -0.003098; 0.001248; -0.000000; -0.002968 \
# ]
#metaData: qpt=[0.000000;0.500000;0.500000;12.290362 \
#; 0.000000; -0.001553; 0.000000; 0.000000; 0.000347; 0.000000 \
#; -0.000018; -0.000000; -0.000428; -0.000119; 0.000000; -0.002833 \
#; 0.000000; -0.000238; -0.000000; -0.000000; -0.001573; 0.000000 \
#; 0.000118; 0.000000; -0.002796; -0.000026; -0.000000; 0.000625 \
#; 0.000699; -0.006767; 0.006472; -0.001020; 0.009883; -0.009452 \
#; -0.001020; -0.009883; -0.009452; -0.000699; -0.006767; -0.006472 \
#; 0.001020; -0.009883; -0.009452; 0.000699; -0.006767; -0.006472 \
#; 0.000699; 0.006767; -0.006472; -0.001020; -0.009883; 0.009452 \
#; 0.001610; -0.003371; 0.002387; -0.000265; 0.000555; -0.000393 \
#; 0.000077; 0.000161; 0.000114; -0.001630; -0.003412; -0.002417 \
#; -0.009531; 0.000197; 0.009406; -0.045401; 0.000938; 0.044806 \
#; -0.042411; -0.000876; 0.041856; 0.018798; 0.000388; -0.018552 \
#; -0.002189; 0.000045; -0.002161; 0.046338; -0.000957; 0.045732 \
#; 0.045775; 0.000946; 0.045175; -0.007532; -0.000156; -0.007433 \
#; 0.001492; -0.003123; -0.002212; -0.000661; 0.001384; 0.000980 \
#; -0.000335; -0.000702; 0.000497; -0.001597; -0.003343; 0.002368 \
#; 0.000000; 0.073576; -0.000000; 0.000000; 0.001112; -0.000000 \
#; -0.000075; -0.000000; 0.001867; -0.000185; -0.000000; 0.004606 \
#; 0.000000; 0.027643; -0.000000; 0.000000; 0.068195; -0.000000 \
#; 0.000200; -0.000000; 0.004969; 0.000003; -0.000000; 0.000075 \
# ]
#metaData: qpt=[0.000000;0.500000;0.500000;12.290362 \
#; -0.000121; -0.000000; -0.002865; 0.000000; 0.000000; 0.000000 \
#; -0.000000; 0.000112; -0.000000; -0.000000; -0.001587; -0.000000 \
#; -0.000008; 0.000000; 0.000201; 0.000120; -0.000000; -0.002858 \
#; 0.000000; -0.001591; -0.000000; 0.000000; 0.000000; 0.000000 \
#; -0.000905; 0.008761; -0.008379; 0.000843; -0.008167; 0.007811 \
#; -0.000843; -0.008167; -0.007811; -0.000905; -0.008761; -0.008379 \
#; 0.000843; -0.008167; -0.007811; 0.000905; -0.008761; -0.008379 \
#; -0.000905; -0.008761; 0.008379; 0.000843; 0.008167; -0.007811 \
#; -0.046315; 0.000957; 0.045708; -0.002642; 0.000055; 0.002608 \
#; 0.012252; 0.000253; -0.012092; -0.044743; -0.000924; 0.044157 \
#; -0.000021; 0.000045; -0.000032; 0.001632; -0.003416; 0.002419 \
#; -0.001600; -0.003350; -0.002373; 0.000320; 0.000669; 0.000474 \
#; -0.000431; 0.000902; 0.000639; 0.001574; -0.003295; -0.002333 \
#; -0.001629; -0.003411; 0.002415; -0.000093; -0.000195; 0.000138 \
#; 0.045492; -0.000940; 0.044896; -0.009086; 0.000188; -0.008967 \
#; -0.000610; -0.000013; -0.000602; 0.046386; 0.000958; 0.045779 \
#; -0.000194; 0.000000; 0.004833; -0.000047; -0.000000; 0.001158 \
#; 0.000000; 0.012089; 0.000000; -0.000000; 0.072585; 0.000000 \
#; 0.000033; 0.000000; 0.000817; 0.000197; 0.000000; 0.004902 \
#; 0.000000; 0.071559; 0.000000; -0.000000; 0.017147; -0.000000 \
# ]
