# Phonopy generated file for v_sim 3.6
    7.072995341    0.000000000    9.927137045
    0.000000000    0.000000000    6.949939268
    0.357787556    7.445352784    0.077590239 Ba
    6.715207785    2.481784261    6.872349030 Ba
    3.894285226    7.445352784    3.397379395 Ba
    3.178710115    2.481784261    3.552559873 Ba
    3.536497671    0.000000000    0.000000000 Zr
    3.536497671    4.963568522    0.000000000 Zr
    0.000000000    0.000000000    3.474969634 Zr
    0.000000000    4.963568522    3.474969634 Zr
    5.020419444    0.332251574    4.931354939  S
    5.020419444    4.631316948    4.931354939  S
    2.052575897    9.594885471    2.018584329  S
    2.052575897    5.295820097    2.018584329  S
    5.589073568    9.594885471    1.456385305  S
    5.589073568    5.295820097    1.456385305  S
    1.483921774    0.332251574    5.493553963  S
    1.483921774    4.631316948    5.493553963  S
    3.498016858    7.445352784    6.507252803  S
    3.574978484    2.481784261    0.442686465  S
    7.034514528    7.445352784    3.917656100  S
    0.038480813    2.481784261    3.032283169  S
#metaData: qpt=[0.000000;0.000000;0.500000;1.193398 \
#; -0.000000; 0.000000; 0.022308; -0.000000; 0.000000; -0.011579 \
#; -0.025336; -0.000000; -0.036530; 0.010971; 0.000000; 0.015818 \
#; -0.006540; -0.000000; -0.002198; -0.015102; 0.000000; -0.005076 \
#; -0.014808; 0.000000; 0.014448; -0.028528; 0.000000; 0.027835 \
#; -0.004556; -0.005148; -0.001659; 0.002165; 0.002447; 0.000789 \
#; -0.004556; 0.005148; -0.001659; 0.002165; -0.002447; 0.000789 \
#; -0.003812; -0.004308; 0.001388; -0.008019; -0.009062; 0.002921 \
#; -0.003812; 0.004308; 0.001388; -0.008019; 0.009062; 0.002921 \
#; -0.017188; -0.008961; -0.009407; -0.008704; -0.004538; -0.004764 \
#; -0.017188; 0.008961; -0.009407; -0.008704; 0.004538; -0.004764 \
#; 0.002550; -0.001739; 0.001300; -0.011698; 0.007979; -0.005964 \
#; 0.002550; 0.001739; 0.001300; -0.011698; -0.007979; -0.005964 \
#; -0.001109; 0.007000; 0.000371; 0.002189; -0.013823; -0.000732 \
#; -0.001109; -0.007000; 0.000371; 0.002189; 0.013823; -0.000732 \
#; -0.014942; -0.016182; 0.008440; -0.003257; -0.003527; 0.001840 \
#; -0.014942; 0.016182; 0.008440; -0.003257; 0.003527; 0.001840 \
#; 0.001182; -0.000000; -0.002345; -0.000294; 0.000000; 0.000583 \
#; -0.016239; -0.000000; -0.024197; 0.012187; 0.000000; 0.018160 \
#; -0.006414; 0.000000; 0.012513; -0.008546; 0.000000; 0.016673 \
#; -0.005526; 0.000000; 0.008843; -0.022235; 0.000000; 0.035579 \
# ]
#metaData: qpt=[0.000000;0.000000;0.500000;1.193398 \
#; -0.032143; 0.000000; -0.031362; 0.000000; 0.000000; -0.000000 \
#; -0.016417; -0.000000; 0.005518; -0.001153; -0.000000; 0.000388 \
#; -0.001935; 0.000000; 0.002790; 0.027542; 0.000000; -0.039710 \
#; 0.000000; 0.000000; -0.000000; 0.000000; 0.000000; 0.025134 \
#; -0.008874; -0.010028; -0.003232; -0.000311; -0.000352; -0.000113 \
#; -0.008874; 0.010028; -0.003232; -0.000311; 0.000352; -0.000113 \
#; -0.000177; -0.000200; 0.000064; 0.005041; 0.005697; -0.001836 \
#; -0.000177; 0.000200; 0.000064; 0.005041; -0.005697; -0.001836 \
#; 0.001432; -0.009044; 0.000479; 0.001992; -0.012581; 0.000666 \
#; 0.001432; 0.009044; 0.000479; 0.001992; 0.012581; 0.000666 \
#; -0.009775; -0.010585; -0.005521; 0.011761; 0.012737; 0.006643 \
#; -0.009775; 0.010585; -0.005521; 0.011761; -0.012737; 0.006643 \
#; -0.015644; -0.008156; 0.008562; 0.011246; 0.005863; -0.006155 \
#; -0.015644; 0.008156; 0.008562; 0.011246; -0.005863; -0.006155 \
#; -0.009208; 0.006280; 0.004694; -0.007652; 0.005219; 0.003901 \
#; -0.009208; -0.006280; 0.004694; -0.007652; -0.005219; 0.003901 \
#; -0.022280; 0.000000; -0.035652; -0.005339; 0.000000; -0.008543 \
#; -0.010540; 0.000000; -0.020564; 0.001755; 0.000000; 0.003425 \
#; 0.003336; 0.000000; -0.004970; 0.020028; -0.000000; -0.029843 \
#; 0.000284; 0.000000; 0.000563; -0.001184; 0.000000; -0.002350 \
# ]
#metaData: qpt=[0.000000;0.000000;0.500000;1.425782 \
#; 0.000000; 0.017899; 0.000000; 0.000000; 0.034084; 0.000000 \
#; -0.000000; 0.023379; -0.000000; -0.000000; 0.023070; 0.000000 \
#; 0.000000; 0.028508; 0.000000; 0.000000; 0.006408; 0.000000 \
#; 0.000000; 0.011387; 0.000000; 0.000000; 0.017912; -0.000000 \
#; -0.000473; 0.021263; -0.000887; -0.000659; 0.029620; -0.001235 \
#; 0.000473; 0.021263; 0.000887; 0.000659; 0.029620; 0.001235 \
#; -0.000457; 0.020535; 0.000856; -0.000274; 0.012334; 0.000514 \
#; 0.000457; 0.020535; -0.000856; 0.000274; 0.012334; -0.000514 \
#; -0.003583; 0.009113; -0.001618; 0.000357; 0.005554; -0.001581 \
#; 0.003583; 0.009113; 0.001618; -0.000357; 0.005554; 0.001581 \
#; -0.001389; 0.011247; -0.002707; -0.003383; 0.010729; -0.002100 \
#; 0.001389; 0.011247; 0.002707; 0.003383; 0.010729; 0.002100 \
#; -0.005298; 0.016947; 0.003328; -0.001625; 0.009568; 0.002199 \
#; 0.005298; 0.016947; -0.003328; 0.001625; 0.009568; -0.002199 \
#; 0.000153; 0.003778; 0.001054; -0.005502; 0.015387; 0.002859 \
#; -0.000153; 0.003778; -0.001054; 0.005502; 0.015387; -0.002859 \
#; -0.000000; 0.009893; 0.000000; 0.000000; 0.020822; -0.000000 \
#; 0.000000; 0.016871; 0.000000; -0.000000; 0.016318; 0.000000 \
#; 0.000000; 0.013854; -0.000000; 0.000000; 0.005696; 0.000000 \
#; 0.000000; 0.012006; 0.000000; 0.000000; 0.009984; 0.000000 \
# ]
#metaData: qpt=[0.000000;0.000000;0.500000;1.425782 \
#; -0.000000; -0.021067; 0.000000; 0.000000; 0.002590; -0.000000 \
#; -0.000000; -0.020328; 0.000000; 0.000000; -0.020989; -0.000000 \
#; 0.000000; 0.031874; -0.000000; 0.000000; 0.007927; 0.000000 \
#; -0.000000; 0.037691; -0.000000; -0.000000; -0.007838; -0.000000 \
#; 0.000488; -0.021955; 0.000915; 0.000213; -0.009581; 0.000399 \
#; -0.000488; -0.021955; -0.000915; -0.000213; -0.009581; -0.000399 \
#; -0.000811; 0.036461; 0.001520; -0.000003; 0.000153; 0.000006 \
#; 0.000811; 0.036461; -0.001520; 0.000003; 0.000153; -0.000006 \
#; -0.004371; 0.012425; -0.002326; 0.003406; -0.014978; 0.003240 \
#; 0.004371; 0.012425; 0.002326; -0.003406; -0.014978; -0.003240 \
#; -0.004313; 0.009357; -0.001512; -0.003420; 0.012786; -0.002646 \
#; 0.004313; 0.009357; 0.001512; 0.003420; 0.012786; 0.002646 \
#; 0.003475; -0.006536; -0.000948; -0.000943; 0.008437; 0.002053 \
#; -0.003475; -0.006536; 0.000948; 0.000943; 0.008437; -0.002053 \
#; 0.001699; -0.000988; 0.000131; 0.003239; -0.015512; -0.003423 \
#; -0.001699; -0.000988; -0.000131; -0.003239; -0.015512; 0.003423 \
#; -0.000000; -0.012347; 0.000000; -0.000000; -0.009560; 0.000000 \
#; -0.000000; -0.014783; 0.000000; 0.000000; -0.002417; -0.000000 \
#; 0.000000; 0.022923; 0.000000; 0.000000; -0.005044; 0.000000 \
#; -0.000000; 0.022470; -0.000000; -0.000000; 0.005151; -0.000000 \
# ]
#metaData: qpt=[0.000000;0.000000;0.500000;1.578247 \
#; 0.030121; -0.000000; -0.039107; 0.000000; 0.000000; 0.000000 \
#; 0.005715; -0.000000; -0.020890; 0.000402; -0.000000; -0.001468 \
#; 0.002073; 0.000000; 0.002508; -0.029498; 0.000000; -0.035689 \
#; -0.000000; 0.000000; -0.000000; 0.000000; 0.000000; -0.013755 \
#; 0.011083; -0.004474; 0.009992; 0.000389; -0.000157; 0.000351 \
#; 0.011083; 0.004474; 0.009992; 0.000389; 0.000157; 0.000351 \
#; 0.000321; -0.000129; -0.000289; -0.009142; 0.003690; 0.008242 \
#; 0.000321; 0.000129; -0.000289; -0.009142; -0.003690; 0.008242 \
#; -0.000998; 0.005980; 0.001900; -0.001388; 0.008318; 0.002643 \
#; -0.000998; -0.005980; 0.001900; -0.001388; -0.008318; 0.002643 \
#; 0.011249; -0.011337; 0.005408; -0.013535; 0.013642; -0.006508 \
#; 0.011249; 0.011337; 0.005408; -0.013535; -0.013642; -0.006508 \
#; 0.014825; -0.016282; -0.006487; -0.010657; 0.011704; 0.004663 \
#; 0.014825; 0.016282; -0.006487; -0.010657; -0.011704; 0.004663 \
#; 0.003962; -0.010668; 0.001289; 0.003292; -0.008866; 0.001071 \
#; 0.003962; 0.010668; 0.001289; 0.003292; 0.008866; 0.001071 \
#; 0.019306; -0.000000; -0.024865; 0.004626; -0.000000; -0.005958 \
#; 0.004539; -0.000000; 0.012043; -0.000756; 0.000000; -0.002006 \
#; -0.003176; 0.000000; -0.004667; -0.019067; -0.000000; -0.028024 \
#; 0.000196; 0.000000; -0.004052; -0.000818; 0.000000; 0.016911 \
# ]
#metaData: qpt=[0.000000;0.000000;0.500000;1.578247 \
#; -0.000000; 0.000000; -0.000491; -0.000000; 0.000000; -0.013746 \
#; -0.001019; 0.000000; 0.001233; 0.029553; 0.000000; -0.035756 \
#; -0.005725; 0.000000; -0.020929; -0.000197; -0.000000; -0.000722 \
#; -0.030101; 0.000000; -0.039082; 0.001074; 0.000000; 0.001395 \
#; 0.000005; -0.000002; 0.000005; 0.009148; -0.003693; 0.008247 \
#; 0.000005; 0.000002; 0.000005; 0.009148; 0.003693; 0.008247 \
#; -0.011090; 0.004477; 0.009999; 0.000007; -0.000003; -0.000006 \
#; -0.011090; -0.004477; 0.009999; 0.000007; 0.000003; -0.000006 \
#; -0.014435; 0.015854; -0.006316; 0.011179; -0.012278; 0.004891 \
#; -0.014435; -0.015854; -0.006316; 0.011179; 0.012278; 0.004891 \
#; -0.004076; 0.010977; 0.001326; -0.003149; 0.008480; 0.001024 \
#; -0.004076; -0.010977; 0.001326; -0.003149; -0.008480; 0.001024 \
#; 0.001047; -0.006272; 0.001993; 0.001352; -0.008100; 0.002573 \
#; 0.001047; 0.006272; 0.001993; 0.001352; 0.008100; 0.002573 \
#; -0.010759; 0.010844; 0.005173; 0.013928; -0.014038; -0.006696 \
#; -0.010759; -0.010844; 0.005173; 0.013928; 0.014038; -0.006696 \
#; -0.000167; 0.000000; -0.003446; 0.000824; 0.000000; 0.017044 \
#; 0.003854; 0.000000; -0.005664; 0.018942; 0.000000; -0.027839 \
#; -0.004509; 0.000000; 0.011964; 0.000917; 0.000000; -0.002434 \
#; -0.019459; 0.000000; -0.025062; -0.003935; 0.000000; -0.005068 \
# ]
#metaData: qpt=[0.000000;0.000000;0.500000;1.751255 \
#; 0.038521; -0.000000; 0.037550; -0.000000; -0.000000; -0.000000 \
#; 0.018734; 0.000000; 0.005195; 0.001316; 0.000000; 0.000365 \
#; -0.002357; 0.000000; 0.002811; 0.033550; -0.000000; -0.040001 \
#; -0.000000; 0.000000; -0.000000; -0.000000; -0.000000; 0.015003 \
#; 0.013005; -0.003043; -0.007765; 0.000456; -0.000107; -0.000272 \
#; 0.013005; 0.003043; -0.007765; 0.000456; 0.000107; -0.000272 \
#; -0.000268; 0.000063; -0.000160; 0.007633; -0.001786; 0.004558 \
#; -0.000268; -0.000063; -0.000160; 0.007633; 0.001786; 0.004558 \
#; 0.004826; 0.004969; -0.000805; 0.006713; 0.006912; -0.001120 \
#; 0.004826; -0.004969; -0.000805; 0.006713; -0.006912; -0.001120 \
#; 0.002823; 0.006463; -0.000125; -0.003396; -0.007777; 0.000151 \
#; 0.002823; -0.006463; -0.000125; -0.003396; 0.007777; 0.000151 \
#; -0.000358; -0.005545; 0.000443; 0.000258; 0.003986; -0.000318 \
#; -0.000358; 0.005545; 0.000443; 0.000258; -0.003986; -0.000318 \
#; 0.005386; 0.003156; 0.001131; 0.004476; 0.002623; 0.000940 \
#; 0.005386; -0.003156; 0.001131; 0.004476; -0.002623; 0.000940 \
#; 0.010104; 0.000000; -0.024535; 0.002421; -0.000000; -0.005879 \
#; 0.015726; 0.000000; -0.006548; -0.002619; -0.000000; 0.001091 \
#; 0.000493; -0.000000; 0.004138; 0.002958; -0.000000; 0.024847 \
#; -0.002903; 0.000000; 0.001511; 0.012115; -0.000000; -0.006305 \
# ]
#metaData: qpt=[0.000000;0.000000;0.500000;1.751255 \
#; 0.000000; 0.000000; 0.014023; -0.000000; -0.000000; -0.005334 \
#; -0.032196; -0.000000; -0.038387; 0.009725; -0.000000; 0.011595 \
#; 0.005430; -0.000000; -0.001506; 0.017978; -0.000000; -0.004985 \
#; 0.013696; -0.000000; -0.013351; 0.036004; -0.000000; -0.035097 \
#; -0.007230; 0.001692; 0.004317; 0.002464; -0.000577; -0.001471 \
#; -0.007230; -0.001692; 0.004317; 0.002464; 0.000577; -0.001471 \
#; 0.004197; -0.000982; 0.002506; 0.012318; -0.002883; 0.007355 \
#; 0.004197; 0.000982; 0.002506; 0.012318; 0.002883; 0.007355 \
#; -0.000368; -0.005697; -0.000455; -0.000243; -0.003765; -0.000301 \
#; -0.000368; 0.005697; -0.000455; -0.000243; 0.003765; -0.000301 \
#; -0.002269; -0.001329; 0.000476; 0.006625; 0.003882; -0.001391 \
#; -0.002269; 0.001329; 0.000476; 0.006625; -0.003882; -0.001391 \
#; -0.004559; -0.004694; -0.000761; 0.006897; 0.007102; 0.001151 \
#; -0.004559; 0.004694; -0.000761; 0.006897; -0.007102; 0.001151 \
#; 0.004178; 0.009567; 0.000186; 0.001431; 0.003276; 0.000064 \
#; 0.004178; -0.009567; 0.000186; 0.001431; -0.003276; 0.000064 \
#; -0.012356; -0.000000; -0.006431; 0.001594; -0.000000; 0.000830 \
#; -0.002589; -0.000000; 0.021752; 0.001512; -0.000000; -0.012702 \
#; 0.008039; -0.000000; 0.003348; 0.013768; -0.000000; 0.005733 \
#; 0.001330; -0.000000; 0.003228; 0.010305; -0.000000; 0.025022 \
# ]
#metaData: qpt=[0.000000;0.000000;0.500000;1.967763 \
#; 0.000000; 0.045388; -0.000000; 0.000000; 0.022766; 0.000000 \
#; 0.000000; -0.042690; 0.000000; -0.000000; -0.026010; 0.000000 \
#; -0.000000; -0.001824; 0.000000; 0.000000; 0.009321; 0.000000 \
#; -0.000000; -0.003153; 0.000000; -0.000000; -0.000942; 0.000000 \
#; -0.000174; 0.001914; 0.002720; 0.000027; -0.000298; -0.000423 \
#; 0.000174; 0.001914; -0.002720; -0.000027; -0.000298; 0.000423 \
#; 0.000815; -0.008964; 0.012734; -0.001470; 0.016176; -0.022980 \
#; -0.000815; -0.008964; -0.012734; 0.001470; 0.016176; 0.022980 \
#; 0.002424; -0.000909; 0.001610; 0.009507; -0.004223; 0.002241 \
#; -0.002424; -0.000909; -0.001610; -0.009507; -0.004223; -0.002241 \
#; -0.007090; 0.003453; 0.000207; 0.002013; -0.001206; -0.001452 \
#; 0.007090; 0.003453; -0.000207; -0.002013; -0.001206; 0.001452 \
#; -0.014058; 0.003678; 0.019190; 0.001603; -0.000306; -0.002891 \
#; 0.014058; 0.003678; -0.019190; -0.001603; -0.000306; 0.002891 \
#; 0.006652; -0.001951; -0.007778; 0.014068; -0.003885; -0.017933 \
#; -0.006652; -0.001951; 0.007778; -0.014068; -0.003885; 0.017933 \
#; 0.000000; 0.001530; 0.000000; -0.000000; 0.000460; -0.000000 \
#; 0.000000; 0.000378; -0.000000; -0.000000; -0.000555; 0.000000 \
#; -0.000000; -0.002990; -0.000000; 0.000000; 0.009602; 0.000000 \
#; -0.000000; -0.006488; 0.000000; 0.000000; 0.007545; -0.000000 \
# ]
#metaData: qpt=[0.000000;0.000000;0.500000;1.967763 \
#; 0.000000; 0.002580; -0.000000; 0.000000; 0.002043; -0.000000 \
#; 0.000000; -0.007481; -0.000000; -0.000000; 0.005851; -0.000000 \
#; -0.000000; -0.042535; 0.000000; 0.000000; -0.026264; -0.000000 \
#; 0.000000; 0.044679; 0.000000; -0.000000; 0.024128; -0.000000 \
#; 0.000841; -0.009257; -0.013150; -0.001455; 0.016010; 0.022744 \
#; -0.000841; -0.009257; 0.013150; 0.001455; 0.016010; -0.022744 \
#; -0.000066; 0.000730; -0.001037; -0.000163; 0.001795; -0.002549 \
#; 0.000066; 0.000730; 0.001037; 0.000163; 0.001795; 0.002549 \
#; -0.013939; 0.003614; -0.019225; 0.002434; -0.000746; 0.002649 \
#; 0.013939; 0.003614; 0.019225; -0.002434; -0.000746; -0.002649 \
#; 0.005380; -0.001406; 0.007350; 0.014602; -0.004114; 0.018113 \
#; -0.005380; -0.001406; -0.007350; -0.014602; -0.004114; -0.018113 \
#; 0.000360; -0.000321; 0.000911; 0.009805; -0.004308; -0.002604 \
#; -0.000360; -0.000321; -0.000911; -0.009805; -0.004308; 0.002604 \
#; -0.006403; 0.003280; -0.001181; 0.003650; -0.001620; -0.000869 \
#; 0.006403; 0.003280; 0.001181; -0.003650; -0.001620; 0.000869 \
#; -0.000000; -0.006564; -0.000000; -0.000000; 0.007480; -0.000000 \
#; 0.000000; -0.003241; 0.000000; -0.000000; 0.009520; 0.000000 \
#; -0.000000; -0.000022; 0.000000; 0.000000; 0.000671; -0.000000 \
#; 0.000000; 0.000670; -0.000000; 0.000000; 0.001451; -0.000000 \
# ]
#metaData: qpt=[0.000000;0.000000;0.500000;2.195837 \
#; -0.000000; -0.034606; 0.000000; -0.000000; -0.020176; 0.000000 \
#; 0.000000; -0.026848; -0.000000; -0.000000; -0.024261; 0.000000 \
#; 0.000000; 0.005355; 0.000000; 0.000000; -0.019389; 0.000000 \
#; -0.000000; -0.010343; -0.000000; -0.000000; 0.001552; -0.000000 \
#; -0.004415; 0.039193; 0.006571; -0.003205; 0.028447; 0.004769 \
#; 0.004415; 0.039193; -0.006571; 0.003205; 0.028447; -0.004769 \
#; -0.000410; 0.003641; -0.000610; -0.001318; 0.011700; -0.001962 \
#; 0.000410; 0.003641; 0.000610; 0.001318; 0.011700; 0.001962 \
#; 0.001011; -0.001955; 0.001341; 0.001171; 0.004079; 0.001357 \
#; -0.001011; -0.001955; -0.001341; -0.001171; 0.004079; -0.001357 \
#; 0.000030; 0.006251; -0.000156; 0.001007; -0.003995; 0.001399 \
#; -0.000030; 0.006251; 0.000156; -0.001007; -0.003995; -0.001399 \
#; 0.004737; -0.011056; -0.006343; -0.000048; 0.001467; 0.000107 \
#; -0.004737; -0.011056; 0.006343; 0.000048; 0.001467; -0.000107 \
#; 0.001462; -0.001559; -0.001900; 0.004656; -0.009349; -0.006188 \
#; -0.001462; -0.001559; 0.001900; -0.004656; -0.009349; 0.006188 \
#; 0.000000; 0.013150; 0.000000; -0.000000; 0.014897; -0.000000 \
#; 0.000000; 0.018770; -0.000000; -0.000000; 0.008128; -0.000000 \
#; 0.000000; 0.003252; -0.000000; 0.000000; 0.002719; 0.000000 \
#; -0.000000; -0.000901; 0.000000; -0.000000; 0.006377; 0.000000 \
# ]
#metaData: qpt=[0.000000;0.000000;0.500000;2.195837 \
#; 0.000000; 0.001030; 0.000000; 0.000000; 0.010408; -0.000000 \
#; -0.000000; 0.018704; 0.000000; 0.000000; -0.007401; 0.000000 \
#; -0.000000; -0.026997; 0.000000; -0.000000; -0.024095; -0.000000 \
#; 0.000000; -0.028041; 0.000000; 0.000000; -0.028606; 0.000000 \
#; 0.001370; -0.012159; -0.002039; 0.000171; -0.001519; -0.000255 \
#; -0.001370; -0.012159; 0.002039; -0.000171; -0.001519; 0.000255 \
#; -0.003934; 0.034919; -0.005854; -0.003780; 0.033556; -0.005626 \
#; 0.003934; 0.034919; 0.005854; 0.003780; 0.033556; 0.005626 \
#; 0.004719; -0.010912; 0.006316; 0.000411; -0.002310; 0.000592 \
#; -0.004719; -0.010912; -0.006316; -0.000411; -0.002310; -0.000592 \
#; 0.000619; -0.002495; 0.000862; 0.004841; -0.009143; 0.006415 \
#; -0.000619; -0.002495; -0.000862; -0.004841; -0.009143; -0.006415 \
#; -0.001098; 0.001637; 0.001441; 0.001090; 0.004217; -0.001250 \
#; 0.001098; 0.001637; -0.001441; -0.001090; 0.004217; 0.001250 \
#; -0.000394; 0.007349; 0.000727; -0.000927; 0.001014; 0.001206 \
#; 0.000394; 0.007349; -0.000727; 0.000927; 0.001014; -0.001206 \
#; -0.000000; -0.006418; -0.000000; -0.000000; -0.000530; -0.000000 \
#; -0.000000; -0.004054; -0.000000; 0.000000; -0.001240; 0.000000 \
#; -0.000000; 0.017058; 0.000000; -0.000000; 0.011286; 0.000000 \
#; 0.000000; 0.011624; 0.000000; 0.000000; 0.016117; -0.000000 \
# ]
#metaData: qpt=[0.000000;0.000000;0.500000;2.243177 \
#; -0.000000; -0.000000; -0.013139; -0.000000; 0.000000; -0.014599 \
#; 0.009985; -0.000000; -0.016461; 0.012795; 0.000000; -0.021094 \
#; -0.035681; 0.000000; -0.012951; 0.027845; -0.000000; 0.010106 \
#; 0.035740; -0.000000; 0.018207; -0.032165; -0.000000; -0.016386 \
#; 0.006047; 0.002047; -0.000375; 0.007212; 0.002442; -0.000447 \
#; 0.006047; -0.002047; -0.000375; 0.007212; -0.002442; -0.000447 \
#; 0.001254; 0.000425; 0.000078; -0.001051; -0.000356; -0.000065 \
#; 0.001254; -0.000425; 0.000078; -0.001051; 0.000356; -0.000065 \
#; 0.002124; -0.001894; 0.002865; -0.009739; 0.008686; -0.013136 \
#; 0.002124; 0.001894; 0.002865; -0.009739; -0.008686; -0.013136 \
#; -0.010604; 0.006270; -0.013313; 0.000418; -0.000247; 0.000525 \
#; -0.010604; -0.006270; -0.013313; 0.000418; 0.000247; 0.000525 \
#; -0.003557; -0.006062; 0.001933; -0.000776; -0.001322; 0.000421 \
#; -0.003557; 0.006062; 0.001933; -0.000776; 0.001322; 0.000421 \
#; -0.000002; -0.000348; -0.000105; -0.000062; -0.008834; -0.002674 \
#; -0.000002; 0.000348; -0.000105; -0.000062; 0.008834; -0.002674 \
#; 0.003791; 0.000000; 0.002109; 0.006979; -0.000000; 0.003882 \
#; 0.008780; 0.000000; 0.006421; 0.006999; -0.000000; 0.005118 \
#; -0.004851; 0.000000; 0.006115; 0.006086; 0.000000; -0.007672 \
#; 0.009768; -0.000000; -0.010551; -0.005306; 0.000000; 0.005731 \
# ]
#metaData: qpt=[0.000000;0.000000;0.500000;2.243177 \
#; 0.048082; -0.000000; -0.024495; -0.000000; -0.000000; 0.000000 \
#; -0.045149; -0.000000; 0.016387; -0.003172; 0.000000; 0.001151 \
#; -0.001138; -0.000000; -0.001875; 0.016190; -0.000000; 0.026691 \
#; 0.000000; -0.000000; 0.000000; -0.000000; 0.000000; 0.019641 \
#; 0.001636; 0.000554; -0.000101; 0.000057; 0.000019; -0.000004 \
#; 0.001636; -0.000554; -0.000101; 0.000057; -0.000019; -0.000004 \
#; -0.000330; -0.000112; -0.000020; 0.009406; 0.003184; 0.000583 \
#; -0.000330; 0.000112; -0.000020; 0.009406; -0.003184; 0.000583 \
#; -0.002125; -0.003621; -0.001155; -0.002956; -0.005038; -0.001606 \
#; -0.002125; 0.003621; -0.001155; -0.002956; 0.005038; -0.001606 \
#; 0.000040; 0.005651; -0.001711; -0.000048; -0.006800; 0.002058 \
#; 0.000040; -0.005651; -0.001711; -0.000048; 0.006800; 0.002058 \
#; 0.008094; -0.007219; -0.010917; -0.005818; 0.005189; 0.007847 \
#; 0.008094; 0.007219; -0.010917; -0.005818; -0.005189; 0.007847 \
#; -0.008162; 0.004826; 0.010246; -0.006783; 0.004010; 0.008516 \
#; -0.008162; -0.004826; 0.010246; -0.006783; -0.004010; 0.008516 \
#; 0.010810; -0.000000; 0.011676; 0.002590; 0.000000; 0.002798 \
#; -0.007677; 0.000000; -0.009678; 0.001279; 0.000000; 0.001612 \
#; 0.001845; 0.000000; -0.001349; 0.011076; -0.000000; -0.008099 \
#; -0.001851; 0.000000; 0.001029; 0.007724; -0.000000; -0.004296 \
# ]
#metaData: qpt=[0.000000;0.000000;0.500000;3.268036 \
#; 0.000000; -0.000000; 0.006434; -0.000000; -0.000000; -0.000211 \
#; -0.012641; 0.000000; -0.009986; -0.000473; 0.000000; -0.000374 \
#; 0.000868; 0.000000; -0.000183; -0.023192; -0.000000; 0.004881 \
#; -0.000865; -0.000000; 0.000297; -0.026417; 0.000000; 0.009066 \
#; 0.002817; 0.000987; 0.001249; 0.000007; 0.000002; 0.000003 \
#; 0.002817; -0.000987; 0.001249; 0.000007; -0.000002; 0.000003 \
#; -0.000026; -0.000009; 0.000011; 0.011054; 0.003873; -0.004900 \
#; -0.000026; 0.000009; 0.000011; 0.011054; -0.003873; -0.004900 \
#; 0.013096; 0.005652; 0.007709; 0.017014; 0.007343; 0.010016 \
#; 0.013096; -0.005652; 0.007709; 0.017014; -0.007343; 0.010016 \
#; -0.006871; 0.009656; -0.003758; 0.008841; -0.012425; 0.004836 \
#; -0.006871; -0.009656; -0.003758; 0.008841; 0.012425; 0.004836 \
#; -0.012676; -0.039528; 0.008235; 0.009757; 0.030425; -0.006338 \
#; -0.012676; 0.039528; 0.008235; 0.009757; -0.030425; -0.006338 \
#; 0.019203; 0.038083; -0.011980; 0.014924; 0.029598; -0.009311 \
#; 0.019203; -0.038083; -0.011980; 0.014924; -0.029598; -0.009311 \
#; -0.051719; 0.000000; -0.026625; -0.010616; -0.000000; -0.005465 \
#; 0.057675; 0.000000; 0.031015; -0.011557; -0.000000; -0.006215 \
#; -0.000472; -0.000000; -0.000243; -0.002355; 0.000000; -0.001215 \
#; -0.005236; -0.000000; 0.003263; 0.025510; 0.000000; -0.015895 \
# ]
#metaData: qpt=[0.000000;0.000000;0.500000;3.268036 \
#; -0.026431; -0.000000; -0.009071; 0.000000; 0.000000; 0.000000 \
#; -0.023151; -0.000000; -0.004872; -0.001627; 0.000000; -0.000342 \
#; -0.000887; -0.000000; 0.000700; 0.012618; -0.000000; -0.009969 \
#; -0.000000; -0.000000; -0.000000; -0.000000; 0.000000; 0.006437 \
#; 0.011047; 0.003871; 0.004897; 0.000388; 0.000136; 0.000172 \
#; 0.011047; -0.003871; 0.004897; 0.000388; -0.000136; 0.000172 \
#; 0.000099; 0.000035; -0.000044; -0.002815; -0.000986; 0.001248 \
#; 0.000099; -0.000035; -0.000044; -0.002815; 0.000986; 0.001248 \
#; 0.009337; 0.029115; 0.006065; 0.012988; 0.040502; 0.008438 \
#; 0.009337; -0.029115; 0.006065; 0.012988; -0.040502; 0.008438 \
#; 0.015545; 0.030828; 0.009698; -0.018704; -0.037094; -0.011669 \
#; 0.015545; -0.030828; 0.009698; -0.018704; 0.037094; -0.011669 \
#; 0.017433; 0.007524; -0.010263; -0.012532; -0.005409; 0.007377 \
#; 0.017433; -0.007524; -0.010263; -0.012532; 0.005409; 0.007377 \
#; 0.008611; -0.012102; -0.004710; 0.007156; -0.010058; -0.003914 \
#; 0.008611; 0.012102; -0.004710; 0.007156; 0.010058; -0.003914 \
#; 0.025325; -0.000000; 0.015779; 0.006068; -0.000000; 0.003781 \
#; -0.002369; -0.000000; 0.001222; 0.000395; -0.000000; -0.000204 \
#; -0.009664; -0.000000; 0.005197; -0.058022; 0.000000; 0.031201 \
#; -0.012303; -0.000000; 0.006334; 0.051344; 0.000000; -0.026432 \
# ]
#metaData: qpt=[0.000000;0.000000;0.500000;3.384154 \
#; 0.000000; -0.007492; -0.000000; -0.000000; -0.005670; 0.000000 \
#; 0.000000; 0.007009; 0.000000; -0.000000; 0.006180; -0.000000 \
#; 0.000000; -0.000135; 0.000000; 0.000000; 0.003757; -0.000000 \
#; 0.000000; -0.000232; -0.000000; 0.000000; -0.003621; -0.000000 \
#; -0.009735; 0.003520; -0.000932; 0.000135; -0.000049; 0.000013 \
#; 0.009735; 0.003520; 0.000932; -0.000135; -0.000049; -0.000013 \
#; -0.015629; 0.005652; 0.001497; 0.019121; -0.006915; -0.001831 \
#; 0.015629; 0.005652; -0.001497; -0.019121; -0.006915; 0.001831 \
#; -0.009654; -0.009921; -0.007077; 0.026883; 0.000708; 0.013836 \
#; 0.009654; -0.009921; 0.007077; -0.026883; 0.000708; -0.013836 \
#; -0.045116; -0.021662; -0.027685; 0.019594; 0.015168; 0.013280 \
#; 0.045116; -0.021662; 0.027685; -0.019594; 0.015168; -0.013280 \
#; -0.046823; -0.042936; 0.033194; 0.008320; 0.002079; -0.004688 \
#; 0.046823; -0.042936; -0.033194; -0.008320; 0.002079; 0.004688 \
#; -0.003970; 0.004772; 0.000980; 0.025344; 0.034996; -0.020531 \
#; 0.003970; 0.004772; -0.000980; -0.025344; 0.034996; 0.020531 \
#; 0.000000; -0.004063; 0.000000; -0.000000; -0.001327; 0.000000 \
#; -0.000000; -0.002742; -0.000000; 0.000000; 0.001160; 0.000000 \
#; -0.000000; -0.004165; -0.000000; 0.000000; 0.008368; -0.000000 \
#; 0.000000; -0.006971; 0.000000; -0.000000; 0.005419; 0.000000 \
# ]
#metaData: qpt=[0.000000;0.000000;0.500000;3.384154 \
#; -0.000000; -0.002003; -0.000000; -0.000000; -0.003025; 0.000000 \
#; 0.000000; 0.001948; 0.000000; -0.000000; 0.003216; 0.000000 \
#; -0.000000; 0.003111; 0.000000; 0.000000; -0.008811; -0.000000 \
#; -0.000000; -0.002541; -0.000000; 0.000000; 0.009046; -0.000000 \
#; 0.023544; -0.008514; 0.002255; 0.007455; -0.002696; 0.000714 \
#; -0.023544; -0.008514; -0.002255; -0.007455; -0.002696; -0.000714 \
#; -0.008222; 0.002973; 0.000787; 0.005213; -0.001885; -0.000499 \
#; 0.008222; 0.002973; -0.000787; -0.005213; -0.001885; 0.000499 \
#; 0.007055; 0.011730; 0.006149; 0.047030; 0.041355; 0.032955 \
#; -0.007055; 0.011730; -0.006149; -0.047030; 0.041355; -0.032955 \
#; 0.014110; 0.027071; 0.013085; -0.021424; -0.022686; -0.015851 \
#; -0.014110; 0.027071; -0.013085; 0.021424; -0.022686; 0.015851 \
#; 0.022397; -0.002495; -0.010854; -0.017727; -0.009628; 0.011122 \
#; -0.022397; -0.002495; 0.010854; 0.017727; -0.009628; -0.011122 \
#; 0.020205; 0.005827; -0.011554; 0.044846; 0.025795; -0.028449 \
#; -0.020205; 0.005827; 0.011554; -0.044846; 0.025795; 0.028449 \
#; 0.000000; 0.007824; 0.000000; 0.000000; 0.004094; 0.000000 \
#; -0.000000; 0.009269; -0.000000; -0.000000; 0.001210; 0.000000 \
#; -0.000000; -0.002492; 0.000000; -0.000000; 0.001628; 0.000000 \
#; 0.000000; -0.003762; -0.000000; -0.000000; 0.002028; 0.000000 \
# ]
#metaData: qpt=[0.000000;0.000000;0.500000;3.522667 \
#; 0.009212; -0.000000; 0.008931; -0.000000; -0.000000; 0.000000 \
#; -0.005378; -0.000000; -0.005681; -0.000378; 0.000000; -0.000399 \
#; 0.000523; 0.000000; -0.000484; -0.007451; -0.000000; 0.006887 \
#; -0.000000; -0.000000; -0.000000; -0.000000; -0.000000; -0.000577 \
#; -0.002017; -0.001739; -0.008495; -0.000071; -0.000061; -0.000298 \
#; -0.002017; 0.001739; -0.008495; -0.000071; 0.000061; -0.000298 \
#; -0.000138; -0.000119; 0.000583; 0.003944; 0.003399; -0.016608 \
#; -0.000138; 0.000119; 0.000583; 0.003944; -0.003399; -0.016608 \
#; 0.014656; 0.025540; 0.006400; 0.020389; 0.035529; 0.008904 \
#; 0.014656; -0.025540; 0.006400; 0.020389; -0.035529; 0.008904 \
#; -0.026732; -0.019866; -0.019552; 0.032166; 0.023904; 0.023526 \
#; -0.026732; 0.019866; -0.019552; 0.032166; -0.023904; 0.023526 \
#; -0.027166; -0.005480; 0.024206; 0.019528; 0.003939; -0.017400 \
#; -0.027166; 0.005480; 0.024206; 0.019528; -0.003939; -0.017400 \
#; -0.000599; -0.024248; -0.006580; -0.000498; -0.020152; -0.005469 \
#; -0.000599; 0.024248; -0.006580; -0.000498; 0.020152; -0.005469 \
#; 0.050104; -0.000000; -0.018933; 0.012006; 0.000000; -0.004537 \
#; -0.055292; -0.000000; -0.002813; 0.009209; 0.000000; 0.000468 \
#; -0.003792; 0.000000; -0.004283; -0.022768; 0.000000; -0.025715 \
#; -0.007443; -0.000000; 0.004094; 0.031062; 0.000000; -0.017086 \
# ]
#metaData: qpt=[0.000000;0.000000;0.500000;3.522667 \
#; 0.000000; -0.000000; -0.000320; 0.000000; 0.000000; 0.000479 \
#; 0.004575; 0.000000; 0.004229; -0.005904; 0.000000; -0.005457 \
#; -0.004261; 0.000000; 0.004501; -0.003303; 0.000000; 0.003488 \
#; 0.007659; -0.000000; -0.007426; 0.005119; -0.000000; -0.004963 \
#; -0.002307; -0.001988; -0.009713; 0.003202; 0.002760; 0.013484 \
#; -0.002307; 0.001988; -0.009713; 0.003202; -0.002760; 0.013484 \
#; -0.001638; -0.001412; 0.006897; -0.001180; -0.001017; 0.004968 \
#; -0.001638; 0.001412; 0.006897; -0.001180; 0.001017; 0.004968 \
#; -0.033437; -0.006745; -0.029794; 0.001141; 0.000230; 0.001016 \
#; -0.033437; 0.006745; -0.029794; 0.001141; -0.000230; 0.001016 \
#; -0.000221; -0.008962; 0.002432; -0.000747; -0.030228; 0.008203 \
#; -0.000221; 0.008962; 0.002432; -0.000747; 0.030228; 0.008203 \
#; 0.000856; 0.001492; -0.000374; 0.025096; 0.043730; -0.010959 \
#; 0.000856; -0.001492; -0.000374; 0.025096; -0.043730; -0.010959 \
#; -0.040099; -0.029799; 0.029328; 0.011889; 0.008835; -0.008695 \
#; -0.040099; 0.029799; 0.029328; 0.011889; -0.008835; -0.008695 \
#; -0.023448; -0.000000; -0.012898; 0.021689; 0.000000; 0.011931 \
#; 0.009499; -0.000000; -0.010728; -0.021037; 0.000000; 0.023760 \
#; -0.051087; 0.000000; 0.002599; -0.023067; -0.000000; 0.001173 \
#; 0.034986; 0.000000; 0.013220; 0.037822; -0.000000; 0.014292 \
# ]
#metaData: qpt=[0.000000;0.000000;0.500000;3.892626 \
#; 0.000000; -0.000000; -0.015443; -0.000000; -0.000000; -0.002743 \
#; -0.001437; -0.000000; -0.015292; -0.000361; 0.000000; -0.003838 \
#; 0.002946; 0.000000; 0.000071; -0.011736; 0.000000; -0.000285 \
#; -0.002132; -0.000000; 0.000284; 0.012003; -0.000000; -0.001600 \
#; 0.011156; 0.005776; -0.041445; 0.002388; 0.001236; -0.008870 \
#; 0.011156; -0.005776; -0.041445; 0.002388; -0.001236; -0.008870 \
#; 0.000146; 0.000075; 0.000541; -0.000681; -0.000352; -0.002529 \
#; 0.000146; -0.000075; 0.000541; -0.000681; 0.000352; -0.002529 \
#; -0.003373; 0.001249; -0.015492; -0.007027; 0.002603; -0.032277 \
#; -0.003373; -0.001249; -0.015492; -0.007027; -0.002603; -0.032277 \
#; -0.005590; 0.005587; -0.025712; 0.004724; -0.004721; 0.021729 \
#; -0.005590; -0.005587; -0.025712; 0.004724; 0.004721; 0.021729 \
#; 0.003097; 0.032994; -0.013884; -0.001487; -0.015836; 0.006664 \
#; 0.003097; -0.032994; -0.013884; -0.001487; 0.015836; 0.006664 \
#; 0.002813; 0.023221; -0.012676; 0.003328; 0.027478; -0.015000 \
#; 0.002813; -0.023221; -0.012676; 0.003328; -0.027478; -0.015000 \
#; 0.021543; 0.000000; -0.027823; 0.009387; -0.000000; -0.012124 \
#; 0.024314; 0.000000; -0.033717; 0.000261; -0.000000; -0.000362 \
#; -0.000056; 0.000000; -0.000275; 0.005229; 0.000000; 0.025657 \
#; 0.003254; 0.000000; 0.011811; -0.007468; 0.000000; -0.027106 \
# ]
#metaData: qpt=[0.000000;0.000000;0.500000;3.892626 \
#; 0.012191; -0.000000; 0.001625; 0.000000; 0.000000; 0.000000 \
#; -0.012070; 0.000000; 0.000293; -0.000848; -0.000000; 0.000021 \
#; -0.000104; -0.000000; 0.001105; 0.001478; 0.000000; -0.015727 \
#; 0.000000; 0.000000; 0.000000; 0.000000; 0.000000; -0.015685 \
#; -0.000696; -0.000360; 0.002584; -0.000024; -0.000013; 0.000091 \
#; -0.000696; 0.000360; 0.002584; -0.000024; 0.000013; 0.000091 \
#; 0.000400; 0.000207; 0.001486; -0.011402; -0.005903; -0.042357 \
#; 0.000400; -0.000207; 0.001486; -0.011402; 0.005903; -0.042357 \
#; -0.002005; -0.021362; -0.008989; -0.002790; -0.029717; -0.012505 \
#; -0.002005; 0.021362; -0.008989; -0.002790; 0.029717; -0.012505 \
#; 0.002785; 0.022994; 0.012552; -0.003351; -0.027668; -0.015104 \
#; 0.002785; -0.022994; 0.012552; -0.003351; 0.027668; -0.015104 \
#; -0.006329; 0.002344; 0.029071; 0.004550; -0.001685; -0.020897 \
#; -0.006329; -0.002344; 0.029071; 0.004550; 0.001685; -0.020897 \
#; 0.005629; -0.005625; -0.025890; 0.004678; -0.004675; -0.021517 \
#; 0.005629; 0.005625; -0.025890; 0.004678; 0.004675; -0.021517 \
#; -0.007922; -0.000000; 0.028753; -0.001898; -0.000000; 0.006890 \
#; 0.005158; 0.000000; -0.025310; -0.000859; 0.000000; 0.004215 \
#; -0.003995; -0.000000; -0.005540; -0.023985; -0.000000; -0.033261 \
#; 0.005476; 0.000000; 0.007072; -0.022852; -0.000000; -0.029514 \
# ]
#metaData: qpt=[0.000000;0.000000;0.500000;3.995267 \
#; -0.016872; -0.000000; 0.010566; 0.000000; 0.000000; 0.000000 \
#; -0.016171; 0.000000; 0.009706; -0.001136; -0.000000; 0.000682 \
#; 0.000328; -0.000000; 0.000308; -0.004666; 0.000000; -0.004381 \
#; 0.000000; 0.000000; 0.000000; 0.000000; 0.000000; 0.001522 \
#; 0.022617; -0.006690; 0.005516; 0.000794; -0.000235; 0.000194 \
#; 0.022617; 0.006690; 0.005516; 0.000794; 0.000235; 0.000194 \
#; -0.000112; 0.000033; 0.000027; 0.003198; -0.000946; -0.000780 \
#; -0.000112; -0.000033; 0.000027; 0.003198; 0.000946; -0.000780 \
#; -0.004991; -0.010975; -0.010268; -0.006943; -0.015268; -0.014284 \
#; -0.004991; 0.010975; -0.010268; -0.006943; 0.015268; -0.014284 \
#; -0.005638; -0.010204; -0.007957; 0.006784; 0.012278; 0.009575 \
#; -0.005638; 0.010204; -0.007957; 0.006784; -0.012278; 0.009575 \
#; 0.001775; -0.006153; 0.013041; -0.001276; 0.004423; -0.009374 \
#; 0.001775; 0.006153; 0.013041; -0.001276; -0.004423; -0.009374 \
#; -0.000208; -0.009609; 0.015619; -0.000173; -0.007986; 0.012980 \
#; -0.000208; 0.009609; 0.015619; -0.000173; 0.007986; 0.012980 \
#; 0.091942; -0.000000; 0.029791; 0.022031; 0.000000; 0.007138 \
#; 0.091289; 0.000000; 0.025621; -0.015204; 0.000000; -0.004267 \
#; 0.003334; -0.000000; -0.003365; 0.020018; -0.000000; -0.020204 \
#; -0.001436; 0.000000; -0.002908; 0.005991; -0.000000; 0.012135 \
# ]
#metaData: qpt=[0.000000;0.000000;0.500000;3.995267 \
#; 0.000000; -0.000000; 0.000856; 0.000000; 0.000000; 0.001259 \
#; 0.002352; -0.000000; -0.002208; 0.004043; -0.000000; -0.003796 \
#; 0.014012; -0.000000; 0.008410; -0.008151; 0.000000; -0.004892 \
#; 0.013954; 0.000000; 0.008738; -0.009485; -0.000000; -0.005940 \
#; -0.001705; 0.000504; -0.000416; -0.002708; 0.000801; -0.000660 \
#; -0.001705; -0.000504; -0.000416; -0.002708; -0.000801; -0.000660 \
#; -0.019151; 0.005665; 0.004671; 0.012058; -0.003567; -0.002941 \
#; -0.019151; -0.005665; 0.004671; 0.012058; 0.003567; -0.002941 \
#; -0.000751; 0.002602; 0.005515; 0.002053; -0.007117; -0.015084 \
#; -0.000751; -0.002602; 0.005515; 0.002053; 0.007117; -0.015084 \
#; 0.000269; 0.012436; 0.020214; 0.000026; 0.001203; 0.001955 \
#; 0.000269; -0.012436; 0.020214; 0.000026; -0.001203; 0.001955 \
#; 0.008031; 0.017660; -0.016522; 0.002936; 0.006457; -0.006041 \
#; 0.008031; -0.017660; -0.016522; 0.002936; -0.006457; -0.006041 \
#; 0.000849; 0.001537; -0.001198; -0.008781; -0.015891; 0.012392 \
#; 0.000849; -0.001537; -0.001198; -0.008781; 0.015891; 0.012392 \
#; -0.002181; 0.000000; 0.004417; -0.005762; 0.000000; 0.011670 \
#; -0.014011; 0.000000; -0.014141; -0.014681; -0.000000; -0.014818 \
#; -0.066951; 0.000000; 0.018790; 0.063894; 0.000000; -0.017932 \
#; -0.088423; 0.000000; 0.028651; 0.033467; 0.000000; -0.010844 \
# ]
#metaData: qpt=[0.000000;0.000000;0.500000;4.137135 \
#; 0.000000; 0.005452; -0.000000; 0.000000; 0.009465; -0.000000 \
#; -0.000000; 0.016248; -0.000000; 0.000000; -0.002771; -0.000000 \
#; 0.000000; 0.009430; 0.000000; -0.000000; -0.010332; -0.000000 \
#; 0.000000; 0.001014; 0.000000; 0.000000; 0.018627; -0.000000 \
#; 0.008038; -0.000204; 0.023203; 0.002387; -0.000060; 0.006889 \
#; -0.008038; -0.000204; -0.023203; -0.002387; -0.000060; -0.006889 \
#; 0.003563; -0.000090; -0.010284; 0.003023; -0.000077; -0.008727 \
#; -0.003563; -0.000090; 0.010284; -0.003023; -0.000077; 0.008727 \
#; 0.000314; -0.033309; -0.002533; 0.009991; -0.005844; 0.018493 \
#; -0.000314; -0.033309; 0.002533; -0.009991; -0.005844; -0.018493 \
#; 0.008089; -0.010394; 0.014439; -0.009909; -0.028184; -0.021536 \
#; -0.008089; -0.010394; -0.014439; 0.009909; -0.028184; 0.021536 \
#; -0.006342; -0.052810; 0.017052; 0.008414; 0.017880; -0.017718 \
#; 0.006342; -0.052810; -0.017052; -0.008414; 0.017880; 0.017718 \
#; 0.002137; -0.035738; -0.000713; -0.006539; -0.045526; 0.016742 \
#; -0.002137; -0.035738; 0.000713; 0.006539; -0.045526; -0.016742 \
#; 0.000000; -0.015185; -0.000000; -0.000000; -0.004951; -0.000000 \
#; 0.000000; -0.013005; -0.000000; -0.000000; -0.003923; -0.000000 \
#; -0.000000; -0.006607; 0.000000; 0.000000; -0.009292; 0.000000 \
#; -0.000000; -0.007544; 0.000000; 0.000000; -0.001580; -0.000000 \
# ]
#metaData: qpt=[0.000000;0.000000;0.500000;4.137135 \
#; 0.000000; -0.018428; -0.000000; -0.000000; -0.002901; -0.000000 \
#; 0.000000; 0.012291; -0.000000; 0.000000; -0.006678; 0.000000 \
#; -0.000000; -0.006585; -0.000000; -0.000000; 0.015110; 0.000000 \
#; -0.000000; 0.008862; -0.000000; -0.000000; 0.006386; 0.000000 \
#; -0.002369; 0.000060; -0.006839; -0.004027; 0.000102; -0.011626 \
#; 0.002369; 0.000060; 0.006839; 0.004027; 0.000102; 0.011626 \
#; 0.000976; -0.000025; -0.002818; 0.008328; -0.000211; -0.024040 \
#; -0.000976; -0.000025; 0.002818; -0.008328; -0.000211; 0.024040 \
#; -0.002297; -0.040699; -0.008205; -0.010283; -0.038107; -0.023181 \
#; 0.002297; -0.040699; 0.008205; 0.010283; -0.038107; 0.023181 \
#; -0.002666; 0.031879; -0.002086; -0.006341; -0.048307; -0.016627 \
#; 0.002666; 0.031879; 0.002086; 0.006341; -0.048307; 0.016627 \
#; -0.004415; 0.032746; 0.005336; 0.008968; 0.008445; -0.017887 \
#; 0.004415; 0.032746; -0.005336; -0.008968; 0.008445; 0.017887 \
#; 0.008875; -0.008045; -0.016159; 0.009212; 0.028942; -0.020278 \
#; -0.008875; -0.008045; 0.016159; -0.009212; 0.028942; 0.020278 \
#; -0.000000; -0.002756; -0.000000; 0.000000; 0.007198; -0.000000 \
#; -0.000000; 0.010546; -0.000000; 0.000000; 0.004333; -0.000000 \
#; 0.000000; -0.006765; -0.000000; 0.000000; -0.011780; 0.000000 \
#; 0.000000; 0.004060; -0.000000; 0.000000; -0.015448; -0.000000 \
# ]
#metaData: qpt=[0.000000;0.000000;0.500000;4.463774 \
#; 0.000000; 0.005667; 0.000000; -0.000000; -0.002521; 0.000000 \
#; -0.000000; -0.006594; -0.000000; 0.000000; 0.002387; -0.000000 \
#; -0.000000; -0.002022; -0.000000; 0.000000; -0.005771; 0.000000 \
#; -0.000000; 0.002755; 0.000000; 0.000000; 0.006365; 0.000000 \
#; -0.040107; -0.008022; 0.008534; 0.015687; 0.003138; -0.003338 \
#; 0.040107; -0.008022; -0.008534; -0.015687; 0.003138; 0.003338 \
#; 0.016294; 0.003259; 0.003467; 0.040451; 0.008091; 0.008607 \
#; -0.016294; 0.003259; -0.003467; -0.040451; 0.008091; -0.008607 \
#; 0.014733; -0.000959; 0.022272; 0.008758; -0.000446; 0.013297 \
#; -0.014733; -0.000959; -0.022272; -0.008758; -0.000446; -0.013297 \
#; 0.001701; 0.005746; 0.005309; -0.005592; -0.019968; -0.017959 \
#; -0.001701; 0.005746; -0.005309; 0.005592; -0.019968; 0.017959 \
#; 0.003013; 0.010584; -0.009594; -0.005258; -0.017868; 0.016463 \
#; -0.003013; 0.010584; 0.009594; 0.005258; -0.017868; -0.016463 \
#; -0.016550; 0.000732; 0.025180; -0.004735; 0.000320; 0.007153 \
#; 0.016550; 0.000732; -0.025180; 0.004735; 0.000320; -0.007153 \
#; -0.000000; 0.001598; -0.000000; -0.000000; -0.000262; -0.000000 \
#; 0.000000; 0.004131; 0.000000; -0.000000; -0.002685; -0.000000 \
#; -0.000000; -0.000939; 0.000000; 0.000000; -0.001395; -0.000000 \
#; -0.000000; -0.000883; 0.000000; 0.000000; -0.004868; -0.000000 \
# ]
#metaData: qpt=[0.000000;0.000000;0.500000;4.463774 \
#; 0.000000; -0.005811; -0.000000; 0.000000; 0.003785; -0.000000 \
#; 0.000000; 0.005341; -0.000000; 0.000000; -0.002977; 0.000000 \
#; 0.000000; -0.003352; 0.000000; -0.000000; -0.006160; 0.000000 \
#; -0.000000; 0.003332; -0.000000; -0.000000; 0.005231; 0.000000 \
#; -0.037565; -0.007514; 0.007993; 0.022151; 0.004431; -0.004713 \
#; 0.037565; -0.007514; -0.007993; -0.022151; 0.004431; 0.004713 \
#; -0.022248; -0.004450; -0.004734; -0.036874; -0.007376; -0.007846 \
#; 0.022248; -0.004450; 0.004734; 0.036874; -0.007376; 0.007846 \
#; 0.005608; 0.019328; 0.017684; 0.002298; 0.007595; 0.007095 \
#; -0.005608; 0.019328; -0.017684; -0.002298; 0.007595; -0.007095 \
#; 0.002099; 0.000009; 0.003242; -0.017086; 0.000799; -0.025975 \
#; -0.002099; 0.000009; -0.003242; 0.017086; 0.000799; 0.025975 \
#; -0.006244; 0.000483; 0.009404; 0.015961; -0.000941; -0.024175 \
#; 0.006244; 0.000483; -0.009404; -0.015961; -0.000941; 0.024175 \
#; 0.005812; 0.020627; -0.018607; 0.000617; 0.002503; -0.002121 \
#; -0.005812; 0.020627; 0.018607; -0.000617; 0.002503; 0.002121 \
#; -0.000000; 0.004671; -0.000000; 0.000000; -0.001631; -0.000000 \
#; -0.000000; 0.001261; -0.000000; 0.000000; -0.001113; -0.000000 \
#; 0.000000; 0.003321; -0.000000; -0.000000; 0.003640; 0.000000 \
#; 0.000000; 0.000560; -0.000000; 0.000000; 0.001520; -0.000000 \
# ]
#metaData: qpt=[0.000000;0.000000;0.500000;4.596612 \
#; -0.000000; -0.000357; -0.000000; 0.000000; 0.000986; 0.000000 \
#; -0.000000; -0.000280; 0.000000; -0.000000; 0.001495; -0.000000 \
#; -0.000000; 0.013529; -0.000000; -0.000000; 0.003898; -0.000000 \
#; 0.000000; -0.013817; -0.000000; -0.000000; -0.002924; -0.000000 \
#; -0.000715; 0.000019; -0.005814; 0.002865; -0.000075; 0.023303 \
#; 0.000715; 0.000019; 0.005814; -0.002865; -0.000075; -0.023303 \
#; -0.000056; 0.000001; 0.000453; 0.000017; -0.000000; -0.000139 \
#; 0.000056; 0.000001; -0.000453; -0.000017; -0.000000; 0.000139 \
#; -0.005712; 0.061246; -0.008505; 0.002827; -0.026588; 0.003899 \
#; 0.005712; 0.061246; 0.008505; -0.002827; -0.026588; -0.003899 \
#; 0.003116; -0.042157; 0.005369; 0.004421; -0.052979; 0.007048 \
#; -0.003116; -0.042157; -0.005369; -0.004421; -0.052979; -0.007048 \
#; 0.011405; 0.012249; -0.005772; 0.026119; 0.026187; -0.013374 \
#; -0.011405; 0.012249; 0.005772; -0.026119; 0.026187; 0.013374 \
#; -0.022494; -0.021333; 0.011620; 0.017823; 0.015957; -0.009285 \
#; 0.022494; -0.021333; -0.011620; -0.017823; 0.015957; 0.009285 \
#; 0.000000; 0.005019; 0.000000; 0.000000; -0.010684; -0.000000 \
#; -0.000000; 0.000579; -0.000000; 0.000000; -0.011575; 0.000000 \
#; -0.000000; 0.006545; 0.000000; -0.000000; 0.000171; 0.000000 \
#; 0.000000; -0.005502; 0.000000; 0.000000; -0.002753; 0.000000 \
# ]
#metaData: qpt=[0.000000;0.000000;0.500000;4.596612 \
#; 0.000000; -0.006838; -0.000000; 0.000000; 0.012357; 0.000000 \
#; 0.000000; 0.007642; 0.000000; 0.000000; -0.011825; -0.000000 \
#; -0.000000; 0.001193; -0.000000; -0.000000; 0.000944; -0.000000 \
#; -0.000000; 0.000978; -0.000000; -0.000000; 0.000376; -0.000000 \
#; -0.000051; 0.000001; -0.000418; 0.000027; -0.000001; 0.000222 \
#; 0.000051; 0.000001; 0.000418; -0.000027; -0.000001; -0.000222 \
#; 0.002534; -0.000067; -0.020606; 0.001517; -0.000040; -0.012339 \
#; -0.002534; -0.000067; 0.020606; -0.001517; -0.000040; 0.012339 \
#; 0.028293; 0.028779; 0.014453; -0.003437; -0.002744; -0.001818 \
#; -0.028293; 0.028779; -0.014453; 0.003437; -0.002744; 0.001818 \
#; 0.010400; 0.010341; 0.005332; 0.026748; 0.024552; 0.013885 \
#; -0.010400; 0.010341; -0.005332; -0.026748; 0.024552; -0.013885 \
#; 0.000465; -0.008193; -0.000960; 0.006356; -0.066263; -0.009307 \
#; -0.000465; -0.008193; 0.000960; -0.006356; -0.066263; 0.009307 \
#; 0.004924; -0.063154; -0.008195; -0.002239; 0.024403; 0.003367 \
#; -0.004924; -0.063154; 0.008195; 0.002239; 0.024403; -0.003367 \
#; -0.000000; -0.004058; 0.000000; -0.000000; 0.004624; -0.000000 \
#; -0.000000; 0.002292; -0.000000; 0.000000; -0.006132; 0.000000 \
#; -0.000000; -0.010950; 0.000000; -0.000000; -0.003798; 0.000000 \
#; -0.000000; -0.008676; 0.000000; -0.000000; -0.008004; 0.000000 \
# ]
#metaData: qpt=[0.000000;0.000000;0.500000;4.699759 \
#; -0.012806; 0.000000; 0.014281; 0.000000; 0.000000; 0.000000 \
#; -0.012378; 0.000000; 0.010928; -0.000870; 0.000000; 0.000768 \
#; -0.000222; 0.000000; -0.001040; 0.003157; 0.000000; 0.014795 \
#; -0.000000; -0.000000; 0.000000; 0.000000; -0.000000; -0.011664 \
#; 0.032625; -0.013426; -0.020871; 0.001145; -0.000471; -0.000732 \
#; 0.032625; 0.013426; -0.020871; 0.001145; 0.000471; -0.000732 \
#; 0.000144; -0.000059; 0.000092; -0.004095; 0.001685; -0.002620 \
#; 0.000144; 0.000059; 0.000092; -0.004095; -0.001685; -0.002620 \
#; 0.012350; -0.003080; 0.005427; 0.017181; -0.004285; 0.007549 \
#; 0.012350; 0.003080; 0.005427; 0.017181; 0.004285; 0.007549 \
#; 0.017136; -0.007561; 0.008102; -0.020619; 0.009098; -0.009749 \
#; 0.017136; 0.007561; 0.008102; -0.020619; -0.009098; -0.009749 \
#; 0.020721; -0.022063; -0.012049; -0.014895; 0.015859; 0.008661 \
#; 0.020721; 0.022063; -0.012049; -0.014895; -0.015859; 0.008661 \
#; 0.014996; -0.019245; -0.009291; 0.012462; -0.015994; -0.007722 \
#; 0.014996; 0.019245; -0.009291; 0.012462; 0.015994; -0.007722 \
#; -0.026666; -0.000000; -0.047581; -0.006389; -0.000000; -0.011401 \
#; -0.022758; -0.000000; -0.039513; 0.003790; -0.000000; 0.006581 \
#; 0.003367; 0.000000; -0.006723; 0.020214; -0.000000; -0.040364 \
#; 0.003298; 0.000000; -0.006932; -0.013764; -0.000000; 0.028931 \
# ]
#metaData: qpt=[0.000000;0.000000;0.500000;4.699759 \
#; 0.000000; 0.000000; -0.010778; -0.000000; -0.000000; -0.004459 \
#; -0.002833; -0.000000; 0.013274; -0.001412; 0.000000; 0.006616 \
#; 0.005536; -0.000000; 0.004887; -0.011106; -0.000000; -0.009804 \
#; 0.004895; -0.000000; 0.005459; -0.011834; 0.000000; -0.013196 \
#; 0.003729; -0.001535; -0.002386; 0.001698; -0.000699; -0.001086 \
#; 0.003729; 0.001535; -0.002386; 0.001698; 0.000699; -0.001086 \
#; -0.013529; 0.005568; -0.008655; 0.029710; -0.012226; 0.019006 \
#; -0.013529; -0.005568; -0.008655; 0.029710; 0.012226; 0.019006 \
#; 0.005843; -0.006221; 0.003398; 0.024842; -0.026449; 0.014445 \
#; 0.005843; 0.006221; 0.003398; 0.024842; 0.026449; 0.014445 \
#; -0.017248; 0.022136; -0.010687; 0.009093; -0.011669; 0.005634 \
#; -0.017248; -0.022136; -0.010687; 0.009093; 0.011669; 0.005634 \
#; -0.020597; 0.005137; 0.009050; 0.004845; -0.001208; -0.002129 \
#; -0.020597; -0.005137; 0.009050; 0.004845; 0.001208; -0.002129 \
#; 0.012502; -0.005516; -0.005911; 0.023716; -0.010464; -0.011214 \
#; 0.012502; 0.005516; -0.005911; 0.023716; 0.010464; -0.011214 \
#; 0.011458; -0.000000; 0.024084; 0.008309; 0.000000; 0.017465 \
#; -0.019965; -0.000000; -0.039868; -0.004616; 0.000000; -0.009218 \
#; 0.005197; -0.000000; -0.009024; -0.022478; 0.000000; 0.039028 \
#; 0.016098; -0.000000; -0.028724; -0.022198; 0.000000; 0.039609 \
# ]
#metaData: qpt=[0.000000;0.000000;0.500000;5.134542 \
#; 0.005052; 0.000000; -0.003195; 0.000000; 0.000000; 0.000000 \
#; -0.003772; 0.000000; 0.003699; -0.000265; 0.000000; 0.000260 \
#; -0.000235; -0.000000; -0.000044; 0.003343; 0.000000; 0.000631 \
#; 0.000000; 0.000000; -0.000000; 0.000000; -0.000000; -0.001986 \
#; -0.017638; 0.000738; -0.006327; -0.000619; 0.000026; -0.000222 \
#; -0.017638; -0.000738; -0.006327; -0.000619; -0.000026; -0.000222 \
#; 0.001631; -0.000068; -0.000585; -0.046491; 0.001946; 0.016677 \
#; 0.001631; 0.000068; -0.000585; -0.046491; -0.001946; 0.016677 \
#; 0.009039; -0.005174; 0.010345; 0.012574; -0.007198; 0.014392 \
#; 0.009039; 0.005174; 0.010345; 0.012574; 0.007198; 0.014392 \
#; 0.001592; 0.009223; -0.003253; -0.001916; -0.011098; 0.003915 \
#; 0.001592; -0.009223; -0.003253; -0.001916; 0.011098; 0.003915 \
#; -0.017236; -0.009545; 0.010006; 0.012390; 0.006861; -0.007193 \
#; -0.017236; 0.009545; 0.010006; 0.012390; -0.006861; -0.007193 \
#; 0.020117; 0.002244; -0.016134; 0.016718; 0.001865; -0.013409 \
#; 0.020117; -0.002244; -0.016134; 0.016718; -0.001865; -0.013409 \
#; 0.029265; -0.000000; 0.011586; 0.007012; -0.000000; 0.002776 \
#; 0.011055; -0.000000; -0.030333; -0.001841; -0.000000; 0.005052 \
#; 0.009531; 0.000000; 0.002749; 0.057226; -0.000000; 0.016505 \
#; -0.011849; 0.000000; -0.007671; 0.049450; -0.000000; 0.032013 \
# ]
#metaData: qpt=[0.000000;0.000000;0.500000;5.134542 \
#; 0.000000; -0.000000; 0.001728; 0.000000; 0.000000; 0.000980 \
#; 0.002792; -0.000000; -0.000527; 0.001853; 0.000000; -0.000350 \
#; -0.002091; -0.000000; -0.002051; 0.003150; -0.000000; 0.003090 \
#; 0.002492; 0.000000; 0.001576; -0.004395; 0.000000; -0.002779 \
#; -0.039638; 0.001660; -0.014219; -0.024349; 0.001019; -0.008734 \
#; -0.039638; -0.001660; -0.014219; -0.024349; -0.001019; -0.008734 \
#; -0.009237; 0.000387; 0.003314; 0.015038; -0.000630; -0.005394 \
#; -0.009237; -0.000387; 0.003314; 0.015038; 0.000630; -0.005394 \
#; 0.002277; 0.001261; 0.001322; 0.021104; 0.011687; 0.012252 \
#; 0.002277; -0.001261; 0.001322; 0.021104; -0.011687; 0.012252 \
#; 0.024465; 0.002729; 0.019622; -0.009254; -0.001032; -0.007422 \
#; 0.024465; -0.002729; 0.019622; -0.009254; 0.001032; -0.007422 \
#; 0.015396; -0.008813; -0.017622; -0.001661; 0.000951; 0.001901 \
#; 0.015396; 0.008813; -0.017622; -0.001661; -0.000951; 0.001901 \
#; -0.000881; -0.005105; -0.001801; -0.002330; -0.013497; -0.004761 \
#; -0.000881; 0.005105; -0.001801; -0.002330; 0.013497; -0.004761 \
#; 0.037173; 0.000000; -0.024065; 0.034696; -0.000000; -0.022462 \
#; 0.054483; 0.000000; -0.015714; 0.019933; -0.000000; -0.005749 \
#; 0.003851; -0.000000; 0.010566; -0.010525; -0.000000; -0.028879 \
#; 0.020534; 0.000000; -0.008129; -0.022000; -0.000000; 0.008709 \
# ]
#metaData: qpt=[0.000000;0.000000;0.500000;5.168547 \
#; 0.000000; -0.008628; -0.000000; 0.000000; 0.002556; -0.000000 \
#; -0.000000; -0.001679; -0.000000; -0.000000; -0.000722; -0.000000 \
#; 0.000000; -0.002716; 0.000000; -0.000000; -0.009264; 0.000000 \
#; -0.000000; -0.002262; -0.000000; 0.000000; -0.003233; 0.000000 \
#; 0.013404; -0.006466; 0.026942; -0.002044; 0.000986; -0.004109 \
#; -0.013404; -0.006466; -0.026942; 0.002044; 0.000986; 0.004109 \
#; 0.006674; -0.003220; -0.013415; 0.016052; -0.007743; -0.032263 \
#; -0.006674; -0.003220; 0.013415; -0.016052; -0.007743; 0.032263 \
#; -0.025104; 0.033015; -0.025097; -0.017571; 0.022081; -0.014865 \
#; 0.025104; 0.033015; 0.025097; 0.017571; 0.022081; 0.014865 \
#; -0.000713; -0.001673; 0.006154; -0.008174; 0.016981; -0.024565 \
#; 0.000713; -0.001673; -0.006154; 0.008174; 0.016981; 0.024565 \
#; -0.002817; 0.007727; 0.013398; -0.002291; -0.002867; -0.013180 \
#; 0.002817; 0.007727; -0.013398; 0.002291; -0.002867; 0.013180 \
#; -0.027569; 0.033773; 0.021028; -0.011171; 0.014620; 0.010981 \
#; 0.027569; 0.033773; -0.021028; 0.011171; 0.014620; -0.010981 \
#; -0.000000; 0.009953; 0.000000; -0.000000; 0.000594; 0.000000 \
#; -0.000000; 0.010142; 0.000000; -0.000000; -0.003834; 0.000000 \
#; 0.000000; 0.007348; -0.000000; 0.000000; 0.010726; 0.000000 \
#; -0.000000; 0.002554; 0.000000; 0.000000; 0.013441; -0.000000 \
# ]
#metaData: qpt=[0.000000;0.000000;0.500000;5.168547 \
#; 0.000000; 0.003941; 0.000000; -0.000000; -0.000191; 0.000000 \
#; 0.000000; 0.009393; -0.000000; 0.000000; -0.002232; -0.000000 \
#; -0.000000; -0.001460; -0.000000; 0.000000; -0.001101; 0.000000 \
#; 0.000000; -0.003261; 0.000000; -0.000000; -0.008387; -0.000000 \
#; -0.017056; 0.008227; -0.034281; 0.003362; -0.001622; 0.006758 \
#; 0.017056; 0.008227; 0.034281; -0.003362; -0.001622; -0.006758 \
#; 0.005743; -0.002770; -0.011543; 0.012283; -0.005925; -0.024689 \
#; -0.005743; -0.002770; 0.011543; -0.012283; -0.005925; 0.024689 \
#; -0.001908; 0.008240; -0.016983; 0.003089; 0.000171; -0.008050 \
#; 0.001908; 0.008240; 0.016983; -0.003089; 0.000171; 0.008050 \
#; 0.010004; -0.011557; 0.005794; -0.028014; 0.034940; -0.023004 \
#; -0.010004; -0.011557; -0.005794; 0.028014; 0.034940; 0.023004 \
#; 0.017943; -0.023934; -0.018825; -0.024840; 0.031698; 0.022281 \
#; -0.017943; -0.023934; 0.018825; 0.024840; 0.031698; -0.022281 \
#; 0.005628; -0.013790; -0.022433; 0.005971; -0.010050; -0.011750 \
#; -0.005628; -0.013790; 0.022433; -0.005971; -0.010050; 0.011750 \
#; 0.000000; -0.013681; -0.000000; 0.000000; 0.000009; -0.000000 \
#; 0.000000; -0.012034; -0.000000; 0.000000; 0.004922; -0.000000 \
#; 0.000000; 0.006366; 0.000000; -0.000000; 0.008777; -0.000000 \
#; 0.000000; 0.002448; -0.000000; -0.000000; 0.009666; 0.000000 \
# ]
#metaData: qpt=[0.000000;0.000000;0.500000;5.302867 \
#; -0.005079; -0.000000; -0.008965; 0.000000; 0.000000; 0.000000 \
#; 0.005032; 0.000000; 0.009645; 0.000354; 0.000000; 0.000678 \
#; -0.000041; 0.000000; -0.000388; 0.000585; -0.000000; 0.005520 \
#; 0.000000; 0.000000; -0.000000; 0.000000; -0.000000; 0.006613 \
#; -0.000660; 0.000069; -0.000968; -0.000023; 0.000002; -0.000034 \
#; -0.000660; -0.000069; -0.000968; -0.000023; -0.000002; -0.000034 \
#; -0.000399; 0.000042; 0.000586; 0.011384; -0.001195; -0.016705 \
#; -0.000399; -0.000042; 0.000586; 0.011384; 0.001195; -0.016705 \
#; -0.017995; 0.001606; -0.021799; -0.025033; 0.002234; -0.030325 \
#; -0.017995; -0.001606; -0.021799; -0.025033; -0.002234; -0.030325 \
#; 0.018385; -0.003283; 0.022485; -0.022122; 0.003951; -0.027055 \
#; 0.018385; 0.003283; 0.022485; -0.022122; -0.003951; -0.027055 \
#; -0.013059; -0.016896; 0.013476; 0.009387; 0.012146; -0.009687 \
#; -0.013059; 0.016896; 0.013476; 0.009387; -0.012146; -0.009687 \
#; 0.015026; 0.015652; -0.015997; 0.012488; 0.013008; -0.013295 \
#; 0.015026; -0.015652; -0.015997; 0.012488; -0.013008; -0.013295 \
#; 0.046570; -0.000000; -0.036458; 0.011159; -0.000000; -0.008736 \
#; -0.049145; -0.000000; 0.043040; 0.008185; -0.000000; -0.007168 \
#; 0.002275; 0.000000; 0.008319; 0.013659; 0.000000; 0.049946 \
#; -0.004546; -0.000000; -0.012895; 0.018974; 0.000000; 0.053814 \
# ]
#metaData: qpt=[0.000000;0.000000;0.500000;5.302867 \
#; 0.000000; -0.000000; 0.005197; -0.000000; 0.000000; -0.004090 \
#; -0.000485; 0.000000; 0.004577; 0.000330; -0.000000; -0.003109 \
#; 0.002835; -0.000000; -0.005433; 0.004173; -0.000000; -0.007998 \
#; -0.003141; 0.000000; 0.005545; -0.003991; -0.000000; 0.007044 \
#; -0.009192; 0.000965; -0.013489; 0.006727; -0.000706; 0.009871 \
#; -0.009192; -0.000965; -0.013489; 0.006727; 0.000706; 0.009871 \
#; -0.000390; 0.000041; 0.000572; -0.000533; 0.000056; 0.000782 \
#; -0.000390; -0.000041; 0.000572; -0.000533; -0.000056; 0.000782 \
#; -0.015454; -0.019994; -0.015947; -0.004456; -0.005765; -0.004598 \
#; -0.015454; 0.019994; -0.015947; -0.004456; 0.005765; -0.004598 \
#; -0.000519; -0.000541; -0.000553; 0.019531; 0.020344; 0.020793 \
#; -0.000519; 0.000541; -0.000553; 0.019531; -0.020344; 0.020793 \
#; 0.008541; -0.000762; -0.010346; -0.029623; 0.002643; 0.035885 \
#; 0.008541; 0.000762; -0.010346; -0.029623; -0.002643; 0.035885 \
#; 0.028755; -0.005135; -0.035166; 0.000764; -0.000136; -0.000935 \
#; 0.028755; 0.005135; -0.035166; 0.000764; 0.000136; -0.000935 \
#; -0.017721; -0.000000; 0.050261; 0.008163; -0.000000; -0.023151 \
#; -0.009326; -0.000000; 0.034102; 0.010235; -0.000000; -0.037428 \
#; -0.036828; -0.000000; -0.032253; -0.033555; 0.000000; -0.029387 \
#; 0.020035; -0.000000; 0.015685; 0.043496; 0.000000; 0.034051 \
# ]
#metaData: qpt=[0.000000;0.000000;0.500000;5.510106 \
#; 0.008305; -0.000000; -0.011552; -0.000000; 0.000000; -0.000000 \
#; -0.007823; 0.000000; 0.010967; -0.000550; 0.000000; 0.000771 \
#; -0.000192; 0.000000; -0.000249; 0.002726; -0.000000; 0.003547 \
#; 0.000000; 0.000000; -0.000000; 0.000000; -0.000000; -0.000259 \
#; -0.000694; -0.003146; 0.001986; -0.000024; -0.000110; 0.000070 \
#; -0.000694; 0.003146; 0.001986; -0.000024; 0.000110; 0.000070 \
#; 0.000144; 0.000652; 0.000412; -0.004103; -0.018594; -0.011735 \
#; 0.000144; -0.000652; 0.000412; -0.004103; 0.018594; -0.011735 \
#; 0.006414; 0.001569; 0.000899; 0.008922; 0.002183; 0.001250 \
#; 0.006414; -0.001569; 0.000899; 0.008922; -0.002183; 0.001250 \
#; -0.005103; -0.012496; 0.000536; 0.006140; 0.015036; -0.000645 \
#; -0.005103; 0.012496; 0.000536; 0.006140; -0.015036; -0.000645 \
#; -0.005904; 0.041984; 0.005658; 0.004244; -0.030180; -0.004067 \
#; -0.005904; -0.041984; 0.005658; 0.004244; 0.030180; -0.004067 \
#; 0.008061; -0.036871; -0.005450; 0.006700; -0.030643; -0.004529 \
#; 0.008061; 0.036871; -0.005450; 0.006700; 0.030643; -0.004529 \
#; -0.055406; -0.000000; -0.052605; -0.013276; -0.000000; -0.012605 \
#; 0.060447; -0.000000; 0.041423; -0.010068; -0.000000; -0.006899 \
#; 0.000446; 0.000000; 0.007210; 0.002680; 0.000000; 0.043288 \
#; -0.005296; -0.000000; -0.006437; 0.022102; 0.000000; 0.026864 \
# ]
#metaData: qpt=[0.000000;0.000000;0.500000;5.510106 \
#; 0.000000; 0.000000; 0.000255; -0.000000; -0.000000; -0.000046 \
#; 0.002716; 0.000000; -0.003534; -0.000300; 0.000000; 0.000390 \
#; 0.000861; 0.000000; 0.001207; 0.007795; 0.000000; 0.010927 \
#; -0.001488; -0.000000; -0.002070; -0.008170; -0.000000; -0.011365 \
#; -0.004063; -0.018410; 0.011619; 0.000594; 0.002690; -0.001698 \
#; -0.004063; 0.018410; 0.011619; 0.000594; -0.002690; -0.001698 \
#; 0.000100; 0.000455; 0.000287; 0.000687; 0.003115; 0.001966 \
#; 0.000100; -0.000455; 0.000287; 0.000687; -0.003115; 0.001966 \
#; 0.005233; -0.037215; 0.005015; 0.005048; -0.035897; 0.004837 \
#; 0.005233; 0.037215; 0.005015; 0.005048; 0.035897; 0.004837 \
#; 0.005147; -0.023540; 0.003479; -0.009131; 0.041766; -0.006173 \
#; 0.005147; 0.023540; 0.003479; -0.009131; -0.041766; -0.006173 \
#; 0.007629; 0.001866; -0.001069; -0.007909; -0.001935; 0.001108 \
#; 0.007629; -0.001866; -0.001069; -0.007909; 0.001935; 0.001108 \
#; 0.006955; 0.017032; 0.000730; 0.003920; 0.009599; 0.000412 \
#; 0.006955; -0.017032; 0.000730; 0.003920; -0.009599; 0.000412 \
#; 0.022693; -0.000000; -0.027583; 0.001250; 0.000000; -0.001519 \
#; 0.002557; -0.000000; -0.041295; -0.000919; 0.000000; 0.014850 \
#; -0.020736; -0.000000; 0.014210; -0.057665; -0.000000; 0.039516 \
#; -0.003133; -0.000000; 0.002975; 0.056888; -0.000000; -0.054012 \
# ]
#metaData: qpt=[0.000000;0.000000;0.500000;5.761704 \
#; 0.000000; 0.007091; 0.000000; -0.000000; -0.004336; 0.000000 \
#; -0.000000; 0.006809; -0.000000; -0.000000; -0.004723; 0.000000 \
#; 0.000000; 0.002822; 0.000000; 0.000000; -0.003087; 0.000000 \
#; -0.000000; 0.003857; -0.000000; 0.000000; -0.001486; 0.000000 \
#; -0.012027; -0.003949; 0.022527; 0.007838; 0.002573; -0.014680 \
#; 0.012027; -0.003949; -0.022527; -0.007838; 0.002573; 0.014680 \
#; -0.005737; -0.001884; -0.010745; 0.003930; 0.001290; 0.007360 \
#; 0.005737; -0.001884; 0.010745; -0.003930; 0.001290; -0.007360 \
#; -0.032169; 0.017280; -0.020916; -0.025782; 0.013413; -0.024402 \
#; 0.032169; 0.017280; 0.020916; 0.025782; 0.013413; 0.024402 \
#; 0.010646; -0.005318; 0.013936; 0.039208; -0.020904; 0.028247 \
#; -0.010646; -0.005318; -0.013936; -0.039208; -0.020904; -0.028247 \
#; -0.008416; 0.004739; 0.001656; -0.032595; 0.016685; 0.035611 \
#; 0.008416; 0.004739; -0.001656; 0.032595; 0.016685; -0.035611 \
#; 0.027277; -0.013808; -0.032518; 0.020932; -0.011110; -0.015946 \
#; -0.027277; -0.013808; 0.032518; -0.020932; -0.011110; 0.015946 \
#; -0.000000; -0.002800; 0.000000; -0.000000; 0.003792; 0.000000 \
#; 0.000000; -0.004681; -0.000000; -0.000000; 0.001111; 0.000000 \
#; -0.000000; -0.004980; 0.000000; 0.000000; -0.002257; 0.000000 \
#; 0.000000; 0.000087; -0.000000; -0.000000; 0.005552; -0.000000 \
# ]
#metaData: qpt=[0.000000;0.000000;0.500000;5.761704 \
#; 0.000000; 0.001993; -0.000000; -0.000000; -0.003622; 0.000000 \
#; 0.000000; 0.003738; 0.000000; -0.000000; -0.001876; -0.000000 \
#; -0.000000; -0.006398; -0.000000; -0.000000; 0.005267; 0.000000 \
#; -0.000000; -0.005252; -0.000000; -0.000000; 0.006441; 0.000000 \
#; -0.005017; -0.001647; 0.009397; 0.004815; 0.001581; -0.009018 \
#; 0.005017; -0.001647; -0.009397; -0.004815; 0.001581; 0.009018 \
#; 0.010126; 0.003325; 0.018966; -0.010176; -0.003341; -0.019059 \
#; -0.010126; 0.003325; -0.018966; 0.010176; -0.003341; 0.019059 \
#; -0.022000; 0.011647; -0.017279; 0.025481; -0.012852; 0.031182 \
#; 0.022000; 0.011647; 0.017279; -0.025481; -0.012852; -0.031182 \
#; -0.026225; 0.013250; -0.031703; 0.022236; -0.011770; 0.017511 \
#; 0.026225; 0.013250; 0.031703; -0.022236; -0.011770; -0.017511 \
#; 0.040267; -0.021436; -0.029569; -0.008839; 0.004357; 0.012593 \
#; -0.040267; -0.021436; 0.029569; 0.008839; 0.004357; -0.012593 \
#; 0.008724; -0.004293; -0.012544; -0.039680; 0.021138; 0.028892 \
#; -0.008724; -0.004293; 0.012544; 0.039680; 0.021138; -0.028892 \
#; 0.000000; -0.004515; -0.000000; 0.000000; -0.003232; -0.000000 \
#; -0.000000; 0.003179; 0.000000; 0.000000; 0.004449; -0.000000 \
#; 0.000000; 0.000184; 0.000000; -0.000000; -0.004808; 0.000000 \
#; -0.000000; 0.004711; -0.000000; 0.000000; -0.000144; 0.000000 \
# ]
#metaData: qpt=[0.000000;0.000000;0.500000;6.041321 \
#; -0.004211; -0.000000; 0.000510; -0.000000; -0.000000; 0.000000 \
#; 0.002167; 0.000000; -0.001717; 0.000152; 0.000000; -0.000121 \
#; 0.000253; -0.000000; -0.000031; -0.003599; 0.000000; 0.000441 \
#; 0.000000; 0.000000; -0.000000; 0.000000; -0.000000; 0.001703 \
#; -0.005201; -0.013947; 0.002610; -0.000182; -0.000489; 0.000092 \
#; -0.005201; 0.013947; 0.002610; -0.000182; 0.000489; 0.000092 \
#; 0.000323; 0.000866; 0.000162; -0.009203; -0.024680; -0.004619 \
#; 0.000323; -0.000866; 0.000162; -0.009203; 0.024680; -0.004619 \
#; 0.001361; -0.019454; 0.008583; 0.001894; -0.027063; 0.011940 \
#; 0.001361; 0.019454; 0.008583; 0.001894; 0.027063; 0.011940 \
#; -0.017074; 0.026353; -0.018592; 0.020544; -0.031710; 0.022371 \
#; -0.017074; -0.026353; -0.018592; 0.020544; 0.031710; 0.022371 \
#; 0.024179; -0.022784; -0.020381; -0.017381; 0.016378; 0.014651 \
#; 0.024179; 0.022784; -0.020381; -0.017381; -0.016378; 0.014651 \
#; -0.010278; -0.010826; 0.000271; -0.008542; -0.008997; 0.000225 \
#; -0.010278; 0.010826; 0.000271; -0.008542; 0.008997; 0.000225 \
#; 0.033435; -0.000000; -0.050463; 0.008012; -0.000000; -0.012092 \
#; -0.034518; 0.000000; 0.056453; 0.005749; -0.000000; -0.009402 \
#; 0.003132; 0.000000; 0.004290; 0.018803; 0.000000; 0.025755 \
#; 0.004694; 0.000000; 0.008285; -0.019589; -0.000000; -0.034578 \
# ]
#metaData: qpt=[0.000000;0.000000;0.500000;6.041321 \
#; 0.000000; -0.000000; -0.001590; 0.000000; 0.000000; 0.000609 \
#; -0.003451; 0.000000; -0.000423; 0.001050; 0.000000; 0.000129 \
#; -0.000633; 0.000000; -0.000501; -0.002079; 0.000000; -0.001647 \
#; 0.001505; -0.000000; 0.000182; 0.003933; -0.000000; 0.000476 \
#; -0.008711; -0.023359; 0.004372; 0.002988; 0.008014; -0.001500 \
#; -0.008711; 0.023359; 0.004372; 0.002988; -0.008014; -0.001500 \
#; 0.001689; 0.004529; 0.000848; 0.004923; 0.013201; 0.002471 \
#; 0.001689; -0.004529; 0.000848; 0.004923; -0.013201; 0.002471 \
#; -0.024876; 0.023440; -0.020968; -0.016369; 0.015424; -0.013797 \
#; -0.024876; -0.023440; -0.020968; -0.016369; -0.015424; -0.013797 \
#; -0.004304; -0.004533; -0.000113; 0.012653; 0.013326; 0.000334 \
#; -0.004304; 0.004533; -0.000113; 0.012653; -0.013326; 0.000334 \
#; 0.001282; -0.018321; -0.008083; -0.001948; 0.027842; 0.012284 \
#; 0.001282; 0.018321; -0.008083; -0.001948; -0.027842; 0.012284 \
#; 0.025290; -0.039035; -0.027539; 0.008602; -0.013277; -0.009367 \
#; 0.025290; 0.039035; -0.027539; 0.008602; 0.013277; -0.009367 \
#; -0.019972; -0.000000; 0.035255; 0.002619; -0.000000; -0.004622 \
#; 0.016441; 0.000000; -0.022520; -0.009646; -0.000000; 0.013213 \
#; 0.017708; -0.000000; 0.028961; 0.030182; -0.000000; 0.049362 \
#; -0.004470; 0.000000; -0.006746; -0.034090; -0.000000; -0.051451 \
# ]
#metaData: qpt=[0.000000;0.000000;0.500000;6.671217 \
#; 0.001585; -0.000000; 0.004960; -0.000000; 0.000000; -0.000000 \
#; -0.001549; -0.000000; -0.003115; -0.000109; 0.000000; -0.000219 \
#; 0.000022; -0.000000; -0.000660; -0.000319; -0.000000; 0.009398 \
#; -0.000000; 0.000000; -0.000000; -0.000000; 0.000000; 0.008597 \
#; -0.000561; -0.001614; 0.003171; -0.000020; -0.000057; 0.000111 \
#; -0.000561; 0.001614; 0.003171; -0.000020; 0.000057; 0.000111 \
#; -0.000193; -0.000555; -0.001091; 0.005506; 0.015829; 0.031100 \
#; -0.000193; 0.000555; -0.001091; 0.005506; -0.015829; 0.031100 \
#; -0.013920; -0.012473; -0.004884; -0.019365; -0.017352; -0.006794 \
#; -0.013920; 0.012473; -0.004884; -0.019365; 0.017352; -0.006794 \
#; 0.010808; 0.017184; 0.003360; -0.013005; -0.020677; -0.004043 \
#; 0.010808; -0.017184; 0.003360; -0.013005; 0.020677; -0.004043 \
#; -0.025936; 0.023958; 0.011818; 0.018644; -0.017222; -0.008495 \
#; -0.025936; -0.023958; 0.011818; 0.018644; 0.017222; -0.008495 \
#; 0.027762; -0.018908; -0.012262; 0.023072; -0.015714; -0.010190 \
#; 0.027762; 0.018908; -0.012262; 0.023072; 0.015714; -0.010190 \
#; 0.009856; 0.000000; -0.047590; 0.002362; -0.000000; -0.011403 \
#; -0.008421; -0.000000; 0.037069; 0.001403; -0.000000; -0.006174 \
#; -0.001444; 0.000000; -0.009873; -0.008668; -0.000000; -0.059282 \
#; 0.001604; 0.000000; 0.011948; -0.006694; -0.000000; -0.049864 \
# ]
#metaData: qpt=[0.000000;0.000000;0.500000;6.671217 \
#; 0.000000; 0.000000; 0.005996; 0.000000; 0.000000; 0.006161 \
#; 0.000207; 0.000000; 0.006082; 0.000244; 0.000000; 0.007195 \
#; 0.001186; 0.000000; -0.002385; -0.001002; 0.000000; 0.002016 \
#; -0.001136; -0.000000; 0.003555; 0.001106; 0.000000; -0.003460 \
#; -0.003702; -0.010642; 0.020910; -0.004080; -0.011730; 0.023048 \
#; -0.003702; 0.010642; 0.020910; -0.004080; 0.011730; 0.023048 \
#; 0.000416; 0.001196; 0.002350; -0.000377; -0.001085; -0.002132 \
#; 0.000416; -0.001196; 0.002350; -0.000377; 0.001085; -0.002132 \
#; 0.005582; -0.005157; 0.002544; -0.031450; 0.029052; -0.014330 \
#; 0.005582; 0.005157; 0.002544; -0.031450; -0.029052; -0.014330 \
#; -0.035987; 0.024509; -0.015894; 0.002829; -0.001927; 0.001250 \
#; -0.035987; -0.024509; -0.015894; 0.002829; 0.001927; 0.001250 \
#; 0.023482; 0.021041; -0.008238; 0.004168; 0.003735; -0.001462 \
#; 0.023482; -0.021041; -0.008238; 0.004168; -0.003735; -0.001462 \
#; 0.001325; 0.002107; -0.000412; 0.016858; 0.026803; -0.005241 \
#; 0.001325; -0.002107; -0.000412; 0.016858; -0.026803; -0.005241 \
#; 0.003520; -0.000000; -0.026217; 0.005916; -0.000000; -0.044067 \
#; 0.007081; -0.000000; -0.048423; 0.005205; -0.000000; -0.035595 \
#; 0.005056; -0.000000; 0.022258; -0.006879; -0.000000; -0.030279 \
#; -0.008710; -0.000000; -0.042057; 0.005182; -0.000000; 0.025021 \
# ]
#metaData: qpt=[0.000000;0.000000;0.500000;7.106503 \
#; -0.004921; 0.000000; 0.003549; -0.000000; -0.000000; 0.000000 \
#; -0.004878; -0.000000; 0.003957; -0.000343; 0.000000; 0.000278 \
#; -0.000038; 0.000000; 0.000248; 0.000545; -0.000000; -0.003523 \
#; 0.000000; 0.000000; -0.000000; 0.000000; -0.000000; 0.003951 \
#; 0.001916; 0.059608; 0.015260; 0.000067; 0.002092; 0.000535 \
#; 0.001916; -0.059608; 0.015260; 0.000067; -0.002092; 0.000535 \
#; 0.000004; 0.000117; -0.000030; -0.000107; -0.003322; 0.000851 \
#; 0.000004; -0.000117; -0.000030; -0.000107; 0.003322; 0.000851 \
#; -0.008194; -0.008271; -0.005235; -0.011399; -0.011506; -0.007282 \
#; -0.008194; 0.008271; -0.005235; -0.011399; 0.011506; -0.007282 \
#; -0.008025; -0.010837; -0.004993; 0.009656; 0.013040; 0.006007 \
#; -0.008025; 0.010837; -0.004993; 0.009656; -0.013040; 0.006007 \
#; 0.010200; -0.020993; -0.008050; -0.007332; 0.015091; 0.005787 \
#; 0.010200; 0.020993; -0.008050; -0.007332; -0.015091; 0.005787 \
#; 0.010801; -0.018550; -0.008344; 0.008977; -0.015416; -0.006934 \
#; 0.010801; 0.018550; -0.008344; 0.008977; 0.015416; -0.006934 \
#; 0.003631; 0.000000; -0.036590; 0.000870; 0.000000; -0.008768 \
#; 0.003972; -0.000000; -0.038777; -0.000662; -0.000000; 0.006458 \
#; 0.000397; -0.000000; 0.002131; 0.002381; -0.000000; 0.012794 \
#; 0.000663; 0.000000; 0.004022; -0.002768; -0.000000; -0.016783 \
# ]
#metaData: qpt=[0.000000;0.000000;0.500000;7.106503 \
#; 0.000000; 0.000000; -0.003891; -0.000000; 0.000000; -0.000682 \
#; 0.000531; 0.000000; 0.003428; 0.000132; 0.000000; 0.000852 \
#; -0.001180; -0.000000; -0.000957; 0.004746; -0.000000; 0.003849 \
#; -0.000849; -0.000000; -0.000613; 0.004847; -0.000000; 0.003496 \
#; -0.000105; -0.003252; -0.000833; -0.000022; -0.000688; -0.000176 \
#; -0.000105; 0.003252; -0.000833; -0.000022; 0.000688; -0.000176 \
#; 0.000397; 0.012348; -0.003161; -0.001875; -0.058352; 0.014938 \
#; 0.000397; -0.012348; -0.003161; -0.001875; 0.058352; 0.014938 \
#; -0.005462; 0.011241; -0.004310; -0.011313; 0.023283; -0.008928 \
#; -0.005462; -0.011241; -0.004310; -0.011313; -0.023283; -0.008928 \
#; 0.010706; -0.018387; 0.008270; -0.009090; 0.015611; -0.007022 \
#; 0.010706; 0.018387; 0.008270; -0.009090; -0.015611; -0.007022 \
#; -0.012642; -0.012760; 0.008076; 0.006104; 0.006161; -0.003899 \
#; -0.012642; 0.012760; 0.008076; 0.006104; -0.006161; -0.003899 \
#; 0.008126; 0.010974; -0.005056; 0.009571; 0.012925; -0.005955 \
#; 0.008126; -0.010974; -0.005056; 0.009571; -0.012925; -0.005955 \
#; -0.002612; 0.000000; 0.015837; -0.001131; 0.000000; 0.006858 \
#; 0.002414; -0.000000; -0.012970; 0.000020; -0.000000; -0.000109 \
#; 0.000034; 0.000000; 0.000331; -0.004027; 0.000000; -0.039310 \
#; 0.001484; 0.000000; 0.014951; -0.003426; -0.000000; -0.034528 \
# ]
#metaData: qpt=[0.000000;0.000000;0.500000;8.701350 \
#; 0.000000; -0.000031; 0.000000; -0.000000; -0.000204; -0.000000 \
#; -0.000000; 0.000182; 0.000000; 0.000000; 0.000088; 0.000000 \
#; 0.000000; 0.000218; -0.000000; -0.000000; 0.000195; -0.000000 \
#; 0.000000; -0.000131; 0.000000; -0.000000; -0.000258; 0.000000 \
#; -0.007387; -0.001105; 0.004551; 0.005699; 0.000853; -0.003511 \
#; 0.007387; -0.001105; -0.004551; -0.005699; 0.000853; 0.003511 \
#; -0.004716; -0.000706; -0.002906; 0.003428; 0.000513; 0.002112 \
#; 0.004716; -0.000706; 0.002906; -0.003428; 0.000513; -0.002112 \
#; 0.041254; 0.001763; -0.051954; -0.001774; 0.001145; 0.004331 \
#; -0.041254; 0.001763; 0.051954; 0.001774; 0.001145; -0.004331 \
#; 0.012184; -0.000661; -0.017373; -0.038760; -0.002034; 0.048165 \
#; -0.012184; -0.000661; 0.017373; 0.038760; -0.002034; -0.048165 \
#; 0.028377; 0.000940; 0.036206; -0.011951; 0.001379; -0.018297 \
#; -0.028377; 0.000940; -0.036206; 0.011951; 0.001379; 0.018297 \
#; 0.020156; -0.001024; 0.028622; -0.024414; -0.001259; -0.030375 \
#; -0.020156; -0.001024; -0.028622; 0.024414; -0.001259; 0.030375 \
#; 0.000000; 0.008172; 0.000000; 0.000000; 0.015227; -0.000000 \
#; 0.000000; -0.012010; -0.000000; 0.000000; -0.012514; 0.000000 \
#; -0.000000; -0.020434; 0.000000; -0.000000; -0.018606; -0.000000 \
#; -0.000000; 0.012829; -0.000000; -0.000000; 0.024523; -0.000000 \
# ]
#metaData: qpt=[0.000000;0.000000;0.500000;8.701350 \
#; -0.000000; -0.000265; 0.000000; 0.000000; 0.000115; 0.000000 \
#; 0.000000; 0.000291; 0.000000; 0.000000; 0.000029; 0.000000 \
#; 0.000000; -0.000188; 0.000000; -0.000000; -0.000074; -0.000000 \
#; -0.000000; 0.000154; -0.000000; -0.000000; -0.000138; 0.000000 \
#; -0.001061; -0.000159; 0.000654; -0.005733; -0.000858; 0.003532 \
#; 0.001061; -0.000159; -0.000654; 0.005733; -0.000858; -0.003532 \
#; 0.001436; 0.000215; 0.000884; 0.009219; 0.001379; 0.005680 \
#; -0.001436; 0.000215; -0.000884; -0.009219; 0.001379; -0.005680 \
#; -0.030403; -0.000068; 0.040404; 0.004871; 0.001668; -0.003628 \
#; 0.030403; -0.000068; -0.040404; -0.004871; 0.001668; 0.003628 \
#; 0.031118; 0.000607; -0.040432; -0.005826; 0.001505; 0.010351 \
#; -0.031118; 0.000607; 0.040432; 0.005826; 0.001505; -0.010351 \
#; 0.035946; 0.000890; 0.046379; -0.020319; -0.001905; -0.023810 \
#; -0.035946; 0.000890; -0.046379; 0.020319; -0.001905; 0.023810 \
#; -0.039816; -0.001460; -0.050558; -0.008092; -0.001562; -0.008102 \
#; 0.039816; -0.001460; 0.050558; 0.008092; -0.001562; 0.008102 \
#; 0.000000; 0.027607; 0.000000; -0.000000; 0.001953; 0.000000 \
#; -0.000000; -0.025668; -0.000000; -0.000000; 0.010241; 0.000000 \
#; 0.000000; 0.015641; -0.000000; 0.000000; -0.007497; -0.000000 \
#; 0.000000; -0.017225; 0.000000; 0.000000; -0.001401; 0.000000 \
# ]
#metaData: qpt=[0.000000;0.000000;0.500000;8.771767 \
#; -0.000000; -0.000531; 0.000000; -0.000000; -0.000369; 0.000000 \
#; 0.000000; 0.000671; 0.000000; 0.000000; 0.000351; 0.000000 \
#; 0.000000; -0.000213; 0.000000; 0.000000; -0.000321; 0.000000 \
#; -0.000000; 0.000106; -0.000000; -0.000000; 0.000541; -0.000000 \
#; 0.000197; -0.009485; -0.000932; -0.000071; 0.003443; 0.000338 \
#; -0.000197; -0.009485; 0.000932; 0.000071; 0.003443; -0.000338 \
#; -0.000164; 0.007908; -0.000777; 0.000276; -0.013288; 0.001306 \
#; 0.000164; 0.007908; 0.000777; -0.000276; -0.013288; -0.001306 \
#; -0.000134; -0.009015; 0.000497; -0.004029; -0.017970; 0.008888 \
#; 0.000134; -0.009015; -0.000497; 0.004029; -0.017970; -0.008888 \
#; 0.004146; 0.009786; -0.008938; -0.002017; 0.003419; 0.004152 \
#; -0.004146; 0.009786; 0.008938; 0.002017; 0.003419; -0.004152 \
#; -0.002201; 0.008635; -0.004414; 0.002460; 0.005758; 0.005302 \
#; 0.002201; 0.008635; 0.004414; -0.002460; 0.005758; -0.005302 \
#; -0.002418; -0.013239; -0.005393; -0.000203; -0.015138; -0.000789 \
#; 0.002418; -0.013239; 0.005393; 0.000203; -0.015138; 0.000789 \
#; 0.000000; 0.050526; -0.000000; 0.000000; -0.019181; -0.000000 \
#; 0.000000; 0.067148; -0.000000; 0.000000; -0.027520; 0.000000 \
#; 0.000000; -0.036566; 0.000000; -0.000000; 0.081717; -0.000000 \
#; 0.000000; -0.062649; -0.000000; 0.000000; 0.080220; -0.000000 \
# ]
#metaData: qpt=[0.000000;0.000000;0.500000;8.771767 \
#; -0.000000; -0.000549; 0.000000; -0.000000; -0.000054; -0.000000 \
#; 0.000000; 0.000311; -0.000000; 0.000000; 0.000227; 0.000000 \
#; 0.000000; 0.000321; 0.000000; 0.000000; 0.000686; -0.000000 \
#; 0.000000; -0.000418; 0.000000; 0.000000; -0.000494; 0.000000 \
#; -0.000271; 0.013083; 0.001285; 0.000171; -0.008243; -0.000810 \
#; 0.000271; 0.013083; -0.001285; -0.000171; -0.008243; 0.000810 \
#; -0.000066; 0.003201; -0.000315; 0.000198; -0.009569; 0.000940 \
#; 0.000066; 0.003201; 0.000315; -0.000198; -0.009569; -0.000940 \
#; -0.001586; 0.009716; 0.003097; -0.002895; -0.003650; 0.006164 \
#; 0.001586; 0.009716; -0.003097; 0.002895; -0.003650; -0.006164 \
#; 0.002268; 0.008549; -0.004966; -0.000862; -0.018203; 0.002246 \
#; -0.002268; 0.008549; 0.004966; 0.000862; -0.018203; -0.002246 \
#; 0.001044; 0.012855; 0.002500; -0.003894; -0.015457; -0.008544 \
#; -0.001044; 0.012855; -0.002500; 0.003894; -0.015457; 0.008544 \
#; 0.004542; 0.008464; 0.009737; 0.000795; -0.005986; 0.001525 \
#; -0.004542; 0.008464; -0.009737; -0.000795; -0.005986; -0.001525 \
#; -0.000000; -0.097587; 0.000000; 0.000000; 0.028930; -0.000000 \
#; 0.000000; -0.059331; -0.000000; 0.000000; 0.067042; -0.000000 \
#; 0.000000; 0.002659; 0.000000; -0.000000; 0.072520; -0.000000 \
#; -0.000000; -0.036348; -0.000000; -0.000000; 0.039996; -0.000000 \
# ]
#metaData: qpt=[0.000000;0.000000;0.500000;8.882876 \
#; -0.000000; -0.000125; 0.000000; -0.000000; -0.000152; 0.000000 \
#; 0.000000; 0.000230; 0.000000; -0.000000; -0.000088; -0.000000 \
#; 0.000000; 0.000200; 0.000000; -0.000000; -0.000040; -0.000000 \
#; -0.000000; -0.000163; -0.000000; -0.000000; -0.000192; 0.000000 \
#; 0.001265; 0.000371; 0.002327; -0.002972; -0.000872; -0.005468 \
#; -0.001265; 0.000371; -0.002327; 0.002972; -0.000872; 0.005468 \
#; 0.000504; 0.000148; -0.000927; -0.002891; -0.000848; 0.005319 \
#; -0.000504; 0.000148; 0.000927; 0.002891; -0.000848; -0.005319 \
#; 0.027692; 0.000363; -0.017362; 0.023732; -0.003818; -0.024421 \
#; -0.027692; 0.000363; 0.017362; -0.023732; -0.003818; 0.024421 \
#; -0.029455; 0.001676; 0.023234; 0.008738; -0.004379; -0.015863 \
#; 0.029455; 0.001676; -0.023234; -0.008738; -0.004379; 0.015863 \
#; 0.019643; 0.000705; 0.011282; 0.026933; -0.004854; 0.028921 \
#; -0.019643; 0.000705; -0.011282; -0.026933; -0.004854; -0.028921 \
#; -0.037999; 0.002229; -0.030127; 0.007305; -0.003437; 0.012746 \
#; 0.037999; 0.002229; 0.030127; -0.007305; -0.003437; -0.012746 \
#; 0.000000; 0.040072; 0.000000; -0.000000; 0.032636; 0.000000 \
#; -0.000000; -0.056141; 0.000000; 0.000000; 0.017362; -0.000000 \
#; -0.000000; -0.056633; -0.000000; -0.000000; 0.003052; -0.000000 \
#; -0.000000; 0.042608; -0.000000; 0.000000; 0.046729; -0.000000 \
# ]
#metaData: qpt=[0.000000;0.000000;0.500000;8.882876 \
#; 0.000000; -0.000027; -0.000000; -0.000000; -0.000251; 0.000000 \
#; 0.000000; -0.000182; 0.000000; -0.000000; 0.000093; -0.000000 \
#; 0.000000; 0.000235; 0.000000; -0.000000; -0.000073; -0.000000 \
#; 0.000000; 0.000024; 0.000000; -0.000000; 0.000195; 0.000000 \
#; -0.002319; -0.000680; -0.004267; -0.001798; -0.000527; -0.003309 \
#; 0.002319; -0.000680; 0.004267; 0.001798; -0.000527; 0.003309 \
#; 0.002936; 0.000861; -0.005402; 0.001346; 0.000395; -0.002477 \
#; -0.002936; 0.000861; 0.005402; -0.001346; 0.000395; 0.002477 \
#; -0.032982; 0.003967; 0.030847; -0.004837; -0.002885; -0.003487 \
#; 0.032982; 0.003967; -0.030847; 0.004837; -0.002885; 0.003487 \
#; -0.027835; -0.000011; 0.018269; -0.026880; 0.004097; 0.027135 \
#; 0.027835; -0.000011; -0.018269; 0.026880; 0.004097; -0.027135 \
#; 0.033899; -0.003209; 0.029697; 0.013451; 0.002100; 0.003989 \
#; -0.033899; -0.003209; -0.029697; -0.013451; 0.002100; -0.003989 \
#; 0.019897; 0.000989; 0.010793; 0.023411; -0.004583; 0.025980 \
#; -0.019897; 0.000989; -0.010793; -0.023411; -0.004583; -0.025980 \
#; 0.000000; -0.024676; -0.000000; 0.000000; 0.058224; -0.000000 \
#; 0.000000; 0.026480; 0.000000; -0.000000; -0.050155; -0.000000 \
#; 0.000000; -0.039270; -0.000000; -0.000000; 0.043717; 0.000000 \
#; 0.000000; 0.026963; -0.000000; -0.000000; -0.044090; 0.000000 \
# ]
#metaData: qpt=[0.000000;0.000000;0.500000;9.012055 \
#; -0.000000; 0.000000; 0.000191; 0.000000; -0.000000; 0.000194 \
#; 0.000026; -0.000000; 0.000011; 0.000030; 0.000000; 0.000013 \
#; -0.000000; -0.000000; -0.000207; 0.000000; 0.000000; 0.000177 \
#; 0.000028; -0.000000; -0.000010; -0.000028; -0.000000; 0.000010 \
#; 0.006663; -0.000004; -0.001899; 0.007248; -0.000004; -0.002066 \
#; 0.006663; 0.000004; -0.001899; 0.007248; 0.000004; -0.002066 \
#; 0.007166; -0.000004; 0.002043; -0.006588; 0.000004; -0.001878 \
#; 0.007166; 0.000004; 0.002043; -0.006588; -0.000004; -0.001878 \
#; -0.000374; 0.000678; -0.000600; 0.002193; -0.003973; 0.003513 \
#; -0.000374; -0.000678; -0.000600; 0.002193; 0.003973; 0.003513 \
#; -0.051853; 0.000852; 0.067040; 0.004420; -0.000073; -0.005715 \
#; -0.051853; -0.000852; 0.067040; 0.004420; 0.000073; -0.005715 \
#; -0.051327; 0.000887; -0.066288; -0.008763; 0.000151; -0.011317 \
#; -0.051327; -0.000887; -0.066288; -0.008763; -0.000151; -0.011317 \
#; -0.000239; 0.000343; 0.000238; -0.002802; 0.004026; 0.002794 \
#; -0.000239; -0.000343; 0.000238; -0.002802; -0.004026; 0.002794 \
#; 0.009483; 0.000000; -0.002809; 0.015704; -0.000000; -0.004652 \
#; 0.008364; -0.000000; -0.000855; 0.006064; 0.000000; -0.000620 \
#; 0.010700; 0.000000; 0.003183; -0.014758; -0.000000; -0.004390 \
#; 0.008666; 0.000000; 0.000852; -0.005233; -0.000000; -0.000514 \
# ]
#metaData: qpt=[0.000000;0.000000;0.500000;9.012055 \
#; 0.000039; 0.000000; 0.000014; -0.000000; 0.000000; -0.000000 \
#; -0.000000; 0.000000; 0.000272; -0.000000; 0.000000; 0.000019 \
#; -0.000003; -0.000000; 0.000001; 0.000039; -0.000000; -0.000017 \
#; -0.000000; 0.000000; -0.000000; 0.000000; -0.000000; -0.000272 \
#; 0.009728; -0.000005; -0.002773; 0.000341; -0.000000; -0.000097 \
#; 0.009728; 0.000005; -0.002773; 0.000341; 0.000000; -0.000097 \
#; -0.000345; 0.000000; -0.000098; 0.009839; -0.000005; 0.002805 \
#; -0.000345; -0.000000; -0.000098; 0.009839; 0.000005; 0.002805 \
#; -0.030392; 0.000525; 0.039251; -0.042279; 0.000731; 0.054603 \
#; -0.030392; -0.000525; 0.039251; -0.042279; -0.000731; 0.054603 \
#; 0.001798; -0.002582; 0.001792; -0.002163; 0.003107; -0.002156 \
#; 0.001798; 0.002582; 0.001792; -0.002163; -0.003107; -0.002156 \
#; -0.001806; 0.003273; 0.002894; 0.001298; -0.002352; -0.002080 \
#; -0.001806; -0.003273; 0.002894; 0.001298; 0.002352; -0.002080 \
#; -0.040023; 0.000657; -0.051745; -0.033263; 0.000546; -0.043004 \
#; -0.040023; -0.000657; -0.051745; -0.033263; -0.000546; -0.043004 \
#; 0.009845; 0.000000; -0.000968; 0.002359; 0.000000; -0.000232 \
#; 0.017982; -0.000000; -0.005349; -0.002995; -0.000000; 0.000891 \
#; 0.001697; 0.000000; 0.000174; 0.010190; -0.000000; 0.001042 \
#; -0.004275; -0.000000; -0.001266; 0.017840; 0.000000; 0.005285 \
# ]
#metaData: qpt=[0.000000;0.000000;0.500000;11.870707 \
#; -0.000000; 0.000000; 0.002996; 0.000000; 0.000000; 0.001671 \
#; -0.000382; -0.000000; 0.002691; -0.000250; -0.000000; 0.001759 \
#; 0.000041; -0.000000; -0.001615; -0.000062; -0.000000; 0.002471 \
#; -0.000225; -0.000000; -0.001314; 0.000404; 0.000000; 0.002356 \
#; 0.001434; -0.001861; 0.015562; 0.000867; -0.001125; 0.009410 \
#; 0.001434; 0.001861; 0.015562; 0.000867; 0.001125; 0.009410 \
#; 0.000737; -0.000957; -0.008000; -0.001220; 0.001582; 0.013231 \
#; 0.000737; 0.000957; -0.008000; -0.001220; -0.001582; 0.013231 \
#; 0.006611; -0.000070; -0.006731; 0.057486; -0.000612; -0.058529 \
#; 0.006611; 0.000070; -0.006731; 0.057486; 0.000612; -0.058529 \
#; 0.005599; -0.001412; -0.002129; -0.002163; 0.000545; 0.000822 \
#; 0.005599; 0.001412; -0.002129; -0.002163; -0.000545; 0.000822 \
#; -0.003326; -0.001424; -0.007240; 0.000383; 0.000164; 0.000833 \
#; -0.003326; 0.001424; -0.007240; 0.000383; -0.000164; 0.000833 \
#; -0.020774; 0.000136; -0.021375; -0.053777; 0.000352; -0.055335 \
#; -0.020774; -0.000136; -0.021375; -0.053777; -0.000352; -0.055335 \
#; 0.000600; -0.000000; -0.004245; 0.000553; -0.000000; -0.003907 \
#; 0.002181; 0.000000; 0.005287; 0.000781; 0.000000; 0.001892 \
#; 0.000151; -0.000000; 0.002278; -0.000423; 0.000000; -0.006365 \
#; 0.001500; 0.000000; -0.004489; -0.001629; -0.000000; 0.004878 \
# ]
#metaData: qpt=[0.000000;0.000000;0.500000;11.870707 \
#; 0.000463; -0.000000; -0.002698; 0.000000; -0.000000; 0.000000 \
#; -0.000074; 0.000000; -0.002945; -0.000005; -0.000000; -0.000207 \
#; -0.000032; -0.000000; -0.000225; 0.000456; -0.000000; 0.003207 \
#; -0.000000; 0.000000; -0.000000; 0.000000; 0.000000; 0.003431 \
#; -0.001424; 0.001848; -0.015452; -0.000050; 0.000065; -0.000542 \
#; -0.001424; -0.001848; -0.015452; -0.000050; -0.000065; -0.000542 \
#; 0.000059; -0.000076; -0.000638; -0.001675; 0.002173; 0.018174 \
#; 0.000059; 0.000076; -0.000638; -0.001675; -0.002173; 0.018174 \
#; 0.001954; 0.000836; -0.004254; 0.002719; 0.001164; -0.005918 \
#; 0.001954; -0.000836; -0.004254; 0.002719; -0.001164; -0.005918 \
#; -0.036848; 0.000241; 0.037915; 0.044337; -0.000290; -0.045622 \
#; -0.036848; -0.000241; 0.037915; 0.044337; 0.000290; -0.045622 \
#; 0.046985; -0.000500; 0.047838; -0.033775; 0.000360; -0.034388 \
#; 0.046985; 0.000500; 0.047838; -0.033775; -0.000360; -0.034388 \
#; -0.004616; 0.001164; -0.001755; -0.003836; 0.000967; -0.001459 \
#; -0.004616; -0.001164; -0.001755; -0.003836; -0.000967; -0.001459 \
#; -0.002154; 0.000000; -0.006447; -0.000516; -0.000000; -0.001545 \
#; -0.000443; -0.000000; 0.006668; 0.000074; 0.000000; -0.001111 \
#; -0.000381; 0.000000; 0.000923; -0.002285; 0.000000; 0.005539 \
#; 0.000190; -0.000000; 0.001344; -0.000794; -0.000000; -0.005610 \
# ]
#metaData: qpt=[0.000000;0.000000;0.500000;12.257913 \
#; -0.000000; -0.001079; 0.000000; -0.000000; -0.000584; 0.000000 \
#; -0.000000; 0.001654; 0.000000; 0.000000; 0.000424; 0.000000 \
#; -0.000000; -0.000819; -0.000000; 0.000000; -0.001720; -0.000000 \
#; 0.000000; 0.000795; -0.000000; -0.000000; 0.002099; -0.000000 \
#; 0.001263; -0.002158; 0.011163; -0.000530; 0.000905; -0.004681 \
#; -0.001263; -0.002158; -0.011163; 0.000530; 0.000905; 0.004681 \
#; -0.000327; 0.000558; 0.002887; 0.000902; -0.001542; -0.007976 \
#; 0.000327; 0.000558; -0.002887; -0.000902; -0.001542; 0.007976 \
#; 0.017588; -0.002776; -0.013549; -0.002984; -0.002833; 0.005944 \
#; -0.017588; -0.002776; 0.013549; 0.002984; -0.002833; -0.005944 \
#; 0.020776; 0.000690; -0.020385; -0.034083; 0.001665; 0.030355 \
#; -0.020776; 0.000690; 0.020385; 0.034083; 0.001665; -0.030355 \
#; -0.029084; 0.000610; -0.026797; 0.026236; 0.001448; 0.026377 \
#; 0.029084; 0.000610; 0.026797; -0.026236; 0.001448; -0.026377 \
#; -0.013143; -0.003215; -0.015962; 0.009293; -0.002148; 0.006408 \
#; 0.013143; -0.003215; 0.015962; -0.009293; -0.002148; -0.006408 \
#; -0.000000; 0.044950; -0.000000; -0.000000; 0.026282; -0.000000 \
#; -0.000000; -0.049306; -0.000000; 0.000000; -0.008277; 0.000000 \
#; 0.000000; 0.040796; 0.000000; 0.000000; 0.061190; -0.000000 \
#; -0.000000; -0.014760; -0.000000; -0.000000; -0.070562; 0.000000 \
# ]
#metaData: qpt=[0.000000;0.000000;0.500000;12.257913 \
#; 0.000000; 0.001591; -0.000000; 0.000000; 0.001583; -0.000000 \
#; 0.000000; -0.001020; -0.000000; 0.000000; -0.001609; -0.000000 \
#; 0.000000; 0.000522; 0.000000; -0.000000; -0.001626; -0.000000 \
#; -0.000000; 0.000092; 0.000000; -0.000000; 0.001224; -0.000000 \
#; 0.000950; -0.001623; 0.008395; 0.000137; -0.000235; 0.001215 \
#; -0.000950; -0.001623; -0.008395; -0.000137; -0.000235; -0.001215 \
#; 0.001063; -0.001815; -0.009392; -0.000864; 0.001476; 0.007637 \
#; -0.001063; -0.001815; 0.009392; 0.000864; 0.001476; -0.007637 \
#; 0.003584; -0.001430; -0.001808; 0.039004; 0.000650; -0.037558 \
#; -0.003584; -0.001430; 0.001808; -0.039004; 0.000650; 0.037558 \
#; -0.010594; -0.003629; 0.014012; -0.012119; 0.001333; 0.009975 \
#; 0.010594; -0.003629; -0.014012; 0.012119; 0.001333; -0.009975 \
#; 0.010903; -0.003961; 0.005927; 0.014120; 0.000200; 0.013557 \
#; -0.010903; -0.003961; -0.005927; -0.014120; 0.000200; -0.013557 \
#; -0.012195; -0.001061; -0.012690; -0.038008; 0.001457; -0.034291 \
#; 0.012195; -0.001061; 0.012690; 0.038008; 0.001457; 0.034291 \
#; -0.000000; -0.032861; 0.000000; -0.000000; -0.064164; 0.000000 \
#; -0.000000; 0.057237; -0.000000; 0.000000; 0.046179; -0.000000 \
#; -0.000000; 0.003769; -0.000000; -0.000000; 0.049853; 0.000000 \
#; -0.000000; 0.018450; 0.000000; 0.000000; -0.048691; -0.000000 \
# ]
