# Phonopy generated file for v_sim 3.6
    7.072995341    0.000000000    9.927137045
    0.000000000    0.000000000    6.949939268
    0.357787556    7.445352784    0.077590239 Ba
    6.715207785    2.481784261    6.872349030 Ba
    3.894285226    7.445352784    3.397379395 Ba
    3.178710115    2.481784261    3.552559873 Ba
    3.536497671    0.000000000    0.000000000 Zr
    3.536497671    4.963568522    0.000000000 Zr
    0.000000000    0.000000000    3.474969634 Zr
    0.000000000    4.963568522    3.474969634 Zr
    5.020419444    0.332251574    4.931354939  S
    5.020419444    4.631316948    4.931354939  S
    2.052575897    9.594885471    2.018584329  S
    2.052575897    5.295820097    2.018584329  S
    5.589073568    9.594885471    1.456385305  S
    5.589073568    5.295820097    1.456385305  S
    1.483921774    0.332251574    5.493553963  S
    1.483921774    4.631316948    5.493553963  S
    3.498016858    7.445352784    6.507252803  S
    3.574978484    2.481784261    0.442686465  S
    7.034514528    7.445352784    3.917656100  S
    0.038480813    2.481784261    3.032283169  S
#metaData: qpt=[0.500000;0.000000;0.000000;1.427885 \
#; -0.000000; -0.041360; 0.000000; 0.000000; 0.003850; 0.000000 \
#; -0.000000; -0.036884; -0.000000; -0.000000; 0.005902; -0.000000 \
#; 0.000000; -0.018785; 0.000000; -0.000000; -0.009648; -0.000000 \
#; 0.000000; -0.016461; 0.000000; -0.000000; 0.022477; -0.000000 \
#; -0.002262; -0.013417; -0.000438; 0.000936; 0.005553; 0.000181 \
#; 0.002262; -0.013417; 0.000438; -0.000936; 0.005553; -0.000181 \
#; -0.005857; -0.034734; 0.001133; 0.000679; 0.004028; -0.000131 \
#; 0.005857; -0.034734; -0.001133; -0.000679; 0.004028; 0.000131 \
#; -0.005232; -0.006624; -0.005424; -0.007579; 0.004192; -0.010602 \
#; 0.005232; -0.006624; 0.005424; 0.007579; 0.004192; 0.010602 \
#; -0.002900; -0.009663; -0.001814; 0.007816; 0.001165; 0.009840 \
#; 0.002900; -0.009663; 0.001814; -0.007816; 0.001165; -0.009840 \
#; 0.002400; -0.016844; -0.006445; 0.005480; -0.008400; -0.008734 \
#; -0.002400; -0.016844; 0.006445; -0.005480; -0.008400; 0.008734 \
#; -0.000319; -0.015094; -0.002593; -0.004513; 0.012637; 0.008331 \
#; 0.000319; -0.015094; 0.002593; 0.004513; 0.012637; -0.008331 \
#; -0.000000; -0.008200; 0.000000; 0.000000; 0.004846; -0.000000 \
#; -0.000000; -0.008442; 0.000000; -0.000000; 0.002027; -0.000000 \
#; -0.000000; -0.021278; 0.000000; -0.000000; 0.002726; 0.000000 \
#; 0.000000; -0.021689; -0.000000; 0.000000; 0.002262; -0.000000 \
# ]
#metaData: qpt=[0.500000;0.000000;0.000000;1.427885 \
#; 0.000000; 0.002011; -0.000000; -0.000000; -0.021021; 0.000000 \
#; -0.000000; 0.023404; -0.000000; -0.000000; 0.015113; 0.000000 \
#; 0.000000; -0.025555; 0.000000; 0.000000; 0.032748; 0.000000 \
#; 0.000000; -0.036558; -0.000000; 0.000000; 0.007664; 0.000000 \
#; -0.004971; -0.029482; -0.000962; 0.003170; 0.018801; 0.000613 \
#; 0.004971; -0.029482; 0.000962; -0.003170; 0.018801; -0.000613 \
#; 0.002346; 0.013912; -0.000454; -0.000702; -0.004162; 0.000136 \
#; -0.002346; 0.013912; 0.000454; 0.000702; -0.004162; -0.000136 \
#; 0.004234; -0.005184; 0.006488; -0.001594; 0.018991; -0.005833 \
#; -0.004234; -0.005184; -0.006488; 0.001594; 0.018991; 0.005833 \
#; 0.005183; -0.018543; 0.010370; -0.002988; -0.003231; -0.003207 \
#; -0.005183; -0.018543; -0.010370; 0.002988; -0.003231; 0.003207 \
#; -0.002302; 0.007088; 0.004378; 0.008012; 0.006671; -0.008998 \
#; 0.002302; 0.007088; -0.004378; -0.008012; 0.006671; 0.008998 \
#; -0.009071; 0.001045; 0.011898; -0.001591; -0.007770; 0.000504 \
#; 0.009071; 0.001045; -0.011898; 0.001591; -0.007770; -0.000504 \
#; -0.000000; -0.018600; 0.000000; -0.000000; 0.010687; 0.000000 \
#; 0.000000; -0.017831; 0.000000; -0.000000; 0.012553; 0.000000 \
#; 0.000000; 0.009462; -0.000000; -0.000000; -0.001095; 0.000000 \
#; -0.000000; 0.007694; 0.000000; 0.000000; -0.004023; 0.000000 \
# ]
#metaData: qpt=[0.500000;0.000000;0.000000;1.470453 \
#; -0.000000; 0.000000; -0.000465; -0.000000; -0.000000; -0.000603 \
#; 0.003118; 0.000000; -0.002291; 0.008842; -0.000000; -0.006496 \
#; 0.028599; 0.000000; 0.023254; -0.022054; 0.000000; -0.017932 \
#; 0.032891; 0.000000; 0.026930; -0.011600; -0.000000; -0.009497 \
#; -0.008907; -0.004821; 0.016436; 0.004843; 0.002621; -0.008936 \
#; -0.008907; 0.004821; 0.016436; 0.004843; -0.002621; -0.008936 \
#; -0.000640; -0.000346; -0.001180; -0.001176; -0.000637; -0.002171 \
#; -0.000640; 0.000346; -0.001180; -0.001176; 0.000637; -0.002171 \
#; 0.003557; -0.008776; 0.008843; -0.008100; 0.019987; -0.020141 \
#; 0.003557; 0.008776; 0.008843; -0.008100; -0.019987; -0.020141 \
#; 0.007755; -0.024609; 0.019234; 0.001261; -0.004000; 0.003127 \
#; 0.007755; 0.024609; 0.019234; 0.001261; 0.004000; 0.003127 \
#; -0.000778; -0.001390; 0.001964; 0.004786; 0.008548; -0.012084 \
#; -0.000778; 0.001390; 0.001964; 0.004786; -0.008548; -0.012084 \
#; -0.002420; -0.013584; 0.006193; -0.001063; -0.005964; 0.002719 \
#; -0.002420; 0.013584; 0.006193; -0.001063; 0.005964; 0.002719 \
#; -0.000975; 0.000000; 0.010785; 0.000509; -0.000000; -0.005627 \
#; -0.011350; 0.000000; 0.009398; 0.006424; -0.000000; -0.005319 \
#; -0.021345; 0.000000; 0.001690; -0.040913; -0.000000; 0.003238 \
#; 0.021811; 0.000000; -0.003293; 0.038534; -0.000000; -0.005818 \
# ]
#metaData: qpt=[0.500000;0.000000;0.000000;1.470453 \
#; -0.036115; 0.000000; 0.029365; -0.000000; -0.000000; 0.000000 \
#; -0.033130; 0.000000; 0.027125; -0.010899; -0.000000; 0.008924 \
#; 0.000000; 0.000000; -0.000000; 0.000000; 0.000000; -0.000761 \
#; 0.002930; 0.000000; 0.002153; -0.008906; -0.000000; -0.006543 \
#; -0.000212; -0.000115; 0.000391; 0.001322; 0.000716; -0.002440 \
#; -0.000212; 0.000115; 0.000391; 0.001322; -0.000716; -0.002440 \
#; 0.010011; 0.005419; 0.018472; 0.001604; 0.000868; 0.002961 \
#; 0.010011; -0.005419; 0.018472; 0.001604; -0.000868; 0.002961 \
#; 0.001268; 0.007115; 0.003244; 0.002319; 0.013018; 0.005935 \
#; 0.001268; -0.007115; 0.003244; 0.002319; -0.013018; 0.005935 \
#; 0.003539; 0.006320; 0.008934; -0.003315; -0.005921; -0.008370 \
#; 0.003539; -0.006320; 0.008934; -0.003315; 0.005921; -0.008370 \
#; -0.005372; 0.017045; 0.013322; -0.005734; 0.018195; 0.014221 \
#; -0.005372; -0.017045; 0.013322; -0.005734; -0.018195; 0.014221 \
#; -0.007763; 0.019154; 0.019302; 0.004243; -0.010469; -0.010550 \
#; -0.007763; -0.019154; 0.019302; 0.004243; 0.010469; -0.010550 \
#; -0.008080; 0.000000; -0.000640; 0.045433; -0.000000; 0.003596 \
#; 0.006259; 0.000000; 0.000945; -0.043834; -0.000000; -0.006618 \
#; 0.001083; 0.000000; 0.011976; 0.000193; -0.000000; 0.002130 \
#; 0.012911; 0.000000; 0.010690; 0.001843; -0.000000; 0.001526 \
# ]
#metaData: qpt=[0.500000;0.000000;0.000000;1.648748 \
#; -0.000000; -0.000000; 0.009405; -0.000000; 0.000000; -0.008354 \
#; 0.011286; -0.000000; 0.016591; -0.004885; -0.000000; -0.007181 \
#; -0.032630; -0.000000; 0.015654; -0.036733; 0.000000; 0.017622 \
#; 0.018895; -0.000000; -0.007814; 0.043655; 0.000000; -0.018053 \
#; 0.000521; 0.000656; 0.000273; 0.000817; 0.001029; 0.000428 \
#; 0.000521; -0.000656; 0.000273; 0.000817; -0.001029; 0.000428 \
#; -0.006422; -0.008089; 0.003369; 0.004093; 0.005155; -0.002147 \
#; -0.006422; 0.008089; 0.003369; 0.004093; -0.005155; -0.002147 \
#; 0.002502; -0.006678; 0.008490; 0.000897; -0.002394; 0.003044 \
#; 0.002502; 0.006678; 0.008490; 0.000897; 0.002394; 0.003044 \
#; 0.000101; -0.000734; 0.000656; -0.001099; 0.007982; -0.007130 \
#; 0.000101; 0.000734; 0.000656; -0.001099; -0.007982; -0.007130 \
#; -0.006325; -0.002653; 0.008301; -0.000582; -0.000244; 0.000763 \
#; -0.006325; 0.002653; 0.008301; -0.000582; 0.000244; 0.000763 \
#; -0.001982; -0.001548; 0.002119; 0.005529; 0.004317; -0.005910 \
#; -0.001982; 0.001548; 0.002119; 0.005529; -0.004317; -0.005910 \
#; -0.001880; -0.000000; 0.005676; -0.003064; 0.000000; 0.009252 \
#; 0.006223; -0.000000; -0.004109; 0.009406; 0.000000; -0.006210 \
#; -0.026552; -0.000000; 0.010427; 0.016290; -0.000000; -0.006397 \
#; -0.024402; -0.000000; 0.012143; 0.016144; -0.000000; -0.008034 \
# ]
#metaData: qpt=[0.500000;0.000000;0.000000;1.648748 \
#; 0.049133; 0.000000; 0.023570; 0.000000; -0.000000; 0.000000 \
#; -0.045186; 0.000000; -0.018686; -0.014866; -0.000000; -0.006148 \
#; 0.000000; 0.000000; -0.000000; -0.000000; 0.000000; -0.012579 \
#; -0.003843; 0.000000; 0.005650; 0.011682; -0.000000; -0.017173 \
#; 0.001205; 0.001518; 0.000632; -0.007519; -0.009471; -0.003945 \
#; 0.001205; -0.001518; 0.000632; -0.007519; 0.009471; -0.003945 \
#; -0.000956; -0.001205; 0.000502; -0.000153; -0.000193; 0.000080 \
#; -0.000956; 0.001205; 0.000502; -0.000153; 0.000193; 0.000080 \
#; -0.002817; -0.002199; -0.003011; -0.005154; -0.004024; -0.005509 \
#; -0.002817; 0.002199; -0.003011; -0.005154; 0.004024; -0.005509 \
#; 0.004636; 0.001944; 0.006083; -0.004343; -0.001821; -0.005699 \
#; 0.004636; -0.001944; 0.006083; -0.004343; 0.001821; -0.005699 \
#; 0.000754; -0.005480; -0.004895; 0.000805; -0.005850; -0.005226 \
#; 0.000754; 0.005480; -0.004895; 0.000805; 0.005850; -0.005226 \
#; -0.002333; 0.006225; 0.007914; 0.001275; -0.003402; -0.004325 \
#; -0.002333; -0.006225; 0.007914; 0.001275; 0.003402; -0.004325 \
#; 0.005455; 0.000000; 0.002142; -0.030669; -0.000000; -0.012044 \
#; 0.004136; 0.000000; 0.002058; -0.028965; -0.000000; -0.014414 \
#; 0.003540; 0.000000; 0.010686; 0.000630; -0.000000; 0.001901 \
#; -0.011165; 0.000000; -0.007372; -0.001594; -0.000000; -0.001053 \
# ]
#metaData: qpt=[0.500000;0.000000;0.000000;1.729186 \
#; -0.039505; 0.000000; -0.038527; 0.000000; -0.000000; 0.000000 \
#; -0.024165; 0.000000; -0.033220; -0.007950; 0.000000; -0.010929 \
#; 0.000000; 0.000000; -0.000000; -0.000000; 0.000000; -0.013282 \
#; -0.009445; 0.000000; 0.006538; 0.028710; -0.000000; -0.019874 \
#; 0.000236; 0.000040; 0.000850; -0.001470; -0.000252; -0.005301 \
#; 0.000236; -0.000040; 0.000850; -0.001470; 0.000252; -0.005301 \
#; 0.003158; 0.000541; -0.011390; 0.000506; 0.000087; -0.001825 \
#; 0.003158; -0.000541; -0.011390; 0.000506; -0.000087; -0.001825 \
#; 0.000737; -0.003990; -0.002328; 0.001349; -0.007300; -0.004259 \
#; 0.000737; 0.003990; -0.002328; 0.001349; 0.007300; -0.004259 \
#; -0.000951; -0.002122; -0.000685; 0.000891; 0.001988; 0.000642 \
#; -0.000951; 0.002122; -0.000685; 0.000891; -0.001988; 0.000642 \
#; -0.002124; 0.005761; -0.003797; -0.002268; 0.006150; -0.004053 \
#; -0.002124; -0.005761; -0.003797; -0.002268; -0.006150; -0.004053 \
#; -0.002631; 0.002809; -0.002508; 0.001438; -0.001535; 0.001371 \
#; -0.002631; -0.002809; -0.002508; 0.001438; 0.001535; 0.001371 \
#; -0.003837; 0.000000; 0.000822; 0.021573; -0.000000; -0.004623 \
#; 0.001445; 0.000000; 0.002056; -0.010119; -0.000000; -0.014397 \
#; -0.005003; 0.000000; -0.022606; -0.000890; -0.000000; -0.004021 \
#; -0.019835; 0.000000; -0.018194; -0.002832; -0.000000; -0.002598 \
# ]
#metaData: qpt=[0.500000;0.000000;0.000000;1.729186 \
#; -0.000000; -0.000000; -0.010575; 0.000000; -0.000000; 0.008037 \
#; -0.028573; 0.000000; -0.019779; 0.009853; 0.000000; 0.006820 \
#; -0.023904; 0.000000; 0.023313; -0.031452; -0.000000; 0.030673 \
#; -0.008293; -0.000000; 0.011400; -0.024049; 0.000000; 0.033061 \
#; 0.001508; 0.000258; 0.005439; 0.002821; 0.000483; 0.010173 \
#; 0.001508; -0.000258; 0.005439; 0.002821; -0.000483; 0.010173 \
#; 0.001313; 0.000225; -0.004734; -0.000702; -0.000120; 0.002531 \
#; 0.001313; -0.000225; -0.004734; -0.000702; 0.000120; 0.002531 \
#; -0.002737; 0.002922; 0.002609; -0.001225; 0.001308; 0.001167 \
#; -0.002737; -0.002922; 0.002609; -0.001225; -0.001308; 0.001167 \
#; 0.000520; -0.001410; -0.000929; -0.003063; 0.008308; 0.005475 \
#; 0.000520; 0.001410; -0.000929; -0.003063; -0.008308; 0.005475 \
#; -0.001285; -0.002867; 0.000925; -0.000218; -0.000487; 0.000157 \
#; -0.001285; 0.002867; 0.000925; -0.000218; 0.000487; 0.000157 \
#; -0.000628; 0.003398; -0.001982; 0.001403; -0.007594; 0.004430 \
#; -0.000628; -0.003398; -0.001982; 0.001403; 0.007594; 0.004430 \
#; -0.002319; 0.000000; 0.010478; -0.004522; -0.000000; 0.020431 \
#; -0.009747; 0.000000; 0.008941; -0.017506; -0.000000; 0.016057 \
#; -0.019497; -0.000000; -0.004178; 0.009999; 0.000000; 0.002143 \
#; 0.008931; -0.000000; -0.012706; -0.004973; 0.000000; 0.007075 \
# ]
#metaData: qpt=[0.500000;0.000000;0.000000;1.879068 \
#; -0.000000; -0.029258; -0.000000; 0.000000; 0.005509; -0.000000 \
#; 0.000000; 0.026664; -0.000000; 0.000000; 0.003500; 0.000000 \
#; 0.000000; 0.005446; 0.000000; 0.000000; 0.030904; -0.000000 \
#; -0.000000; 0.004812; -0.000000; -0.000000; -0.033537; -0.000000 \
#; 0.000411; -0.000693; -0.000106; 0.014791; -0.024939; -0.003810 \
#; -0.000411; -0.000693; 0.000106; -0.014791; -0.024939; 0.003810 \
#; 0.017039; -0.028730; 0.004389; -0.000272; 0.000459; -0.000070 \
#; -0.017039; -0.028730; -0.004389; 0.000272; 0.000459; 0.000070 \
#; 0.006440; -0.004741; 0.001022; 0.008095; -0.005904; 0.001437 \
#; -0.006440; -0.004741; -0.001022; -0.008095; -0.005904; -0.001437 \
#; 0.009331; -0.003463; 0.011136; -0.012502; 0.004603; -0.015026 \
#; -0.009331; -0.003463; -0.011136; 0.012502; 0.004603; 0.015026 \
#; 0.006670; -0.005507; 0.000637; 0.004833; -0.004042; 0.000608 \
#; -0.006670; -0.005507; -0.000637; -0.004833; -0.004042; -0.000608 \
#; -0.011072; 0.003661; 0.014486; 0.009034; -0.003018; -0.011731 \
#; 0.011072; 0.003661; -0.014486; -0.009034; -0.003018; 0.011731 \
#; 0.000000; -0.000146; 0.000000; 0.000000; -0.013419; 0.000000 \
#; -0.000000; -0.000618; -0.000000; 0.000000; -0.013820; -0.000000 \
#; 0.000000; -0.015874; -0.000000; 0.000000; -0.000016; -0.000000 \
#; 0.000000; -0.015506; -0.000000; -0.000000; 0.000511; 0.000000 \
# ]
#metaData: qpt=[0.500000;0.000000;0.000000;1.879068 \
#; 0.000000; 0.004911; -0.000000; 0.000000; 0.030994; 0.000000 \
#; -0.000000; 0.005451; -0.000000; -0.000000; -0.033439; -0.000000 \
#; -0.000000; -0.029457; 0.000000; -0.000000; 0.004315; 0.000000 \
#; 0.000000; 0.026488; 0.000000; -0.000000; 0.004645; 0.000000 \
#; 0.017041; -0.028733; -0.004389; 0.000038; -0.000064; -0.000010 \
#; -0.017041; -0.028733; 0.004389; -0.000038; -0.000064; 0.000010 \
#; -0.000208; 0.000350; -0.000053; 0.014795; -0.024946; 0.003811 \
#; 0.000208; 0.000350; 0.000053; -0.014795; -0.024946; -0.003811 \
#; -0.011397; 0.003798; -0.014826; 0.008621; -0.002843; 0.011300 \
#; 0.011397; 0.003798; 0.014826; -0.008621; -0.002843; -0.011300 \
#; 0.006418; -0.005349; -0.000754; 0.005163; -0.004249; -0.000454 \
#; -0.006418; -0.005349; 0.000754; -0.005163; -0.004249; 0.000454 \
#; 0.009606; -0.003529; -0.011566; -0.012292; 0.004552; 0.014698 \
#; -0.009606; -0.003529; 0.011566; 0.012292; 0.004552; -0.014698 \
#; 0.006341; -0.004615; -0.001154; 0.008173; -0.006003; -0.001333 \
#; -0.006341; -0.004615; 0.001154; -0.008173; -0.006003; 0.001333 \
#; 0.000000; -0.015871; 0.000000; -0.000000; -0.000309; 0.000000 \
#; 0.000000; -0.015513; 0.000000; -0.000000; 0.000233; 0.000000 \
#; -0.000000; 0.000420; -0.000000; 0.000000; -0.013414; 0.000000 \
#; 0.000000; -0.000045; -0.000000; 0.000000; -0.013834; -0.000000 \
# ]
#metaData: qpt=[0.500000;0.000000;0.000000;2.155871 \
#; 0.000000; 0.000000; -0.001793; 0.000000; 0.000000; 0.006382 \
#; -0.003965; -0.000000; 0.007766; 0.005900; 0.000000; -0.011556 \
#; -0.018299; 0.000000; -0.051671; -0.005141; 0.000000; -0.014516 \
#; 0.014631; -0.000000; 0.043372; 0.009833; 0.000000; 0.029148 \
#; 0.000150; -0.000791; -0.000672; 0.000069; -0.000365; -0.000310 \
#; 0.000150; 0.000791; -0.000672; 0.000069; 0.000365; -0.000310 \
#; 0.000358; -0.001883; 0.001599; -0.000775; 0.004075; -0.003461 \
#; 0.000358; 0.001883; 0.001599; -0.000775; -0.004075; -0.003461 \
#; 0.008656; -0.004640; 0.011067; -0.001993; 0.001068; -0.002548 \
#; 0.008656; 0.004640; 0.011067; -0.001993; -0.001068; -0.002548 \
#; -0.004578; 0.001170; -0.006078; -0.008817; 0.002253; -0.011707 \
#; -0.004578; -0.001170; -0.006078; -0.008817; -0.002253; -0.011707 \
#; -0.000786; -0.005712; 0.002081; 0.000408; 0.002966; -0.001081 \
#; -0.000786; 0.005712; 0.002081; 0.000408; -0.002966; -0.001081 \
#; 0.001018; 0.001126; -0.001595; 0.004421; 0.004892; -0.006926 \
#; 0.001018; -0.001126; -0.001595; 0.004421; -0.004892; -0.006926 \
#; -0.004819; -0.000000; -0.019324; -0.002327; -0.000000; -0.009332 \
#; -0.001116; -0.000000; 0.018351; -0.000493; -0.000000; 0.008101 \
#; -0.007190; -0.000000; -0.000182; 0.014888; -0.000000; 0.000377 \
#; -0.007000; -0.000000; 0.003084; 0.015858; -0.000000; -0.006986 \
# ]
#metaData: qpt=[0.500000;0.000000;0.000000;2.155871 \
#; 0.019008; 0.000000; -0.053672; -0.000000; -0.000000; 0.000000 \
#; -0.016746; 0.000000; 0.049639; -0.005509; -0.000000; 0.016331 \
#; -0.000000; -0.000000; 0.000000; -0.000000; 0.000000; 0.006629 \
#; 0.002221; -0.000000; 0.004351; -0.006752; 0.000000; -0.013225 \
#; -0.000135; 0.000710; 0.000603; 0.000843; -0.004432; -0.003765 \
#; -0.000135; -0.000710; 0.000603; 0.000843; 0.004432; -0.003765 \
#; -0.000164; 0.000860; -0.000730; -0.000026; 0.000138; -0.000117 \
#; -0.000164; -0.000860; -0.000730; -0.000026; -0.000138; -0.000117 \
#; -0.002176; -0.002407; -0.003409; -0.003981; -0.004405; -0.006237 \
#; -0.002176; 0.002407; -0.003409; -0.003981; 0.004405; -0.006237 \
#; 0.000646; 0.004697; 0.001711; -0.000605; -0.004400; -0.001603 \
#; 0.000646; -0.004697; 0.001711; -0.000605; 0.004400; -0.001603 \
#; 0.006792; -0.001736; -0.009018; 0.007251; -0.001853; -0.009627 \
#; 0.006792; 0.001736; -0.009018; 0.007251; 0.001853; -0.009627 \
#; -0.007795; 0.004178; 0.009966; 0.004260; -0.002284; -0.005447 \
#; -0.007795; -0.004178; 0.009966; 0.004260; 0.002284; -0.005447 \
#; 0.002895; 0.000000; -0.000073; -0.016278; -0.000000; 0.000413 \
#; 0.002450; 0.000000; 0.001079; -0.017161; -0.000000; -0.007560 \
#; 0.005268; -0.000000; -0.021128; 0.000937; 0.000000; -0.003758 \
#; 0.001208; -0.000000; 0.019858; 0.000172; 0.000000; 0.002835 \
# ]
#metaData: qpt=[0.500000;0.000000;0.000000;2.160104 \
#; 0.000000; -0.018523; 0.000000; 0.000000; 0.011074; -0.000000 \
#; 0.000000; -0.021686; -0.000000; -0.000000; 0.036018; 0.000000 \
#; 0.000000; 0.039842; 0.000000; 0.000000; 0.002253; 0.000000 \
#; -0.000000; 0.010229; -0.000000; -0.000000; -0.013638; -0.000000 \
#; -0.004712; -0.026541; -0.009341; 0.000658; 0.003707; 0.001305 \
#; 0.004712; -0.026541; 0.009341; -0.000658; 0.003707; -0.001305 \
#; 0.003590; 0.020223; -0.007118; -0.004719; -0.026583; 0.009356 \
#; -0.003590; 0.020223; 0.007118; 0.004719; -0.026583; -0.009356 \
#; -0.001860; -0.000649; -0.005306; 0.003194; -0.003283; 0.004051 \
#; 0.001860; -0.000649; 0.005306; -0.003194; -0.003283; -0.004051 \
#; -0.004212; 0.005024; -0.004542; -0.003450; 0.006057; -0.001484 \
#; 0.004212; 0.005024; 0.004542; 0.003450; 0.006057; 0.001484 \
#; 0.004886; -0.004030; -0.007338; -0.000560; -0.001212; 0.002769 \
#; -0.004886; -0.004030; 0.007338; 0.000560; -0.001212; -0.002769 \
#; -0.000776; 0.002282; -0.000724; -0.006290; 0.007952; 0.006265 \
#; 0.000776; 0.002282; 0.000724; 0.006290; 0.007952; -0.006265 \
#; 0.000000; -0.009618; 0.000000; 0.000000; 0.002390; 0.000000 \
#; 0.000000; -0.012268; -0.000000; 0.000000; 0.000708; -0.000000 \
#; 0.000000; 0.008346; -0.000000; -0.000000; -0.012152; -0.000000 \
#; 0.000000; 0.008349; -0.000000; -0.000000; -0.009739; 0.000000 \
# ]
#metaData: qpt=[0.500000;0.000000;0.000000;2.160104 \
#; 0.000000; 0.039883; 0.000000; 0.000000; 0.001321; -0.000000 \
#; 0.000000; -0.001392; -0.000000; -0.000000; 0.016991; 0.000000 \
#; 0.000000; 0.017457; 0.000000; 0.000000; 0.012688; 0.000000 \
#; -0.000000; -0.007665; -0.000000; -0.000000; 0.041338; -0.000000 \
#; -0.001426; -0.008033; -0.002827; -0.005756; -0.032420; -0.011411 \
#; 0.001426; -0.008033; 0.002827; 0.005756; -0.032420; 0.011411 \
#; -0.004065; -0.022899; 0.008059; -0.002472; -0.013921; 0.004900 \
#; 0.004065; -0.022899; -0.008059; 0.002472; -0.013921; -0.004900 \
#; -0.004493; 0.004882; -0.005393; -0.004470; 0.006678; -0.003270 \
#; 0.004493; 0.004882; 0.005393; 0.004470; 0.006678; 0.003270 \
#; 0.001307; 0.000576; 0.003867; -0.004741; 0.004168; -0.006823 \
#; -0.001307; 0.000576; -0.003867; 0.004741; 0.004168; 0.006823 \
#; -0.002759; 0.005209; 0.000765; -0.004694; 0.005899; 0.004716 \
#; 0.002759; 0.005209; -0.000765; 0.004694; 0.005899; -0.004716 \
#; -0.003664; 0.002196; 0.006453; -0.000490; 0.002526; -0.001708 \
#; 0.003664; 0.002196; -0.006453; 0.000490; 0.002526; 0.001708 \
#; 0.000000; -0.002351; 0.000000; 0.000000; -0.014554; 0.000000 \
#; 0.000000; -0.004223; -0.000000; 0.000000; -0.012113; -0.000000 \
#; 0.000000; -0.007674; 0.000000; -0.000000; -0.006272; -0.000000 \
#; 0.000000; -0.011165; -0.000000; -0.000000; -0.005133; 0.000000 \
# ]
#metaData: qpt=[0.500000;0.000000;0.000000;3.262738 \
#; 0.006699; 0.000000; -0.014476; -0.000000; -0.000000; -0.000000 \
#; 0.006339; 0.000000; -0.014471; 0.002086; -0.000000; -0.004761 \
#; 0.000000; 0.000000; 0.000000; -0.000000; -0.000000; 0.009439 \
#; -0.000180; 0.000000; 0.002550; 0.000547; -0.000000; -0.007752 \
#; -0.000110; 0.000010; 0.000030; 0.000686; -0.000065; -0.000186 \
#; -0.000110; -0.000010; 0.000030; 0.000686; 0.000065; -0.000186 \
#; 0.015936; -0.001516; 0.004325; 0.002554; -0.000243; 0.000693 \
#; 0.015936; 0.001516; 0.004325; 0.002554; 0.000243; 0.000693 \
#; 0.015271; 0.014207; 0.015481; 0.027941; 0.025994; 0.028325 \
#; 0.015271; -0.014207; 0.015481; 0.027941; -0.025994; 0.028325 \
#; 0.024553; 0.023382; 0.025958; -0.023001; -0.021904; -0.024317 \
#; 0.024553; -0.023382; 0.025958; -0.023001; 0.021904; -0.024317 \
#; -0.013350; -0.018279; 0.025122; -0.014251; -0.019513; 0.026818 \
#; -0.013350; 0.018279; 0.025122; -0.014251; 0.019513; 0.026818 \
#; -0.019609; -0.025791; 0.034808; 0.010717; 0.014096; -0.019024 \
#; -0.019609; 0.025791; 0.034808; 0.010717; -0.014096; -0.019024 \
#; 0.000505; 0.000000; 0.005197; -0.002837; 0.000000; -0.029223 \
#; -0.000724; 0.000000; -0.004208; 0.005070; 0.000000; 0.029468 \
#; 0.025780; 0.000000; -0.002237; 0.004585; 0.000000; -0.000398 \
#; 0.025581; 0.000000; 0.000284; 0.003653; 0.000000; 0.000041 \
# ]
#metaData: qpt=[0.500000;0.000000;0.000000;3.262738 \
#; 0.000000; 0.000000; 0.004378; 0.000000; 0.000000; 0.008362 \
#; -0.000094; -0.000000; -0.001336; -0.000568; -0.000000; -0.008050 \
#; -0.005934; -0.000000; -0.012825; 0.003107; -0.000000; 0.006714 \
#; -0.006584; 0.000000; -0.015028; 0.001093; 0.000000; 0.002494 \
#; -0.015303; 0.001456; 0.004153; 0.005129; -0.000488; -0.001392 \
#; -0.015303; -0.001456; 0.004153; 0.005129; 0.000488; -0.001392 \
#; -0.000221; 0.000021; -0.000060; -0.000659; 0.000063; -0.000179 \
#; -0.000221; -0.000021; -0.000060; -0.000659; -0.000063; -0.000179 \
#; 0.012401; 0.016311; 0.022014; -0.018590; -0.024450; -0.032998 \
#; 0.012401; -0.016311; 0.022014; -0.018590; 0.024450; -0.032998 \
#; 0.018437; 0.025245; 0.034695; 0.006434; 0.008809; 0.012107 \
#; 0.018437; -0.025245; 0.034695; 0.006434; -0.008809; 0.012107 \
#; -0.011084; -0.010556; 0.011719; 0.031766; 0.030250; -0.033583 \
#; -0.011084; 0.010556; 0.011719; 0.031766; -0.030250; -0.033583 \
#; -0.026488; -0.024643; 0.026853; -0.017671; -0.016439; 0.017914 \
#; -0.026488; 0.024643; 0.026853; -0.017671; 0.016439; 0.017914 \
#; -0.024966; 0.000000; -0.002166; 0.007895; -0.000000; 0.000685 \
#; -0.024357; 0.000000; 0.000270; 0.008629; 0.000000; -0.000096 \
#; 0.000869; -0.000000; -0.008949; 0.002748; 0.000000; -0.028300 \
#; -0.001710; -0.000000; 0.009940; -0.004827; 0.000000; 0.028058 \
# ]
#metaData: qpt=[0.500000;0.000000;0.000000;3.421605 \
#; -0.000000; -0.006847; 0.000000; -0.000000; -0.012695; -0.000000 \
#; 0.000000; -0.007202; -0.000000; -0.000000; -0.003005; -0.000000 \
#; -0.000000; 0.003442; 0.000000; 0.000000; -0.009493; -0.000000 \
#; -0.000000; -0.015214; -0.000000; 0.000000; 0.004200; 0.000000 \
#; 0.003406; 0.004941; -0.008022; 0.000819; 0.001188; -0.001928 \
#; -0.003406; 0.004941; 0.008022; -0.000819; 0.001188; 0.001928 \
#; 0.004443; 0.006446; 0.010466; 0.005562; 0.008070; 0.013102 \
#; -0.004443; 0.006446; -0.010466; -0.005562; 0.008070; -0.013102 \
#; -0.015734; -0.015638; -0.025692; 0.030890; 0.031338; 0.042007 \
#; 0.015734; -0.015638; 0.025692; -0.030890; 0.031338; -0.042007 \
#; 0.021135; 0.021860; 0.023200; -0.008335; -0.008147; -0.015427 \
#; -0.021135; 0.021860; -0.023200; 0.008335; -0.008147; 0.015427 \
#; 0.010246; 0.010471; -0.012915; -0.029103; -0.028766; 0.049636 \
#; -0.010246; 0.010471; 0.012915; 0.029103; -0.028766; -0.049636 \
#; -0.014510; -0.013898; 0.030629; 0.007472; 0.007847; -0.006629 \
#; 0.014510; -0.013898; -0.030629; -0.007472; 0.007847; 0.006629 \
#; 0.000000; 0.001353; 0.000000; -0.000000; -0.000057; -0.000000 \
#; -0.000000; 0.000583; -0.000000; -0.000000; 0.000533; -0.000000 \
#; -0.000000; 0.001290; -0.000000; -0.000000; 0.001356; 0.000000 \
#; -0.000000; 0.001230; 0.000000; 0.000000; 0.001790; -0.000000 \
# ]
#metaData: qpt=[0.500000;0.000000;0.000000;3.421605 \
#; 0.000000; 0.004916; -0.000000; 0.000000; 0.008820; -0.000000 \
#; 0.000000; -0.011609; 0.000000; -0.000000; -0.010694; 0.000000 \
#; 0.000000; 0.004729; 0.000000; 0.000000; -0.013627; 0.000000 \
#; 0.000000; 0.007779; 0.000000; -0.000000; 0.000622; 0.000000 \
#; -0.005259; -0.007630; 0.012389; 0.004798; 0.006961; -0.011302 \
#; 0.005259; -0.007630; -0.012389; -0.004798; 0.006961; 0.011302 \
#; 0.003492; 0.005066; 0.008225; -0.000275; -0.000400; -0.000649 \
#; -0.003492; 0.005066; -0.008225; 0.000275; -0.000400; 0.000649 \
#; 0.012634; 0.012735; 0.018283; -0.010331; -0.009621; -0.025452 \
#; -0.012634; 0.012735; -0.018283; 0.010331; -0.009621; 0.025452 \
#; 0.027995; 0.027639; 0.048181; -0.012970; -0.013163; -0.017583 \
#; -0.027995; 0.027639; -0.048181; 0.012970; -0.013163; 0.017583 \
#; -0.006284; -0.006028; 0.013148; 0.021832; 0.022536; -0.024563 \
#; 0.006284; -0.006028; -0.013148; -0.021832; 0.022536; 0.024563 \
#; -0.034601; -0.034974; 0.048766; 0.002124; 0.001858; -0.006829 \
#; 0.034601; -0.034974; -0.048766; -0.002124; 0.001858; 0.006829 \
#; 0.000000; -0.001525; 0.000000; 0.000000; 0.001086; -0.000000 \
#; 0.000000; -0.001440; 0.000000; -0.000000; 0.001626; 0.000000 \
#; -0.000000; 0.001318; 0.000000; -0.000000; 0.000313; 0.000000 \
#; -0.000000; 0.000643; 0.000000; -0.000000; -0.000457; -0.000000 \
# ]
#metaData: qpt=[0.500000;0.000000;0.000000;3.615235 \
#; 0.000000; -0.000000; 0.000528; 0.000000; -0.000000; 0.003697 \
#; -0.003679; 0.000000; 0.000764; 0.020691; -0.000000; -0.004295 \
#; 0.021747; 0.000000; 0.003389; -0.003106; -0.000000; -0.000484 \
#; 0.006300; 0.000000; -0.002535; 0.001120; 0.000000; -0.000451 \
#; 0.026306; -0.000299; 0.008242; 0.000448; -0.000005; 0.000140 \
#; 0.026306; 0.000299; 0.008242; 0.000448; 0.000005; 0.000140 \
#; -0.000332; 0.000004; 0.000104; 0.019489; -0.000221; -0.006106 \
#; -0.000332; -0.000004; 0.000104; 0.019489; 0.000221; -0.006106 \
#; -0.003531; 0.029729; -0.001113; 0.002641; -0.022231; 0.000832 \
#; -0.003531; -0.029729; -0.001113; 0.002641; 0.022231; 0.000832 \
#; 0.015458; 0.011745; -0.002318; 0.012402; 0.009423; -0.001860 \
#; 0.015458; -0.011745; -0.002318; 0.012402; -0.009423; -0.001860 \
#; 0.006661; -0.021414; -0.000342; -0.008302; 0.026691; 0.000427 \
#; 0.006661; 0.021414; -0.000342; -0.008302; -0.026691; 0.000427 \
#; 0.013210; 0.002657; 0.001607; 0.017666; 0.003554; 0.002149 \
#; 0.013210; -0.002657; 0.001607; 0.017666; -0.003554; 0.002149 \
#; 0.029425; 0.000000; -0.003482; 0.001005; 0.000000; -0.000119 \
#; 0.061304; 0.000000; 0.045115; -0.000003; 0.000000; -0.000003 \
#; -0.001881; -0.000000; 0.001645; 0.055086; -0.000000; -0.048193 \
#; 0.000001; -0.000000; 0.000001; 0.012110; -0.000000; 0.017379 \
# ]
#metaData: qpt=[0.500000;0.000000;0.000000;3.615235 \
#; -0.021968; 0.000000; 0.003423; -0.000000; -0.000000; 0.000000 \
#; -0.006079; 0.000000; -0.002446; -0.002000; -0.000000; -0.000805 \
#; -0.000000; 0.000000; 0.000000; 0.000000; 0.000000; 0.003734 \
#; 0.006568; 0.000000; 0.001363; -0.019963; -0.000000; -0.004144 \
#; 0.003085; -0.000035; 0.000966; -0.019246; 0.000219; -0.006030 \
#; 0.003085; 0.000035; 0.000966; -0.019246; -0.000219; -0.006030 \
#; -0.025979; 0.000295; 0.008139; -0.004164; 0.000047; 0.001304 \
#; -0.025979; -0.000295; 0.008139; -0.004164; -0.000047; 0.001304 \
#; -0.010579; -0.002128; 0.001287; -0.019356; -0.003894; 0.002355 \
#; -0.010579; 0.002128; 0.001287; -0.019356; 0.003894; 0.002355 \
#; -0.007768; 0.024974; -0.000399; 0.007277; -0.023395; 0.000374 \
#; -0.007768; -0.024974; -0.000399; 0.007277; 0.023395; 0.000374 \
#; -0.013549; -0.010295; -0.002032; -0.014463; -0.010989; -0.002169 \
#; -0.013549; 0.010295; -0.002032; -0.014463; 0.010989; -0.002169 \
#; 0.003869; -0.032574; -0.001219; -0.002115; 0.017804; 0.000666 \
#; 0.003869; 0.032574; -0.001219; -0.002115; -0.017804; 0.000666 \
#; 0.009651; 0.000000; 0.008444; -0.054267; -0.000000; -0.047476 \
#; 0.001712; 0.000000; -0.002457; -0.011988; -0.000000; 0.017205 \
#; -0.028987; 0.000000; -0.003430; -0.005155; 0.000000; -0.000610 \
#; -0.060689; 0.000000; 0.044662; -0.008665; 0.000000; 0.006377 \
# ]
#metaData: qpt=[0.500000;0.000000;0.000000;3.730764 \
#; 0.000000; -0.000000; 0.000386; 0.000000; 0.000000; 0.000433 \
#; -0.004528; 0.000000; 0.001528; -0.010428; 0.000000; 0.003520 \
#; -0.014845; 0.000000; -0.005633; 0.013217; -0.000000; 0.005015 \
#; -0.014955; 0.000000; -0.005979; 0.006493; -0.000000; 0.002596 \
#; 0.016043; -0.012281; 0.000302; -0.010250; 0.007846; -0.000193 \
#; 0.016043; 0.012281; 0.000302; -0.010250; -0.007846; -0.000193 \
#; 0.003221; -0.002466; -0.000061; 0.005041; -0.003859; -0.000095 \
#; 0.003221; 0.002466; -0.000061; 0.005041; 0.003859; -0.000095 \
#; -0.003082; -0.003167; -0.003842; 0.008626; 0.008863; 0.010753 \
#; -0.003082; 0.003167; -0.003842; 0.008626; -0.008863; 0.010753 \
#; -0.008935; -0.039102; -0.015671; -0.000811; -0.003551; -0.001423 \
#; -0.008935; 0.039102; -0.015671; -0.000811; 0.003551; -0.001423 \
#; 0.000285; -0.003604; 0.000235; -0.003135; 0.039689; -0.002592 \
#; 0.000285; 0.003604; 0.000235; -0.003135; -0.039689; -0.002592 \
#; -0.002401; -0.051932; 0.010486; -0.000858; -0.018554; 0.003746 \
#; -0.002401; 0.051932; 0.010486; -0.000858; 0.018554; 0.003746 \
#; 0.036630; -0.000000; -0.012202; -0.022531; 0.000000; 0.007506 \
#; 0.004081; -0.000000; -0.006924; -0.002706; 0.000000; 0.004592 \
#; -0.027827; 0.000000; -0.003154; -0.045240; -0.000000; -0.005127 \
#; 0.037676; -0.000000; 0.007258; 0.056806; -0.000000; 0.010943 \
# ]
#metaData: qpt=[0.500000;0.000000;0.000000;3.730764 \
#; 0.019876; 0.000000; -0.007542; -0.000000; -0.000000; 0.000000 \
#; 0.015487; 0.000000; -0.006192; 0.005095; 0.000000; -0.002037 \
#; -0.000000; 0.000000; 0.000000; -0.000000; 0.000000; 0.000580 \
#; -0.003553; 0.000000; -0.001199; 0.010799; -0.000000; 0.003645 \
#; 0.000947; -0.000725; 0.000018; -0.005907; 0.004522; -0.000111 \
#; 0.000947; 0.000725; 0.000018; -0.005907; -0.004522; -0.000111 \
#; -0.018797; 0.014390; 0.000354; -0.003013; 0.002306; 0.000057 \
#; -0.018797; -0.014390; 0.000354; -0.003013; -0.002306; 0.000057 \
#; 0.001223; 0.026448; 0.005340; 0.002238; 0.048391; 0.009771 \
#; 0.001223; -0.026448; 0.005340; 0.002238; -0.048391; 0.009771 \
#; -0.002297; 0.029084; 0.001899; 0.002152; -0.027246; -0.001779 \
#; -0.002297; -0.029084; 0.001899; 0.002152; 0.027246; -0.001779 \
#; 0.006134; 0.026843; -0.010758; 0.006548; 0.028654; -0.011483 \
#; 0.006134; -0.026843; -0.010758; 0.006548; -0.028654; -0.011483 \
#; 0.008038; 0.008259; -0.010020; -0.004393; -0.004514; 0.005476 \
#; 0.008038; -0.008259; -0.010020; -0.004393; 0.004514; 0.005476 \
#; -0.009300; 0.000000; 0.001054; 0.052292; -0.000000; -0.005926 \
#; 0.009635; 0.000000; -0.001856; -0.067480; -0.000000; 0.013000 \
#; -0.042340; -0.000000; -0.014105; -0.007530; 0.000000; -0.002509 \
#; -0.004847; 0.000000; -0.008225; -0.000692; 0.000000; -0.001174 \
# ]
#metaData: qpt=[0.500000;0.000000;0.000000;4.044427 \
#; -0.000000; -0.000481; -0.000000; 0.000000; 0.001068; 0.000000 \
#; -0.000000; -0.003324; 0.000000; -0.000000; -0.000798; 0.000000 \
#; 0.000000; -0.003342; 0.000000; 0.000000; 0.012945; 0.000000 \
#; 0.000000; -0.007228; 0.000000; 0.000000; 0.010778; 0.000000 \
#; 0.002114; -0.002266; -0.013206; -0.004714; 0.005054; 0.029450 \
#; -0.002114; -0.002266; 0.013206; 0.004714; 0.005054; -0.029450 \
#; 0.000795; -0.000852; 0.004965; -0.000141; 0.000151; -0.000878 \
#; -0.000795; -0.000852; -0.004965; 0.000141; 0.000151; 0.000878 \
#; -0.004635; -0.009200; -0.002927; -0.018686; -0.052465; -0.011846 \
#; 0.004635; -0.009200; 0.002927; 0.018686; -0.052465; 0.011846 \
#; 0.016757; 0.054145; 0.010645; -0.008819; -0.032752; -0.005616 \
#; -0.016757; 0.054145; -0.010645; 0.008819; -0.032752; 0.005616 \
#; 0.003217; -0.010226; -0.001980; 0.002468; -0.030011; -0.001451 \
#; -0.003217; -0.010226; 0.001980; -0.002468; -0.030011; 0.001451 \
#; 0.000814; 0.043825; -0.000644; -0.001921; -0.015866; 0.001250 \
#; -0.000814; 0.043825; 0.000644; 0.001921; -0.015866; -0.001250 \
#; -0.000000; 0.009823; -0.000000; -0.000000; -0.021045; -0.000000 \
#; -0.000000; 0.009128; -0.000000; 0.000000; -0.021211; 0.000000 \
#; -0.000000; 0.003110; 0.000000; -0.000000; -0.000786; -0.000000 \
#; 0.000000; 0.004022; -0.000000; 0.000000; -0.000490; 0.000000 \
# ]
#metaData: qpt=[0.500000;0.000000;0.000000;4.044427 \
#; 0.000000; -0.009312; -0.000000; 0.000000; 0.009593; 0.000000 \
#; 0.000000; -0.011372; -0.000000; 0.000000; 0.006251; 0.000000 \
#; 0.000000; 0.000661; 0.000000; -0.000000; -0.000967; -0.000000 \
#; 0.000000; -0.000502; 0.000000; -0.000000; -0.003382; 0.000000 \
#; 0.000044; -0.000047; -0.000276; 0.000806; -0.000864; -0.005035 \
#; -0.000044; -0.000047; 0.000276; -0.000806; -0.000864; 0.005035 \
#; 0.004109; -0.004405; 0.025669; -0.003132; 0.003358; -0.019566 \
#; -0.004109; -0.004405; -0.025669; 0.003132; 0.003358; 0.019566 \
#; 0.000770; 0.043452; 0.000615; 0.001939; 0.016862; 0.001265 \
#; -0.000770; 0.043452; -0.000615; -0.001939; 0.016862; -0.001265 \
#; -0.001705; -0.004861; -0.001081; 0.003679; -0.031331; 0.002204 \
#; 0.001705; -0.004861; 0.001081; -0.003679; -0.031331; -0.002204 \
#; 0.018936; 0.063160; -0.012035; 0.000041; 0.003901; -0.000037 \
#; -0.018936; 0.063160; 0.012035; -0.000041; 0.003901; 0.000037 \
#; 0.005061; 0.010395; -0.003196; -0.018575; -0.052241; 0.011776 \
#; -0.005061; 0.010395; 0.003196; 0.018575; -0.052241; -0.011776 \
#; -0.000000; -0.000167; 0.000000; 0.000000; 0.003203; -0.000000 \
#; -0.000000; 0.000577; -0.000000; -0.000000; 0.004010; 0.000000 \
#; -0.000000; 0.018735; -0.000000; -0.000000; -0.013725; -0.000000 \
#; -0.000000; 0.018095; -0.000000; -0.000000; -0.014346; 0.000000 \
# ]
#metaData: qpt=[0.500000;0.000000;0.000000;4.177108 \
#; 0.000000; 0.000000; -0.011425; -0.000000; 0.000000; -0.006854 \
#; 0.006119; -0.000000; -0.005620; 0.007081; -0.000000; -0.006504 \
#; -0.005929; -0.000000; -0.010372; 0.009883; 0.000000; 0.017289 \
#; -0.005090; 0.000000; -0.017090; 0.004398; 0.000000; 0.014767 \
#; 0.000223; 0.002652; 0.022159; -0.000265; -0.003153; -0.026347 \
#; 0.000223; -0.002652; 0.022159; -0.000265; 0.003153; -0.026347 \
#; -0.000136; -0.001617; 0.013509; -0.000114; -0.001360; 0.011362 \
#; -0.000136; 0.001617; 0.013509; -0.000114; 0.001360; 0.011362 \
#; -0.000023; -0.000211; 0.000645; 0.000562; 0.005250; -0.016043 \
#; -0.000023; 0.000211; 0.000645; 0.000562; -0.005250; -0.016043 \
#; -0.007608; -0.020175; 0.020502; 0.001641; 0.004351; -0.004422 \
#; -0.007608; 0.020175; 0.020502; 0.001641; -0.004351; -0.004422 \
#; -0.001033; -0.001764; 0.000990; -0.004792; -0.008177; 0.004592 \
#; -0.001033; 0.001764; 0.000990; -0.004792; 0.008177; 0.004592 \
#; 0.009173; 0.021624; 0.014277; 0.000369; 0.000869; 0.000574 \
#; 0.009173; -0.021624; 0.014277; 0.000369; -0.000869; 0.000574 \
#; 0.005769; -0.000000; 0.028418; -0.006626; -0.000000; -0.032640 \
#; 0.012455; -0.000000; 0.047671; -0.015333; -0.000000; -0.058689 \
#; -0.013585; 0.000000; 0.046767; -0.011828; -0.000000; 0.040718 \
#; 0.002623; 0.000000; -0.000815; 0.002130; -0.000000; -0.000662 \
# ]
#metaData: qpt=[0.500000;0.000000;0.000000;4.177108 \
#; -0.011525; 0.000000; 0.020162; -0.000000; -0.000000; 0.000000 \
#; -0.006390; 0.000000; 0.021455; -0.002102; 0.000000; 0.007058 \
#; 0.000000; -0.000000; 0.000000; -0.000000; -0.000000; 0.013324 \
#; -0.002925; 0.000000; -0.002686; 0.008890; 0.000000; 0.008165 \
#; 0.000028; 0.000334; 0.002793; -0.000175; -0.002086; -0.017430 \
#; 0.000028; -0.000334; 0.002793; -0.000175; 0.002086; -0.017430 \
#; 0.000342; 0.004068; -0.033993; 0.000055; 0.000652; -0.005448 \
#; 0.000342; -0.004068; -0.033993; 0.000055; -0.000652; -0.005448 \
#; 0.004403; 0.010379; -0.006853; 0.008056; 0.018990; -0.012538 \
#; 0.004403; -0.010379; -0.006853; 0.008056; -0.018990; -0.012538 \
#; 0.003577; 0.006105; 0.003428; -0.003351; -0.005719; -0.003212 \
#; 0.003577; -0.006105; 0.003428; -0.003351; 0.005719; -0.003212 \
#; -0.005321; -0.014110; -0.014339; -0.005680; -0.015062; -0.015307 \
#; -0.005321; 0.014110; -0.014339; -0.005680; 0.015062; -0.015307 \
#; -0.000493; -0.004610; -0.014089; 0.000270; 0.002520; 0.007700 \
#; -0.000493; 0.004610; -0.014089; 0.000270; -0.002520; 0.007700 \
#; 0.003154; 0.000000; 0.010858; -0.017734; 0.000000; -0.061051 \
#; -0.000478; -0.000000; -0.000148; 0.003345; 0.000000; 0.001040 \
#; 0.008650; -0.000000; -0.042609; 0.001538; 0.000000; -0.007578 \
#; 0.019556; -0.000000; -0.074851; 0.002792; 0.000000; -0.010688 \
# ]
#metaData: qpt=[0.500000;0.000000;0.000000;4.379229 \
#; 0.000000; -0.000449; 0.000000; 0.000000; 0.009669; 0.000000 \
#; 0.000000; 0.002111; 0.000000; -0.000000; -0.008800; 0.000000 \
#; -0.000000; 0.005008; 0.000000; -0.000000; 0.010210; -0.000000 \
#; 0.000000; -0.002611; 0.000000; -0.000000; -0.011589; -0.000000 \
#; -0.018398; 0.006526; -0.031664; -0.002651; 0.000940; -0.004562 \
#; 0.018398; 0.006526; 0.031664; 0.002651; 0.000940; 0.004562 \
#; -0.021783; 0.007727; 0.037490; 0.007699; -0.002731; -0.013250 \
#; 0.021783; 0.007727; -0.037490; -0.007699; -0.002731; 0.013250 \
#; -0.028815; -0.020163; -0.017146; -0.008543; -0.001515; -0.002428 \
#; 0.028815; -0.020163; 0.017146; 0.008543; -0.001515; 0.002428 \
#; -0.014278; -0.011560; -0.009430; 0.016377; 0.004252; 0.005456 \
#; 0.014278; -0.011560; 0.009430; -0.016377; 0.004252; -0.005456 \
#; -0.025348; -0.020202; 0.016550; 0.009962; 0.002866; -0.003485 \
#; 0.025348; -0.020202; -0.016550; -0.009962; 0.002866; 0.003485 \
#; -0.016094; -0.012373; 0.010238; -0.007176; 0.002474; -0.000190 \
#; 0.016094; -0.012373; -0.010238; 0.007176; 0.002474; 0.000190 \
#; -0.000000; -0.003725; 0.000000; 0.000000; -0.000158; -0.000000 \
#; -0.000000; -0.004073; -0.000000; -0.000000; -0.000957; 0.000000 \
#; -0.000000; -0.004698; -0.000000; -0.000000; 0.001942; 0.000000 \
#; -0.000000; -0.004529; -0.000000; -0.000000; 0.001312; 0.000000 \
# ]
#metaData: qpt=[0.500000;0.000000;0.000000;4.379229 \
#; -0.000000; -0.005167; -0.000000; -0.000000; -0.010130; -0.000000 \
#; 0.000000; 0.000835; 0.000000; 0.000000; 0.011850; -0.000000 \
#; 0.000000; 0.008007; -0.000000; 0.000000; 0.005439; 0.000000 \
#; -0.000000; -0.004555; -0.000000; -0.000000; -0.007820; 0.000000 \
#; 0.022265; -0.007898; 0.038321; -0.006165; 0.002187; -0.010610 \
#; -0.022265; -0.007898; -0.038321; 0.006165; 0.002187; 0.010610 \
#; -0.013563; 0.004811; 0.023344; 0.012710; -0.004508; -0.021875 \
#; 0.013563; 0.004811; -0.023344; -0.012710; -0.004508; 0.021875 \
#; -0.012351; -0.002009; -0.003402; -0.012569; -0.012457; -0.009658 \
#; 0.012351; -0.002009; 0.003402; 0.012569; -0.012457; 0.009658 \
#; 0.012768; 0.013477; 0.010300; 0.024057; 0.015320; 0.013414 \
#; -0.012768; 0.013477; -0.010300; -0.024057; 0.015320; -0.013414 \
#; -0.000188; -0.006012; 0.003611; -0.021726; -0.010750; 0.010278 \
#; 0.000188; -0.006012; -0.003611; 0.021726; -0.010750; -0.010278 \
#; 0.018080; 0.008470; -0.008270; 0.024009; 0.018361; -0.015214 \
#; -0.018080; 0.008470; 0.008270; -0.024009; 0.018361; 0.015214 \
#; -0.000000; 0.004998; 0.000000; 0.000000; -0.000928; 0.000000 \
#; -0.000000; 0.004410; 0.000000; -0.000000; -0.001670; -0.000000 \
#; -0.000000; -0.003038; 0.000000; 0.000000; 0.002160; 0.000000 \
#; -0.000000; -0.002683; -0.000000; -0.000000; 0.003211; 0.000000 \
# ]
#metaData: qpt=[0.500000;0.000000;0.000000;4.695427 \
#; 0.000000; -0.010381; -0.000000; -0.000000; -0.009636; -0.000000 \
#; 0.000000; -0.001100; 0.000000; 0.000000; 0.006357; -0.000000 \
#; 0.000000; 0.001616; 0.000000; -0.000000; -0.011032; -0.000000 \
#; -0.000000; -0.011752; -0.000000; -0.000000; 0.012050; 0.000000 \
#; 0.013767; 0.005015; -0.008709; -0.006759; -0.002462; 0.004276 \
#; -0.013767; 0.005015; 0.008709; 0.006759; -0.002462; -0.004276 \
#; 0.019074; 0.006949; 0.012067; 0.010195; 0.003714; 0.006450 \
#; -0.019074; 0.006949; -0.012067; -0.010195; 0.003714; -0.006450 \
#; 0.002176; -0.001193; -0.002777; 0.006120; -0.067670; 0.013748 \
#; -0.002176; -0.001193; 0.002777; -0.006120; -0.067670; -0.013748 \
#; 0.009142; -0.031152; -0.002904; -0.002864; 0.025069; -0.004222 \
#; -0.009142; -0.031152; 0.002904; 0.002864; 0.025069; 0.004222 \
#; 0.002242; 0.002482; 0.004104; -0.003055; 0.059058; 0.015335 \
#; -0.002242; 0.002482; -0.004104; 0.003055; 0.059058; -0.015335 \
#; 0.007736; -0.009445; 0.008127; 0.002027; -0.020569; -0.003935 \
#; -0.007736; -0.009445; -0.008127; -0.002027; -0.020569; 0.003935 \
#; 0.000000; -0.001309; -0.000000; 0.000000; -0.004366; 0.000000 \
#; 0.000000; -0.008502; 0.000000; -0.000000; 0.009421; -0.000000 \
#; -0.000000; -0.009222; -0.000000; 0.000000; -0.008793; -0.000000 \
#; -0.000000; -0.004524; -0.000000; 0.000000; 0.001273; -0.000000 \
# ]
#metaData: qpt=[0.500000;0.000000;0.000000;4.695427 \
#; 0.000000; 0.003181; 0.000000; -0.000000; -0.010687; 0.000000 \
#; -0.000000; -0.004934; 0.000000; -0.000000; 0.016092; 0.000000 \
#; -0.000000; -0.013474; -0.000000; -0.000000; 0.004367; -0.000000 \
#; 0.000000; 0.005050; -0.000000; -0.000000; -0.004015; -0.000000 \
#; 0.020891; 0.007611; -0.013216; 0.005596; 0.002039; -0.003540 \
#; -0.020891; 0.007611; 0.013216; -0.005596; 0.002039; 0.003540 \
#; -0.005428; -0.001978; -0.003434; -0.014344; -0.005226; -0.009074 \
#; 0.005428; -0.001978; 0.003434; 0.014344; -0.005226; 0.009074 \
#; 0.005445; 0.003050; -0.008970; -0.005858; 0.022427; 0.001034 \
#; -0.005445; 0.003050; 0.008970; 0.005858; 0.022427; -0.001034 \
#; -0.003756; 0.050638; -0.011489; 0.000502; 0.030493; -0.010954 \
#; 0.003756; 0.050638; 0.011489; -0.000502; 0.030493; 0.010954 \
#; 0.006896; -0.036935; -0.002313; -0.006650; 0.015320; -0.004573 \
#; -0.006896; -0.036935; 0.002313; 0.006650; 0.015320; 0.004573 \
#; 0.001442; -0.035260; -0.009713; 0.006333; -0.057770; -0.010119 \
#; -0.001442; -0.035260; 0.009713; -0.006333; -0.057770; 0.010119 \
#; -0.000000; -0.012738; 0.000000; -0.000000; -0.000322; -0.000000 \
#; -0.000000; -0.002569; -0.000000; 0.000000; -0.003936; 0.000000 \
#; -0.000000; 0.004015; -0.000000; -0.000000; -0.002156; 0.000000 \
#; -0.000000; 0.000200; -0.000000; -0.000000; 0.012689; 0.000000 \
# ]
#metaData: qpt=[0.500000;0.000000;0.000000;4.775065 \
#; -0.008189; 0.000000; 0.005097; -0.000000; -0.000000; -0.000000 \
#; 0.006564; 0.000000; -0.003175; 0.002159; -0.000000; -0.001044 \
#; 0.000000; 0.000000; 0.000000; 0.000000; 0.000000; -0.001787 \
#; 0.001373; 0.000000; 0.001326; -0.004174; -0.000000; -0.004031 \
#; -0.004353; 0.001818; -0.004878; 0.027164; -0.011342; 0.030438 \
#; -0.004353; -0.001818; -0.004878; 0.027164; 0.011342; 0.030438 \
#; 0.007905; -0.003300; -0.008857; 0.001267; -0.000529; -0.001420 \
#; 0.007905; 0.003300; -0.008857; 0.001267; 0.000529; -0.001420 \
#; 0.015700; 0.002305; 0.010402; 0.028726; 0.004217; 0.019032 \
#; 0.015700; -0.002305; 0.010402; 0.028726; -0.004217; 0.019032 \
#; -0.014409; -0.002241; -0.008984; 0.013498; 0.002100; 0.008416 \
#; -0.014409; 0.002241; -0.008984; 0.013498; -0.002100; 0.008416 \
#; 0.020483; 0.002821; -0.014400; 0.021865; 0.003011; -0.015372 \
#; 0.020483; -0.002821; -0.014400; 0.021865; -0.003011; -0.015372 \
#; -0.012889; -0.001609; 0.009801; 0.007044; 0.000879; -0.005357 \
#; -0.012889; 0.001609; 0.009801; 0.007044; -0.000879; -0.005357 \
#; 0.007496; -0.000000; 0.010322; -0.042147; -0.000000; -0.058037 \
#; 0.006500; -0.000000; 0.007536; -0.045526; -0.000000; -0.052777 \
#; -0.018098; 0.000000; 0.006548; -0.003219; 0.000000; 0.001165 \
#; -0.007383; 0.000000; 0.025756; -0.001054; -0.000000; 0.003677 \
# ]
#metaData: qpt=[0.500000;0.000000;0.000000;4.775065 \
#; 0.000000; 0.000000; -0.001787; 0.000000; -0.000000; 0.000029 \
#; 0.004196; -0.000000; -0.004052; 0.001304; 0.000000; -0.001260 \
#; -0.000135; 0.000000; -0.000084; -0.008188; 0.000000; -0.005096 \
#; -0.002051; -0.000000; -0.000992; 0.006599; -0.000000; 0.003191 \
#; -0.001137; 0.000475; -0.001274; 0.007924; -0.003309; 0.008880 \
#; -0.001137; -0.000475; -0.001274; 0.007924; 0.003309; 0.008880 \
#; -0.027231; 0.011370; 0.030514; -0.003906; 0.001631; 0.004377 \
#; -0.027231; -0.011370; 0.030514; -0.003906; -0.001631; 0.004377 \
#; -0.007255; -0.000906; -0.005517; -0.012771; -0.001594; -0.009712 \
#; -0.007255; 0.000906; -0.005517; -0.012771; 0.001594; -0.009712 \
#; -0.021525; -0.002964; -0.015133; 0.020839; 0.002870; 0.014651 \
#; -0.021525; 0.002964; -0.015133; 0.020839; -0.002870; 0.014651 \
#; -0.013733; -0.002136; 0.008562; -0.014185; -0.002207; 0.008844 \
#; -0.013733; 0.002136; 0.008562; -0.014185; 0.002207; 0.008844 \
#; -0.028464; -0.004178; 0.018859; 0.016171; 0.002374; -0.010714 \
#; -0.028464; 0.004178; 0.018859; 0.016171; -0.002374; -0.010714 \
#; 0.002921; 0.000000; 0.001057; -0.018148; 0.000000; -0.006567 \
#; 0.000933; -0.000000; 0.003254; -0.007399; -0.000000; -0.025812 \
#; 0.042265; 0.000000; -0.058199; 0.006802; -0.000000; -0.009366 \
#; 0.045626; 0.000000; -0.052894; 0.005751; -0.000000; -0.006667 \
# ]
#metaData: qpt=[0.500000;0.000000;0.000000;4.859248 \
#; 0.015536; 0.000000; 0.004101; -0.000000; -0.000000; -0.000000 \
#; -0.010497; 0.000000; -0.001128; -0.003453; -0.000000; -0.000371 \
#; 0.000000; 0.000000; 0.000000; 0.000000; 0.000000; 0.002460 \
#; 0.003413; 0.000000; -0.001448; -0.010373; -0.000000; 0.004401 \
#; -0.003383; -0.000399; 0.004338; 0.021110; 0.002492; -0.027065 \
#; -0.003383; 0.000399; 0.004338; 0.021110; -0.002492; -0.027065 \
#; -0.008671; -0.001024; -0.011117; -0.001390; -0.000164; -0.001782 \
#; -0.008671; 0.001024; -0.011117; -0.001390; 0.000164; -0.001782 \
#; 0.016684; -0.002260; 0.014751; 0.030525; -0.004135; 0.026990 \
#; 0.016684; 0.002260; 0.014751; 0.030525; 0.004135; 0.026990 \
#; -0.018982; -0.010328; -0.012946; 0.017782; 0.009675; 0.012128 \
#; -0.018982; 0.010328; -0.012946; 0.017782; -0.009675; 0.012128 \
#; -0.015841; 0.014375; 0.017644; -0.016910; 0.015345; 0.018834 \
#; -0.015841; -0.014375; 0.017644; -0.016910; -0.015345; 0.018834 \
#; -0.001581; -0.021852; -0.005167; 0.000864; 0.011943; 0.002824 \
#; -0.001581; 0.021852; -0.005167; 0.000864; -0.011943; 0.002824 \
#; -0.008101; 0.000000; -0.000398; 0.045552; -0.000000; 0.002240 \
#; -0.003112; -0.000000; 0.004603; 0.021796; -0.000000; -0.032240 \
#; 0.015258; 0.000000; -0.047882; 0.002714; 0.000000; -0.008516 \
#; -0.043107; 0.000000; 0.035828; -0.006155; -0.000000; 0.005116 \
# ]
#metaData: qpt=[0.500000;0.000000;0.000000;4.859248 \
#; 0.000000; -0.000000; -0.001933; 0.000000; -0.000000; 0.001523 \
#; -0.010259; -0.000000; -0.004353; 0.003740; 0.000000; 0.001587 \
#; -0.009616; 0.000000; 0.002538; -0.012202; -0.000000; 0.003221 \
#; 0.003785; 0.000000; -0.000407; 0.010382; -0.000000; -0.001116 \
#; 0.004275; 0.000505; -0.005481; 0.007670; 0.000905; -0.009834 \
#; 0.004275; -0.000505; -0.005481; 0.007670; -0.000905; -0.009834 \
#; 0.018675; 0.002204; 0.023942; -0.010409; -0.001229; -0.013345 \
#; 0.018675; -0.002204; 0.023942; -0.010409; 0.001229; -0.013345 \
#; 0.001657; 0.022906; -0.005416; 0.000707; 0.009771; -0.002310 \
#; 0.001657; -0.022906; -0.005416; 0.000707; -0.009771; -0.002310 \
#; -0.003476; 0.003155; -0.003872; 0.022908; -0.020788; 0.025516 \
#; -0.003476; -0.003155; -0.003872; 0.022908; 0.020788; 0.025516 \
#; 0.025716; 0.013992; -0.017538; 0.003903; 0.002123; -0.002662 \
#; 0.025716; -0.013992; -0.017538; 0.003903; -0.002123; -0.002662 \
#; 0.013649; -0.001849; -0.012068; -0.031998; 0.004335; 0.028292 \
#; 0.013649; 0.001849; -0.012068; -0.031998; -0.004335; 0.028292 \
#; -0.007313; -0.000000; -0.022949; -0.013663; -0.000000; -0.042879 \
#; 0.021847; 0.000000; 0.018158; 0.037667; 0.000000; 0.031307 \
#; 0.040792; -0.000000; -0.002005; -0.021832; 0.000000; 0.001073 \
#; 0.019045; -0.000000; 0.028171; -0.011046; 0.000000; -0.016340 \
# ]
#metaData: qpt=[0.500000;0.000000;0.000000;5.142945 \
#; -0.006847; 0.000000; 0.003690; -0.000000; -0.000000; -0.000000 \
#; 0.006497; -0.000000; -0.003540; 0.002138; -0.000000; -0.001165 \
#; -0.000000; 0.000000; 0.000000; 0.000000; 0.000000; -0.000883 \
#; -0.000096; 0.000000; 0.000224; 0.000293; -0.000000; -0.000680 \
#; -0.001277; -0.003788; 0.003630; 0.007966; 0.023634; -0.022648 \
#; -0.001277; 0.003788; 0.003630; 0.007966; -0.023634; -0.022648 \
#; -0.000180; -0.000533; -0.000511; -0.000029; -0.000085; -0.000082 \
#; -0.000180; 0.000533; -0.000511; -0.000029; 0.000085; -0.000082 \
#; 0.005386; 0.010552; 0.001990; 0.009854; 0.019307; 0.003641 \
#; 0.005386; -0.010552; 0.001990; 0.009854; -0.019307; 0.003641 \
#; -0.009052; -0.015765; -0.003835; 0.008480; 0.014768; 0.003592 \
#; -0.009052; 0.015765; -0.003835; 0.008480; -0.014768; 0.003592 \
#; 0.017618; -0.006410; -0.016686; 0.018807; -0.006843; -0.017812 \
#; 0.017618; 0.006410; -0.016686; 0.018807; 0.006843; -0.017812 \
#; -0.023081; 0.007365; 0.021603; 0.012615; -0.004025; -0.011807 \
#; -0.023081; -0.007365; 0.021603; 0.012615; 0.004025; -0.011807 \
#; 0.008944; 0.000000; -0.009147; -0.050289; -0.000000; 0.051429 \
#; 0.007536; -0.000000; -0.007442; -0.052782; -0.000000; 0.052120 \
#; 0.050040; 0.000000; 0.010179; 0.008900; 0.000000; 0.001810 \
#; -0.047984; 0.000000; -0.007894; -0.006851; -0.000000; -0.001127 \
# ]
#metaData: qpt=[0.500000;0.000000;0.000000;5.142945 \
#; 0.000000; -0.000000; 0.000875; 0.000000; 0.000000; 0.000123 \
#; 0.000277; -0.000000; 0.000642; 0.000136; -0.000000; 0.000316 \
#; -0.000956; 0.000000; -0.000515; 0.006780; 0.000000; 0.003654 \
#; 0.003023; 0.000000; 0.001647; -0.006135; -0.000000; -0.003343 \
#; -0.000054; -0.000159; 0.000152; 0.000174; 0.000516; -0.000494 \
#; -0.000054; 0.000159; 0.000152; 0.000174; -0.000516; -0.000494 \
#; 0.007710; 0.022874; 0.021920; 0.002376; 0.007049; 0.006755 \
#; 0.007710; -0.022874; 0.021920; 0.002376; -0.007049; 0.006755 \
#; 0.009270; -0.002958; 0.008677; 0.024615; -0.007854; 0.023039 \
#; 0.009270; 0.002958; 0.008677; 0.024615; 0.007854; 0.023039 \
#; 0.021082; -0.007670; 0.019966; -0.014821; 0.005392; -0.014037 \
#; 0.021082; 0.007670; 0.019966; -0.014821; -0.005392; -0.014037 \
#; 0.007134; 0.012423; -0.003022; 0.010147; 0.017671; -0.004299 \
#; 0.007134; -0.012423; -0.003022; 0.010147; -0.017671; -0.004299 \
#; 0.010509; 0.020590; -0.003883; -0.003958; -0.007754; 0.001462 \
#; 0.010509; -0.020590; -0.003883; -0.003958; 0.007754; 0.001462 \
#; 0.015796; -0.000000; -0.003213; -0.048308; 0.000000; 0.009827 \
#; -0.013481; -0.000000; 0.002218; 0.046559; -0.000000; -0.007659 \
#; -0.048549; 0.000000; -0.049649; -0.015875; 0.000000; -0.016234 \
#; -0.051214; -0.000000; -0.050572; -0.014829; -0.000000; -0.014643 \
# ]
#metaData: qpt=[0.500000;0.000000;0.000000;5.288767 \
#; 0.000000; -0.006905; -0.000000; -0.000000; -0.000253; -0.000000 \
#; 0.000000; -0.010640; 0.000000; 0.000000; -0.000958; 0.000000 \
#; 0.000000; 0.003116; -0.000000; -0.000000; 0.007874; 0.000000 \
#; -0.000000; 0.002254; -0.000000; 0.000000; -0.000500; 0.000000 \
#; 0.009614; 0.001519; -0.004788; 0.017933; 0.002833; -0.008931 \
#; -0.009614; 0.001519; 0.004788; -0.017933; 0.002833; 0.008931 \
#; -0.042151; -0.006659; -0.020992; -0.001462; -0.000231; -0.000728 \
#; 0.042151; -0.006659; 0.020992; 0.001462; -0.000231; 0.000728 \
#; 0.014526; -0.023279; 0.019327; 0.009264; -0.017193; 0.020223 \
#; -0.014526; -0.023279; -0.019327; -0.009264; -0.017193; -0.020223 \
#; 0.001129; -0.004989; 0.012200; 0.008602; -0.007816; -0.008638 \
#; -0.001129; -0.004989; -0.012200; -0.008602; -0.007816; 0.008638 \
#; -0.022593; 0.033886; 0.022252; -0.017195; 0.024281; 0.011858 \
#; 0.022593; 0.033886; -0.022252; 0.017195; 0.024281; -0.011858 \
#; -0.020307; 0.027116; 0.008759; 0.013122; -0.015843; -0.000012 \
#; 0.020307; 0.027116; -0.008759; -0.013122; -0.015843; 0.000012 \
#; -0.000000; -0.000717; 0.000000; 0.000000; -0.000938; 0.000000 \
#; 0.000000; -0.000734; -0.000000; 0.000000; -0.001743; 0.000000 \
#; 0.000000; 0.003327; 0.000000; 0.000000; 0.000072; 0.000000 \
#; 0.000000; 0.002978; -0.000000; 0.000000; 0.000153; 0.000000 \
# ]
#metaData: qpt=[0.500000;0.000000;0.000000;5.288767 \
#; 0.000000; 0.002114; 0.000000; -0.000000; -0.008200; 0.000000 \
#; 0.000000; 0.001721; -0.000000; 0.000000; 0.001539; -0.000000 \
#; -0.000000; 0.006820; -0.000000; 0.000000; -0.001108; 0.000000 \
#; -0.000000; 0.009748; 0.000000; 0.000000; 0.004370; -0.000000 \
#; 0.041646; 0.006579; -0.020740; 0.006667; 0.001053; -0.003320 \
#; -0.041646; 0.006579; 0.020740; -0.006667; 0.001053; 0.003320 \
#; 0.012882; 0.002035; 0.006415; -0.015751; -0.002488; -0.007844 \
#; -0.012882; 0.002035; -0.006415; 0.015751; -0.002488; 0.007844 \
#; 0.020598; -0.025990; 0.003789; -0.012661; 0.017630; -0.007897 \
#; -0.020598; -0.025990; -0.003789; 0.012661; 0.017630; 0.007897 \
#; 0.018501; -0.026242; 0.013153; 0.021537; -0.032391; 0.021512 \
#; -0.018501; -0.026242; -0.013153; -0.021537; -0.032391; -0.021512 \
#; 0.008654; -0.008097; 0.007901; 0.000618; -0.004518; -0.012690 \
#; -0.008654; -0.008097; -0.007901; -0.000618; -0.004518; 0.012690 \
#; -0.002092; 0.005470; 0.009908; -0.017101; 0.028418; 0.026160 \
#; 0.002092; 0.005470; -0.009908; 0.017101; 0.028418; -0.026160 \
#; -0.000000; -0.003257; 0.000000; 0.000000; -0.000681; -0.000000 \
#; 0.000000; -0.002964; 0.000000; -0.000000; -0.000321; 0.000000 \
#; 0.000000; -0.000910; -0.000000; -0.000000; 0.000752; -0.000000 \
#; 0.000000; -0.001001; 0.000000; 0.000000; 0.001604; -0.000000 \
# ]
#metaData: qpt=[0.500000;0.000000;0.000000;5.684689 \
#; 0.000000; -0.000012; -0.000000; -0.000000; -0.001010; -0.000000 \
#; -0.000000; 0.002106; 0.000000; 0.000000; -0.001908; 0.000000 \
#; 0.000000; 0.002923; 0.000000; -0.000000; 0.002532; -0.000000 \
#; 0.000000; 0.001109; 0.000000; 0.000000; 0.002583; 0.000000 \
#; -0.013569; 0.001315; -0.007997; -0.018155; 0.001760; -0.010699 \
#; 0.013569; 0.001315; 0.007997; 0.018155; 0.001760; 0.010699 \
#; -0.006550; 0.000635; 0.003860; 0.010940; -0.001060; -0.006447 \
#; 0.006550; 0.000635; -0.003860; -0.010940; -0.001060; 0.006447 \
#; 0.050475; -0.019477; 0.052095; 0.007415; -0.002694; 0.006422 \
#; -0.050475; -0.019477; -0.052095; -0.007415; -0.002694; -0.006422 \
#; -0.006651; 0.002713; -0.007945; 0.019769; -0.006797; 0.014274 \
#; 0.006651; 0.002713; 0.007945; -0.019769; -0.006797; -0.014274 \
#; 0.048007; -0.019048; -0.053414; -0.006702; 0.002484; 0.006163 \
#; -0.048007; -0.019048; 0.053414; 0.006702; 0.002484; -0.006163 \
#; -0.010240; 0.004123; 0.011833; 0.008776; -0.004356; -0.016210 \
#; 0.010240; 0.004123; -0.011833; -0.008776; -0.004356; 0.016210 \
#; 0.000000; -0.002706; -0.000000; -0.000000; -0.006133; 0.000000 \
#; 0.000000; -0.009271; -0.000000; 0.000000; -0.009698; 0.000000 \
#; 0.000000; -0.008246; 0.000000; -0.000000; 0.008567; 0.000000 \
#; 0.000000; 0.002362; -0.000000; 0.000000; 0.000859; -0.000000 \
# ]
#metaData: qpt=[0.500000;0.000000;0.000000;5.684689 \
#; -0.000000; -0.003821; -0.000000; -0.000000; -0.000599; -0.000000 \
#; -0.000000; -0.002650; 0.000000; -0.000000; -0.000937; -0.000000 \
#; -0.000000; -0.000779; -0.000000; -0.000000; 0.000642; -0.000000 \
#; -0.000000; -0.001766; 0.000000; -0.000000; 0.002227; 0.000000 \
#; 0.007694; -0.000746; 0.004534; -0.010168; 0.000986; -0.005993 \
#; -0.007694; -0.000746; -0.004534; 0.010168; 0.000986; 0.005993 \
#; 0.021913; -0.002124; -0.012915; 0.005790; -0.000561; -0.003412 \
#; -0.021913; -0.002124; 0.012915; -0.005790; -0.000561; 0.003412 \
#; -0.011298; 0.004656; -0.013849; -0.007364; 0.003780; -0.014526 \
#; 0.011298; 0.004656; 0.013849; 0.007364; 0.003780; 0.014526 \
#; -0.042599; 0.016798; -0.046628; 0.023129; -0.009318; 0.026775 \
#; 0.042599; 0.016798; 0.046628; -0.023129; -0.009318; -0.026775 \
#; -0.017095; 0.006220; 0.014871; -0.011951; 0.003856; 0.006762 \
#; 0.017095; 0.006220; -0.014871; 0.011951; 0.003856; -0.006762 \
#; -0.049075; 0.018958; 0.050810; 0.013943; -0.005215; -0.013170 \
#; 0.049075; 0.018958; -0.050810; -0.013943; -0.005215; 0.013170 \
#; 0.000000; 0.005226; 0.000000; -0.000000; -0.010680; 0.000000 \
#; -0.000000; 0.001743; 0.000000; 0.000000; 0.001810; -0.000000 \
#; 0.000000; 0.006689; 0.000000; 0.000000; 0.000443; -0.000000 \
#; -0.000000; 0.012625; -0.000000; -0.000000; 0.004540; -0.000000 \
# ]
#metaData: qpt=[0.500000;0.000000;0.000000;5.841717 \
#; 0.002818; 0.000000; -0.003040; -0.000000; 0.000000; -0.000000 \
#; 0.002584; 0.000000; -0.003721; 0.000850; -0.000000; -0.001224 \
#; 0.000000; -0.000000; -0.000000; -0.000000; -0.000000; 0.003758 \
#; -0.000230; -0.000000; 0.000885; 0.000700; -0.000000; -0.002690 \
#; 0.000319; -0.000158; -0.000347; -0.001993; 0.000983; 0.002162 \
#; 0.000319; 0.000158; -0.000347; -0.001993; -0.000983; 0.002162 \
#; -0.014973; 0.007385; -0.016243; -0.002400; 0.001184; -0.002603 \
#; -0.014973; -0.007385; -0.016243; -0.002400; -0.001184; -0.002603 \
#; -0.003038; -0.005982; 0.003307; -0.005558; -0.010944; 0.006051 \
#; -0.003038; 0.005982; 0.003307; -0.005558; 0.010944; 0.006051 \
#; -0.001233; -0.019509; 0.007969; 0.001155; 0.018276; -0.007465 \
#; -0.001233; 0.019509; 0.007969; 0.001155; -0.018276; -0.007465 \
#; -0.012294; 0.034835; 0.009520; -0.013123; 0.037186; 0.010162 \
#; -0.012294; -0.034835; 0.009520; -0.013123; -0.037186; 0.010162 \
#; -0.014842; 0.049291; 0.014300; 0.008112; -0.026940; -0.007816 \
#; -0.014842; -0.049291; 0.014300; 0.008112; 0.026940; -0.007816 \
#; 0.003987; 0.000000; 0.012132; -0.022415; -0.000000; -0.068215 \
#; -0.003871; 0.000000; -0.008926; 0.027111; 0.000000; 0.062512 \
#; 0.020369; 0.000000; 0.014026; 0.003623; -0.000000; 0.002495 \
#; 0.013872; 0.000000; 0.031554; 0.001981; -0.000000; 0.004505 \
# ]
#metaData: qpt=[0.500000;0.000000;0.000000;5.841717 \
#; 0.000000; -0.000000; 0.003094; 0.000000; 0.000000; 0.002133 \
#; -0.000446; -0.000000; -0.001713; -0.000587; -0.000000; -0.002255 \
#; -0.001599; -0.000000; -0.001725; 0.002321; 0.000000; 0.002503 \
#; -0.002166; 0.000000; -0.003119; 0.001645; 0.000000; 0.002369 \
#; 0.010472; -0.005165; -0.011361; -0.010967; 0.005409; 0.011897 \
#; 0.010472; 0.005165; -0.011361; -0.010967; -0.005409; 0.011897 \
#; 0.001460; -0.000720; 0.001584; 0.001394; -0.000688; 0.001512 \
#; 0.001460; 0.000720; 0.001584; 0.001394; 0.000688; 0.001512 \
#; 0.001743; -0.005789; 0.001679; -0.016824; 0.055874; -0.016210 \
#; 0.001743; 0.005789; 0.001679; -0.016824; -0.055874; -0.016210 \
#; 0.017782; -0.050387; 0.013770; -0.002675; 0.007581; -0.002072 \
#; 0.017782; 0.050387; 0.013770; -0.002675; -0.007581; -0.002072 \
#; -0.000251; -0.003977; -0.001625; -0.001670; -0.026435; -0.010797 \
#; -0.000251; 0.003977; -0.001625; -0.001670; 0.026435; -0.010797 \
#; 0.006300; 0.012406; 0.006859; 0.000653; 0.001285; 0.000711 \
#; 0.006300; -0.012406; 0.006859; 0.000653; -0.001285; 0.000711 \
#; -0.014541; -0.000000; 0.010013; 0.014716; -0.000000; -0.010133 \
#; -0.009503; -0.000000; 0.021616; 0.010298; -0.000000; -0.023425 \
#; 0.016194; -0.000000; -0.049283; 0.016002; 0.000000; -0.048699 \
#; -0.020126; -0.000000; 0.046407; -0.018572; -0.000000; 0.042823 \
# ]
#metaData: qpt=[0.500000;0.000000;0.000000;6.034846 \
#; 0.000000; -0.000000; 0.006375; -0.000000; 0.000000; -0.000111 \
#; 0.007198; 0.000000; -0.005774; 0.002230; -0.000000; -0.001789 \
#; 0.000136; 0.000000; 0.000077; 0.007851; 0.000000; 0.004432 \
#; -0.000653; -0.000000; 0.001443; 0.002106; 0.000000; -0.004656 \
#; -0.000433; 0.001767; 0.002092; 0.003041; -0.012396; -0.014682 \
#; -0.000433; -0.001767; 0.002092; 0.003041; 0.012396; -0.014682 \
#; 0.002279; -0.009289; 0.011001; 0.000325; -0.001324; 0.001568 \
#; 0.002279; 0.009289; 0.011001; 0.000325; 0.001324; 0.001568 \
#; 0.005990; -0.018912; 0.004315; 0.010521; -0.033219; 0.007580 \
#; 0.005990; 0.018912; 0.004315; 0.010521; 0.033219; 0.007580 \
#; -0.005834; -0.009712; -0.001730; 0.005658; 0.009420; 0.001678 \
#; -0.005834; 0.009712; -0.001730; 0.005658; -0.009420; 0.001678 \
#; 0.007126; -0.030486; -0.005836; 0.007347; -0.031431; -0.006017 \
#; 0.007126; 0.030486; -0.005836; 0.007347; 0.031431; -0.006017 \
#; 0.004281; 0.021971; 0.000036; -0.002437; -0.012508; -0.000020 \
#; 0.004281; -0.021971; 0.000036; -0.002437; 0.012508; -0.000020 \
#; -0.004289; 0.000000; 0.002099; 0.026810; -0.000000; -0.013121 \
#; 0.005642; -0.000000; -0.007697; -0.045098; -0.000000; 0.061526 \
#; -0.054606; -0.000000; -0.067633; -0.008736; 0.000000; -0.010820 \
#; 0.041267; 0.000000; 0.031741; 0.005163; 0.000000; 0.003971 \
# ]
#metaData: qpt=[0.500000;0.000000;0.000000;6.034846 \
#; -0.007852; 0.000000; 0.004433; 0.000000; 0.000000; -0.000000 \
#; -0.002095; -0.000000; -0.004630; -0.000689; 0.000000; -0.001523 \
#; -0.000000; -0.000000; 0.000000; 0.000000; -0.000000; -0.006376 \
#; -0.002355; -0.000000; -0.001889; 0.007159; -0.000000; 0.005742 \
#; -0.000364; 0.001485; 0.001759; 0.002273; -0.009264; -0.010972 \
#; -0.000364; -0.001485; 0.001759; 0.002273; 0.009264; -0.010972 \
#; -0.003033; 0.012364; -0.014643; -0.000486; 0.001982; -0.002347 \
#; -0.003033; -0.012364; -0.014643; -0.000486; -0.001982; -0.002347 \
#; 0.002362; 0.012125; -0.000020; 0.004322; 0.022185; -0.000036 \
#; 0.002362; -0.012125; -0.000020; 0.004322; -0.022185; -0.000036 \
#; -0.007470; 0.031955; -0.006118; 0.006998; -0.029935; 0.005731 \
#; -0.007470; -0.031955; -0.006118; 0.006998; 0.029935; 0.005731 \
#; -0.005556; -0.009250; 0.001648; -0.005931; -0.009874; 0.001759 \
#; -0.005556; 0.009250; 0.001648; -0.005931; 0.009874; 0.001759 \
#; -0.010623; 0.033542; 0.007654; 0.005806; -0.018332; -0.004183 \
#; -0.010623; -0.033542; 0.007654; 0.005806; 0.018332; -0.004183 \
#; 0.009683; 0.000000; -0.011993; -0.054446; 0.000000; 0.067435 \
#; -0.005879; 0.000000; 0.004522; 0.041171; -0.000000; -0.031668 \
#; -0.026732; 0.000000; -0.013083; -0.004754; 0.000000; -0.002327 \
#; 0.044994; 0.000000; 0.061383; 0.006424; -0.000000; 0.008764 \
# ]
#metaData: qpt=[0.500000;0.000000;0.000000;6.536088 \
#; -0.000000; 0.000000; -0.000321; -0.000000; 0.000000; -0.001110 \
#; -0.000021; 0.000000; -0.000042; 0.000569; -0.000000; 0.001163 \
#; -0.009435; -0.000000; 0.000171; 0.002731; 0.000000; -0.000049 \
#; -0.009799; 0.000000; 0.000110; -0.000353; 0.000000; 0.000004 \
#; -0.035747; -0.006267; -0.003914; 0.004415; 0.000774; 0.000483 \
#; -0.035747; 0.006267; -0.003914; 0.004415; -0.000774; 0.000483 \
#; 0.000128; 0.000022; -0.000014; 0.001038; 0.000182; -0.000114 \
#; 0.000128; -0.000022; -0.000014; 0.001038; -0.000182; -0.000114 \
#; 0.014539; -0.003568; 0.023656; -0.014440; 0.003544; -0.023495 \
#; 0.014539; 0.003568; 0.023656; -0.014440; -0.003544; -0.023495 \
#; 0.016475; -0.003894; 0.026408; 0.009792; -0.002314; 0.015695 \
#; 0.016475; 0.003894; 0.026408; 0.009792; 0.002314; 0.015695 \
#; 0.011961; -0.004460; -0.023548; -0.020126; 0.007504; 0.039622 \
#; 0.011961; 0.004460; -0.023548; -0.020126; -0.007504; 0.039622 \
#; 0.015687; -0.005956; -0.031170; 0.015795; -0.005996; -0.031384 \
#; 0.015687; 0.005956; -0.031170; 0.015795; 0.005996; -0.031384 \
#; 0.050789; -0.000000; -0.013698; -0.005393; 0.000000; 0.001454 \
#; 0.050729; 0.000000; -0.014689; -0.007147; 0.000000; 0.002069 \
#; -0.000438; 0.000000; -0.001970; -0.004126; 0.000000; -0.018555 \
#; 0.000165; 0.000000; 0.002487; 0.001168; 0.000000; 0.017654 \
# ]
#metaData: qpt=[0.500000;0.000000;0.000000;6.536088 \
#; 0.009822; -0.000000; 0.000178; -0.000000; -0.000000; -0.000000 \
#; 0.009315; 0.000000; 0.000105; 0.003064; -0.000000; 0.000035 \
#; -0.000000; 0.000000; 0.000000; 0.000000; -0.000000; -0.001156 \
#; 0.000178; -0.000000; -0.000364; -0.000541; 0.000000; 0.001106 \
#; 0.000165; 0.000029; 0.000018; -0.001032; -0.000181; -0.000113 \
#; 0.000165; -0.000029; 0.000018; -0.001032; 0.000181; -0.000113 \
#; 0.035564; 0.006235; -0.003894; 0.005700; 0.000999; -0.000624 \
#; 0.035564; -0.006235; -0.003894; 0.005700; -0.000999; -0.000624 \
#; -0.010676; 0.004053; -0.021214; -0.019534; 0.007416; -0.038813 \
#; -0.010676; -0.004053; -0.021214; -0.019534; -0.007416; -0.038813 \
#; -0.017086; 0.006370; -0.033638; 0.016006; -0.005968; 0.031511 \
#; -0.017086; -0.006370; -0.033638; 0.016006; 0.005968; 0.031511 \
#; -0.013103; 0.003097; 0.021002; -0.013987; 0.003306; 0.022419 \
#; -0.013103; -0.003097; 0.021002; -0.013987; -0.003306; 0.022419 \
#; -0.017981; 0.004413; 0.029257; 0.009827; -0.002412; -0.015990 \
#; -0.017981; -0.004413; 0.029257; 0.009827; 0.002412; -0.015990 \
#; -0.000727; 0.000000; 0.003267; 0.004085; -0.000000; -0.018371 \
#; 0.000167; -0.000000; -0.002520; -0.001168; 0.000000; 0.017649 \
#; -0.050286; -0.000000; -0.013562; -0.008943; 0.000000; -0.002412 \
#; -0.050715; 0.000000; -0.014685; -0.007241; 0.000000; -0.002097 \
# ]
#metaData: qpt=[0.500000;0.000000;0.000000;7.092872 \
#; 0.006643; -0.000000; 0.000549; 0.000000; 0.000000; -0.000000 \
#; -0.006216; -0.000000; -0.000349; -0.002045; -0.000000; -0.000115 \
#; 0.000000; 0.000000; -0.000000; -0.000000; -0.000000; -0.001010 \
#; -0.000356; 0.000000; 0.000341; 0.001083; -0.000000; -0.001035 \
#; -0.000591; -0.009987; -0.001107; 0.003689; 0.062315; 0.006908 \
#; -0.000591; 0.009987; -0.001107; 0.003689; -0.062315; 0.006908 \
#; 0.000319; 0.005387; -0.000597; 0.000051; 0.000863; -0.000096 \
#; 0.000319; -0.005387; -0.000597; 0.000051; -0.000863; -0.000096 \
#; 0.002022; -0.013838; 0.000543; 0.003700; -0.025318; 0.000994 \
#; 0.002022; 0.013838; 0.000543; 0.003700; 0.025318; 0.000994 \
#; -0.003130; 0.018382; -0.000802; 0.002932; -0.017220; 0.000751 \
#; -0.003130; -0.018382; -0.000802; 0.002932; 0.017220; 0.000751 \
#; -0.000035; -0.016089; -0.000197; -0.000037; -0.017174; -0.000210 \
#; -0.000035; 0.016089; -0.000197; -0.000037; 0.017174; -0.000210 \
#; 0.000690; 0.016551; 0.000084; -0.000377; -0.009046; -0.000046 \
#; 0.000690; -0.016551; 0.000084; -0.000377; 0.009046; -0.000046 \
#; -0.001873; -0.000000; 0.005357; 0.010530; -0.000000; -0.030120 \
#; -0.001048; -0.000000; 0.004197; 0.007343; -0.000000; -0.029395 \
#; -0.017894; -0.000000; -0.002561; -0.003182; -0.000000; -0.000455 \
#; 0.019542; 0.000000; 0.007734; 0.002790; 0.000000; 0.001104 \
# ]
#metaData: qpt=[0.500000;0.000000;0.000000;7.092872 \
#; -0.000000; -0.000000; 0.000998; -0.000000; -0.000000; -0.000158 \
#; 0.001125; 0.000000; 0.001075; 0.000183; -0.000000; 0.000175 \
#; -0.001037; -0.000000; 0.000086; -0.006561; 0.000000; 0.000543 \
#; -0.001049; 0.000000; 0.000059; 0.006459; -0.000000; -0.000363 \
#; 0.000001; 0.000012; 0.000001; -0.000323; -0.005455; -0.000605 \
#; 0.000001; -0.000012; 0.000001; -0.000323; 0.005455; -0.000605 \
#; 0.003736; 0.063110; -0.006996; 0.000008; 0.000135; -0.000015 \
#; 0.003736; -0.063110; -0.006996; 0.000008; -0.000135; -0.000015 \
#; -0.000480; -0.011519; 0.000058; -0.000623; -0.014936; 0.000076 \
#; -0.000480; 0.011519; 0.000058; -0.000623; 0.014936; 0.000076 \
#; -0.000032; -0.014452; 0.000177; 0.000041; 0.018573; -0.000228 \
#; -0.000032; 0.014452; 0.000177; 0.000041; -0.018573; -0.000228 \
#; 0.003385; -0.019879; -0.000867; 0.002634; -0.015468; -0.000675 \
#; 0.003385; 0.019879; -0.000867; 0.002634; 0.015468; -0.000675 \
#; 0.003339; -0.022847; -0.000897; -0.002575; 0.017621; 0.000691 \
#; 0.003339; 0.022847; -0.000897; -0.002575; -0.017621; 0.000691 \
#; -0.000349; 0.000000; 0.000050; 0.018171; -0.000000; -0.002600 \
#; -0.000295; 0.000000; 0.000117; -0.019738; -0.000000; 0.007811 \
#; 0.010693; 0.000000; 0.030587; 0.000206; -0.000000; 0.000588 \
#; 0.007417; 0.000000; 0.029689; -0.000111; -0.000000; -0.000444 \
# ]
#metaData: qpt=[0.500000;0.000000;0.000000;8.723900 \
#; -0.000000; 0.000017; 0.000000; 0.000000; 0.000235; -0.000000 \
#; 0.000000; -0.000207; 0.000000; 0.000000; -0.000058; -0.000000 \
#; 0.000000; -0.000100; -0.000000; 0.000000; 0.000245; 0.000000 \
#; 0.000000; -0.000280; 0.000000; 0.000000; 0.000034; 0.000000 \
#; 0.002786; 0.009843; -0.002810; -0.002078; -0.007341; 0.002096 \
#; -0.002786; 0.009843; 0.002810; 0.002078; -0.007341; -0.002096 \
#; 0.001596; 0.005639; 0.001610; -0.001434; -0.005065; -0.001446 \
#; -0.001596; 0.005639; -0.001610; 0.001434; -0.005065; 0.001446 \
#; -0.002153; 0.009265; 0.005354; 0.031547; -0.008138; -0.028744 \
#; 0.002153; 0.009265; -0.005354; -0.031547; -0.008138; 0.028744 \
#; -0.032014; 0.009209; 0.029540; -0.006952; -0.006582; 0.003073 \
#; 0.032014; 0.009209; -0.029540; 0.006952; -0.006582; -0.003073 \
#; -0.019237; 0.006174; -0.018000; -0.008937; -0.011414; -0.002801 \
#; 0.019237; 0.006174; 0.018000; 0.008937; -0.011414; 0.002801 \
#; 0.006495; 0.011651; 0.000728; 0.021934; -0.002955; 0.018933 \
#; -0.006495; 0.011651; -0.000728; -0.021934; -0.002955; -0.018933 \
#; -0.000000; -0.072534; 0.000000; -0.000000; 0.026646; 0.000000 \
#; -0.000000; -0.043225; 0.000000; -0.000000; 0.059610; 0.000000 \
#; 0.000000; -0.053522; -0.000000; 0.000000; 0.001971; 0.000000 \
#; 0.000000; -0.012170; 0.000000; 0.000000; 0.057183; 0.000000 \
# ]
#metaData: qpt=[0.500000;0.000000;0.000000;8.723900 \
#; -0.000000; -0.000058; 0.000000; 0.000000; 0.000258; 0.000000 \
#; 0.000000; 0.000058; 0.000000; 0.000000; 0.000276; 0.000000 \
#; -0.000000; 0.000148; 0.000000; 0.000000; -0.000183; 0.000000 \
#; -0.000000; -0.000122; 0.000000; 0.000000; -0.000177; -0.000000 \
#; -0.000182; -0.000643; 0.000184; 0.002138; 0.007552; -0.002156 \
#; 0.000182; -0.000643; -0.000184; -0.002138; 0.007552; 0.002156 \
#; -0.000021; -0.000076; -0.000022; -0.003476; -0.012279; -0.003506 \
#; 0.000021; -0.000076; 0.000022; 0.003476; -0.012279; 0.003506 \
#; -0.002433; 0.011892; 0.006603; -0.022746; -0.001749; 0.017759 \
#; 0.002433; 0.011892; -0.006603; 0.022746; -0.001749; -0.017759 \
#; 0.004966; -0.012778; -0.009002; -0.020622; -0.002264; 0.015837 \
#; -0.004966; -0.012778; 0.009002; 0.020622; -0.002264; -0.015837 \
#; -0.014467; 0.010882; -0.015967; 0.029392; -0.003117; 0.025043 \
#; 0.014467; 0.010882; 0.015967; -0.029392; -0.003117; -0.025043 \
#; 0.014110; -0.011680; 0.015988; 0.028298; -0.003953; 0.024480 \
#; -0.014110; -0.011680; -0.015988; -0.028298; -0.003953; -0.024480 \
#; 0.000000; -0.029172; 0.000000; -0.000000; -0.044917; 0.000000 \
#; -0.000000; 0.036758; 0.000000; -0.000000; -0.045462; 0.000000 \
#; -0.000000; 0.019921; -0.000000; 0.000000; 0.074662; -0.000000 \
#; 0.000000; -0.019089; 0.000000; 0.000000; 0.071115; 0.000000 \
# ]
#metaData: qpt=[0.500000;0.000000;0.000000;8.773338 \
#; 0.000000; 0.000712; -0.000000; 0.000000; 0.000601; 0.000000 \
#; 0.000000; -0.000006; -0.000000; -0.000000; -0.000783; 0.000000 \
#; 0.000000; 0.000442; -0.000000; -0.000000; 0.000706; -0.000000 \
#; -0.000000; 0.000235; -0.000000; -0.000000; -0.000944; -0.000000 \
#; 0.000064; 0.005648; 0.006472; -0.000032; -0.002816; -0.003227 \
#; -0.000064; 0.005648; -0.006472; 0.000032; -0.002816; 0.003227 \
#; 0.000075; 0.006631; -0.007599; -0.000010; -0.000922; 0.001056 \
#; -0.000075; 0.006631; 0.007599; 0.000010; -0.000922; -0.001056 \
#; -0.009139; 0.008578; 0.002986; -0.045709; 0.000694; 0.031042 \
#; 0.009139; 0.008578; -0.002986; 0.045709; 0.000694; -0.031042 \
#; 0.012484; 0.009903; -0.012330; 0.031119; -0.006213; -0.018943 \
#; -0.012484; 0.009903; 0.012330; -0.031119; -0.006213; 0.018943 \
#; 0.020092; 0.006896; 0.016393; 0.042048; -0.004768; 0.026980 \
#; -0.020092; 0.006896; -0.016393; -0.042048; -0.004768; -0.026980 \
#; -0.004575; 0.011490; 0.001251; -0.033200; -0.000935; -0.023095 \
#; 0.004575; 0.011490; -0.001251; 0.033200; -0.000935; 0.023095 \
#; -0.000000; -0.042596; -0.000000; 0.000000; 0.027554; -0.000000 \
#; -0.000000; -0.043755; -0.000000; -0.000000; 0.015413; 0.000000 \
#; 0.000000; -0.047886; 0.000000; 0.000000; 0.012011; -0.000000 \
#; -0.000000; -0.053426; 0.000000; 0.000000; 0.002145; -0.000000 \
# ]
#metaData: qpt=[0.500000;0.000000;0.000000;8.773338 \
#; 0.000000; 0.000248; 0.000000; -0.000000; -0.000794; 0.000000 \
#; 0.000000; -0.000131; 0.000000; -0.000000; 0.000964; -0.000000 \
#; -0.000000; -0.000536; -0.000000; 0.000000; 0.000762; -0.000000 \
#; 0.000000; 0.000296; 0.000000; 0.000000; -0.000726; -0.000000 \
#; -0.000074; -0.006562; -0.007519; -0.000015; -0.001330; -0.001524 \
#; 0.000074; -0.006562; 0.007519; 0.000015; -0.001330; 0.001524 \
#; 0.000062; 0.005463; -0.006260; 0.000036; 0.003159; -0.003620 \
#; -0.000062; 0.005463; 0.006260; -0.000036; 0.003159; 0.003620 \
#; -0.030157; -0.004442; 0.022350; -0.014618; 0.010638; 0.005952 \
#; 0.030157; -0.004442; -0.022350; 0.014618; 0.010638; -0.005952 \
#; -0.045095; 0.003374; 0.029598; -0.011756; -0.007675; 0.010980 \
#; 0.045095; 0.003374; -0.029598; 0.011756; -0.007675; -0.010980 \
#; 0.032922; -0.004223; 0.020937; 0.006358; 0.010902; 0.008515 \
#; -0.032922; -0.004223; -0.020937; -0.006358; 0.010902; -0.008515 \
#; 0.040643; 0.001993; 0.028597; 0.022826; -0.008372; 0.012439 \
#; -0.040643; 0.001993; -0.028597; -0.022826; -0.008372; -0.012439 \
#; -0.000000; 0.046514; 0.000000; -0.000000; 0.016546; -0.000000 \
#; -0.000000; 0.053346; -0.000000; 0.000000; 0.003620; -0.000000 \
#; -0.000000; -0.039758; 0.000000; 0.000000; -0.031511; 0.000000 \
#; -0.000000; -0.043312; 0.000000; -0.000000; -0.016616; 0.000000 \
# ]
#metaData: qpt=[0.500000;0.000000;0.000000;8.924555 \
#; -0.000000; -0.000100; -0.000000; 0.000000; 0.000045; 0.000000 \
#; -0.000000; -0.000189; 0.000000; -0.000000; -0.000024; 0.000000 \
#; -0.000000; 0.000013; -0.000000; 0.000000; 0.000158; -0.000000 \
#; -0.000000; -0.000030; -0.000000; -0.000000; -0.000004; -0.000000 \
#; 0.001146; -0.000818; 0.000148; -0.004319; 0.003085; -0.000557 \
#; -0.001146; -0.000818; -0.000148; 0.004319; 0.003085; 0.000557 \
#; 0.008057; -0.005755; -0.001038; -0.000919; 0.000656; 0.000118 \
#; -0.008057; -0.005755; 0.001038; 0.000919; 0.000656; -0.000118 \
#; -0.023446; -0.000310; 0.023325; -0.021807; 0.001665; 0.019465 \
#; 0.023446; -0.000310; -0.023325; 0.021807; 0.001665; -0.019465 \
#; -0.022088; -0.004351; 0.026604; 0.033371; 0.004499; -0.037829 \
#; 0.022088; -0.004351; -0.026604; -0.033371; 0.004499; 0.037829 \
#; 0.005369; -0.005039; -0.000488; 0.011708; -0.002457; 0.008669 \
#; -0.005369; -0.005039; 0.000488; -0.011708; -0.002457; -0.008669 \
#; -0.023851; -0.006241; -0.030488; 0.013164; 0.005365; 0.019019 \
#; 0.023851; -0.006241; 0.030488; -0.013164; 0.005365; -0.019019 \
#; 0.000000; -0.001723; -0.000000; -0.000000; -0.083228; 0.000000 \
#; -0.000000; 0.012864; -0.000000; 0.000000; 0.049533; 0.000000 \
#; -0.000000; -0.004216; -0.000000; -0.000000; -0.013082; -0.000000 \
#; -0.000000; 0.066913; -0.000000; 0.000000; 0.004751; -0.000000 \
# ]
#metaData: qpt=[0.500000;0.000000;0.000000;8.924555 \
#; -0.000000; 0.000110; 0.000000; 0.000000; 0.000115; -0.000000 \
#; -0.000000; 0.000028; 0.000000; 0.000000; -0.000010; -0.000000 \
#; -0.000000; -0.000100; -0.000000; -0.000000; 0.000046; -0.000000 \
#; 0.000000; -0.000180; -0.000000; 0.000000; 0.000063; 0.000000 \
#; 0.007421; -0.005301; 0.000956; -0.003268; 0.002335; -0.000421 \
#; -0.007421; -0.005301; -0.000956; 0.003268; 0.002335; 0.000421 \
#; -0.003167; 0.002262; 0.000408; -0.003152; 0.002252; 0.000406 \
#; 0.003167; 0.002262; -0.000408; 0.003152; 0.002252; -0.000406 \
#; -0.006172; -0.003463; 0.009998; 0.026534; 0.007466; -0.034515 \
#; 0.006172; -0.003463; -0.009998; -0.026534; 0.007466; 0.034515 \
#; 0.012096; -0.005292; -0.005813; -0.004429; -0.001850; 0.006449 \
#; -0.012096; -0.005292; 0.005813; 0.004429; -0.001850; -0.006449 \
#; -0.008153; -0.000133; -0.008139; 0.039179; 0.006257; 0.045525 \
#; 0.008153; -0.000133; 0.008139; -0.039179; 0.006257; -0.045525 \
#; -0.027367; 0.001518; -0.025081; -0.016621; -0.000752; -0.017143 \
#; 0.027367; 0.001518; 0.025081; 0.016621; -0.000752; 0.017143 \
#; -0.000000; 0.002494; 0.000000; -0.000000; 0.013517; 0.000000 \
#; 0.000000; 0.054067; 0.000000; 0.000000; -0.039707; 0.000000 \
#; 0.000000; -0.037960; -0.000000; -0.000000; -0.074088; 0.000000 \
#; 0.000000; 0.015537; -0.000000; 0.000000; 0.048760; 0.000000 \
# ]
#metaData: qpt=[0.500000;0.000000;0.000000;9.111058 \
#; 0.000000; -0.000000; 0.000008; -0.000000; 0.000000; -0.000040 \
#; 0.000645; -0.000000; -0.000542; -0.001140; 0.000000; 0.000958 \
#; 0.001310; -0.000000; 0.001109; 0.000261; 0.000000; 0.000221 \
#; -0.000229; -0.000000; -0.000228; -0.000129; 0.000000; -0.000129 \
#; -0.001342; 0.000250; -0.007915; -0.000498; 0.000093; -0.002939 \
#; -0.001342; -0.000250; -0.007915; -0.000498; -0.000093; -0.002939 \
#; -0.000608; 0.000113; 0.003587; 0.001638; -0.000306; -0.009659 \
#; -0.000608; -0.000113; 0.003587; 0.001638; 0.000306; -0.009659 \
#; 0.009564; 0.000792; -0.004341; -0.002996; -0.000248; 0.001360 \
#; 0.009564; -0.000792; -0.004341; -0.002996; 0.000248; 0.001360 \
#; -0.036268; 0.001788; 0.026436; -0.058355; 0.002877; 0.042535 \
#; -0.036268; -0.001788; 0.026436; -0.058355; -0.002877; 0.042535 \
#; -0.003019; 0.001296; -0.004588; 0.001876; -0.000805; 0.002851 \
#; -0.003019; -0.001296; -0.004588; 0.001876; 0.000805; 0.002851 \
#; 0.020343; -0.001082; 0.014993; 0.064954; -0.003456; 0.047873 \
#; 0.020343; 0.001082; 0.014993; 0.064954; 0.003456; 0.047873 \
#; 0.001713; -0.000000; -0.015288; 0.000670; 0.000000; -0.005977 \
#; -0.005365; 0.000000; -0.009756; -0.001889; -0.000000; -0.003435 \
#; -0.001978; -0.000000; 0.005040; 0.005060; -0.000000; -0.012890 \
#; 0.000244; 0.000000; 0.006248; -0.000694; 0.000000; -0.017747 \
# ]
#metaData: qpt=[0.500000;0.000000;0.000000;9.111058 \
#; -0.001336; 0.000000; 0.001131; 0.000000; -0.000000; 0.000000 \
#; 0.000249; 0.000000; -0.000249; 0.000082; -0.000000; -0.000082 \
#; 0.000000; -0.000000; -0.000000; -0.000000; 0.000000; -0.000040 \
#; -0.000409; 0.000000; -0.000344; 0.001244; -0.000000; 0.001046 \
#; 0.000277; -0.000052; 0.001631; -0.001725; 0.000322; -0.010174 \
#; 0.000277; 0.000052; 0.001631; -0.001725; -0.000322; -0.010174 \
#; 0.001414; -0.000264; -0.008336; 0.000227; -0.000042; -0.001336 \
#; 0.001414; 0.000264; -0.008336; 0.000227; 0.000042; -0.001336 \
#; -0.032644; 0.001737; 0.024059; -0.059726; 0.003178; 0.044020 \
#; -0.032644; -0.001737; 0.024059; -0.059726; -0.003178; 0.044020 \
#; 0.002594; -0.001113; -0.003942; -0.002430; 0.001043; 0.003693 \
#; 0.002594; 0.001113; -0.003942; -0.002430; -0.001043; 0.003693 \
#; 0.046972; -0.002316; 0.034239; 0.050142; -0.002472; 0.036549 \
#; 0.046972; 0.002316; 0.034239; 0.050142; 0.002472; 0.036549 \
#; -0.008795; -0.000728; -0.003992; 0.004807; 0.000398; 0.002182 \
#; -0.008795; 0.000728; -0.003992; 0.004807; -0.000398; 0.002182 \
#; 0.000951; 0.000000; 0.002423; -0.005349; -0.000000; -0.013627 \
#; -0.000104; -0.000000; 0.002660; 0.000728; 0.000000; -0.018626 \
#; -0.001811; 0.000000; -0.016161; -0.000322; 0.000000; -0.002874 \
#; 0.005631; -0.000000; -0.010240; 0.000804; -0.000000; -0.001462 \
# ]
#metaData: qpt=[0.500000;0.000000;0.000000;11.897171 \
#; -0.004365; 0.000000; 0.000495; -0.000000; 0.000000; -0.000000 \
#; -0.004016; -0.000000; 0.000504; -0.001321; 0.000000; 0.000166 \
#; -0.000000; -0.000000; -0.000000; -0.000000; -0.000000; 0.000203 \
#; -0.000339; 0.000000; 0.000023; 0.001032; 0.000000; -0.000070 \
#; -0.000481; -0.000007; 0.000074; 0.002998; 0.000045; -0.000463 \
#; -0.000481; 0.000007; 0.000074; 0.002998; -0.000045; -0.000463 \
#; -0.023719; -0.000354; -0.003662; -0.003801; -0.000057; -0.000587 \
#; -0.023719; 0.000354; -0.003662; -0.003801; 0.000057; -0.000587 \
#; 0.016587; 0.000482; -0.017053; 0.030349; 0.000881; -0.031202 \
#; 0.016587; -0.000482; -0.017053; 0.030349; -0.000881; -0.031202 \
#; 0.033499; 0.000507; -0.033120; -0.031381; -0.000475; 0.031026 \
#; 0.033499; -0.000507; -0.033120; -0.031381; 0.000475; 0.031026 \
#; 0.027122; -0.000911; 0.023069; 0.028953; -0.000972; 0.024625 \
#; 0.027122; 0.000911; 0.023069; 0.028953; 0.000972; 0.024625 \
#; 0.043740; -0.000981; 0.038587; -0.023906; 0.000536; -0.021090 \
#; 0.043740; 0.000981; 0.038587; -0.023906; -0.000536; -0.021090 \
#; 0.000559; 0.000000; 0.000987; -0.003144; 0.000000; -0.005552 \
#; -0.000434; -0.000000; -0.000784; 0.003040; -0.000000; 0.005494 \
#; 0.000089; 0.000000; 0.000351; 0.000016; 0.000000; 0.000062 \
#; 0.000873; -0.000000; -0.001047; 0.000125; -0.000000; -0.000150 \
# ]
#metaData: qpt=[0.500000;0.000000;0.000000;11.897171 \
#; -0.000000; 0.000000; -0.000198; 0.000000; -0.000000; 0.000045 \
#; 0.001081; -0.000000; 0.000073; 0.000103; -0.000000; 0.000007 \
#; 0.000966; -0.000000; 0.000110; 0.004257; -0.000000; 0.000483 \
#; -0.000400; 0.000000; -0.000050; 0.004209; 0.000000; 0.000528 \
#; 0.001542; 0.000023; -0.000238; 0.023973; 0.000358; -0.003701 \
#; 0.001542; -0.000023; -0.000238; 0.023973; -0.000358; -0.003701 \
#; 0.003030; 0.000045; 0.000468; -0.000195; -0.000003; -0.000030 \
#; 0.003030; -0.000045; 0.000468; -0.000195; 0.000003; -0.000030 \
#; -0.032993; 0.000740; 0.029106; -0.037365; 0.000838; 0.032963 \
#; -0.032993; -0.000740; 0.029106; -0.037365; -0.000838; 0.032963 \
#; 0.022233; -0.000747; -0.018910; -0.032857; 0.001103; 0.027946 \
#; 0.022233; 0.000747; -0.018910; -0.032857; -0.001103; 0.027946 \
#; -0.038017; -0.000576; -0.037586; -0.025724; -0.000389; -0.025433 \
#; -0.038017; 0.000576; -0.037586; -0.025724; 0.000389; -0.025433 \
#; 0.025926; 0.000753; 0.026655; -0.022892; -0.000665; -0.023535 \
#; 0.025926; -0.000753; 0.026655; -0.022892; 0.000665; -0.023535 \
#; -0.000004; 0.000000; 0.000017; -0.000090; 0.000000; 0.000356 \
#; -0.000072; -0.000000; -0.000086; -0.000879; -0.000000; -0.001055 \
#; -0.003190; -0.000000; 0.005632; 0.000150; 0.000000; -0.000266 \
#; 0.003060; 0.000000; -0.005532; -0.000249; -0.000000; 0.000451 \
# ]
#metaData: qpt=[0.500000;0.000000;0.000000;12.246438 \
#; -0.000000; -0.000261; -0.000000; 0.000000; 0.001886; 0.000000 \
#; 0.000000; 0.000553; -0.000000; -0.000000; -0.001280; 0.000000 \
#; 0.000000; 0.001486; 0.000000; 0.000000; 0.000442; 0.000000 \
#; -0.000000; -0.001706; -0.000000; 0.000000; -0.001085; -0.000000 \
#; -0.009878; -0.000249; 0.001835; -0.002799; -0.000071; 0.000520 \
#; 0.009878; -0.000249; -0.001835; 0.002799; -0.000071; -0.000520 \
#; -0.004585; -0.000116; -0.000852; 0.010130; 0.000255; 0.001882 \
#; 0.004585; -0.000116; 0.000852; -0.010130; 0.000255; -0.001882 \
#; 0.038971; 0.000424; -0.039807; -0.012549; 0.000166; 0.012457 \
#; -0.038971; 0.000424; 0.039807; 0.012549; 0.000166; -0.012457 \
#; 0.003456; -0.002026; -0.001062; -0.000240; -0.003273; 0.004156 \
#; -0.003456; -0.002026; 0.001062; 0.000240; -0.003273; -0.004156 \
#; 0.035079; -0.000112; 0.035242; -0.021615; -0.000267; -0.022118 \
#; -0.035079; -0.000112; -0.035242; 0.021615; -0.000267; 0.022118 \
#; 0.001437; 0.001167; 0.002845; -0.005611; 0.003651; -0.001292 \
#; -0.001437; 0.001167; -0.002845; 0.005611; 0.003651; 0.001292 \
#; 0.000000; -0.059470; 0.000000; 0.000000; -0.028103; 0.000000 \
#; 0.000000; 0.059846; -0.000000; 0.000000; 0.025908; -0.000000 \
#; 0.000000; 0.017347; 0.000000; -0.000000; -0.057615; -0.000000 \
#; 0.000000; -0.015612; -0.000000; -0.000000; 0.058739; -0.000000 \
# ]
#metaData: qpt=[0.500000;0.000000;0.000000;12.246438 \
#; 0.000000; -0.000559; -0.000000; -0.000000; -0.001446; -0.000000 \
#; 0.000000; 0.000022; 0.000000; -0.000000; 0.002021; 0.000000 \
#; 0.000000; 0.001859; 0.000000; -0.000000; -0.000411; 0.000000 \
#; -0.000000; -0.001379; -0.000000; -0.000000; -0.000205; 0.000000 \
#; 0.010925; 0.000275; -0.002030; -0.002072; -0.000052; 0.000385 \
#; -0.010925; 0.000275; 0.002030; 0.002072; -0.000052; -0.000385 \
#; 0.000396; 0.000010; 0.000073; 0.010260; 0.000259; 0.001906 \
#; -0.000396; 0.000010; -0.000073; -0.010260; 0.000259; -0.001906 \
#; -0.001374; 0.002748; -0.001901; 0.005627; -0.002671; -0.002480 \
#; 0.001374; 0.002748; 0.001901; -0.005627; -0.002671; 0.002480 \
#; -0.035399; 0.000108; 0.035569; -0.021087; -0.000269; 0.021587 \
#; 0.035399; 0.000108; -0.035569; 0.021087; -0.000269; -0.021587 \
#; 0.003459; -0.001976; 0.001124; 0.000188; 0.003303; 0.004139 \
#; -0.003459; -0.001976; -0.001124; -0.000188; 0.003303; -0.004139 \
#; -0.028475; -0.000452; -0.029256; -0.029418; -0.000053; -0.029730 \
#; 0.028475; -0.000452; 0.029256; 0.029418; -0.000053; 0.029730 \
#; -0.000000; -0.060157; 0.000000; -0.000000; 0.001245; 0.000000 \
#; -0.000000; 0.060682; -0.000000; 0.000000; -0.003425; 0.000000 \
#; -0.000000; 0.011108; 0.000000; 0.000000; 0.064831; -0.000000 \
#; 0.000000; -0.013286; -0.000000; -0.000000; -0.063846; 0.000000 \
# ]
