nep4 3 Ba Zr S 
cutoff 8 4 150 20
n_max 4 4
basis_size 8 8
l_max 4 2 0
ANN 30 0
 -1.2835027e-01
 -2.8859247e-06
  2.2668763e-04
  5.3430580e-05
 -1.7893778e-02
  2.3416511e-04
  4.1497738e-06
 -6.5875232e-05
  1.7132182e-04
 -2.2357982e-01
 -4.0484870e-06
  5.3594766e-05
 -5.9786009e-05
  8.5830391e-07
  6.0537678e-07
 -2.1031653e-04
  7.0517963e-06
 -1.0136051e-04
  1.1681016e-05
 -9.2736633e-07
  1.4593241e-05
 -7.6830639e-07
 -6.4264159e-06
  4.4592303e-05
 -3.7843641e-04
 -1.3732712e-05
  3.0309679e-05
  2.9977803e-06
  2.3590364e-06
  1.1282573e-05
  9.1952479e-06
 -7.2299990e-06
  1.4508918e-06
  1.1000627e-05
  1.1577710e-05
 -1.7012851e-06
  9.9855424e-07
 -4.9521994e-05
 -8.0269047e-07
  1.4303904e-05
 -2.0055836e-06
 -7.6578517e-06
  1.1020002e-06
 -2.8828861e-06
  1.5887865e-06
 -1.4824681e-07
 -3.2940009e-06
  2.2688532e-06
  1.2379285e-04
 -1.2468746e-05
  3.9275583e-06
 -2.3763482e-06
  1.0674418e-04
  2.7023609e-05
  9.9920626e-06
  7.5641845e-05
  1.3868580e-05
  3.5221594e-06
  1.1331114e-05
  7.9870212e-08
  2.8922176e-04
 -4.1464764e-06
 -1.1086861e-05
  5.1025560e-05
  7.2647836e-06
 -1.6843969e-06
 -6.1382008e-05
  1.6086384e-05
 -1.1155237e-05
 -1.1247173e-04
  1.8105071e-05
  1.8496357e-05
 -6.3514037e-08
  2.5979823e-06
 -3.1089698e-06
  1.5210770e-05
 -8.3895600e-07
  1.8021841e-05
  5.6763129e-06
  4.7989727e-07
 -6.6088883e-06
 -4.5470570e-06
 -3.2089040e-06
 -1.2633600e-05
  7.0622190e-07
 -7.2186720e-07
 -8.7235685e-07
  1.0515837e-05
 -1.7409246e-05
  1.4333578e-05
  1.7066977e+00
 -6.2317338e-07
 -1.1088849e+00
 -7.2728978e-03
 -1.4896572e-01
 -1.1572033e-05
 -9.5074665e-06
  6.0228858e-02
 -4.1563115e-01
 -5.0392181e-01
 -7.6120659e-06
 -1.2754577e-05
  2.4637601e-03
 -1.1026586e-01
 -6.1341271e-02
 -3.1405177e-06
  4.4832082e-05
  2.2442573e-01
  1.4771426e-01
 -3.0849096e-01
  4.6791520e-05
 -5.4967395e-06
  1.3240437e-01
  1.8652356e-01
  3.3820707e-01
 -2.6592472e-05
  2.7168257e-05
 -1.7301583e-05
  1.4170898e-05
 -7.2485411e-05
 -1.5130384e-05
  6.1072906e-06
  2.0217622e-04
  1.6229591e-05
  1.8403756e-05
  1.3763514e-04
 -1.2460480e-06
 -2.6359658e-07
 -1.1968642e-05
  2.9102509e-04
  7.2483049e-06
  3.1707819e-05
  4.0232180e-06
 -1.8681145e-06
 -1.4275674e-05
  7.1946783e-06
  4.9126679e-06
 -4.6298874e-06
 -6.0501960e-05
 -3.0407175e-05
  4.0009330e-05
  2.6037690e-06
 -3.6678644e-05
 -4.9770249e-05
  2.9908213e-06
 -2.6639426e-04
  2.2611142e-05
  2.8026956e-05
 -3.6910534e-04
 -1.4300907e-06
 -6.3309477e-07
  5.0082481e-06
  1.7964876e-05
  1.6584831e-06
 -1.6212531e-05
  7.3262650e-05
  1.5768486e-05
 -2.9366456e-05
  8.4406993e-06
  3.4101431e-05
  3.5615270e-05
 -2.1591841e-06
 -1.5769972e-05
 -3.7974203e-07
 -2.2815917e-05
  7.3809679e-05
  9.9348377e-05
 -2.2556807e-04
 -6.6368033e-05
  1.7992061e-05
  4.6910168e-06
  6.5222498e-06
  2.2497416e-06
 -2.0803027e-05
 -1.1597824e-03
 -7.9156533e-05
  7.5404773e-06
  1.2405249e-05
 -4.2305178e-06
 -3.5908306e-06
 -1.9953511e+00
  2.2038523e-05
  1.2106346e-01
 -4.7277361e-01
  1.3622718e+00
 -1.4979662e-05
 -1.6520906e-05
  1.5770360e-05
  9.2640772e-02
  2.2291623e-02
 -1.0700925e-05
 -1.6275994e-06
 -2.0898715e-05
  5.4459437e-05
 -6.4554384e-05
  4.0263967e-06
  1.4155170e-04
  5.7804926e-05
  2.0792568e-06
  1.9057167e-01
  1.4178090e-07
 -4.3670143e-06
 -3.2545090e-06
 -1.4196759e-05
 -5.0538030e-05
  1.0821387e-06
 -6.0654895e-07
 -5.8863775e-06
 -3.9418687e-06
 -1.1776533e-06
 -1.3971118e+00
  3.3503601e-01
  1.5260640e+00
 -1.1403457e+00
  8.7065923e-01
  8.5957385e-05
 -7.7965335e-05
 -2.1774978e-05
  3.8559347e-01
 -7.0443249e-01
 -7.5079065e-06
  8.6783630e-06
 -3.1127213e-04
 -1.8786333e-06
 -6.1478005e-08
 -1.4814390e-06
  5.9224535e-06
 -1.1585886e-01
 -1.6086586e-02
  8.5125618e-02
 -9.0636495e-06
  1.7288622e-06
  1.4931704e-06
 -1.1262766e-01
 -1.5687822e-01
 -1.0664010e-06
  9.1086031e-06
  7.4075479e-07
 -7.4030533e-05
  1.3023636e-05
  1.3493727e-01
  1.9497603e-04
  1.1925282e-06
 -2.1504571e-01
 -5.3623620e-02
  1.4228753e-07
 -1.5561948e-06
  3.1002766e-01
 -8.3541721e-07
  8.0102324e-01
 -1.2201236e-05
 -2.3894532e-07
  1.5704066e-04
 -7.3275520e-03
  3.6682017e-05
 -6.4426413e-06
  1.0547629e-05
  7.4170485e-02
  5.7062288e-03
  1.5829147e-06
 -1.1993334e-06
 -3.0661824e-05
  7.3051313e-03
  7.8126945e-02
  1.8797354e-01
  9.3267954e-06
 -9.9900117e-06
  4.0225328e-05
 -5.0095159e-06
  1.5161364e-04
  1.3416652e-04
 -1.8490953e-05
 -2.2215726e-02
 -1.2169894e-01
  5.9852750e-06
 -1.5526564e-05
 -1.0651560e-05
  7.5545380e-05
 -3.8970929e-06
 -1.4938183e-02
  5.6649374e-06
 -2.5875252e-04
  2.2289580e-05
 -1.9657080e-05
  1.5034629e-05
  5.4549505e-06
  2.2482109e-05
  1.5161002e-04
  1.8451188e-06
  1.2333856e-05
  1.5487844e-06
  1.0131094e-07
  1.6064112e-05
  5.3802141e-06
  2.0550314e-02
  5.4774591e-06
 -3.5442924e-06
 -4.8410006e-06
 -9.7924367e-06
 -1.1200805e-05
 -5.0164169e-01
 -2.0833997e-06
  4.0365907e-05
  1.1946220e-05
  3.0166617e-01
  1.5917003e-05
  6.6586843e-05
 -1.9468371e-06
  7.1357797e-05
  2.2325464e-06
  6.1198264e-08
  5.9277426e-07
 -1.2566823e-05
 -2.5016084e-06
  2.8797762e-05
  2.2718532e-06
 -1.5497773e-05
  1.5996251e-05
  2.9081737e-06
 -7.8556732e-06
  1.1934783e-05
 -3.8792987e-06
  2.5957361e-06
  7.2919029e-06
  3.2200276e-06
 -2.0496567e-05
 -6.0220486e-06
  1.1106341e-05
 -2.2329121e-05
  1.3122541e-05
 -3.9177366e-06
 -3.8526727e-05
 -1.0707769e-06
 -3.5772467e-04
  1.8196466e-05
  1.9326501e-06
 -1.1657233e-06
 -4.6641940e-06
 -6.8498593e-06
 -9.9024173e-06
 -4.6830269e-06
  7.2338480e-06
  7.1743221e-07
  6.4365742e-07
 -1.2309095e-05
  2.1838698e-05
 -2.4459748e-06
  2.9972121e-06
  1.8670218e-06
  2.0091738e-06
  7.1733189e-06
 -6.1021747e-06
 -1.2448817e-06
  6.7644010e-05
  1.6836122e-05
  1.2112263e-06
 -1.5204984e-06
  3.5226727e-05
  1.0366171e-05
 -2.1021591e-05
 -1.1240538e-03
 -1.8690444e-05
  5.0274465e-02
  3.6444253e-01
  6.6947914e-06
  1.0398328e-05
 -1.8417186e-05
 -1.0123012e-03
  4.1818608e-02
 -6.1621936e-03
  2.0953546e-05
 -1.6514572e-06
 -1.4144751e-04
  5.7679308e-06
  3.5148645e-05
  4.2873662e-06
 -2.1859471e-06
 -3.9195020e-02
 -1.3471248e-03
 -1.6262252e-06
 -2.2449478e-06
  4.6819870e-05
 -4.0028914e-05
 -4.2785896e-04
 -1.2195014e-02
 -3.9852424e-07
 -1.4629363e-06
  1.6049600e-07
 -2.2904052e-05
  2.8762823e-05
  2.8400109e-05
 -4.1220314e-04
  8.0196478e-06
  9.6576568e-06
 -9.3329518e-06
  1.1806617e-05
 -4.7718142e-05
 -9.6528152e-07
 -1.0689017e-05
 -4.8017519e-06
  7.2500743e-06
 -7.3856080e-07
 -2.5701771e-05
 -1.1554308e-05
  2.2330558e-05
 -9.1022794e-06
  6.1069636e-06
 -1.6979110e-06
  9.4667094e-08
 -8.3378754e-06
  3.5702112e-06
 -1.3538125e-04
  4.4048134e-06
 -1.9083700e-06
 -5.2625401e-06
  1.1703875e-05
 -6.3128314e-06
  3.4377022e-06
  8.3733090e-07
 -3.8643498e-06
  6.0666293e-01
  1.1946133e+00
 -7.6801240e-02
 -2.7446959e+00
 -2.4421398e-01
  5.2778155e-06
 -3.0982749e-06
  4.9627077e-02
 -5.5247128e-01
 -5.8069717e-02
  1.2325681e-05
 -3.9771861e-05
  2.3473665e-01
 -9.4577208e-02
  3.0860734e-01
  1.0087597e-05
  1.2525627e-05
  3.6347172e-01
  1.2110277e-01
 -1.3090667e-01
  8.3948005e-05
  2.5352600e-05
  2.7171576e-01
  5.3096902e-01
  6.3478494e-01
 -1.4207975e-05
 -1.0344230e-04
 -1.3138628e-05
 -2.1847795e-06
 -1.7876594e-01
  1.2024032e-06
  5.2019819e-05
 -3.5506886e-01
 -1.8468356e+00
  1.7555466e-02
 -6.2569146e-05
  5.1695192e-06
  6.8631306e-02
 -2.9531729e-01
  1.4379708e-02
  9.8065775e-06
 -1.8107753e-06
  4.9437652e-04
 -7.7779964e-03
 -1.2698719e-05
  4.6904975e-06
 -1.4338094e-05
  2.0972635e-01
  1.4347774e-01
  3.1523537e-05
 -5.1629180e-05
 -1.3144546e-05
  6.2450577e-02
  2.2511661e-01
  2.9769969e-01
 -1.5395197e-05
  1.9931381e-06
 -1.2273464e-06
  1.0009935e-05
  1.2461973e-05
 -1.4336830e+00
  5.3480348e-05
 -1.0886182e-07
  1.3836712e-05
  1.0419557e-02
 -6.2102677e-06
 -3.3480853e-07
 -1.0533170e-05
  1.0332440e-04
  8.0420890e-05
 -7.2115813e-06
  6.0078324e-05
 -8.1393118e-06
 -2.1755902e-06
 -1.2433539e-05
  8.5465008e-06
 -1.8457225e-05
 -1.8801912e-06
 -1.1064987e-05
 -1.8656083e-05
  2.4836081e-05
  3.5811333e-06
  6.7648666e-06
 -6.1076121e-06
 -9.9224999e-06
  1.1078763e-05
  4.5790357e-06
  1.7095577e-04
  2.0230075e-06
 -2.3432845e-05
  1.7675689e-05
 -3.9066740e-06
 -1.5113094e-06
  8.7794169e-06
  9.5304580e-07
 -6.6217335e-06
  1.8930683e-05
  3.7199923e-05
 -2.5097857e-05
 -1.5436913e-06
  1.9730309e-04
 -5.5188767e-04
 -2.4288174e-06
 -1.1659578e-05
 -3.2610664e-04
 -1.1030220e-06
  3.4375914e-06
  1.1085805e-05
 -3.4894612e-05
  9.3854778e-06
  1.6891923e-06
 -6.7986821e-07
 -7.3439123e-06
  1.0104166e-04
 -1.0235393e-05
 -8.1051832e-05
  1.4379701e-05
  2.4463034e-06
  3.8302544e-04
 -1.5558171e-05
  2.0051940e-01
 -1.1720721e+00
 -3.4463644e-01
  1.9702896e+00
 -2.3922987e+00
 -4.9240229e-05
 -7.8901276e-06
  1.3645744e-05
 -2.4397078e-01
  5.7466549e-01
  1.2214455e-05
  7.0613251e-06
  1.6623037e-03
 -5.9536053e-04
  5.6908316e-06
 -8.2979233e-05
  1.0269676e-04
  1.7843470e-01
  6.1937347e-02
 -3.3988627e-03
 -2.4061621e-05
 -3.6763658e-06
  8.7664187e-02
  1.2663126e-01
  2.9802856e-01
  9.4987874e-05
  2.2330717e-07
 -6.4873029e-06
 -2.1270840e-07
 -4.6472338e-05
 -2.6658459e+00
 -7.4565551e-06
  1.2666161e+00
  1.2999399e+00
  1.7299352e+00
  2.0569901e-06
  1.2920453e-05
  1.4087644e-01
  1.1267421e-01
  5.3887624e-01
  1.5945623e-05
 -2.6070909e-05
 -2.3576843e-03
 -9.3967028e-05
 -1.1305373e-01
  9.2783266e-05
 -4.1263538e-05
  1.6273498e-06
 -3.3690791e-05
  2.6665130e-01
  1.4399368e-04
  1.9740730e-05
 -9.2570146e-04
 -6.7982748e-02
 -8.6048640e-02
  1.7109076e-05
  6.2685913e-06
 -8.9458208e-06
  3.1498278e-06
  5.8006185e-07
  4.7936364e-06
  1.1586409e-06
  1.2910340e-05
  3.5104799e-06
 -1.0483985e-06
  8.8394208e-06
 -1.4534266e-06
 -1.3831276e-06
 -2.2226104e-06
  1.5803273e-05
  3.7415687e-06
  8.1042599e-06
  9.7528455e-06
  4.2490060e-06
 -1.0982853e-05
  4.5212446e-06
 -6.1979124e-05
 -2.7098524e-05
  1.1707618e-05
 -3.0805139e-05
 -1.2067150e-05
  2.7714830e-05
  1.2691563e-04
  1.6501006e-04
  1.4235609e-05
 -2.8081377e-06
 -2.4308185e-06
  5.1511047e-06
  5.3555629e-04
 -3.2851246e-06
 -7.4611739e-06
  8.3321419e-07
 -1.8462428e-05
 -2.8276121e-05
  7.6531476e-05
 -4.5335793e-05
  2.0769853e-06
 -3.1119289e-06
 -8.8471671e-07
  1.1164736e-05
  2.2244752e-05
 -3.0902343e-06
  1.6165650e-04
  1.4574737e-05
 -3.5359587e-06
 -2.5776073e-05
 -1.9229308e-06
  1.1645067e-04
  1.7091805e-06
 -1.0351822e-05
  3.7282211e-06
  7.3568572e-06
 -5.7533230e-06
  1.1314004e-06
 -2.0315082e-04
 -6.5671928e-05
 -1.0812271e-05
 -4.0778946e-06
 -9.0136018e-06
 -1.3901426e-06
  1.3418733e-04
  1.3066749e-07
  2.4942647e-05
  2.9612756e-05
  9.7356560e-06
 -5.5611658e-06
 -1.8689054e-05
  9.6313219e-05
 -4.3747536e-05
 -3.6468755e-06
  1.5603066e-06
  2.3174449e-04
  5.9835825e-06
 -7.0094015e-06
 -5.9425961e-06
 -2.2448507e-06
  1.7592080e-05
 -8.2999368e-06
 -6.2435538e-06
  2.1200234e-05
 -6.5978315e-06
 -9.1958304e-05
 -7.4520854e-06
  4.2511791e-05
  4.1291674e-05
  5.7675106e-06
  7.7104924e-06
 -2.0177502e-05
 -9.7531001e-06
 -1.2603291e-06
  1.9045512e-04
  3.1554693e-05
  3.8877341e-01
  2.3139146e-01
 -1.2554686e-01
  1.3907835e-05
  2.9140990e-06
 -1.8549778e-01
  3.9803617e-02
 -1.7494341e-02
  2.0527486e-05
  1.3620306e-06
 -6.6167624e-05
  6.1388098e-05
  7.0884340e-03
  3.5953979e-06
  4.4005232e-05
 -3.4686351e-01
 -7.7686913e-02
  4.6939898e-05
  7.2583840e-05
  1.9098473e-04
 -1.2337184e-02
 -8.5682623e-02
 -1.6309105e-01
 -7.0451019e-06
  4.0064100e-05
 -1.7984709e-06
  3.5901612e-05
  1.8953440e-04
  1.2448156e-04
  7.2587318e-06
 -1.8937331e-05
 -5.7711833e-07
  6.4972373e-06
  2.4100564e-05
 -6.8803427e-05
 -4.3233426e-06
  1.4529102e-04
 -9.6388985e-06
  1.3430226e-05
  1.3658077e-05
  2.4621268e-05
  3.3482920e-06
  3.2369906e-06
  5.9367403e-06
 -2.2827045e-04
  1.0699715e-06
 -7.5655611e-05
  8.7083790e-05
 -1.0368343e-04
 -2.5633086e-05
 -7.2371336e-06
  1.3837918e-06
  1.1906619e-04
 -1.7850793e-05
  5.8210912e-06
 -6.6933239e-06
 -4.5624042e-06
  3.3260749e-06
  9.5888663e-06
 -1.7278197e-06
  3.8026177e-05
 -7.1427112e-06
  1.1683743e-06
 -2.5977637e-04
  2.8181603e-05
 -1.9062704e-06
  2.6519301e-05
  2.2757320e-06
 -2.1501326e-06
 -1.7228500e-06
  1.4007106e-05
 -2.4952428e-06
 -2.9492527e-01
  9.1001411e-06
  1.0445305e-05
  1.1242146e-05
 -1.6278749e-06
  1.1214745e-05
  1.2513059e-05
  1.5715398e-04
  5.1687457e-06
  7.0009760e-06
  1.8656280e-07
 -6.0892717e-06
 -3.1385321e-06
 -2.1153705e-06
 -4.8432544e-06
  5.7926654e-06
  2.9273335e-05
  7.0498968e-06
 -7.3399616e-04
 -2.3902438e-05
 -1.3032665e-05
 -2.5993708e-05
  4.1561125e-06
 -1.2352547e-06
 -2.0123172e-05
  2.4933694e-03
  1.7442363e-07
 -5.0135036e-06
 -2.9420437e-06
 -6.8995323e-06
  4.8029347e-06
 -2.0881245e-05
 -4.0360705e-06
  6.4904692e-05
  1.2934821e-04
  4.6981071e-08
  3.3054275e-05
  1.0722672e-06
  3.8609360e-06
 -2.6000718e-05
  2.6433657e-09
  1.0568998e-06
 -1.7361822e-06
 -2.2788893e-07
  2.4708108e-06
 -5.3614476e-06
 -3.8511680e-06
  1.4091444e-05
  5.2700043e-06
  4.3520436e-06
  5.4620800e-06
  4.6860209e-06
 -1.4964200e-05
  5.1414636e-06
 -1.3010494e-05
  1.8799093e-06
 -3.3013846e-06
  2.9893308e-06
  4.5232168e-06
  4.9917835e-05
  1.1340189e-06
  9.1578877e-05
  5.0770261e-05
 -2.7522185e-06
 -1.2593483e-06
 -1.3977572e-04
 -1.4573231e-05
  1.1271308e-05
  5.6170746e-05
  7.2587991e-06
  7.6905362e-06
 -4.0622066e-08
 -8.4435196e-06
  1.6362084e-05
  1.1829673e-06
  2.5842628e-05
 -7.2156104e-07
  6.3089692e-06
 -1.5564869e-06
  7.7570430e-06
 -5.8258915e-06
  5.6741337e-06
  1.5119153e-05
  4.3665332e-06
 -2.0309462e-05
 -2.5195748e-06
 -2.2670274e-06
 -1.0907716e-07
  3.0392800e-06
 -2.0154328e-05
 -5.8579997e-05
 -1.9305882e-01
 -7.3819992e-06
  6.1553816e-05
 -1.1281973e-05
 -8.2333861e-07
 -1.4548162e-06
 -3.5456451e-06
  9.1390757e-05
  4.8097813e-06
 -1.6741578e-04
 -1.1954459e-05
 -5.5389387e-06
  1.6094238e-05
  5.4071138e-06
 -8.5864431e-06
 -8.3403199e-07
  3.9199044e-06
  5.8021300e-08
 -4.4594250e-05
  9.0355834e-06
 -9.4623956e-06
 -1.2198303e-05
  1.7132414e-06
 -4.2033435e-06
 -3.2425403e-05
  4.4039293e-06
 -1.6209978e-07
  1.6168158e-06
  7.7471086e-06
 -2.2925324e-06
  4.0857672e-06
 -5.7137468e-06
  5.8240665e-05
 -1.4860042e-06
  2.5687450e-05
  7.9535931e-07
 -3.4509983e-07
 -1.8368723e-05
  8.2369879e-06
 -5.8839719e-06
  4.2282537e-07
 -3.5504845e-06
  3.3472616e-02
 -3.6379224e-05
  1.2336980e-04
  4.0749592e-01
  1.6112629e-06
  2.0435058e-05
 -1.5655760e-01
 -5.3798640e-06
 -2.6193936e-06
 -6.4534396e-02
 -5.3879464e-01
 -8.2917857e-01
  1.2151886e+00
  2.6889411e-05
  5.4319804e-05
 -1.7635541e-01
  7.5832631e-06
 -2.1368010e-01
  3.9238375e-01
 -1.0162536e-01
 -1.5232198e-04
  1.3496602e+00
  1.1136787e-01
  1.7039720e-06
  1.6217140e-06
 -4.7267082e-01
 -5.3828901e-01
 -5.1486013e-06
  1.4854707e-05
  3.7636739e-01
 -2.3787109e-06
  4.8917584e-05
 -8.0484133e-05
 -7.8397512e-01
 -1.7799133e-04
  5.1811598e-06
  1.5242797e+00
 -2.5604182e-01
 -4.7009439e-07
 -1.1848915e+00
 -1.7482587e+00
  1.7660235e+00
  2.0576196e+00
 -4.2477226e-05
  1.2986410e-05
 -8.8456112e-01
  2.8049439e-07
  2.4618573e+00
  1.6433554e+00
 -6.8005967e-01
  1.8908646e-05
  2.2649758e+00
 -2.3140757e+00
  9.6425483e-06
 -4.5419383e-06
 -2.0480291e-04
 -1.3016255e+00
  1.1976472e-05
 -5.0768500e-05
  4.3009016e-01
  3.2755746e-05
 -1.3786224e-07
 -1.1547475e-05
  6.3336068e-07
  1.0468380e-01
  5.6960045e-07
  2.6026491e-06
  5.9841170e-07
  4.6860969e-06
  5.0464969e-06
  2.1593771e-06
 -5.3362469e-06
 -1.0869497e-06
  4.2443148e-06
 -4.1029020e-06
  4.4934354e-06
 -2.3946450e-05
 -1.0384946e-05
  1.1440964e-05
  1.1351675e-04
 -6.5565742e-05
  4.6401333e-06
  7.8462028e-07
  1.3503003e-05
 -3.4922425e-06
 -1.6288230e-05
 -6.6041043e-06
 -4.5704792e-06
 -4.0201314e-05
  4.0122886e-06
 -8.4312860e-06
  3.5904013e-05
  1.2612688e-05
 -3.7453996e-04
  1.2208775e+00
  2.7813830e+00
 -4.2784543e+00
  1.4502470e+00
  1.6638546e-01
 -1.4446414e-01
  2.5983313e-01
 -2.7178181e-02
 -6.1808329e-05
 -7.5444140e-02
  3.1330255e-01
  6.3233012e-01
  1.8472731e-01
 -1.0588001e-01
 -2.4559882e-01
  2.3143066e-02
 -5.5402309e-01
  8.9322358e-02
 -1.8917014e-01
 -1.6648143e-04
 -4.5647184e-04
  5.2164101e-05
 -1.0529578e-05
  4.7212509e-07
  8.2938286e-06
 -7.6439523e-04
  1.3945134e-07
  4.0456660e-05
 -2.2666740e-05
  1.3138766e+00
 -4.7764462e-01
  1.3313814e-04
 -1.1242592e+00
  3.8438985e-01
 -6.6612500e-01
  3.6846766e-05
  1.7416610e-01
 -2.2765478e-06
 -1.2474564e-02
 -9.3168048e-03
  9.1626032e-05
 -2.9647461e-04
 -1.9517851e-05
 -7.4486233e-02
  1.4683399e-04
  1.6964159e-04
 -3.7597688e-03
 -2.2314127e-04
 -8.5797219e-04
  3.9696470e-06
 -3.4607790e-05
 -1.4315301e-04
  2.2450407e-05
 -4.2676590e-03
 -1.0097883e-05
 -7.7048244e-05
 -1.3260362e-07
  2.5310187e-04
  1.3795393e-05
 -5.2971193e-03
  1.2583098e-02
 -1.7708426e-02
 -1.4202918e-05
  1.9103829e-02
  2.7851099e-03
 -7.0797082e-06
  3.7309984e-08
 -6.9954522e-06
  1.4047270e-02
  3.6357282e-04
 -4.3175692e-06
  1.3992954e-05
 -4.6760141e-07
 -1.3541132e-05
 -9.6864911e-05
  2.7003527e-05
  1.2023069e-04
  7.3127712e-06
  2.7158920e-04
  6.9418425e-06
  3.7613349e-06
  7.7453833e-06
  1.6479995e-05
  2.2579456e-02
 -1.8651342e-06
 -7.2254966e-06
  5.4572638e-07
  6.1487558e-06
 -8.2336728e-06
 -1.6498379e+00
 -1.3904599e+00
  2.4418523e+00
 -3.6603925e-01
  7.2252932e-03
 -5.8088803e-01
 -1.8615057e-01
 -3.3603886e-01
 -4.9494758e-02
 -3.3756572e-01
 -5.5292290e-01
 -4.5243403e-05
 -1.6810180e-01
 -6.3754247e-05
 -1.7851198e-01
  1.1759830e-05
 -3.3561459e-01
 -4.5416054e-01
  2.6458400e-01
 -2.2221330e-01
  5.5899499e-03
 -4.2705402e-02
 -5.2128667e-01
 -3.8811499e-01
 -3.2486144e-01
  2.1738089e-05
 -4.3513472e-05
  1.2012919e-05
  3.4704506e-05
  1.7448484e-03
 -6.8723798e-01
  2.2506361e+00
  3.6351860e-01
 -6.0726929e-01
  8.7269861e-03
 -3.6289307e-01
  3.4132635e-03
  8.6777372e-04
  3.9992933e-04
  3.8932392e-01
  3.4779361e-01
  1.7237064e-04
  2.4018559e-01
 -5.4884811e-05
  7.7520305e-01
  2.5628582e-01
 -6.3461055e-05
 -1.6192830e-01
  2.3476355e-02
  1.4516738e-01
 -1.3261949e-04
  2.6591271e-01
  3.5924485e-01
 -1.7696242e-03
  6.0753709e-01
 -1.1389780e-05
 -4.9268260e-06
  7.4319969e-06
 -3.0753831e-04
 -1.1203985e-04
  8.7339676e-04
  3.8439088e-05
 -4.8098177e-06
 -2.3205293e-06
 -1.7289702e-06
  7.1508228e-05
  3.7787465e-06
  1.3644021e-06
  1.0659519e-05
  3.0420201e-06
  5.3901604e-06
 -3.3644264e-06
  3.0006973e-05
 -1.7939608e-05
  3.8535869e-05
  6.4161824e-05
  9.8319442e-06
 -1.5905824e-05
  8.7792623e-06
  8.7473081e-06
  1.2553799e-04
 -4.3196474e-06
  9.6201929e-06
 -4.9198165e-06
 -1.1746401e-04
 -5.5981587e-07
 -3.4661075e-06
  4.8089637e-06
 -6.4778505e-06
 -7.8634075e-05
  1.4885502e+00
 -1.0290238e+00
  3.5741981e-03
 -3.4145871e-01
  8.7516111e-01
  3.3880210e-01
 -5.9985876e-02
  4.4005222e-04
 -2.6270331e-04
 -1.8142094e-01
 -3.8366541e-01
 -1.6745005e-05
 -6.2127179e-03
  3.4332527e-06
  4.9532360e-07
 -1.3301216e-01
  5.2141502e-05
 -1.3941368e-04
 -4.3000511e-04
 -1.4544402e-01
 -2.3028420e-04
 -2.4609363e-01
  2.2356890e-06
  3.6351837e-02
 -5.1066849e-02
  7.9595071e-04
 -3.8934363e-06
 -1.8604611e-05
 -1.2536499e-05
  4.7724457e-06
 -9.4193492e-06
 -1.1544535e-05
  3.4241227e-06
  1.9751458e-06
  1.0581313e-05
 -6.3232394e-05
 -7.7125651e-06
  6.0129951e-05
  1.4077970e-06
 -3.4232933e-06
 -7.4268646e-05
 -6.7830924e-06
  9.0289241e-06
 -5.8812643e-06
 -1.0384716e-03
 -1.9123727e-05
 -2.6312091e-06
 -8.4629683e-05
 -8.2780105e-07
 -2.3583509e-05
 -1.0308296e-05
  6.7359309e-05
 -7.5355210e-06
 -2.8766064e-05
  5.3614626e-06
  9.7106466e-05
 -5.7829026e-04
  2.0110976e-07
  8.6212647e-05
 -3.7406127e-05
  3.1628385e-02
  7.6208944e-06
 -3.9617548e-06
 -9.5285886e-06
 -5.8687865e-06
  2.6247508e-05
 -1.1033412e-05
 -1.7252230e-05
 -3.3300235e-05
  4.7669295e-07
  1.3292743e-05
  2.9057781e-05
 -6.2793697e-06
 -3.2717645e-07
 -3.2893695e-05
 -1.6564894e-05
 -9.6204940e-07
 -1.0312971e-05
  1.7518028e-05
 -1.9746013e-04
 -3.5743610e-04
 -1.7828190e-06
 -5.1463894e-06
 -2.3612197e-06
 -3.8060068e-06
  1.3258773e-07
  5.5216301e-06
 -7.3806514e-05
 -9.8960436e-06
  2.2942855e-05
 -6.0585570e-01
  3.6590233e+00
 -5.6823844e-04
 -5.5933576e-02
 -9.8200776e-02
  2.7199715e-01
 -2.1780714e-02
 -3.0105652e-02
 -4.8194408e-02
  8.9703128e-02
  1.2653190e-01
 -3.2783303e-04
  2.9284424e-01
 -2.7877584e-03
  6.3787341e-01
  1.2300131e-01
  2.3239653e-03
  9.9882740e-01
  1.4789842e-02
  2.0575643e-01
 -1.3763438e-01
  7.1805233e-01
  9.2793143e-01
 -6.9237393e-01
  7.9905194e-01
 -8.2836596e-07
  5.5496377e-05
  6.3913822e-06
 -1.7110402e-04
  1.4450562e-05
  3.4499070e-07
  3.8678904e-06
 -3.1371219e-06
 -2.0419145e-08
 -1.6046831e-06
 -3.3730430e-05
 -5.8426822e-06
 -4.8099930e-05
 -6.8506783e-06
  1.4524388e-05
  8.6198941e-07
 -1.2511189e-05
  5.8778769e-06
 -7.9848985e-07
  2.3435750e-06
 -1.1654373e-06
  3.8538503e-05
 -5.3438594e-05
 -9.2373666e-06
 -4.6157115e-06
 -1.0372998e-05
 -1.6874847e-05
  3.0078539e-07
 -2.6708665e-05
 -9.3012368e-06
  5.8590535e-06
  1.2580364e-06
  6.8964243e-07
  1.6651160e-04
  3.7559494e-06
 -8.6924001e-06
 -4.0339905e-06
 -2.3276662e-06
  7.5469731e-04
  1.1904297e-06
 -7.5341754e-06
  1.1136405e-04
 -7.5246331e-05
  9.7265170e-04
 -3.1581501e-05
  9.5607784e-06
  6.9914095e-05
 -4.8219495e-06
 -8.5126248e-06
 -2.7194419e-06
  1.3309582e-04
  4.2103970e-06
  3.7357406e-04
  5.2025371e-05
  1.8995445e-06
 -4.9963596e-06
 -9.7415777e-06
 -2.3994294e-04
  8.3031518e-06
 -2.3568946e-05
 -1.7363029e-05
 -4.9361261e-05
  8.7034368e-06
 -1.1886362e-05
 -1.5211663e-04
 -7.1606332e-06
 -8.0223857e-05
 -8.3178238e-06
  5.8844130e-06
  2.7991553e-06
  6.7057540e-06
  3.0454621e-06
 -1.2665672e-06
 -1.2619955e-04
  1.6608547e-06
  1.3343355e-05
  2.4522069e-06
  3.4983859e-06
 -8.2650527e-05
  2.4059029e-06
  5.9681915e-05
 -4.2843680e-05
  3.3434271e-06
 -6.1722043e-05
  5.4344541e-06
 -4.3925347e-06
 -6.1326716e-07
  2.4932770e-05
 -1.8407516e-05
  9.6087115e-06
 -3.2176422e-06
  3.3580468e-06
 -3.6074907e-05
  2.1593802e-05
  2.0145242e-06
  1.4874906e-05
  1.2327183e-06
  1.7158904e-06
 -1.0900303e-06
  1.0257814e-05
  8.8631822e-07
  3.9134538e-06
  1.6271933e-07
 -2.4579127e-05
 -4.4195876e-06
 -2.1961523e-05
 -2.6674308e-05
 -1.0080929e-05
 -5.1714724e-06
  1.1629729e-05
 -1.9068086e-05
 -2.3269520e-06
 -1.0662435e-05
  1.9669140e-05
 -4.8955146e-05
 -9.6333344e-05
 -1.3650094e-05
  4.2855685e-05
 -9.2433020e-06
  1.4018669e-05
 -6.0298989e-06
  1.0618063e-06
 -1.8724506e-05
 -8.9121249e-06
 -2.3198994e-05
  3.8364265e-05
 -3.4142437e-07
  1.8064457e-05
  2.3406023e-05
 -9.0505813e-07
  1.8254535e-05
 -2.4239642e-05
 -2.7083792e-05
 -2.3210309e-06
  1.0555435e-04
 -3.1837088e-05
 -5.5393007e-06
  1.5398936e-06
  1.6880651e-07
  3.0638328e-06
  1.3410112e-04
  1.0416514e-05
 -9.4479628e-06
  5.1680716e-05
 -4.5737288e-06
  1.5298236e-05
 -4.3426057e-06
 -4.8909448e-07
  1.8923826e-06
  8.7629269e-06
 -1.2747673e-05
  3.5725272e-05
  1.1486414e-05
 -5.8135936e-07
 -7.2360458e-06
  8.4418678e-01
 -1.2789851e+00
  4.1224253e-01
  1.3726592e+00
 -1.4019880e+00
  2.2328292e-01
 -6.9312610e-02
  4.5378637e-02
 -3.9837449e-03
 -2.3797719e-01
 -4.8930439e-01
 -5.8980417e-01
 -1.7666274e-01
 -3.3509743e-01
 -6.3694647e-04
  4.9197020e-05
  1.7067747e-01
  4.0571091e-01
  1.2669621e+00
 -3.9682494e-04
  5.8045429e-01
  1.6769658e-06
 -1.3893024e-02
  3.5533048e-02
  1.8646110e-06
 -8.0105310e-06
 -5.7518989e-04
 -1.3772548e-04
 -4.3283171e-07
  1.1065756e-04
 -7.3362826e-05
  3.3305491e-06
 -8.7573208e-06
 -1.5819996e-06
  3.4004777e-06
 -1.8282310e-05
 -1.0224873e-07
 -8.2586612e-06
 -7.2480913e-07
 -8.2779288e-06
 -9.0996627e-06
  4.1072813e-05
  2.9500868e-08
  6.4279127e-05
  4.5109960e-06
  1.9268969e-05
 -2.2302787e-05
  3.3944955e-06
  2.0881291e-06
  3.6272818e-06
  2.2162907e-05
 -1.0699698e-06
 -2.8862407e-06
  9.5630976e-06
  1.6717273e-05
 -1.6102269e-05
 -3.0449411e-05
 -3.3855774e-06
  1.2296776e-05
  2.3640539e-06
  2.7271215e-06
  4.2048100e-06
 -6.4183951e-07
  3.3263716e-06
  4.1741750e-06
  1.1946490e-05
 -2.8540330e-06
  1.8638189e-05
 -3.3752779e-06
 -2.3252529e-05
  2.4301444e-06
  5.3297023e-05
 -5.4002990e-06
 -3.7216098e-05
  1.2336545e-06
  3.2845768e-04
 -4.0780947e-06
  6.9897069e-06
 -6.1293213e-06
  3.4793666e-06
  5.8539601e-05
  6.9242005e-06
 -9.7444654e-06
  9.6493844e-05
 -2.6524217e-06
 -3.0218938e-05
  4.6265868e-06
  1.2054998e-05
 -7.1822680e-05
 -9.1806101e-04
 -2.8698084e-06
 -1.0302490e-05
 -1.0500651e-06
  1.5018404e-05
 -5.0455933e-06
  1.2497936e-04
  6.7967985e-06
 -2.5911748e-05
  2.7169751e-06
 -4.6419824e-05
 -9.4812212e-06
  6.6860921e-06
 -6.1369410e-06
  3.1379805e-05
  1.3307391e-05
  9.4023159e-07
 -1.6361747e-06
 -6.6139917e-05
 -3.0310605e-06
  6.3015459e-06
  9.1474240e-06
  1.1942226e-05
  8.1901447e-07
  1.0021008e-04
  4.7862841e-06
  2.1577258e-05
 -8.8604989e-05
  1.3155211e-05
 -1.4734210e-06
  1.2255833e-05
  1.2743739e-05
 -1.5843783e-05
  5.9165715e-05
 -2.0157355e-05
  1.0089403e-06
  7.0057620e-05
 -1.1443632e-05
 -1.1174415e-05
  6.9266571e-07
 -1.3483528e-03
 -6.4927522e-06
  4.2621556e-04
  3.2309872e-05
 -1.8101789e-06
  2.4277890e-06
  1.0076941e-05
 -1.3189178e-04
 -6.2461499e-05
 -4.6789669e-06
 -1.3453824e-06
  1.3503905e-05
 -1.9418599e-06
  8.4651312e-08
 -7.2348212e-06
  7.0172217e-05
  7.2553610e-07
 -4.6369059e-06
 -1.1588219e-05
 -5.0493036e-06
 -1.5779337e-06
  4.1376774e-05
  1.0988984e-01
 -6.6005969e-06
  1.6770107e-03
 -6.0268787e-05
  1.1184227e+00
  4.8324478e-06
 -8.0837934e-05
  2.8053907e-06
  3.8263381e-05
  3.3290631e-05
  3.4413661e-06
  2.3422812e-04
  1.3926741e-05
  4.2882280e-06
 -3.7778931e-04
 -7.6483746e-05
 -3.5238616e-05
 -1.8388699e-05
  2.4583226e-04
  1.0138461e-05
  9.4688357e-07
  3.0281683e-06
 -9.2543843e-05
  1.2101467e-04
 -2.6814012e-05
 -1.6318467e-05
  3.8717249e-06
  2.2227605e-06
  8.9558140e-05
  1.1491328e-05
  9.7076458e-01
  3.8258455e-05
 -8.5324267e-05
  3.4770691e-01
  1.3094848e-01
  4.6393466e-06
 -4.6764520e-01
  5.6294584e-06
  1.0140588e-03
  3.3746499e-03
 -1.4477032e-06
  3.1734820e-02
  1.2565545e-05
 -1.1903659e-05
  1.6326860e-06
  6.1369256e-08
  1.9440698e-04
 -5.1526161e-04
  1.7024538e-03
  1.9979720e-05
  6.0251667e-03
  2.9908062e-04
 -2.2970191e-04
  8.9121629e-03
 -2.5262054e-06
  7.0426329e-05
 -2.4885358e-05
 -3.6137979e-05
 -8.3319201e-06
 -3.1124108e-07
  8.4997630e-08
 -4.2697325e-06
  1.2944861e-05
  2.3370149e-04
 -4.6226551e-06
 -1.7615047e-04
 -1.6307282e-04
  4.4513290e-05
  5.7624780e-05
  5.0678050e-06
 -2.9232613e-05
 -6.3221064e-06
  3.6153187e-06
  7.5734504e-05
  3.8962386e-07
 -4.4207692e-07
  1.5562566e-04
 -3.1684795e-05
 -1.2308791e-05
  6.5546055e-06
  9.5788778e-07
  7.9914316e-06
  1.7815212e-06
 -1.3466126e-05
  2.9909457e-05
  1.0265073e-05
 -1.3214396e-05
  1.6499152e-05
  5.4964541e-05
  2.8250087e-03
 -1.2246785e+00
 -8.1300122e-01
 -4.1172036e-05
 -9.0621889e-01
  1.1240684e+00
  1.9459219e-06
  3.5108477e-01
 -4.6144891e-05
 -1.4126037e-01
 -1.0918340e-01
  7.4109626e-06
 -1.8886267e-04
  4.7750855e-05
  6.5964076e-07
 -2.2312322e-01
 -4.4344812e-05
 -5.0065599e-02
 -8.0486405e-01
 -5.0819401e-02
  3.6014790e-05
 -1.1498735e-01
  1.5548840e-05
 -1.8180186e-05
 -1.7516539e-01
  3.7740199e-06
 -1.9475692e-05
  7.9099109e-06
  3.0427168e-06
  2.4179826e-05
  1.6249877e-06
 -3.0891544e-05
 -2.5253519e-04
  7.2274752e-06
 -2.2462684e-05
  7.5995617e-06
 -6.5777049e-06
 -7.7473924e-06
  8.3030800e-06
  5.1380664e-07
  1.6700569e-05
 -7.7865379e-06
  6.1161859e-06
  1.9176119e-05
 -2.6687187e-06
 -1.3728943e-05
 -3.6640549e-06
 -5.7243658e-05
 -8.5572983e-06
  5.5889819e-07
  3.5712933e-06
 -1.0308727e-04
 -9.5572677e-06
  3.0672956e-05
 -2.9751980e-05
 -1.6134887e-04
  2.4337345e-05
  3.1697691e-05
  7.0468814e-06
 -9.7250518e-07
 -5.1448023e-05
  2.8056163e-06
 -1.7102147e-05
  3.5919315e-05
  1.8863801e-05
 -9.9179551e-06
 -7.4851387e-06
  6.9211797e-05
  1.0004613e-05
  4.9266786e-05
  1.0768159e-05
 -1.1809784e-05
  3.4840546e-06
  1.3925442e-02
  1.2794385e-05
  4.7495478e-06
 -1.9107675e-04
 -1.4960537e-07
 -1.0488347e-05
  1.2085668e-04
 -3.2227633e-06
  8.3066370e-06
 -2.2394564e-04
  4.1583812e-07
  1.2900914e-05
  1.5746875e-05
  6.6768253e-06
 -9.0399435e-06
  4.7169574e-06
 -5.0199014e-06
  1.0731919e+00
 -1.5517665e-01
  5.6025618e-01
  3.7441674e-01
 -4.1323888e-01
  2.9619108e-03
  7.9874080e-05
  3.5190016e-01
 -1.9485229e-05
 -2.2588833e-03
 -3.0248484e-01
 -3.7452516e-01
 -6.1392537e-05
 -1.0570142e-01
 -1.4924161e-01
  1.5375241e-04
  6.0892624e-01
 -1.7833876e-04
  1.7248845e-02
  4.2632450e-06
  2.0040834e-01
  3.4744502e-04
  7.8418234e-05
  2.1948418e-02
 -1.0464472e-03
  5.2436313e-05
 -6.3243174e-06
  1.3288769e-07
  6.4069936e-05
  2.5454537e-07
  1.3498709e+00
  3.6250498e+00
  8.4863424e-01
 -3.1616173e+00
  3.6749728e+00
 -2.3586260e-01
 -2.9906556e-01
  1.1166989e+00
 -7.2056964e-02
 -1.3523942e-01
 -7.4862057e-01
  1.9523641e-01
  6.7607492e-01
  2.4193940e-01
 -7.2511947e-01
 -5.8645147e-01
  6.1103624e-01
  8.0488592e-01
  2.0059480e-01
 -2.8183597e-01
 -4.2804393e-01
 -1.4664127e-01
 -2.3097399e-01
  2.5523880e+00
 -1.0090927e+00
  4.4229653e-02
 -2.6087695e-01
 -1.5949778e-05
  2.6988393e-01
  5.5216428e-02
  6.8756985e-06
 -5.2282136e-05
  1.2897720e-04
  2.9802220e-07
  5.6053426e-07
 -1.6224591e-05
 -3.1895738e-06
 -2.7965475e-04
 -4.1815780e-05
 -1.0486324e-05
 -7.3221876e-05
  1.8413250e-06
  1.0292554e-05
  9.1633206e-07
 -4.4080338e-05
 -8.6100757e-05
  1.4027812e-05
  1.4240421e-05
  3.6084013e-05
  1.1782432e-05
 -6.8293521e-05
  1.9667593e-07
  1.3239152e-04
 -2.2520758e-04
 -1.4352604e-05
  7.8704361e-06
 -1.3739022e-05
 -3.8382586e-05
  9.8073633e-06
  4.1289663e-06
 -1.1280415e-05
  9.9267505e-02
  8.1621863e-02
 -8.6068952e-01
  1.9909911e-01
  6.2037826e-01
  2.1077394e-05
  3.2034606e-01
  3.4597940e-06
  1.1361704e-01
  7.0114887e-01
  4.9185041e-05
 -2.7340126e-05
  7.5443213e-06
  4.4619551e-06
 -2.5759954e-07
  9.7390510e-02
 -4.9210112e-06
 -7.1455224e-06
 -5.1946529e-07
 -8.8126608e-06
  3.0878499e-02
  2.0424327e-01
  8.7682120e-06
 -1.6826044e-01
  1.3829221e-06
 -3.5015919e-06
 -2.1919164e-01
 -5.6611371e-01
  6.5190534e-06
 -1.7582036e-06
 -2.8567679e+00
 -1.7381699e+00
  9.9500924e-01
 -1.9444011e+00
  2.4114218e+00
  1.5763405e-07
 -1.6900953e+00
  6.0298871e-06
 -3.9765553e-05
  2.0042739e+00
 -1.2553331e-06
  4.3563678e-06
  2.0075781e-06
 -8.4124285e-06
  6.2447083e-07
 -2.1756620e+00
  2.8231120e-06
 -1.2679400e-05
 -7.5698795e-06
  5.9211325e-06
  6.4021611e-01
  1.0264071e+00
 -1.6081290e-06
 -1.3390958e+00
 -6.5868053e-06
  3.3796477e-01
 -3.0035026e+00
 -3.8938339e+00
 -1.3540264e-05
  2.0872422e-04
  1.6258064e-05
 -3.6784420e-06
  1.2677350e-06
  1.6606869e-05
  2.4860756e-05
 -5.4048760e-05
  1.0459293e-04
  3.5676741e-05
 -1.6113514e-05
  4.0070177e-06
 -2.1279452e-06
 -2.0636529e-04
  2.5306788e-05
  6.1160514e-05
  2.8418542e-06
 -4.2522011e-06
  5.8430556e-05
  1.8758765e-05
 -5.1081161e-06
  3.7505622e-05
  7.6842931e-05
  1.3569770e-04
 -1.5724252e-04
  2.4484058e-05
  2.3408054e-05
  4.0543433e-05
 -2.9479672e-06
 -2.6480500e-05
 -3.5793902e-05
 -3.3172616e-01
 -1.0100812e-02
 -4.1559365e-06
 -5.3079374e-04
  1.1465640e-05
 -1.4768874e-04
  4.4641281e-05
 -9.0948015e-02
  3.1775754e-04
 -7.3967390e-02
 -3.0908714e-06
  8.9934312e-02
  7.5210708e-05
  6.0314873e-05
  7.1383215e-06
 -2.9317791e-05
 -8.2036844e-05
 -2.6528303e-06
 -2.6466927e-01
 -7.2069071e-02
 -2.2049138e-05
 -1.6485516e-05
 -3.8703020e-05
  5.5113255e-06
 -7.8979008e-02
  5.4329774e-07
 -4.6787539e-04
  9.2605878e-06
  5.6198124e-02
 -3.3065419e-06
 -6.7057846e-07
  6.4926271e-06
  3.6348360e-06
  1.5901417e-06
 -3.5731613e-05
 -6.7392871e-06
 -1.5202759e-06
  2.4790445e-05
 -7.2195412e-06
  1.9190001e-04
 -9.6276335e-06
  1.5241370e-05
 -1.3014223e-05
 -4.6769143e-05
  5.4086813e-06
  9.7195734e-05
 -3.7203990e-05
 -8.8190154e-06
  1.6832231e-06
 -7.1538983e-05
 -9.5575961e-06
 -2.9017201e-06
  6.9405842e-06
  6.9895718e-06
  2.0846739e-05
  1.2737833e-04
  1.5624548e-05
 -1.3407772e-05
  8.9845053e-05
 -1.5448268e-06
  9.7369784e-06
 -2.0108300e-06
  4.1145131e-07
  7.3529150e-06
 -2.4039067e-05
  7.6861561e-08
  1.2608772e-05
 -9.4561110e-05
  1.4262829e-05
 -6.0178299e-06
  1.0811244e-06
 -2.5789291e-06
 -2.0608297e-05
 -3.8823229e-04
  1.3185033e-05
 -4.5436441e-06
 -3.6544930e-06
 -2.2199677e-04
  8.9704105e-07
  1.8479740e-06
  2.1406115e-05
 -3.0658772e-05
  7.3548154e-06
 -1.2047780e-05
  1.3329942e-06
 -2.9096247e-05
 -2.7894732e-05
 -6.4038932e-06
  5.0596491e-06
  3.5587868e-06
 -5.4117864e-01
  6.1106486e-03
  5.5362487e-01
  3.1794634e-01
  1.7919691e-04
 -8.1198567e-01
  2.1716641e-01
 -6.4521648e-02
  1.2679763e-01
 -3.8043842e-01
 -3.1923574e-01
  8.6007035e-01
  1.5756775e-01
 -5.9285259e-01
  1.3713301e-03
 -5.7758234e-02
  1.4654319e-01
 -6.8590909e-01
 -8.2415622e-01
 -1.8532360e-04
 -3.6230707e-04
 -5.4317113e-08
 -9.5087156e-02
  3.4057787e-01
 -8.9425601e-02
 -2.2647160e-05
 -1.2944398e-05
  4.4084750e-06
  1.3809149e+00
 -5.3498607e-05
 -3.5984212e-04
 -5.9800982e-03
  1.0468131e-04
 -3.7943575e-01
  2.9263506e-04
 -1.9656852e-02
  2.5544500e-03
 -3.1561016e-03
 -7.1740811e-05
  2.4752188e-05
 -2.0748891e-03
  2.7883266e-06
  7.7409706e-05
  1.6115549e-04
 -4.7781081e-03
 -8.2225888e-05
 -1.1259021e-03
 -2.2860855e-04
 -1.8539537e-02
  1.4933222e-05
 -2.9191778e-03
 -5.3544562e-07
 -7.9437642e-04
  3.2219097e-05
 -8.0574676e-04
 -7.3213705e-05
 -5.8965590e-02
  8.0369250e-04
  5.0610375e-02
 -1.3829491e-04
 -2.2332672e-05
 -2.4866562e-01
  3.1426101e-05
  1.1723441e+00
 -6.4379536e-05
  7.4400133e-01
  9.9293210e-02
 -5.3788352e-01
  6.2579006e-01
  2.1357271e-01
 -4.4091656e-05
 -2.0403526e-04
  6.1871933e-06
 -6.8195081e-01
  3.4562525e-01
 -3.8354407e-05
  1.8819250e-01
 -4.3933938e-04
 -5.8407430e-03
 -2.0317968e-05
 -1.2213591e-05
 -1.1805474e-05
 -7.4921736e-06
 -2.0290157e-05
 -1.2910266e-06
  2.5566214e-06
 -1.8681141e-05
  1.3863431e-05
  7.1120912e-01
 -1.5078750e-04
  2.3177958e+00
  6.8646604e-01
 -2.5566781e-01
 -1.6466424e+00
  2.9701066e+00
 -2.1854720e-01
  9.7197369e-02
 -4.3159872e-01
  4.7966769e-01
 -3.3628032e-01
  5.2390128e-01
  5.2227318e-01
 -1.1021069e-01
  9.3463451e-01
  5.3327250e-01
 -2.7462742e-05
 -2.3226852e+00
 -2.4347180e-01
  8.0982065e-01
  5.1552469e-01
  3.7415549e-02
 -2.4030085e-06
  2.2984450e-01
  8.1419903e-01
  3.9886147e-02
 -1.5601587e-05
 -3.3079138e-01
 -1.9174648e-02
 -5.3763390e-01
 -3.6250020e-04
 -8.4441805e-01
 -1.5706604e+00
 -3.3810750e-01
  1.1180419e+00
 -1.1305108e+00
 -1.9891284e-01
 -1.7805589e-02
 -3.0180830e-01
  1.3422816e+00
 -3.0181152e-01
 -2.9541561e-01
  1.7591065e+00
 -2.6959296e-02
  3.7657502e-01
 -3.5606587e-01
 -1.0393772e-04
 -1.2738192e-01
  4.4524416e-01
 -6.3277051e-02
 -1.6207615e-01
 -1.1276525e+00
  1.8143357e-01
 -1.7713777e+00
 -1.2316240e+00
 -8.0373126e-01
 -7.8158046e-04
 -3.0691606e-01
  3.2861644e-01
 -7.1967596e-01
  1.3823640e-01
  1.4362226e+00
 -5.6406327e-02
  9.3139261e-07
  7.7281737e-01
  5.7627285e-01
 -1.5610635e-01
  7.1127067e-04
 -3.4671587e-01
 -6.8719256e-01
 -6.6731558e-03
 -3.0757108e-01
  1.2382658e+00
  7.3261964e-01
 -4.1497618e-01
  2.5610966e-04
 -6.0851711e-01
  1.0598211e-01
 -3.8841639e-02
 -8.0279827e-01
  1.3815491e+00
  3.9684080e-04
 -4.9052455e-02
  1.6691050e-05
  4.3973431e-01
  1.0168505e+00
 -1.1760910e-04
  5.5829310e-01
 -2.0502555e-06
  8.2094681e-01
  1.6675614e-05
  5.6316956e-05
  1.5426791e-05
 -1.9853918e-05
 -1.3799353e-06
 -1.8666643e-06
 -1.4040113e-04
  4.2641335e-05
  1.3759681e-06
  8.0752761e-06
  5.8791484e-06
 -1.9414349e-05
 -1.0682602e-05
 -7.2899511e-06
  1.9390903e-04
  2.5322740e-06
 -1.6927429e-07
 -4.2650194e-05
  3.1646966e-06
  8.5274160e-06
 -3.4223682e-05
 -8.1736571e-06
  3.9730276e-05
  3.0973672e-05
 -7.7238928e-06
  1.3661825e-06
  1.4401830e-04
  6.2771101e-06
 -6.4574765e-06
  3.1517920e-06
 -3.6779415e-06
 -5.1415682e-06
 -4.0065411e-06
  1.8098970e-05
 -3.4359859e-06
  2.4060260e-05
 -3.7198639e-05
  9.9532997e-07
 -1.5157997e-06
  1.2829849e-04
  6.7790215e-06
 -4.7193075e-06
  1.1014396e-05
  1.3760858e-05
  1.9489632e-06
 -3.0348601e-05
  2.4409790e-06
  6.5281623e-05
  1.7309811e-05
  1.2444052e-05
  3.0199028e-06
  8.4320955e-06
 -4.2004082e-08
  2.3755429e-05
 -3.3987802e-05
  1.5649054e-04
  8.6721193e-06
 -1.9999194e-05
  1.1686698e-04
 -2.0101845e-06
  6.1725674e-05
  3.3945042e-05
  9.0690058e-01
  1.7739392e-05
  1.6009522e-04
 -2.6803298e-04
  7.1604177e-03
  8.8105865e-02
 -3.5311458e-01
 -1.2840243e-01
 -1.1976221e-02
  1.2088386e-04
 -2.9021858e-05
  4.2643999e-03
 -1.0995814e+00
  7.1288791e-06
 -9.3468170e-06
  1.3376439e-04
  1.3569331e-04
  8.3216614e-01
  3.9338644e-05
  9.4981820e-05
 -1.0882109e-05
  2.2059123e-06
  1.1556801e-04
  8.8041661e-06
 -2.0075944e-04
  1.5364715e-04
  2.1681105e-06
  1.9656834e-06
 -1.0336454e-05
 -3.2138667e-01
 -1.9447961e-01
 -4.2848656e-01
  2.4039681e+00
  2.1816118e-02
 -3.8166365e-01
 -3.1195472e-03
 -3.0963588e-01
  1.3304158e+00
  6.5872736e-02
  1.5493464e+00
  1.2229180e+00
 -3.3395237e-01
  1.7786119e+00
  3.3891237e-01
  2.1080054e-02
  3.0950900e-02
  7.1933872e-01
  6.8634313e-01
  2.4412507e-02
  4.2816001e-01
  1.0733384e-02
  4.2052457e-01
 -1.0311724e-01
  9.3627733e-01
 -1.7973054e-05
  1.0070116e-01
 -1.3410236e-01
  2.2759368e-01
 -1.2392624e-01
  5.3456956e-06
 -7.0181340e-02
 -3.4511184e-05
 -7.4915487e-01
  2.8422338e-01
 -5.6206275e-02
 -1.8571261e-01
  1.9014846e-01
  6.8694944e-06
  1.5635991e-01
  2.3421283e-01
 -1.3013224e-05
 -9.8451853e-02
 -1.0004742e+00
  5.5061605e-02
  6.8030786e-06
 -1.3188006e-05
  2.7737535e-05
  1.8658462e+00
  6.4556688e-01
  4.2650605e-08
  7.9376659e-06
  6.2620442e-05
 -1.1915890e-04
  6.1668667e-05
  5.7122079e-06
  7.0577717e-06
 -3.5967845e-05
 -1.9410026e-01
  4.6048999e-01
 -2.0261728e-03
  7.5794518e-01
  3.9353323e-01
  4.1660583e-03
 -1.5096199e-03
  1.1365645e-01
 -1.0018027e-01
  6.0437316e-01
  3.4861058e-02
  1.2834657e+00
 -5.1439708e-01
  1.0886140e-01
 -3.7082969e-05
  1.9564393e-01
  1.4253427e+00
  1.0082698e-05
  4.0682586e-05
 -2.3424147e-05
 -2.5389880e-01
  9.3089473e-01
  7.9408492e-05
  7.9211995e-06
 -5.1128841e-06
  1.2498765e-01
  6.7976170e-04
  2.4080413e-05
  1.1036158e-05
  3.4350767e-06
 -8.0112537e-04
  1.2933310e-04
  2.1094944e-05
  1.4162883e-04
 -4.9530804e-06
 -7.6433498e-05
  5.1103958e-05
 -1.3958173e-05
 -1.4173519e-05
  6.0744246e-06
 -2.6462592e-06
  6.5413633e-06
 -1.2322446e-05
 -8.9207906e-06
 -8.4241001e-06
 -2.6573462e-06
 -2.0629294e-04
 -4.0627569e-05
  5.0532952e-07
  2.9479901e-05
  4.6485526e-05
  4.4469996e-07
 -4.6916748e-06
 -3.1105194e-06
  3.5547378e-06
  1.6634654e-05
 -1.4244927e-05
 -4.7280724e-07
 -4.5302972e-06
 -4.3451478e-06
  7.0448477e-06
  2.4463645e-06
  1.0849130e-06
 -5.2473068e-05
  1.9104278e-04
  5.0063346e-02
 -6.9931430e-06
 -7.5026153e-05
  4.8791827e-03
 -1.7363481e-03
 -1.5032527e-01
 -4.7955291e-06
 -3.9644427e-05
  4.9546441e-01
 -1.7098372e-06
  1.9685257e-02
 -1.0493201e-05
  2.0673808e-08
 -3.4383572e-06
 -2.2753034e-06
 -6.4515639e-03
 -1.9353158e-05
 -1.8417644e-05
 -1.0297805e-04
 -9.8814962e-05
  2.6601640e-05
 -1.6653117e-05
  3.4100256e-05
 -1.2511094e-05
  7.1968761e-06
  4.7724545e-02
 -3.0904482e-04
  4.7077662e-03
  2.5221556e-02
  1.1649272e-05
 -5.0175112e-02
 -9.6054783e-04
  2.6728984e-02
 -1.2060272e-03
  4.0440518e-02
  2.1961705e-01
  2.6796928e-02
  8.0944393e-03
 -8.3798759e-02
  3.3326323e-05
 -4.4598341e-02
 -7.3738747e-06
  1.2045158e-03
  1.9970402e-04
 -8.8662464e-06
 -1.0590736e-01
  1.5733287e-01
  3.0266458e-02
  1.7092667e-05
  2.4196814e-01
 -9.2817732e-04
  3.0910316e-01
 -1.6564312e-05
  4.3233082e-02
 -3.2127569e-03
 -2.0774415e-02
  1.4895114e-02
 -1.4982608e-01
  1.1757709e+00
  2.8550875e-01
  9.9535954e-01
 -1.6315099e+00
  6.5565497e-01
 -6.7482954e-01
 -3.3544692e-01
  6.6066605e-01
  4.5563951e-01
 -2.6284638e-01
  4.8047397e-01
 -1.9275133e-06
  2.6074824e+00
 -1.0039252e-02
  7.6039690e-03
 -3.9226341e-04
 -3.6734354e-03
  1.8643755e-06
  5.8780846e-05
 -4.1532558e-06
  1.5616723e-04
 -1.2429373e-04
  3.2961440e-01
 -6.7019595e-05
 -2.2104835e-07
 -1.3788194e-05
  8.3296123e-05
 -7.2657676e-05
 -4.3809723e-05
  7.7271252e-05
 -2.8985516e-05
  5.3035887e-04
  6.0598895e-06
  8.1209346e-06
  4.0716586e-06
 -4.3169402e-06
  3.4333269e-05
 -1.2680306e-04
  2.3938529e-04
 -9.4254492e-06
 -1.2764574e-05
 -1.5592113e-06
  2.6028927e-08
  5.6804079e-06
 -2.2331855e-05
  3.0851101e-05
 -1.1941492e-05
  2.7351634e-05
  1.1662443e-06
  1.8535320e-05
 -2.9056437e-06
 -4.6509317e-06
  2.5366273e-05
 -2.9081793e-06
 -4.9839223e-06
 -1.6221961e-06
  1.0331487e-04
  1.9474530e-05
  6.6915854e-06
  2.4383030e+00
  1.0564885e+00
  7.7367431e-01
  3.0244224e-02
 -6.0638171e-01
  2.2815588e-01
  8.1789291e-01
 -7.1467125e-01
 -1.4062491e-01
 -1.5764343e-02
  6.6143657e-05
 -2.2675389e-01
  7.2228509e-01
 -1.5175313e+00
  8.0185030e-03
  1.3845915e-01
  8.4461612e-01
 -3.9996075e-06
  1.5249699e-01
  3.3661941e-01
 -7.1218237e-06
  5.2004823e-05
 -4.2627553e-06
 -1.2462888e+00
  2.3940417e-04
  6.3035809e-06
  3.3995584e-01
  4.0964122e-05
  3.6232467e-04
  1.4683272e-06
 -6.0706143e-04
 -1.2685230e+00
 -8.9381255e-02
  1.4198540e+00
  8.2701743e-01
 -2.7354619e-01
  7.4552369e-01
 -1.0414362e-01
 -6.1604136e-01
  7.4525900e-02
 -3.6100581e-01
  2.0418134e-01
  1.5323116e-02
  2.0853253e-01
 -2.5010994e-01
 -9.4837167e-05
  2.1056393e-02
 -1.9455483e-04
  3.0151853e-01
  7.1230902e-06
 -1.7454562e-04
  3.8008407e-06
 -2.8399831e-05
 -2.7244090e-05
 -3.0001727e-06
  6.9572047e-06
 -3.4778879e-04
  2.5201111e-06
  5.9925549e-02
 -1.4930601e-01
 -1.8333803e+00
  5.2841115e-01
  1.9297863e+00
  2.6749871e+00
 -3.4705624e-01
  2.4742743e-01
  7.4930847e-01
 -2.1578245e-01
  5.2489924e-01
 -4.3151379e-01
 -6.1794960e-01
  2.3952925e+00
  2.7436870e-01
  2.4238412e+00
 -5.9603792e-01
  4.4860294e-01
  2.7757451e-01
 -6.8016201e-01
  1.3675830e+00
  1.7317468e-03
 -2.7513940e-02
  1.1317658e-05
 -5.1093614e-01
  4.2805290e-01
  1.6942946e-05
 -3.1718921e-06
 -1.3926923e-03
  6.4098704e-01
 -2.6561591e-01
 -1.0255248e-05
  2.0183305e-01
  5.3040894e-06
  1.6138214e-05
  7.1621853e-06
 -5.0739209e-06
 -1.2101501e-06
 -2.5337480e-05
 -2.4722622e-05
  1.2891253e-05
  6.7518950e-02
 -3.2304841e-05
  1.3361673e-05
 -1.9050145e-05
 -8.1230916e-02
  4.1863343e-05
 -4.0058808e-06
 -4.1115814e-05
  9.9200646e-05
 -8.7258974e-05
  3.3510248e-06
 -1.0748781e-05
  6.9518842e-06
 -8.3016843e-05
 -1.7668999e-05
 -1.1531757e-05
 -3.7468835e-05
  2.8231807e-05
 -6.1628425e-06
 -7.1588379e-06
  3.6611539e-06
  5.0157510e-06
  6.3107276e-05
 -3.8717789e-07
 -5.1274300e-01
  6.8917125e-01
  9.2146174e-06
 -5.9784621e-01
 -1.2986769e-05
  2.3824045e-01
  1.3471420e-01
  4.4243527e-04
  2.5874751e-05
 -8.9363093e-05
  8.1067663e-03
 -3.6509970e-01
  6.8380490e-05
  3.5615172e-04
  2.1981552e-06
 -1.3513460e+00
  3.1200439e-06
  1.1339855e-04
 -6.5906265e-06
 -7.6916749e-06
  4.1198000e-06
  2.7306820e-05
 -2.2556147e-04
 -1.8920591e-07
 -1.7635404e-05
 -4.8356708e-02
  2.1247211e-05
 -2.4730710e-02
  3.9310479e-01
  4.6596110e-01
 -8.0849010e-01
  1.2627963e-05
 -1.2040365e+00
 -3.9790973e-01
  1.9076551e-01
  9.1043735e-01
  3.8525101e-02
  3.6806727e-05
  1.2541264e+00
  4.5975235e-01
 -1.2702868e+00
  7.1316391e-02
 -2.1655072e-05
 -1.0882522e-02
 -1.4335717e-04
  6.6775031e-02
 -1.6762052e-02
 -9.3062554e-04
  8.9896866e-06
 -1.2120631e-01
  3.8966557e-01
 -2.6862265e-04
 -4.6711696e-07
 -1.9410519e-01
  3.3228736e-02
  9.8166233e-01
 -2.9836845e-05
 -1.3400860e-05
  1.0737233e-05
 -8.6265682e-06
 -4.2416650e-06
 -1.9973493e-06
 -3.7001614e-06
 -1.0619157e-05
  3.1710482e-07
 -5.3552772e-05
  7.6863886e-05
 -2.6727733e-04
  2.6764226e-05
  2.4865418e-05
  2.1989857e-05
  2.9992781e-05
 -2.6745058e-05
  2.2354884e-06
  1.2151885e-06
  3.4098425e-06
 -2.9255112e-05
 -2.1525960e-07
 -2.9370409e-07
 -3.9796418e-05
 -3.4462668e-05
 -3.8168546e-05
 -1.4680361e-05
 -9.2772819e-07
 -2.2636796e-05
  3.4062421e-05
 -8.0776235e-06
 -7.6228589e-06
  1.2472479e-05
 -1.0685231e-05
  3.3307706e-06
 -4.8092326e-05
  5.3233657e-06
 -5.4191842e-06
 -1.0707056e-05
  3.6913902e-05
  2.5878666e-07
  5.6563786e-06
 -3.1742195e-05
  1.2081521e-05
  8.4919833e-05
 -1.9336949e-05
  9.6054282e-05
 -1.8543801e-06
 -3.1720228e-05
  9.5070813e-09
  8.7117542e-06
 -7.0918435e-07
 -1.4849547e-05
  1.2528726e-04
  2.5136233e-05
  3.4391612e-06
 -9.5041770e-07
  7.9405954e-06
 -4.7908437e-05
 -2.7909140e-05
 -1.6607746e-04
 -7.6145157e-02
 -1.4153324e-01
 -1.8397333e-02
 -5.9463924e-01
  7.3220454e-02
  8.4667414e-02
  1.0100039e+00
 -2.8682730e-01
  7.8018457e-02
  3.8170940e-01
 -5.0519977e-02
  3.5516793e-01
 -5.9741902e-01
  2.4079056e-02
 -5.6051534e-01
 -7.8191800e-04
  8.4053934e-01
 -4.0881217e-01
  9.2019600e-01
 -5.8938513e-05
 -4.9246950e-03
 -1.3542638e-04
 -2.1485174e-01
 -2.4578949e-06
 -2.5237381e-01
  1.3906258e-06
 -7.6952443e-04
  1.5538493e-04
  9.2889547e-02
 -7.3240288e-03
  2.8862862e-04
  2.6866302e-04
 -1.1733889e-06
 -3.4510300e-05
 -1.5024224e-01
 -4.9622063e-06
  4.1592624e-02
 -9.0816253e-01
  1.3863935e-02
  2.8690794e-01
  1.0127473e-05
 -5.9401249e-05
 -3.3931446e-01
  6.8038422e-01
  9.8196644e-01
  1.2277449e+00
  9.3801390e-07
  4.1363589e-04
 -9.9726160e-05
 -1.8717487e-01
  4.5419765e-05
 -5.8947849e-01
 -1.3675196e+00
  1.5906458e-01
  1.1376067e-05
 -5.4720902e-01
 -7.6227792e-02
  3.5103413e-04
 -2.0053292e-05
  5.2976757e-01
  1.8473276e-01
 -6.6111231e-01
  5.3851172e-06
 -4.4637884e-05
 -7.3993403e-01
 -9.8069435e-01
 -5.6719816e-01
  2.4492211e+00
 -2.0698106e+00
  1.4029713e+00
 -1.0870403e-05
 -1.3094517e-05
  5.9508854e-01
  2.2982728e+00
  7.6582384e-01
  5.9831369e-01
 -3.9493425e-06
 -5.0535792e-01
  8.5239136e-01
 -8.7885338e-01
 -3.1376465e-05
  9.6862400e-01
 -6.9792998e-01
 -2.0092223e+00
  3.5528883e-06
  4.7476706e-01
 -9.9592245e-01
 -3.7399965e-04
  9.8103999e-05
 -8.7657034e-01
 -2.4314096e+00
  8.5212213e-01
  5.5254191e-01
 -6.3061517e-01
  1.4245725e-04
 -3.8145825e-02
 -5.1072592e-01
 -1.1611148e+00
  1.1485112e+00
  1.9719839e-01
  3.8591981e-01
  2.2944535e-01
 -3.5229331e-01
 -3.1022285e-04
 -1.1284838e-04
 -6.2728446e-04
 -4.2806931e-02
 -8.6888704e-06
  1.3898057e+00
 -1.7576480e+00
 -8.1633091e-01
  8.8522738e-01
  9.4561958e-01
  9.0259509e-06
 -1.6269392e-03
  2.2471595e-01
  8.3205867e-01
 -1.5621675e+00
 -2.5652277e-01
  3.7141624e-01
 -2.6725545e+00
 -8.7334074e-02
 -5.8287460e-05
 -1.1625857e+00
  8.6117387e-01
 -9.8153818e-01
  4.5934743e-01
  8.6154944e-01
  1.6872513e+00
  3.9848462e-01
 -3.8081799e-02
 -5.6767619e-01
  1.7786038e+00
 -5.1888108e-01
 -3.8724749e-05
  1.9607124e+00
 -1.2034867e+00
 -2.0618618e+00
  1.1524994e+00
  4.2003462e-01
 -1.2451013e+00
  1.5452700e+00
 -6.2282151e-01
  9.9689108e-01
  9.0196013e-01
 -1.0842270e-01
  5.6339992e-05
  2.8265101e-01
 -4.6087584e-01
  3.3155555e-01
 -8.1423587e-01
 -2.7272865e-01
  4.7147669e-06
 -1.7846718e+00
  1.1638521e+00
 -9.5881027e-01
 -1.6400788e+00
  2.5182825e-01
 -1.8773341e-01
  8.7992914e-02
 -1.6355830e+00
 -2.1358229e-01
 -1.5095881e+00
  1.3030776e-01
  4.9536016e-02
 -3.2824674e-01
  8.2965344e-01
  3.6001539e-01
  2.1738369e+00
  1.8693389e-01
  3.4574509e-01
  1.0089785e+00
 -3.3214191e-01
 -4.7625956e-01
 -2.1327040e-01
 -7.0110238e-01
 -3.6240211e+00
 -2.6833969e-03
 -9.6237677e-01
  3.6234257e-01
  1.0631231e+00
  1.1153732e-05
 -4.7857270e-06
 -1.2296275e-05
 -1.6144435e-05
 -1.1711548e-02
  1.9753187e+00
  5.6528752e-03
  1.3031948e-02
  4.7928549e-02
 -9.1250357e-04
 -4.5464705e-03
  1.2981359e-05
 -1.9798979e-01
 -5.2681178e-01
  1.5284157e-01
 -1.0793409e-05
  6.3008481e-01
 -7.6227552e-01
 -1.7754862e-01
 -4.0447116e-01
 -1.0273615e-01
 -1.1298950e+00
 -2.3620958e+00
  5.5163765e-01
  6.2165771e-02
  1.1352150e-01
 -3.6432046e-01
 -1.7600969e-04
 -2.6167145e-05
 -4.0750489e-01
  1.5499093e-01
 -8.3675724e-05
  2.2371192e+00
  4.7620100e-01
  6.4818043e-01
  1.7785528e-01
 -1.0651938e-01
  6.1173282e-06
  1.3412566e-01
 -2.6410690e-01
 -7.8312457e-01
  1.4638735e+00
  1.4809332e-02
  1.8292306e-01
  5.5858082e-01
 -1.7056058e-01
 -3.0762783e-01
 -6.0658997e-01
 -4.5685968e-01
 -3.9640591e+00
  2.9195242e-03
  1.2673575e+00
 -4.5941370e-03
 -7.5863373e-01
  7.9372385e-06
 -1.6492423e-01
  4.1888980e-03
  1.2870513e-05
  2.1780272e-01
 -6.1438065e-02
  1.0506741e+00
  5.9283161e-01
  1.5094194e+00
 -1.8451214e-05
 -2.0975554e-06
 -2.6250973e-02
 -7.1517915e-01
 -2.2813077e+00
  1.2795974e+00
  5.4174489e-01
  1.9975435e+00
 -6.3192910e-01
 -1.3100830e+00
 -1.6646963e-01
 -1.3648014e+00
 -1.9782431e-01
  5.8478451e-01
  8.4675312e-01
  4.7095630e-01
  9.2990302e-02
 -7.2529447e-01
 -1.8014928e-03
 -2.3353031e-02
  1.1615113e-05
 -2.7356225e-01
 -9.0198164e-06
  2.1705897e-01
  9.3775399e-02
  7.3613587e-04
 -3.1294751e-01
  2.1269082e-01
  3.9096933e-02
 -3.4873294e-05
  1.1371181e+00
  1.3895623e-05
 -6.2801379e-01
 -3.5016075e-02
  6.5014152e-05
  3.0183233e-05
 -3.0597353e-02
 -3.1097248e-01
 -1.2768091e-01
 -1.1268054e+00
 -2.8386578e-01
 -1.0811452e+00
  5.1924443e-01
  2.6593262e-01
  1.0784904e+00
 -2.6338693e-01
 -3.6279723e-01
  1.3242257e+00
 -2.2714515e-01
 -7.7693212e-01
  1.9913452e+00
  6.3992107e-01
  2.6631875e-05
 -1.0520934e+00
  5.9698462e-01
  1.2088728e-01
  3.8788876e-01
  6.9154787e-01
  2.7986610e-01
  1.3442476e+00
  1.7305741e-08
  6.6403043e-01
 -3.8638893e-01
 -7.0654130e-01
 -2.5083647e-05
 -5.3948587e-01
  1.6802006e+00
 -6.9556087e-02
  1.1117965e-01
 -2.8788470e-04
  1.7079989e-05
 -6.2257767e-02
 -3.2560760e-01
 -2.4332555e-02
 -4.6758461e-01
 -2.0055988e+00
 -9.0848976e-01
  3.7115246e-01
  1.0405395e+00
  6.3071903e-03
  2.0097785e-05
 -1.1202509e+00
 -5.3900754e-01
  3.2654844e-02
 -1.9071471e-03
  1.4481618e-01
  3.7445882e-01
  1.7124937e-01
  9.4639182e-01
  9.3478340e-01
  2.3493629e+00
  2.1806509e+00
 -1.0760739e+00
  1.4309938e+00
  6.0291450e-02
 -1.5936021e+00
 -7.7254403e-01
  1.2523458e+00
  1.1668953e+00
  4.2507352e-05
  1.3644925e-01
  2.0992247e-06
  1.6508389e+00
 -1.1470413e-05
 -2.8389823e+00
  1.2347192e+00
  2.0461056e-01
 -4.2991292e-01
  9.1971594e-01
  4.9376968e-01
 -2.4461338e-01
 -2.1101797e+00
  1.4703218e-02
  6.1920542e-01
 -1.6370333e+00
  2.2381778e-01
  1.6662252e-01
  2.9495575e-02
  1.0378261e+00
  6.0654032e-01
  2.3718941e+00
  1.8655384e+00
 -1.7164903e-02
  1.0685691e+00
  1.4581140e+00
 -1.4230156e+00
 -8.7806193e-06
  2.1124724e-03
  7.6883888e-01
  2.0354192e-01
  2.0577068e+00
 -9.9612284e-01
  2.7780206e+00
  8.5040189e-02
 -2.5739329e+00
  1.0834143e+00
  2.1215609e-01
 -2.1212969e+00
 -4.4075784e-01
 -1.2550555e-01
 -1.5114737e+00
 -8.7490243e-01
  4.4145548e-01
 -2.4023317e-01
  1.0217317e+00
  1.9080307e+00
  3.1338823e-01
  2.3594581e-01
  7.0595628e-01
 -4.3294901e-01
 -1.9039000e+00
  3.1348529e-01
  2.2639245e-02
  1.6075917e-04
  2.3356694e-01
 -9.9334824e-01
  1.6326097e+00
 -1.6062215e-01
  3.7231430e-01
  4.2194629e-01
  6.7414546e-01
 -2.2053711e+00
 -8.1648912e-05
 -7.6235151e-01
 -1.0221267e+00
  1.2931701e+00
  1.4962189e+00
  1.0491807e+00
  1.2576025e+00
  1.7691530e-01
 -6.4530718e-01
 -1.1435742e+00
 -6.8491483e-01
  1.3252515e+00
 -1.4765111e+00
 -5.9830076e-01
 -4.1908216e-01
 -2.3466611e+00
 -4.1942406e-01
 -4.1554347e-02
 -1.8415247e-01
 -3.3157629e-01
 -4.4439446e-05
 -5.2863735e-01
 -6.3367347e-06
  6.3452649e-01
 -7.6323187e-01
 -5.8946421e-06
  8.6782205e-01
  1.0403874e-04
  3.5444826e-01
 -5.1929832e-01
  8.6366236e-02
 -1.4307724e-02
 -3.2565084e-01
  7.8930128e-01
 -1.8851142e-02
 -1.0447829e+00
 -1.8264308e+00
 -6.3384712e-01
  1.1453081e+00
 -1.0485488e-01
 -2.1949780e+00
  1.3045236e+00
 -3.3855179e-01
 -2.4039009e+00
  6.7141038e-01
 -5.2162915e-01
 -9.3800831e-01
  1.9277778e-01
  9.6405558e-02
 -4.0633142e-01
  7.0324206e-01
  2.8432686e-02
  1.1681643e-04
  9.8329061e-01
 -1.1200837e+00
  6.5477097e-01
 -4.8999947e-01
  3.4903523e-01
 -7.6566058e-01
 -1.4500382e+00
  7.6301801e-03
 -3.1019840e-01
  8.5101075e-02
 -1.1269039e+00
 -1.0332888e-01
 -1.8250854e+00
 -1.5927937e+00
 -2.8311145e+00
 -6.9300145e-01
 -1.9787136e+00
 -8.6776704e-01
  1.9861985e+00
 -1.0132362e+00
 -1.0003107e+00
 -6.9393218e-01
 -8.1433088e-01
 -1.7893107e-01
 -1.3749802e+00
  5.6568599e-01
  4.8268709e-01
 -4.4788596e-01
 -1.7426428e-01
 -1.4271021e+00
  1.8911771e+00
 -1.4353701e+00
 -2.8782460e-01
  6.3055712e-01
  1.1585085e+00
  4.5238072e-01
 -8.4162313e-01
 -1.2885488e-05
  2.2963648e-06
  1.0937044e-06
 -2.1549056e-03
 -2.9477893e-05
 -2.2285480e+00
 -6.9236618e-01
 -1.2366328e+00
 -4.9046046e-01
  1.6077538e-05
 -4.4881767e-06
 -1.8914204e-04
  1.0454324e-05
 -1.1549923e-05
  5.0934858e-04
 -2.1859766e-08
 -6.9082558e-01
  2.1117632e-05
  1.0659254e-05
 -2.3442479e-05
 -4.6980622e-06
 -3.4717504e-02
  3.1574421e-06
 -1.2777410e+00
  8.5226965e-01
  5.2785420e-01
 -1.2540860e+00
  1.0404194e-05
  1.3450219e-06
 -4.3124187e-06
  5.2162218e-06
 -4.2788774e-06
  1.4726360e+00
 -1.0199442e+00
  5.9764582e-01
 -5.7354838e-01
 -3.0157114e-06
 -5.4316490e-05
 -6.5207701e-06
 -3.2879957e-03
 -4.0550707e-04
 -5.5174994e-01
  9.0558225e-01
 -4.3263553e-05
 -6.3354796e-01
  5.8167894e-05
 -1.4590511e-04
 -6.9464536e-06
 -6.4835782e-05
 -6.4893616e-06
 -1.9506252e-01
  6.9819427e-01
  1.0369964e+00
 -8.8533610e-01
  3.5819230e-05
 -2.9538353e-06
 -6.9285884e-06
 -1.1780748e-05
  1.0663290e-06
  4.0181950e-01
  2.6545480e-01
 -1.7154145e+00
 -6.6326654e-01
 -4.4317244e-06
 -1.5681553e-05
  4.1678836e-06
 -9.9747948e-02
  5.3084109e-06
 -1.5297327e+00
  1.0738145e-01
 -1.6226484e-02
  1.2973230e-01
  2.7456460e-06
  6.2954903e-05
 -5.6655872e-06
  6.7790384e-06
  8.7796502e-07
 -2.3951991e-01
  4.9698421e-01
  7.4354333e-01
 -3.7160149e-01
  7.5071453e-05
  5.1450475e-06
  3.5867554e-06
 -2.7164844e-01
  2.4662327e-06
  1.2684509e-01
 -7.3275459e-01
  1.3453981e+00
  3.2512896e-02
  6.3137991e-06
  4.0721857e-06
  3.4398801e-07
 -6.1458752e-07
  2.0209582e-05
  1.9617116e-01
  4.6141763e-06
  2.8637251e-01
 -1.0902677e-05
  1.1442045e-05
 -1.1041324e-05
  1.2492368e-05
 -2.0944957e-01
 -1.1888586e-05
  3.0557191e-01
 -7.1540248e-01
  7.0646220e-01
 -8.5576731e-01
 -1.9639001e-06
 -6.8162922e-06
 -9.4191518e-07
 -8.4840012e-06
 -9.0249567e-05
  1.2229944e+00
  3.6685508e-01
 -1.1237382e+00
 -7.2476423e-01
 -3.0540846e-06
  6.1382161e-06
 -2.5244415e-05
 -1.5271906e-04
  2.8438357e-05
  1.8326487e-04
  5.9768178e-02
  3.2400319e-01
  5.4690224e-01
  5.1682302e-05
 -1.0563487e-05
 -7.0568030e-06
 -1.3580717e-06
  1.7065817e-01
  7.5178373e-01
  5.9085464e-01
  2.5641098e+00
 -9.1073775e-01
  1.7363185e-07
  5.8438227e-06
  5.6244148e-06
 -1.4203694e-04
 -1.1139345e-05
  1.6923670e-01
  3.2101452e-02
  2.0140593e-01
 -1.5299690e-01
  1.7335773e-05
 -5.2546818e-07
  7.6400547e-06
 -1.0199647e-05
  6.2815576e-05
  6.9178981e-01
 -4.7284579e-01
  7.0396376e-01
  8.5951930e-01
  2.1117068e-05
  4.3411728e-06
 -1.1539134e-05
 -1.1816073e-05
 -6.9146641e-05
  1.0820170e-01
  1.2846944e-01
 -5.5418295e-01
  3.5597542e-01
 -1.1887220e-05
 -2.3990428e-05
 -1.0300341e+00
 -3.8255405e-01
  7.4454354e-10
  6.5084857e-01
  5.8939554e-02
 -4.3240395e-01
 -5.8179939e-01
 -3.1153842e-05
 -8.8995030e-06
 -2.2997380e-04
  6.0971444e-05
 -6.2882572e-07
  1.2834154e+00
 -1.2210457e-05
  2.0935227e-06
 -2.4014549e-05
 -7.1303903e-06
 -7.5637558e-06
 -5.1741302e-02
 -2.5314328e-01
  9.9149538e-06
 -7.0412767e-01
  1.1136312e-01
 -1.8866707e+00
 -5.3017074e-01
  9.2611663e-07
 -8.0664176e-06
 -8.1388134e-01
 -1.4389514e-05
  2.0243331e-06
  2.5797498e-01
 -5.2528214e-01
  4.0174133e-01
 -5.1493031e-01
  4.7270478e-07
  3.1578711e-05
  8.4254287e-05
 -2.1001087e-03
  2.8638236e-05
 -9.3566197e-01
  4.2605558e-01
 -4.6976826e-01
 -1.2722647e+00
  4.2335514e-06
 -2.2937931e-05
 -8.4642887e-01
 -1.2327320e-02
  4.8166844e-06
  3.0853069e-01
  6.4082399e-02
  4.4652370e-01
 -1.1087341e+00
 -3.4537836e-06
 -4.9072728e-06
  3.3431799e-05
 -9.1604619e-07
  3.6306885e-06
  1.1149981e+00
  3.2948333e-01
 -4.5094448e-01
 -1.1363052e+00
 -4.2594111e-06
 -2.2465194e-04
 -6.0512000e-01
 -3.1939209e-01
  5.6621543e-06
  3.5503548e-01
  5.7016712e-01
 -1.3171979e+00
 -1.3145089e+00
  3.1416864e-08
 -1.7846934e-05
  2.3630705e-01
  9.1089560e-06
  6.2678053e-05
 -2.9968786e-01
  1.8584074e-01
  6.2151080e-01
 -5.8488381e-01
  4.8733514e-02
  7.9082417e-01
 -1.0596037e+00
 -4.3591639e-01
  4.8076045e-06
  6.5078288e-01
  8.2277322e-01
  1.0053822e+00
 -6.2894928e-01
 -9.7731672e-06
  2.3606114e-07
 -1.3238959e-05
  7.3168463e-05
 -4.6253090e-06
 -1.1754667e-01
  1.0253556e-04
  6.9098663e-01
  3.8801107e-05
  4.1211572e-02
  6.3862967e-01
 -6.4408016e-01
 -3.0830011e-01
  6.8385070e-06
 -1.1113887e+00
  4.2752728e-01
 -8.1353796e-01
 -6.1618555e-01
 -4.8491834e-06
 -1.1187284e-05
 -6.4378554e-01
 -1.8093166e-05
  9.9142062e-06
  7.5157952e-01
 -8.8809215e-02
  8.2206041e-01
  5.2163696e-01
  1.6291659e-02
  3.9098290e-01
  7.7079874e-01
 -2.9539118e-02
 -3.5196961e-05
 -1.8587686e-01
  8.4406918e-01
  2.5451270e-01
  1.2181141e-02
  4.5901779e-06
 -4.7422527e-06
  1.6603808e-01
 -4.0979195e-02
  5.2027334e-04
 -1.6629697e+00
 -5.0030085e-03
  2.1603231e+00
 -3.7441513e-01
  9.9093573e-05
  1.3326709e-01
 -1.3670684e-01
 -8.0094171e-05
 -1.4643954e-06
 -1.7986125e+00
  4.9119776e-01
  1.4641435e+00
 -2.5230598e-01
 -5.0483573e-06
  2.9009792e-01
 -7.9883075e-01
 -1.4959368e-01
 -1.7867362e-07
 -6.9831061e-01
  3.0326411e-01
 -7.8718230e-02
  1.2962177e-01
  5.9455738e-07
  5.9975227e-06
 -3.5852626e-01
 -6.2102050e-04
 -2.0233658e-06
 -4.4100565e-01
  4.5587105e-01
 -4.7580004e-01
 -1.5466620e-01
 -2.9882303e-05
 -1.3812289e-01
 -7.6768208e-01
  1.2041832e+00
 -4.2006275e-05
 -1.3605382e+00
  1.0280336e+00
  7.9280478e-01
 -6.0311943e-01
 -8.8370416e-06
 -1.0585559e-06
 -4.3781791e-05
 -8.2073693e-06
  2.9338569e-06
 -4.0139356e-01
  7.5027752e-01
 -1.9612622e+00
  8.2909310e-07
 -7.8197036e-06
 -3.1014685e-02
 -1.5032911e+00
  6.9868976e-01
  5.0024937e-06
 -2.2204264e-01
 -3.1240029e-02
  5.0943017e-01
  1.0862799e+00
  1.2797585e-05
  4.3299929e-06
 -2.6978365e-01
  4.9582851e-01
 -9.4934949e-06
 -1.1373496e+00
  9.3502855e-01
 -2.6497713e-01
 -6.0366702e-01
  1.7887830e-06
 -2.3624152e-06
 -2.9365891e-01
 -5.2810534e-05
  8.4182684e-06
 -1.1669942e+00
 -7.1538979e-01
 -2.7931321e-01
  3.7825581e-01
  2.4828545e-05
 -7.1563228e-04
 -5.4802960e-01
  1.2736971e+00
  9.3609407e-07
  5.3205115e-01
  1.8427500e-01
  5.5218405e-01
 -5.7552103e-02
 -8.0978380e-06
 -4.4206831e-07
 -9.2242412e-02
 -1.5071196e-05
  2.6893226e-06
  1.5352459e-01
  2.2420223e+00
 -1.8586448e+00
  4.8450056e-01
  3.5818044e-07
 -5.0921384e-02
 -5.9379798e-01
  8.5105884e-01
  1.1245264e-07
 -4.1859025e-01
 -1.8567683e-03
  1.9622871e-01
 -4.1996074e-01
 -6.2064310e-06
 -7.9352547e-05
 -5.2065396e-01
  3.8656178e-01
  2.7533213e-07
  5.8619106e-01
  4.0292320e-01
 -6.5033454e-01
 -7.7936941e-01
  1.2413758e-02
  1.2413758e-02
  1.2413758e-02
  1.2413758e-02
  1.2413758e-02
  6.7241365e-01
  6.7241365e-01
  6.7241365e-01
  6.7241365e-01
  6.7241365e-01
  1.4738771e-01
  1.4738771e-01
  1.4738771e-01
  1.4738771e-01
  1.4738771e-01
  1.0924964e-01
  1.0924964e-01
  1.0924964e-01
  1.0924964e-01
  1.0924964e-01
  1.6452778e-02
  1.6452778e-02
  1.6452778e-02
  1.6452778e-02
  1.6452778e-02
  1.8038879e-01
  1.8038879e-01
  1.8038879e-01
  1.8038879e-01
  1.8038879e-01
