nep4 3 Ba Zr S 
cutoff 8 4 150 20
n_max 4 4
basis_size 8 8
l_max 4 2 0
ANN 30 0
 -1.2835027e-01
 -2.7869332e-06
  2.2667299e-04
  5.3415861e-05
 -1.7893782e-02
  2.3416511e-04
  4.1468434e-06
 -6.7394976e-05
  1.7195028e-04
 -2.2357982e-01
  9.4366651e-06
 -9.5797432e-06
 -5.9811948e-05
  9.6308190e-07
  6.9274455e-07
 -2.0374529e-04
 -1.2459089e-05
 -1.0135553e-04
  1.1664626e-05
 -8.5260285e-07
  5.8784226e-06
 -6.0829652e-06
 -3.6749034e-06
  4.4546305e-05
 -3.7709298e-04
 -1.3725385e-05
  6.8056315e-06
  4.0551140e-06
  7.5139419e-06
 -5.7809359e-07
  2.7049016e-06
 -2.6088542e-06
  8.0580554e-07
  6.1052278e-06
  6.4461183e-06
 -3.8700018e-06
  4.5182537e-07
 -4.9787614e-05
  8.7084322e-07
  2.4373010e-05
 -1.5632691e-06
 -8.6276332e-06
 -1.0404815e-06
 -3.0937586e-06
 -4.3188861e-06
 -2.2525868e-05
 -5.1149091e-06
 -6.7351307e-06
  1.2378671e-04
  1.6005473e-05
  8.3775612e-06
  1.3248680e-05
  1.0207845e-04
  2.7811977e-05
  8.5172069e-06
  7.5640193e-05
  1.4095177e-05
 -2.1979145e-06
  1.0081578e-05
  1.2804585e-05
  2.8921993e-04
 -5.2175687e-06
 -1.3933641e-05
  5.1025298e-05
  4.9950490e-06
 -4.4862718e-06
 -6.1215294e-05
  1.0579761e-05
 -1.6516362e-06
  9.2295777e-06
  7.1227519e-06
  1.7851324e-05
  8.7429152e-07
  8.1791104e-06
 -2.1793189e-06
 -4.3965574e-06
  4.7216608e-07
  1.8062909e-05
 -6.1005494e-06
 -1.6412716e-06
 -8.0424388e-06
  6.8398845e-06
  3.9300426e-06
 -1.2948827e-05
 -3.7606362e-06
 -2.6775074e-06
 -1.6790773e-05
  8.7954913e-06
  2.5713239e-06
  2.8197146e-06
  1.7066977e+00
 -6.0928397e-07
 -1.1088849e+00
 -7.2727851e-03
 -1.4896572e-01
 -1.1428705e-05
 -1.0779317e-05
  6.0228858e-02
 -4.1563040e-01
 -5.0392187e-01
 -6.8429190e-06
 -1.0914767e-05
  2.4637966e-03
 -1.1026604e-01
 -6.1341271e-02
  1.7573317e-05
 -3.5186940e-07
  2.2442505e-01
  1.4771397e-01
 -3.0849096e-01
  4.6792302e-05
 -2.9830408e-06
  1.3240433e-01
  1.8652537e-01
  3.3820707e-01
 -2.3991643e-05
  2.6490627e-05
 -1.4762643e-05
  1.4185251e-05
 -7.3326461e-05
 -1.5158435e-05
  5.8403070e-06
  2.0172779e-04
  1.5829426e-05
  1.8303763e-05
  1.3763554e-04
 -1.9806672e-07
 -2.4962679e-07
 -1.4490684e-05
  2.9200263e-04
  1.6732978e-05
  7.3059155e-06
  1.0773856e-07
  1.2173433e-05
 -1.4656715e-05
  1.6496379e-05
  9.8062055e-06
 -4.4896074e-06
 -6.0501618e-05
 -3.4467106e-05
  4.0008526e-05
 -9.6835231e-07
 -3.6655270e-05
 -4.9927130e-05
  1.0007744e-06
 -2.6639437e-04
  2.2674263e-05
  3.0434210e-05
 -3.6906512e-04
 -6.5680033e-06
 -8.9139689e-07
 -1.1680581e-05
  2.5903862e-06
  8.6043065e-06
 -2.5407795e-05
  7.3204181e-05
 -1.9720264e-07
 -2.9799190e-05
  1.0854929e-05
 -5.8668968e-07
  3.5693334e-05
 -2.1679800e-06
 -1.5791367e-05
  1.8343189e-05
 -9.7311531e-06
  7.3676252e-05
  9.9351753e-05
 -2.2556813e-04
 -6.6476146e-05
  2.0638927e-05
 -4.9482746e-06
 -9.0522990e-06
 -2.9061659e-06
  4.7330960e-07
 -8.3455356e-04
 -7.9302947e-05
  7.6690885e-06
 -9.9347544e-06
 -1.7166565e-06
 -3.6630595e-06
 -1.9953511e+00
  2.2075210e-05
  1.2106346e-01
 -4.7277361e-01
  1.3622718e+00
 -1.4092672e-06
  3.9694114e-06
  1.5971940e-05
  9.2642345e-02
  2.2291716e-02
 -1.0708119e-05
 -1.6622412e-06
 -2.0965359e-05
  5.5080571e-05
 -6.4563807e-05
 -1.3827783e-05
  1.4154552e-04
  5.7804926e-05
  1.7703101e-06
  1.9057189e-01
 -3.5699668e-07
  1.5835270e-06
  1.0932661e-06
 -1.9987161e-05
 -5.0340059e-05
  1.1291640e-05
  6.3714647e-06
 -3.4779775e-06
 -8.0485197e-06
 -6.4542965e-06
 -1.3971118e+00
  3.3503601e-01
  1.5260640e+00
 -1.1403457e+00
  8.7065923e-01
  8.5966392e-05
 -7.8526857e-05
 -2.1745340e-05
  3.8559347e-01
 -7.0443249e-01
  2.1088749e-06
  8.7709059e-06
 -3.1095161e-04
 -1.8796500e-06
 -3.6014839e-08
 -3.1116799e-06
 -4.3738851e-06
 -1.1585886e-01
 -1.6087145e-02
  8.5126147e-02
 -1.4206357e-05
 -1.4861158e-05
  1.7511122e-06
 -1.1262591e-01
 -1.5687817e-01
 -6.4761366e-06
  9.1058491e-06
  6.3353542e-07
 -7.4028714e-05
  1.4680762e-05
  1.3493727e-01
  1.9497583e-04
  1.1902705e-06
 -2.1504578e-01
 -5.3623620e-02
  1.4235825e-07
  4.0331952e-06
  3.1002766e-01
 -6.5258217e-07
  8.0102324e-01
 -1.2184400e-05
  2.2446769e-05
  1.5608162e-04
 -7.3275520e-03
  3.6611582e-05
 -6.1159008e-06
 -2.6987416e-05
  7.4168243e-02
  5.7059797e-03
  4.4084613e-06
  5.7137017e-06
 -1.4822178e-05
  7.3051313e-03
  7.8133680e-02
  1.8797323e-01
  2.1464948e-05
 -1.5487343e-05
  4.0243849e-05
 -5.1756188e-06
  1.5175524e-04
  1.3413739e-04
 -1.8330757e-05
 -2.2215655e-02
 -1.2169889e-01
  5.9786817e-06
 -1.5513717e-05
  1.1111385e-05
  7.5545191e-05
 -5.6366084e-06
 -1.4937622e-02
  3.5045782e-06
 -2.5562014e-04
  2.3973556e-05
 -1.9975902e-05
  1.5072323e-05
  1.1040496e-05
  2.1562842e-05
  1.5165885e-04
  1.5644904e-06
  1.1933721e-05
  5.2483421e-05
 -1.3772858e-07
  1.7022021e-05
  2.2957388e-06
  2.0550318e-02
  1.0343602e-05
 -3.6423710e-06
 -1.1219429e-07
  4.0769469e-06
  1.8008589e-06
 -5.0164169e-01
 -5.7087418e-06
  3.8081780e-05
  1.1476144e-05
  3.0138886e-01
  1.6324862e-05
  6.6212444e-05
  1.4330597e-06
  7.2260220e-05
  1.9810050e-06
  4.9593400e-06
  7.3986071e-06
 -1.2008094e-05
  2.8910439e-05
  1.0201673e-05
 -4.9157024e-06
 -1.5579515e-05
  6.6384387e-06
 -5.6447419e-07
  1.2978837e-05
  1.1754547e-05
 -3.7060775e-06
  5.6844719e-06
 -1.1619001e-05
  2.6158204e-06
 -9.8662649e-06
 -4.7775357e-06
  1.1081024e-05
 -2.2359294e-05
  1.2446766e-05
 -3.7249320e-05
 -3.8564755e-05
 -9.8461703e-07
 -3.1186661e-04
 -6.4723793e-07
  1.2856480e-06
 -9.3216244e-07
 -1.8484750e-06
 -3.3885663e-05
 -3.5482788e-06
  2.8630725e-06
  1.7592429e-06
  9.7434631e-06
 -3.7208590e-06
 -3.3862558e-05
 -1.7255776e-05
  2.1893015e-07
 -1.1138717e-05
  1.2756508e-06
  2.1005710e-05
  7.3179526e-06
 -6.0992702e-06
 -4.7760441e-06
 -7.6821270e-06
  1.6832701e-05
  2.9013447e-06
 -5.5246155e-06
  3.5536614e-05
  5.4715429e-06
  4.6021938e-07
 -1.1240414e-03
 -1.8135959e-05
  5.0274465e-02
  3.6444256e-01
  6.7007577e-06
 -1.0184916e-05
 -1.0795248e-05
 -1.0128256e-03
  4.1818470e-02
 -6.1623375e-03
  2.0930918e-05
 -1.6990604e-06
 -1.4167714e-04
  5.7544280e-06
  3.8805825e-05
  1.7310113e-05
 -4.3685309e-06
 -3.9193936e-02
 -1.3466188e-03
 -1.4962930e-06
 -1.2046899e-05
  4.6744186e-05
 -3.6396355e-05
 -4.2919265e-04
 -1.2192212e-02
 -8.3999439e-08
 -1.8738363e-06
  1.5075835e-07
 -2.2140017e-05
  3.2088181e-05
  2.8001428e-05
 -4.1220780e-04
 -1.3949383e-05
 -5.4135177e-07
 -1.8923632e-07
  1.0497289e-05
 -4.7585170e-05
 -9.6479744e-07
 -9.9531480e-06
  1.5966785e-05
  2.2169908e-05
 -2.0410969e-06
 -2.5650206e-05
 -4.6938248e-06
  2.2306825e-05
 -1.1088497e-06
 -3.0827900e-06
 -7.0380673e-07
  9.0947988e-06
  3.2370415e-06
  6.8296022e-06
 -1.2285143e-04
  7.2433136e-07
  8.8069182e-06
 -2.3882698e-05
 -1.1511170e-05
 -2.8393615e-06
 -1.2100456e-07
  6.0115558e-06
 -7.6687948e-06
  6.0666293e-01
  1.1946133e+00
 -7.6801240e-02
 -2.7446959e+00
 -2.4421398e-01
  5.1509669e-06
 -4.8710267e-06
  4.9627237e-02
 -5.5247128e-01
 -5.8069717e-02
  1.3528205e-05
  3.0801134e-06
  2.3473665e-01
 -9.4577201e-02
  3.0860734e-01
  1.5004881e-05
  6.1728174e-06
  3.6347172e-01
  1.2110214e-01
 -1.3090667e-01
  8.3955289e-05
  2.8444621e-05
  2.7171576e-01
  5.3096908e-01
  6.3478488e-01
 -6.9181374e-06
 -1.0347334e-04
 -1.3136512e-05
 -6.3354723e-06
 -1.7876594e-01
  1.2027509e-06
  5.2027888e-05
 -3.5506886e-01
 -1.8468356e+00
  1.7555466e-02
 -5.9219896e-05
  7.2075304e-06
  6.8631463e-02
 -2.9531950e-01
  1.4379722e-02
 -9.2505015e-06
 -5.3546437e-06
  4.9437612e-04
 -7.7780476e-03
 -1.2341846e-05
 -1.8693619e-05
 -1.4342128e-05
  2.0972635e-01
  1.4347874e-01
  3.1527125e-05
 -5.1629180e-05
 -1.2873191e-05
  6.2451828e-02
  2.2511667e-01
  2.9769975e-01
 -1.5402009e-05
 -4.3102973e-06
 -1.2175145e-06
  1.0205424e-05
  1.2474989e-05
 -1.4336830e+00
  5.3473796e-05
 -1.0946592e-07
  1.3704482e-05
  1.0419570e-02
 -1.2848845e-06
  9.9447961e-06
 -1.0542101e-05
  1.0272327e-04
  8.0349528e-05
 -7.9415313e-06
  4.2194912e-05
 -8.1114858e-06
 -2.1673079e-06
 -1.2882298e-05
 -4.7790368e-06
 -1.8457200e-05
 -2.3436739e-06
 -1.0680667e-05
 -1.9589546e-05
  2.5189534e-05
  3.4072948e-06
  6.3029634e-06
 -9.0906060e-06
 -1.0265554e-05
  1.7139857e-05
  4.4542403e-06
  1.7095757e-04
  3.1475874e-06
 -2.0571901e-05
  6.0313137e-06
 -3.9041129e-06
 -5.2068694e-06
  6.1457195e-06
 -6.1065807e-06
  2.0401546e-06
  1.8028355e-05
  4.0529787e-05
 -5.4852126e-06
  6.2158656e-06
  2.0460387e-04
 -5.4801541e-04
 -2.7857892e-05
 -1.2059318e-05
 -3.2621308e-04
 -1.4139849e-06
 -2.4729135e-07
 -3.9643232e-06
 -2.9337099e-05
 -2.2506618e-05
  2.7696476e-06
  3.1070824e-05
 -6.1957735e-06
  1.0142926e-04
 -9.7250067e-06
 -8.2919796e-05
  1.4858082e-05
  2.7246513e-06
  3.2631055e-04
 -1.6981818e-05
  2.0051940e-01
 -1.1720721e+00
 -3.4463644e-01
  1.9702896e+00
 -2.3922987e+00
  1.4016799e-05
  8.2308952e-07
  1.3576168e-05
 -2.4397078e-01
  5.7466549e-01
 -6.1051051e-06
 -2.7510550e-06
  1.6623064e-03
 -5.9536594e-04
  5.5333931e-06
 -8.3316510e-05
  2.8861969e-06
  1.7843518e-01
  6.1937954e-02
 -3.3988245e-03
 -1.0765292e-05
 -3.6870927e-06
  8.7664187e-02
  1.2663120e-01
  2.9802796e-01
  9.7146265e-05
 -2.3675471e-05
 -7.8592939e-06
  5.2858159e-06
 -4.5480770e-05
 -2.6658459e+00
 -7.4632740e-06
  1.2666161e+00
  1.2999399e+00
  1.7299352e+00
  1.8306149e-07
  1.3343380e-05
  1.4087644e-01
  1.1267421e-01
  5.3887612e-01
  1.5946634e-05
 -2.1411579e-05
 -2.3577216e-03
 -9.3944851e-05
 -1.1305369e-01
  9.2789363e-05
 -4.1263735e-05
  1.6668724e-06
 -3.4318866e-05
  2.6665130e-01
  1.4435500e-04
  1.9791352e-05
 -9.2569087e-04
 -6.7982912e-02
 -8.6048365e-02
 -4.6138695e-07
 -1.8296749e-05
 -1.0200024e-05
  5.9209988e-06
  5.7651010e-07
  1.9400362e-05
  1.1588643e-06
 -1.5457480e-06
  1.4703138e-05
 -3.9818369e-07
 -6.4957571e-06
 -8.2984152e-06
  2.6094071e-06
  2.1955564e-05
  1.5816677e-05
  5.2600726e-06
 -1.3382933e-05
  9.5859750e-06
  1.5449242e-06
 -1.0653263e-05
  3.2469561e-06
  1.3869564e-07
 -5.9609733e-06
 -9.2043438e-06
 -3.0802454e-05
 -1.1854208e-05
 -6.6369677e-07
  1.2580975e-04
  1.6482733e-04
  5.7048186e-07
 -1.2251901e-05
 -2.2289987e-06
  5.1593024e-06
  5.2581879e-04
  4.2876373e-08
 -1.0332903e-05
  2.9590710e-06
 -1.1535498e-05
 -2.5233816e-05
  7.2262708e-05
 -4.2299092e-05
  2.7234958e-07
 -2.6166479e-06
 -8.0102145e-06
 -8.7084027e-06
  2.0780908e-06
 -1.4284457e-05
  1.6117044e-04
 -1.9098310e-05
  1.1760218e-05
  3.6083170e-06
 -5.7181301e-06
  1.1644899e-04
 -8.2477465e-07
  2.7100465e-05
  2.2376885e-07
  7.2138473e-06
  3.5780533e-06
 -4.2390584e-06
 -1.8366669e-04
 -5.2355728e-05
  1.6394171e-06
  3.4563318e-06
 -1.3502232e-05
  5.6616841e-06
  1.3392518e-04
 -4.8787075e-07
 -1.3828349e-05
  2.9561994e-05
 -1.6946751e-05
 -5.4959896e-06
 -1.6153163e-05
  9.9966921e-05
  1.3128808e-06
  2.3256925e-07
  2.1763703e-05
  2.3183406e-04
 -1.0224080e-05
 -5.1925736e-06
  6.7051687e-06
 -3.1516188e-06
  1.1361743e-05
 -2.5432224e-05
 -6.2432059e-06
  6.7223805e-06
 -1.0158299e-05
 -9.1958333e-05
  2.6103960e-06
  4.2451877e-05
 -1.9369675e-06
  7.4746777e-06
  1.5602152e-05
  1.5282407e-05
 -9.9620856e-06
 -1.3002722e-06
  1.9043880e-04
  3.1551404e-05
  3.8877341e-01
  2.3139146e-01
 -1.2554686e-01
  1.3907845e-05
 -1.3596607e-06
 -1.8549778e-01
  3.9803613e-02
 -1.7494466e-02
 -4.7556277e-06
 -9.5102396e-06
 -6.6162633e-05
  6.1379957e-05
  7.0884186e-03
 -3.3038257e-06
  4.3978314e-05
 -3.4686345e-01
 -7.7686913e-02
  4.6947134e-05
  7.3028517e-05
  1.9098473e-04
 -1.2336021e-02
 -8.5682623e-02
 -1.6309105e-01
  2.4887402e-05
  4.0076378e-05
 -1.8022541e-06
  3.5439018e-05
  1.8725776e-04
  1.2698618e-04
  2.8584609e-06
  1.4951815e-05
  5.6590861e-06
 -3.0379647e-06
  3.3537867e-07
 -6.8803005e-05
  4.5677928e-07
  1.3288042e-04
 -9.8025821e-06
  2.0628427e-06
  1.3021086e-05
  3.2364493e-05
  3.1127206e-06
 -4.4658336e-07
 -7.5385119e-06
 -2.2437665e-04
 -2.1240726e-06
  9.0362191e-06
  8.7083798e-05
 -1.0398038e-04
 -7.6916958e-06
 -7.1340401e-06
 -5.4787988e-06
  1.1784744e-04
 -2.2788943e-06
 -1.8843883e-05
  4.8233228e-06
 -5.9539807e-06
 -2.1113656e-06
  1.8272429e-05
  2.9067730e-06
 -8.3974501e-06
 -9.1783941e-06
  1.8011709e-05
 -2.5985032e-04
  2.8181597e-05
 -1.3017791e-06
  2.6407362e-05
  2.3644554e-06
 -1.2415058e-05
 -2.4911915e-06
  1.5551510e-05
  7.7227842e-06
 -2.9331306e-01
 -9.6511133e-07
  2.2718456e-05
  1.1480717e-05
 -8.0911886e-06
 -9.0324493e-06
 -2.8839613e-06
  1.5710853e-04
  7.2300436e-06
 -2.7535158e-05
  7.4920786e-06
 -6.9553676e-06
 -1.8663725e-07
 -3.1736472e-06
 -9.6402928e-06
 -3.3520714e-06
  2.9264716e-05
  7.0515603e-06
 -7.3396286e-04
 -2.3986357e-05
 -1.2952210e-05
 -2.5998910e-05
 -1.5830072e-05
 -1.7384419e-07
 -2.0135371e-05
  2.4922744e-03
  2.4034603e-07
 -6.6099042e-06
 -2.8125023e-06
 -7.0973110e-06
  3.2635269e-06
 -9.0662652e-06
 -8.2434799e-06
  6.3229803e-05
  1.3183801e-04
  1.2192365e-06
  3.2220119e-05
  1.2111062e-05
  6.8592049e-06
 -2.6764830e-05
  1.3104354e-06
 -2.5003221e-06
  6.1787591e-07
  1.0840688e-05
  4.4662224e-06
  1.3027094e-06
 -2.3909920e-06
  8.8862189e-06
 -1.2857983e-05
 -1.0932052e-05
 -7.8066341e-06
  1.5129171e-05
 -1.8496048e-05
  5.1122420e-06
 -1.2048324e-05
 -6.4724287e-07
 -6.2345307e-06
  1.3513828e-05
  4.9727155e-06
  5.1667248e-05
  2.1302171e-06
  9.1533693e-05
  5.0453884e-05
 -5.7372444e-07
 -1.8798601e-05
 -1.3977615e-04
 -1.4594162e-05
 -1.2949674e-05
  5.6205663e-05
  1.0771379e-05
 -2.7937863e-06
 -2.3073103e-06
 -8.8566785e-06
  4.4606381e-06
  5.1338793e-06
  1.9038886e-05
 -1.2457306e-06
  6.3242287e-06
 -8.5369793e-06
  1.0047957e-05
 -1.4206837e-05
 -9.5733267e-06
  3.7337818e-06
 -2.2593313e-05
 -1.1984047e-05
  6.9846087e-06
 -2.1532334e-07
 -5.9855965e-06
 -4.7804451e-06
  2.2110107e-05
 -4.7614045e-05
 -1.9305882e-01
  2.6898016e-07
  6.1777835e-05
  1.1382213e-05
 -8.2012343e-07
 -7.0792148e-06
 -2.2223578e-05
  7.5783541e-06
 -3.6721115e-06
 -1.0028515e-05
 -1.0042105e-05
 -5.5363034e-06
 -1.3325979e-05
  3.6256795e-06
 -1.0225534e-05
  1.0241983e-05
 -8.0248128e-06
  1.0679066e-05
 -4.4512042e-05
  2.3603046e-05
  1.2639409e-05
 -1.2189786e-05
 -3.5144571e-06
  2.2035404e-06
  5.7267653e-06
  4.1841322e-06
 -2.7764111e-06
 -1.9516277e-05
  5.8356964e-06
  2.7056974e-06
  4.1137428e-06
 -2.3939108e-06
  5.8075024e-05
  1.9043457e-06
  2.4856477e-05
  8.7417020e-06
  2.0386064e-05
 -1.3601225e-05
  1.1572552e-05
  2.7323185e-06
  3.1817710e-06
 -7.0654905e-06
  3.3473630e-02
  2.2747006e-06
  1.2337256e-04
  4.0749592e-01
  2.0433522e-06
  2.0263631e-05
 -1.5655760e-01
 -5.3487238e-06
 -1.1970883e-06
 -6.4534396e-02
 -5.3879464e-01
 -8.2917857e-01
  1.2151886e+00
  3.1108400e-05
  5.7983954e-05
 -1.7635541e-01
 -3.0593023e-06
 -2.1368010e-01
  3.9238375e-01
 -1.0162536e-01
 -1.4914431e-04
  1.3496602e+00
  1.1136787e-01
 -5.9475478e-06
  1.5351980e-05
 -4.7268146e-01
 -5.3828901e-01
 -2.1332280e-05
 -4.2133834e-06
  3.7636739e-01
 -5.9031008e-06
  4.6989389e-05
 -7.8529556e-05
 -7.8397512e-01
 -1.4107372e-04
  4.7868361e-06
  1.5242797e+00
 -2.5604224e-01
  2.3933922e-06
 -1.1848915e+00
 -1.7482587e+00
  1.7660235e+00
  2.0576196e+00
 -4.2480609e-05
  2.9892801e-06
 -8.8456112e-01
  7.0152382e-06
  2.4618573e+00
  1.6433554e+00
 -6.8005967e-01
 -6.9773400e-06
  2.2649758e+00
 -2.3140757e+00
 -1.2653410e-05
 -6.1427422e-06
 -2.0509977e-04
 -1.3016255e+00
  2.1137823e-06
 -5.0551560e-05
  4.3009016e-01
  3.2781361e-05
  1.0897035e-06
 -6.0333800e-06
  1.0859115e-06
  1.0466320e-01
  1.3584120e-06
  5.6226704e-06
 -2.5098411e-06
  6.3197272e-06
 -6.3030093e-06
 -1.2527728e-05
  1.7159966e-05
 -9.3585304e-06
 -5.3535286e-06
 -1.4979106e-05
 -7.5202393e-06
  1.6309363e-06
  4.6347609e-06
 -1.1252794e-05
  1.0450002e-04
 -5.6356457e-05
  4.6758423e-06
  7.8321148e-07
 -4.5414290e-06
 -3.2182957e-06
 -1.6758344e-05
  1.1994871e-06
 -1.6562612e-05
 -4.0202453e-05
  4.7271806e-06
 -1.8289922e-05
  3.5806854e-05
  1.4666675e-06
 -3.7453885e-04
  1.2208775e+00
  2.7813830e+00
 -4.2784543e+00
  1.4502470e+00
  1.6638546e-01
 -1.4446463e-01
  2.5983271e-01
 -2.7178206e-02
 -6.1399929e-05
 -7.5443670e-02
  3.1330255e-01
  6.3233012e-01
  1.8472561e-01
 -1.0588004e-01
 -2.4559882e-01
  2.3143066e-02
 -5.5402309e-01
  8.9322358e-02
 -1.8917014e-01
 -1.6647758e-04
 -4.5647184e-04
  5.2345789e-05
 -1.0533421e-05
  4.7329863e-07
  3.5981702e-05
 -7.6606072e-04
 -1.2548183e-05
  2.5759449e-05
 -2.2733970e-05
  1.3138766e+00
 -4.7764462e-01
  1.3313993e-04
 -1.1242592e+00
  3.8438985e-01
 -6.6612500e-01
  3.6816102e-05
  1.7416626e-01
 -1.8734669e-06
 -1.2474961e-02
 -9.3167936e-03
  9.0694113e-05
 -2.9672511e-04
 -1.9059187e-05
 -7.4486203e-02
  1.4683399e-04
  1.6962730e-04
 -3.7597266e-03
 -2.2322946e-04
 -8.5775531e-04
  3.9806173e-06
 -3.4602341e-05
 -1.4315819e-04
  2.2450182e-05
 -4.2676418e-03
 -7.6233673e-06
 -7.7004624e-05
  8.0524467e-07
  2.5315623e-04
 -3.1809457e-06
 -5.2971193e-03
  1.2583420e-02
 -1.7708426e-02
 -1.2902375e-05
  1.9103829e-02
  2.7860927e-03
  4.4138851e-06
  3.7329237e-08
 -9.0041385e-06
  1.4047270e-02
  3.6343106e-04
 -3.1403224e-06
  1.5548301e-05
 -4.6300315e-07
 -1.4055591e-05
 -7.8900470e-05
  2.4013183e-05
  1.2158813e-04
  6.9291991e-06
  2.7066228e-04
  6.9437770e-06
  4.0867135e-06
  7.7744789e-06
  1.6225677e-05
  2.2579448e-02
  8.8332245e-06
 -7.3148717e-06
  6.1334833e-07
 -1.8505361e-06
 -4.6428777e-06
 -1.6498379e+00
 -1.3904599e+00
  2.4418523e+00
 -3.6603925e-01
  7.2252816e-03
 -5.8088803e-01
 -1.8614855e-01
 -3.3603886e-01
 -4.9494691e-02
 -3.3756509e-01
 -5.5292290e-01
 -4.5165441e-05
 -1.6810052e-01
 -6.6438799e-05
 -1.7851198e-01
  1.1986683e-05
 -3.3561459e-01
 -4.5416057e-01
  2.6458400e-01
 -2.2221324e-01
  5.5900370e-03
 -4.2705402e-02
 -5.2128667e-01
 -3.8811499e-01
 -3.2486144e-01
  2.5245923e-05
 -4.2619289e-05
  1.2013193e-05
  2.2283425e-06
  1.7448488e-03
 -6.8723798e-01
  2.2506361e+00
  3.6351860e-01
 -6.0726929e-01
  8.7269852e-03
 -3.6289307e-01
  3.4142048e-03
  8.6775981e-04
  3.9991975e-04
  3.8932145e-01
  3.4779400e-01
  1.7233427e-04
  2.4018559e-01
 -5.4956261e-05
  7.7520305e-01
  2.5628608e-01
 -6.3633917e-05
 -1.6192845e-01
  2.3476696e-02
  1.4516738e-01
 -1.3261684e-04
  2.6591271e-01
  3.5924485e-01
 -1.7696480e-03
  6.0753709e-01
 -1.3079440e-05
  5.6402300e-06
  7.3938468e-06
 -3.0736128e-04
 -1.0488557e-04
  8.7336655e-04
  3.8514125e-05
 -2.6404068e-06
 -1.2146101e-06
 -3.5013879e-06
  6.2740179e-07
  1.8173047e-06
  1.6100774e-05
  1.8854907e-05
  3.9857209e-06
  1.0367808e-05
 -1.3550493e-05
  1.1328548e-05
 -1.6997901e-05
  9.3799542e-07
  6.4156447e-05
  2.1118556e-06
 -1.5997666e-05
  3.7885577e-06
  8.0613836e-06
  1.2553799e-04
  1.3198409e-05
  1.0065980e-05
 -5.1678876e-06
 -1.1665405e-04
 -6.4210883e-07
 -2.1373482e-06
  1.2266491e-07
 -4.6144378e-06
 -7.8634832e-05
  1.4885502e+00
 -1.0290238e+00
  3.5741976e-03
 -3.4145868e-01
  8.7516111e-01
  3.3880210e-01
 -5.9986085e-02
  4.3905724e-04
 -2.6284475e-04
 -1.8142083e-01
 -3.8366753e-01
 -1.6790820e-05
 -6.2117046e-03
  3.4900979e-06
  7.1544451e-07
 -1.3300963e-01
  5.2237545e-05
 -1.3990782e-04
 -4.2996160e-04
 -1.4544402e-01
 -2.3023302e-04
 -2.4609360e-01
  2.3327013e-06
  3.6351837e-02
 -5.1066849e-02
  7.9611765e-04
 -3.8770486e-06
 -9.3920539e-07
 -1.2719776e-05
  6.7391525e-06
 -4.4545732e-06
 -2.8562522e-06
  2.8400104e-06
  1.9726601e-06
  3.4048248e-06
 -6.1365303e-05
 -7.6984716e-06
  2.8091290e-06
 -1.9331094e-06
 -2.3323746e-06
 -1.4793637e-06
 -1.3462462e-05
  8.6209648e-06
  1.5720347e-05
 -1.0384629e-03
  1.1923144e-06
 -3.5041610e-06
 -8.4483887e-05
  7.7007161e-07
 -1.1001777e-05
 -1.2260285e-05
  4.3222920e-07
 -1.1355984e-05
 -2.6980886e-05
  3.2294756e-06
  1.8921686e-05
 -5.7829847e-04
 -1.0538219e-05
  8.6209817e-05
 -4.1652518e-05
  3.1628493e-02
  9.0987260e-06
 -4.8383545e-06
 -8.6894106e-06
  1.4444804e-06
  2.1022627e-06
 -1.1391809e-05
  3.6152421e-06
 -3.3269022e-05
  1.2666521e-05
  5.8761866e-06
  2.4667197e-05
 -6.6592620e-06
 -2.8842118e-05
  5.2810806e-06
  8.8731867e-06
  1.6881022e-07
 -6.2992335e-06
  1.7507908e-05
 -1.8898810e-04
 -3.5743395e-04
 -3.9978604e-06
 -2.7940876e-05
 -2.2210108e-05
 -4.3246278e-06
 -4.8476450e-06
  5.5255273e-06
 -7.2026407e-05
 -1.1475056e-05
 -6.6443899e-06
 -6.0585570e-01
  3.6590233e+00
 -5.6823844e-04
 -5.5933576e-02
 -9.8200776e-02
  2.7199715e-01
 -2.1780809e-02
 -3.0103734e-02
 -4.8195176e-02
  8.9703150e-02
  1.2653136e-01
 -3.2824569e-04
  2.9284427e-01
 -2.7882536e-03
  6.3787341e-01
  1.2300131e-01
  2.3239038e-03
  9.9882740e-01
  1.4789767e-02
  2.0575644e-01
 -1.3763438e-01
  7.1805233e-01
  9.2793143e-01
 -6.9237393e-01
  7.9905194e-01
 -1.3119740e-06
  5.5497581e-05
  6.0498228e-06
 -1.7111865e-04
 -1.4961231e-06
  1.0006609e-05
  1.7381349e-06
 -2.4791218e-06
  6.3228930e-07
 -1.5512554e-06
 -3.2861877e-05
 -1.3532684e-05
 -4.8098584e-05
 -6.5291974e-06
 -8.7887056e-06
  1.1848577e-05
  1.5153761e-05
  1.0720356e-05
  1.8746307e-06
  6.2612112e-06
 -5.7013108e-07
  6.1206490e-05
 -5.5546083e-05
  2.5206541e-06
  2.2083664e-06
  1.4714997e-05
 -1.0474299e-06
  1.2610753e-05
 -2.6846890e-05
 -2.0038163e-07
  8.4363387e-07
  2.3030414e-06
  1.2755793e-06
  1.7729044e-04
  6.2556711e-07
 -6.1120198e-07
 -4.0405566e-06
 -2.5895515e-05
  7.5507961e-04
  1.0413839e-06
  6.8002254e-07
  1.1322814e-04
 -7.5645454e-05
  9.7264629e-04
 -2.3572160e-05
  9.3743083e-06
  6.8252433e-05
 -2.1591346e-05
 -9.1514103e-06
 -2.1506773e-06
  1.2948269e-04
 -6.7843157e-06
  3.7357214e-04
  5.2024276e-05
  3.5344390e-06
 -1.8496259e-05
 -1.3494516e-05
 -2.3997283e-04
 -3.6832289e-06
 -2.3471759e-05
 -9.4696179e-06
 -4.8974925e-05
 -5.2019805e-06
  1.5413380e-06
 -1.5211245e-04
 -1.7154032e-05
 -8.1615093e-05
  1.3913213e-06
 -1.6281699e-06
  3.7471775e-06
 -3.4536763e-06
  4.2265060e-07
 -2.7791036e-06
 -1.2620010e-04
  2.0278555e-06
 -1.6002816e-05
 -8.9775822e-06
  3.6933841e-06
  8.6322443e-06
  1.9054113e-06
  7.5847361e-06
 -4.2883854e-05
 -1.7741704e-06
 -6.1153572e-05
 -1.5829130e-05
 -3.3924591e-06
 -3.3971057e-05
  2.4919109e-05
  1.1241415e-05
  9.9196368e-06
 -1.6340509e-06
 -4.8719852e-07
  7.1817376e-06
  4.9274095e-06
  4.9072337e-06
  6.9917832e-07
  6.2335839e-06
  2.4444419e-06
 -4.0790815e-06
  9.1715629e-06
  5.6362487e-06
 -7.6142360e-06
  2.5469214e-07
  3.5235373e-06
  7.5590228e-06
 -8.5322681e-06
 -2.1854357e-05
 -1.0080925e-05
 -6.5541650e-07
  3.8985709e-07
 -4.2816737e-06
 -1.9551249e-05
 -2.5383117e-06
  1.3955783e-05
 -5.2486364e-05
 -7.9762343e-05
  6.4817891e-06
  4.4386939e-05
 -1.4470515e-05
  5.7684492e-06
 -6.2123549e-06
  2.7192398e-06
  5.6474905e-06
 -7.1605823e-06
  1.1404701e-06
  3.8380607e-05
  9.5478026e-07
  1.8022833e-05
  6.0263537e-06
 -6.1548558e-06
  7.2133153e-06
 -2.4447334e-05
 -2.6804439e-05
 -3.4212151e-06
  1.0572744e-04
 -3.1860152e-05
 -5.2752216e-06
 -4.9698718e-07
 -7.7338063e-06
  3.0777614e-06
  1.3409874e-04
 -2.0433252e-05
  2.2396223e-06
 -4.0669912e-07
 -4.5691681e-06
  1.0046791e-05
  1.0288577e-06
 -5.2923242e-06
  1.3778087e-05
 -6.8024224e-07
 -1.3572566e-05
  3.5902034e-05
  1.1593392e-05
 -4.5521833e-07
  1.8111825e-05
  8.4418678e-01
 -1.2789851e+00
  4.1224253e-01
  1.3726592e+00
 -1.4019880e+00
  2.2328292e-01
 -6.9312908e-02
  4.5377605e-02
 -3.9837477e-03
 -2.3798040e-01
 -4.8930439e-01
 -5.8980417e-01
 -1.7666325e-01
 -3.3509743e-01
 -6.3747808e-04
  4.9299008e-05
  1.7067747e-01
  4.0571091e-01
  1.2669621e+00
 -3.9709735e-04
  5.8045429e-01
  1.6581039e-06
 -1.3893085e-02
  3.5533048e-02
  1.8126516e-06
  4.6641489e-07
 -5.7265209e-04
 -1.3772750e-04
 -1.5262563e-08
  9.4917290e-05
 -7.3431554e-05
  2.6703990e-06
 -4.8307288e-07
 -5.5738997e-06
  2.6846657e-05
  1.3103489e-05
  2.2257097e-06
 -8.2779034e-06
  1.2679790e-05
 -1.2832554e-05
 -8.9619843e-06
  4.1304032e-05
 -2.3720129e-06
  6.4279913e-05
  4.6953778e-06
  1.7955172e-05
 -3.8778285e-06
  1.7275110e-05
  3.0878753e-06
  3.5223807e-06
  1.9352448e-05
 -9.3386934e-06
  9.4423211e-07
  2.3389655e-05
  1.6698599e-05
 -1.0785091e-06
 -3.0452293e-05
 -9.4264851e-06
  1.2296892e-05
 -8.4464955e-07
  2.4674455e-06
 -1.4692509e-06
  1.2229393e-06
  3.3265574e-06
  3.9264828e-06
  1.1988368e-05
 -6.5794884e-06
  5.2335845e-06
  3.0764924e-05
 -1.3365257e-05
  6.7442130e-07
  5.3280746e-05
 -3.6771605e-06
 -3.7208683e-05
  9.6836186e-07
  3.2845783e-04
 -4.0350574e-06
  1.8169820e-06
 -5.9428403e-06
  4.6798768e-06
  5.8539601e-05
 -5.2400446e-06
 -9.6701406e-06
  9.9513032e-05
 -7.4032896e-06
 -3.0185072e-05
  6.1833939e-06
  3.5588198e-07
 -7.2199313e-05
 -9.2157605e-04
  1.3704566e-09
 -8.2641063e-06
 -2.8049393e-05
 -1.0732086e-06
  4.8207457e-06
  1.2498154e-04
 -7.1966851e-06
 -2.6046157e-05
  6.4278800e-07
 -3.6376197e-05
  2.0102043e-06
  2.9454134e-06
 -6.1361966e-06
  3.1388114e-05
  1.1391207e-05
 -1.4979769e-08
 -6.5879908e-06
 -6.6139917e-05
  5.2217733e-06
  5.1836071e-07
 -4.0433524e-06
  1.2024540e-05
  3.1858444e-06
  1.0148395e-04
  8.7194567e-06
  2.1562737e-05
 -2.4372930e-05
  1.3297890e-05
 -1.2734606e-06
 -7.1210917e-07
  1.2496639e-05
  8.8899133e-06
  5.9172566e-05
 -2.0239926e-05
 -1.2247100e-05
  6.9127691e-06
 -1.1443633e-05
 -1.1155250e-05
  6.9373618e-07
 -1.3199033e-03
 -1.3197367e-05
 -2.4241503e-05
 -7.0030369e-06
 -1.7534920e-06
 -1.9422696e-06
  2.1970084e-06
 -1.3188426e-04
 -6.6264707e-05
 -4.0686896e-06
 -9.1963778e-07
  6.8302029e-07
 -1.6426264e-06
  8.4490786e-08
 -3.6546010e-06
 -1.6792856e-05
 -1.0306929e-06
  3.6953027e-06
 -1.5988102e-06
 -4.9651703e-06
 -2.0200989e-06
  4.1377200e-05
  1.0988984e-01
 -6.6007383e-06
  1.6770384e-03
 -6.0273302e-05
  1.1184227e+00
  4.9653977e-06
 -8.7619723e-05
  3.0866765e-06
  3.8145408e-05
  3.0210647e-05
  4.6092262e-07
  2.3434989e-04
  9.1664961e-06
  4.1695544e-06
 -3.7228139e-04
 -7.6471712e-05
 -3.5251975e-05
 -1.8269438e-05
  2.4532463e-04
  1.1013922e-05
  3.7648510e-07
  3.0353012e-06
 -9.2615563e-05
  1.2125730e-04
 -8.3612504e-06
 -1.0956517e-05
  7.7887771e-06
 -2.0546838e-06
  5.5467058e-06
  1.1470061e-05
  9.7076458e-01
  3.8252274e-05
 -8.5278269e-05
  3.4770691e-01
  1.3094884e-01
  1.9027390e-06
 -4.6764520e-01
  3.3380250e-06
  1.0146779e-03
  3.3746373e-03
 -1.4416970e-06
  3.1734820e-02
  1.4144374e-05
 -1.1825342e-05
  1.6376343e-06
 -1.3635171e-06
  1.9477079e-04
 -5.1526161e-04
  1.7030200e-03
  1.9980615e-05
  6.0251667e-03
  2.9908211e-04
 -2.2967455e-04
  8.9121629e-03
 -1.0600755e-06
  7.0437301e-05
 -2.9102688e-05
 -3.6715894e-05
 -9.4191109e-06
  2.5465317e-07
 -1.1337652e-05
  1.6332082e-05
  1.4302988e-06
  2.3379197e-04
  1.3016152e-06
 -1.7426940e-04
 -1.6333905e-04
 -3.0621331e-07
  5.7617723e-05
 -2.5961992e-06
 -2.9232637e-05
 -7.7514578e-06
  3.0774563e-06
  7.6116638e-05
 -1.0164152e-05
 -7.6529557e-07
  1.7202122e-04
 -3.5005960e-05
 -1.2359095e-05
 -3.3721549e-06
 -3.4011100e-05
  8.8252773e-06
  1.3622676e-05
 -1.6638720e-05
 -1.1566387e-06
  1.6174796e-05
  6.0511002e-06
  3.6706178e-06
  5.4631339e-05
  2.8250169e-03
 -1.2246785e+00
 -8.1300122e-01
 -4.1172036e-05
 -9.0621889e-01
  1.1240684e+00
  3.0053725e-06
  3.5108492e-01
 -4.6232999e-05
 -1.4125738e-01
 -1.0918340e-01
  6.7139681e-06
 -1.8885497e-04
  4.7929403e-05
 -1.5442399e-06
 -2.2312263e-01
 -4.4344379e-05
 -5.0065991e-02
 -8.0486405e-01
 -5.0818652e-02
  3.6014422e-05
 -1.1498737e-01
  1.5527556e-05
 -1.8190576e-05
 -1.7516539e-01
  2.6220380e-06
 -8.5896244e-07
  5.1087422e-06
  1.0524234e-05
 -7.1754954e-07
  7.4589713e-07
  6.7670121e-06
 -2.5284354e-04
  6.7001283e-06
 -2.2336930e-05
  1.4968967e-06
 -6.1034511e-06
 -1.9562058e-05
  4.6292257e-06
  1.7148565e-06
  1.7223694e-05
 -1.3355082e-05
  9.4142479e-06
 -4.3586997e-06
 -3.0243905e-06
 -2.0196853e-06
 -6.1905762e-06
 -5.7243658e-05
 -1.0332181e-05
 -9.8068977e-06
 -1.2160759e-06
 -1.0298710e-04
 -9.5586192e-06
  4.0916480e-06
 -2.9752340e-05
 -1.6169345e-04
  2.3367071e-05
 -9.2993132e-06
  1.3045707e-05
 -6.3133622e-05
 -5.1458886e-05
  2.7960891e-06
 -1.7138722e-05
  3.5905963e-05
  1.8866425e-05
 -8.0643476e-06
 -1.3148449e-05
  6.8536647e-05
  2.3153903e-05
  6.7397945e-05
  1.0680840e-05
 -9.4875850e-06
  2.6399287e-06
  1.3925442e-02
  1.1372090e-05
  4.7653447e-07
 -1.9107314e-04
 -1.4245744e-07
 -1.1348448e-05
  1.2293685e-04
 -3.1892835e-06
  8.2937586e-06
 -2.2397508e-04
  2.7587879e-07
  1.3178918e-05
  4.3600617e-06
  8.9303630e-06
 -9.4074621e-06
  4.4598501e-06
 -4.7318081e-06
  1.0731919e+00
 -1.5517665e-01
  5.6025618e-01
  3.7441674e-01
 -4.1323888e-01
  2.9618973e-03
  8.0570288e-05
  3.5189980e-01
 -1.9394600e-05
 -2.2588011e-03
 -3.0248380e-01
 -3.7452516e-01
 -6.1403123e-05
 -1.0570238e-01
 -1.4924015e-01
  1.5393653e-04
  6.0892624e-01
 -1.7834082e-04
  1.7248983e-02
  4.2857296e-06
  2.0040834e-01
  3.4746513e-04
  7.8419471e-05
  2.1948429e-02
 -1.0463941e-03
  5.3295640e-05
 -5.9683530e-06
 -3.4219647e-06
  5.4457505e-05
  1.3008602e-06
  1.3498709e+00
  3.6250498e+00
  8.4863424e-01
 -3.1616173e+00
  3.6749728e+00
 -2.3586260e-01
 -2.9906553e-01
  1.1166989e+00
 -7.2056964e-02
 -1.3523942e-01
 -7.4862051e-01
  1.9523641e-01
  6.7607492e-01
  2.4193940e-01
 -7.2511977e-01
 -5.8645147e-01
  6.1103624e-01
  8.0488592e-01
  2.0059480e-01
 -2.8183597e-01
 -4.2804393e-01
 -1.4664127e-01
 -2.3097399e-01
  2.5523880e+00
 -1.0090927e+00
  4.4230908e-02
 -2.6087695e-01
 -1.5623604e-05
  2.6987767e-01
  5.5218339e-02
  7.0112615e-06
 -1.0389092e-05
  1.2900392e-04
  4.4837068e-07
 -2.3525062e-07
  5.1751513e-06
  5.6232680e-06
 -2.7965891e-04
 -4.1774500e-05
 -1.0782110e-05
 -7.3223440e-05
 -8.0928692e-07
 -1.6994442e-06
 -2.6486257e-06
  7.9533817e-07
  1.3908158e-06
  1.4028532e-05
  8.4135945e-06
  3.6038709e-05
  1.9210866e-05
 -1.3358993e-05
  1.1534170e-07
  1.3239152e-04
 -2.2522034e-04
  6.7678466e-06
  6.0232624e-06
 -1.1846208e-07
 -7.8201192e-06
  5.3430708e-06
  1.7325110e-05
 -2.5352174e-06
  9.9267505e-02
  8.1621863e-02
 -8.6068952e-01
  1.9909911e-01
  6.2037826e-01
  2.0555715e-05
  3.2034606e-01
  3.5477826e-06
  1.1361680e-01
  7.0114887e-01
  4.9141338e-05
 -2.8563180e-05
  7.6654642e-06
  4.4756193e-06
 -3.4473871e-07
  9.7390510e-02
  1.7010028e-05
  1.9097649e-06
 -5.4763876e-07
  2.7969011e-07
  3.0878499e-02
  2.0424327e-01
  1.3606019e-05
 -1.6826044e-01
  1.4403582e-07
 -3.4950840e-06
 -2.1919164e-01
 -5.6611371e-01
  6.5192439e-06
 -1.6513783e-06
 -2.8567679e+00
 -1.7381699e+00
  9.9500924e-01
 -1.9444011e+00
  2.4114218e+00
 -5.8762971e-06
 -1.6900953e+00
  1.6098344e-05
 -3.9803501e-05
  2.0042739e+00
 -2.5017230e-06
 -3.3801909e-06
  1.6238555e-05
  9.3620301e-06
  4.5915881e-06
 -2.1756620e+00
 -4.4273056e-06
 -8.2521065e-06
  6.8142072e-06
  5.6670078e-06
  6.4021611e-01
  1.0264071e+00
 -1.2316524e-05
 -1.3390958e+00
 -3.4914319e-06
  3.3796766e-01
 -3.0035026e+00
 -3.8938339e+00
 -1.3519523e-05
  2.0874308e-04
  1.6476586e-05
 -2.9380440e-06
  1.4345854e-06
  1.5499410e-05
  2.4361512e-05
 -5.2985928e-05
  1.0657221e-04
  3.5284771e-05
 -1.8337108e-05
  5.0364110e-06
 -2.0599055e-06
 -2.0657037e-04
  2.5503899e-05
  6.1167106e-05
  4.9932032e-06
 -4.4287954e-06
  5.7832458e-05
  1.9812655e-05
 -4.1888466e-06
  3.4942088e-05
  7.6798242e-05
  1.3452354e-04
 -1.5760689e-04
  3.1305262e-05
  2.8494911e-05
  4.0697505e-05
 -3.4698980e-06
 -2.6772757e-05
 -3.3746313e-05
 -3.3172616e-01
 -1.0100819e-02
 -4.2333031e-06
 -5.3088565e-04
  1.1049713e-05
 -1.4715904e-04
  4.4756849e-05
 -9.0948015e-02
  3.1777873e-04
 -7.3967472e-02
 -3.0911974e-06
  8.9934312e-02
  7.4527197e-05
  6.0411370e-05
  7.1380155e-06
 -2.9308438e-05
 -8.2133491e-05
 -1.2219078e-06
 -2.6466927e-01
 -7.2069369e-02
 -2.2090566e-05
 -1.5707716e-05
 -3.6753558e-05
  5.5120518e-06
 -7.8978248e-02
  5.4191986e-07
 -4.6790161e-04
  7.0078390e-06
  5.6197912e-02
 -3.2009348e-07
  7.7576751e-06
  1.7528677e-05
  3.6221288e-06
  1.7932744e-05
 -3.5731613e-05
 -4.7584895e-06
 -3.7059901e-05
  4.0511066e-05
  3.9678711e-05
  1.9189798e-04
 -1.0775324e-05
  1.2307953e-05
 -5.1629864e-05
 -4.6788286e-05
  3.5964338e-06
  8.4794519e-05
 -8.7022636e-06
 -5.8890746e-05
  1.1122380e-05
 -7.1561641e-05
 -4.2796932e-05
 -3.0256622e-06
  6.9545795e-06
  2.0510115e-05
  1.9570933e-05
  7.0887749e-05
  3.1248796e-06
 -1.8538129e-05
  8.9848654e-05
 -4.2244123e-05
  3.1745235e-06
 -2.5620332e-06
  4.5962864e-07
  7.4735808e-06
 -2.3413953e-05
  3.6032525e-06
 -3.0382583e-07
 -9.5619514e-05
  1.7072498e-05
  4.5197025e-06
 -5.8038581e-06
 -9.4598096e-07
 -1.6261054e-05
 -3.8822973e-04
  1.3110450e-05
  1.3842659e-05
 -6.1715109e-05
 -2.2187349e-04
  1.1741531e-06
  1.4273617e-06
  2.1355454e-05
 -2.9799077e-05
 -1.0561479e-05
 -8.5114027e-07
 -1.2137700e-05
 -9.6577814e-06
 -2.7264594e-05
 -1.1104356e-05
 -7.8666317e-06
  3.4506625e-06
 -5.4117864e-01
  6.1106673e-03
  5.5362487e-01
  3.1794634e-01
  1.7920094e-04
 -8.1198567e-01
  2.1716674e-01
 -6.4521648e-02
  1.2679763e-01
 -3.8043842e-01
 -3.1923574e-01
  8.6007035e-01
  1.5756775e-01
 -5.9285259e-01
  1.3713269e-03
 -5.7758380e-02
  1.4654335e-01
 -6.8590897e-01
 -8.2415622e-01
 -1.8524815e-04
 -3.6227750e-04
 -6.6355898e-07
 -9.5085382e-02
  3.4057787e-01
 -8.9425445e-02
 -2.1557649e-05
 -1.2955721e-05
  4.4827902e-06
  1.3809149e+00
 -5.3831405e-05
 -3.5984555e-04
 -5.9800982e-03
  1.0469916e-04
 -3.7943575e-01
  2.9287525e-04
 -1.9656852e-02
  2.5545550e-03
 -3.1561321e-03
 -7.1645809e-05
  2.4786428e-05
 -2.0749301e-03
  2.7860447e-06
  7.7346012e-05
  1.6119087e-04
 -4.7779223e-03
 -8.2220780e-05
 -1.1259820e-03
 -2.2819442e-04
 -1.8539537e-02
  1.4907252e-05
 -2.9196097e-03
 -5.3569221e-07
 -7.9445163e-04
  3.2208809e-05
 -8.0524839e-04
 -7.3472605e-05
 -5.8965590e-02
  8.0439792e-04
  5.0610375e-02
 -1.3948580e-04
 -2.2349062e-05
 -2.4866562e-01
  3.1426382e-05
  1.1723441e+00
 -6.4533713e-05
  7.4400115e-01
  9.9293359e-02
 -5.3788352e-01
  6.2579006e-01
  2.1357282e-01
 -4.4165019e-05
 -2.0402587e-04
  6.0247198e-06
 -6.8195081e-01
  3.4562525e-01
 -3.8210514e-05
  1.8819250e-01
 -4.3933827e-04
 -5.8407197e-03
 -2.0224548e-05
 -1.1829716e-05
 -1.1637489e-05
 -7.5179905e-06
 -2.0313453e-05
 -4.2523134e-06
  2.5162492e-06
 -1.8677867e-05
  1.3633850e-05
  7.1120924e-01
 -1.5063201e-04
  2.3177958e+00
  6.8646604e-01
 -2.5566781e-01
 -1.6466424e+00
  2.9701066e+00
 -2.1854720e-01
  9.7197369e-02
 -4.3159872e-01
  4.7966769e-01
 -3.3628032e-01
  5.2390164e-01
  5.2227318e-01
 -1.1021069e-01
  9.3463451e-01
  5.3327250e-01
 -2.7516613e-05
 -2.3226852e+00
 -2.4347182e-01
  8.0982065e-01
  5.1552469e-01
  3.7416451e-02
 -2.3396367e-06
  2.2984450e-01
  8.1419903e-01
  3.9883967e-02
 -1.7547918e-05
 -3.3079138e-01
 -1.9175144e-02
 -5.3763390e-01
 -3.6223314e-04
 -8.4441805e-01
 -1.5706604e+00
 -3.3810750e-01
  1.1180419e+00
 -1.1305108e+00
 -1.9891284e-01
 -1.7805589e-02
 -3.0180830e-01
  1.3422816e+00
 -3.0181152e-01
 -2.9541561e-01
  1.7591065e+00
 -2.6959296e-02
  3.7657502e-01
 -3.5606587e-01
 -1.0393769e-04
 -1.2738192e-01
  4.4524416e-01
 -6.3277051e-02
 -1.6207615e-01
 -1.1276530e+00
  1.8143357e-01
 -1.7713777e+00
 -1.2316240e+00
 -8.0373114e-01
 -7.8144477e-04
 -3.0691606e-01
  3.2861644e-01
 -7.1967596e-01
  1.3823612e-01
  1.4362226e+00
 -5.6406327e-02
  9.3944453e-07
  7.7281737e-01
  5.7627285e-01
 -1.5610635e-01
  7.1120396e-04
 -3.4671587e-01
 -6.8719256e-01
 -6.6731363e-03
 -3.0757108e-01
  1.2382658e+00
  7.3261964e-01
 -4.1497618e-01
  2.5610538e-04
 -6.0851717e-01
  1.0598211e-01
 -3.8841661e-02
 -8.0279827e-01
  1.3815491e+00
  3.9681781e-04
 -4.9052451e-02
  1.7290718e-05
  4.3973431e-01
  1.0168505e+00
 -1.1764527e-04
  5.5829310e-01
 -2.5160848e-06
  8.2094681e-01
  1.7065337e-05
  8.6210375e-06
  3.1119183e-05
 -1.9854046e-05
 -1.3857208e-06
 -2.4983543e-05
 -1.4037114e-04
  4.2636802e-05
  2.7470443e-05
 -4.3769824e-06
  9.0617177e-06
 -1.9028439e-05
  1.1356761e-05
 -2.5485286e-05
  2.1292911e-04
  2.4503865e-06
  8.3580062e-06
 -4.2697880e-05
 -2.1938017e-06
  1.1760694e-05
  2.4851020e-05
  3.2169384e-05
  4.4910514e-05
  2.9684803e-05
 -4.6921696e-06
  2.1038917e-05
  1.4438764e-04
  4.7831163e-06
  8.5911815e-06
  2.3728815e-06
 -3.4254581e-06
 -1.0726265e-05
  1.2476376e-05
  1.8308538e-05
 -8.7053268e-06
  6.1101241e-06
 -3.7169346e-05
  2.4451481e-06
  1.2990008e-05
  8.2493367e-05
  1.4937471e-05
  5.0856461e-06
  1.0557903e-05
  3.4872535e-06
 -1.0912994e-05
 -3.0409088e-05
  3.7230679e-06
 -7.7256273e-06
  3.6312608e-06
  1.2620276e-05
  3.0596904e-05
  1.0472260e-05
  2.7693444e-05
 -1.7088145e-06
 -1.1686754e-05
  1.5345799e-04
 -2.6711259e-05
 -1.7849098e-07
  1.1298453e-04
  2.6914837e-05
  6.1710649e-05
  3.3971199e-05
  9.0690058e-01
  1.7683209e-05
  1.6013742e-04
 -2.6796872e-04
  7.1610315e-03
  8.8105865e-02
 -3.5311458e-01
 -1.2840243e-01
 -1.1976380e-02
  1.2110098e-04
 -2.9023267e-05
  4.2644022e-03
 -1.0995814e+00
  7.1293384e-06
 -9.3200088e-06
  1.3375981e-04
  1.3570314e-04
  8.3216614e-01
  3.9384395e-05
  9.4734765e-05
 -1.0885973e-05
  8.7333785e-07
  1.1538289e-04
  9.9892295e-06
 -2.0074949e-04
  1.5357976e-04
  3.6964796e-06
  1.9433958e-06
 -1.0319878e-05
 -3.2138667e-01
 -1.9447961e-01
 -4.2848656e-01
  2.4039681e+00
  2.1816118e-02
 -3.8166365e-01
 -3.1195320e-03
 -3.0963588e-01
  1.3304158e+00
  6.5872736e-02
  1.5493464e+00
  1.2229180e+00
 -3.3395237e-01
  1.7786119e+00
  3.3891237e-01
  2.1080045e-02
  3.0950900e-02
  7.1933872e-01
  6.8634313e-01
  2.4412507e-02
  4.2816001e-01
  1.0733384e-02
  4.2052457e-01
 -1.0311724e-01
  9.3627733e-01
 -1.7889281e-05
  1.0070116e-01
 -1.3410236e-01
  2.2759368e-01
 -1.2392624e-01
  5.3546682e-06
 -7.0181340e-02
 -3.4500648e-05
 -7.4915487e-01
  2.8422338e-01
 -5.6206197e-02
 -1.8571259e-01
  1.9014846e-01
  6.8857944e-06
  1.5635952e-01
  2.3421323e-01
 -1.3013550e-05
 -9.8451853e-02
 -1.0004742e+00
  5.5061664e-02
  6.6203961e-06
 -1.3200737e-05
  2.7779983e-05
  1.8658462e+00
  6.4556688e-01
 -4.3003665e-06
  7.7931127e-06
  6.2641826e-05
 -1.1930537e-04
  6.2135754e-05
  5.9434938e-06
  7.0252163e-06
 -3.5560381e-05
 -1.9410029e-01
  4.6049011e-01
 -2.0261707e-03
  7.5794518e-01
  3.9353323e-01
  4.1660564e-03
 -1.5096331e-03
  1.1365645e-01
 -1.0018016e-01
  6.0437316e-01
  3.4861438e-02
  1.2834657e+00
 -5.1439708e-01
  1.0886140e-01
 -3.6885900e-05
  1.9564395e-01
  1.4253427e+00
  9.8508654e-06
  4.0685445e-05
 -2.3496084e-05
 -2.5389880e-01
  9.3089473e-01
  7.9457488e-05
  8.5230813e-06
 -5.0796179e-06
  1.2498765e-01
  6.7958067e-04
  2.3371189e-05
  1.0836657e-05
  2.9950390e-06
 -8.0117147e-04
  1.2959303e-04
 -2.2275879e-06
  1.3974926e-04
  2.3809016e-05
 -8.7915527e-05
  3.9254166e-05
 -1.3280137e-05
  5.4153257e-05
  6.0712141e-06
  1.5275358e-05
  9.7071397e-06
  1.4903409e-05
 -7.4331870e-06
 -8.3822806e-06
 -3.8086708e-07
 -2.0590906e-04
 -4.3257780e-05
  9.2987068e-07
 -5.5296723e-06
  4.9909071e-05
  6.0653788e-06
 -5.7244179e-06
  1.4025832e-05
  3.5547378e-06
 -7.8474062e-07
 -8.0835680e-06
  4.8807211e-05
 -1.6787192e-06
  1.7250941e-05
 -1.4276468e-06
 -1.2161518e-06
  1.1121417e-06
 -5.2465653e-05
  1.9107769e-04
  5.0063346e-02
 -6.9595549e-06
 -7.5026124e-05
  4.8791836e-03
 -1.7363481e-03
 -1.5032536e-01
 -5.0626491e-06
 -3.9719394e-05
  4.9546441e-01
 -1.7386707e-06
  1.9685257e-02
 -1.0491664e-05
 -7.5182004e-07
 -3.4149657e-06
 -2.2019558e-06
 -6.4515639e-03
 -1.9685100e-05
 -2.3213235e-05
 -1.0274439e-04
 -9.7206059e-05
  2.6662867e-05
 -1.1335572e-05
  2.3222787e-05
 -1.2516064e-05
  6.8428735e-06
  4.7724545e-02
 -3.0906097e-04
  4.7077895e-03
  2.5221551e-02
  1.1628113e-05
 -5.0175115e-02
 -9.6056092e-04
  2.6728896e-02
 -1.2061421e-03
  4.0440518e-02
  2.1961707e-01
  2.6796928e-02
  8.0945464e-03
 -8.3798759e-02
  3.3465189e-05
 -4.4598352e-02
 -7.3910760e-06
  1.2045437e-03
  1.9970366e-04
 -8.6639757e-06
 -1.0590736e-01
  1.5733287e-01
  3.0266628e-02
  1.6848107e-05
  2.4196814e-01
 -9.2814583e-04
  3.0910301e-01
 -1.6331051e-05
  4.3233082e-02
 -3.2138997e-03
 -2.0774372e-02
  1.4896376e-02
 -1.4982608e-01
  1.1757709e+00
  2.8550875e-01
  9.9535954e-01
 -1.6315099e+00
  6.5565497e-01
 -6.7482954e-01
 -3.3544692e-01
  6.6066605e-01
  4.5564017e-01
 -2.6284638e-01
  4.8047391e-01
 -9.5865096e-07
  2.6074824e+00
 -1.0039190e-02
  7.6038535e-03
 -3.9226087e-04
 -3.6743681e-03
  1.8639627e-06
  5.8611251e-05
  3.6157883e-06
  1.5616477e-04
 -1.2882266e-04
  3.2961440e-01
 -6.7019639e-05
 -5.5062566e-07
 -1.3803333e-05
  8.3234350e-05
 -7.3032345e-05
 -4.3272950e-05
  7.7306846e-05
  1.6775664e-05
  5.2904937e-04
 -3.8735202e-06
  1.5679162e-06
  1.0882422e-05
 -6.0932716e-06
  1.3830072e-05
 -2.4909021e-05
  2.3967228e-04
 -2.4681144e-06
  1.0992827e-05
 -8.6177097e-06
  1.0998876e-05
 -6.0952702e-06
 -1.2599854e-05
  2.7272581e-05
 -1.1806903e-05
  1.8881894e-05
  8.8077077e-06
  8.0522905e-06
 -1.8595434e-05
 -3.9457736e-05
  2.1140559e-05
 -1.4190731e-05
 -1.6125188e-05
 -3.1385969e-07
  1.0174642e-04
 -7.8148314e-06
  7.4201694e-06
  2.4383030e+00
  1.0564885e+00
  7.7367431e-01
  3.0244187e-02
 -6.0638171e-01
  2.2815564e-01
  8.1789291e-01
 -7.1467125e-01
 -1.4062491e-01
 -1.5764304e-02
  6.6084023e-05
 -2.2675389e-01
  7.2228509e-01
 -1.5175313e+00
  8.0188299e-03
  1.3845846e-01
  8.4461612e-01
 -3.7962202e-06
  1.5249699e-01
  3.3661941e-01
 -7.1862273e-06
  5.2007723e-05
 -4.1097205e-06
 -1.2462888e+00
  2.3947089e-04
  6.0012258e-06
  3.3995584e-01
  4.0991810e-05
  3.6231824e-04
  1.4782620e-06
 -6.0684676e-04
 -1.2685230e+00
 -8.9381263e-02
  1.4198540e+00
  8.2701743e-01
 -2.7354613e-01
  7.4552333e-01
 -1.0414362e-01
 -6.1604136e-01
  7.4525900e-02
 -3.6100581e-01
  2.0418134e-01
  1.5323109e-02
  2.0853253e-01
 -2.5010994e-01
 -9.6933800e-05
  2.1056410e-02
 -1.9454924e-04
  3.0151853e-01
  6.8250401e-06
 -1.7430668e-04
  3.7593240e-06
 -2.8367755e-05
 -2.7339967e-05
 -2.9649343e-06
  8.5085994e-06
 -3.4775122e-04
  2.5203026e-06
  5.9925549e-02
 -1.4930601e-01
 -1.8333803e+00
  5.2841115e-01
  1.9297863e+00
  2.6749871e+00
 -3.4705624e-01
  2.4742745e-01
  7.4930847e-01
 -2.1578227e-01
  5.2489924e-01
 -4.3151379e-01
 -6.1794960e-01
  2.3952925e+00
  2.7436870e-01
  2.4238412e+00
 -5.9603792e-01
  4.4860294e-01
  2.7757451e-01
 -6.8016201e-01
  1.3675830e+00
  1.7317468e-03
 -2.7513150e-02
  1.1402972e-05
 -5.1093614e-01
  4.2805290e-01
  1.6942298e-05
 -1.5811926e-06
 -1.3926222e-03
  6.4098704e-01
 -2.6561591e-01
 -1.0244718e-05
  2.0085701e-01
  6.4999499e-06
 -5.2257248e-05
  7.1658142e-06
  9.0477733e-06
 -3.7104470e-05
 -5.2546611e-06
 -2.2112808e-05
 -1.3838102e-05
  6.4454161e-02
 -8.8044544e-06
  6.7357737e-06
 -4.0069508e-06
 -8.1224218e-02
  4.1862582e-05
 -7.9741130e-06
 -3.7479393e-05
  5.2566076e-05
 -8.5786422e-05
  7.1596274e-05
 -7.9958982e-06
  6.6829261e-06
 -8.3004874e-05
 -1.3608559e-05
  3.9236215e-06
 -3.8917518e-05
  3.7426453e-05
 -2.0374906e-05
 -8.0815098e-06
  1.1307721e-05
  5.0057906e-06
  6.3006206e-05
 -1.3940632e-07
 -5.1274300e-01
  6.8917125e-01
  9.2195460e-06
 -5.9784621e-01
 -1.2929727e-05
  2.3824045e-01
  1.3471377e-01
  4.4243527e-04
  2.5926905e-05
 -8.8451183e-05
  8.1067663e-03
 -3.6509970e-01
  7.1236653e-05
  3.5525509e-04
  2.7086385e-06
 -1.3513460e+00
  2.2608042e-06
  1.1341224e-04
 -6.5943691e-06
 -9.9048102e-06
  4.2866459e-06
  1.4926543e-05
 -2.2559011e-04
 -1.7900834e-07
 -1.7305283e-05
 -4.8356708e-02
  1.9786485e-05
 -2.4730636e-02
  3.9310479e-01
  4.6596110e-01
 -8.0849010e-01
  1.2656621e-05
 -1.2040365e+00
 -3.9790973e-01
  1.9076551e-01
  9.1043735e-01
  3.8525101e-02
  3.6647631e-05
  1.2541264e+00
  4.5975235e-01
 -1.2702868e+00
  7.1316391e-02
 -2.1687911e-05
 -1.0882521e-02
 -1.4289402e-04
  6.6775031e-02
 -1.6761953e-02
 -9.3080616e-04
  8.9891228e-06
 -1.2120631e-01
  3.8966557e-01
 -2.6859783e-04
  6.6054213e-07
 -1.9410519e-01
  3.3228580e-02
  9.8166233e-01
 -2.9147122e-05
 -3.0412386e-05
  1.9578645e-06
 -1.2903687e-05
  1.4931513e-05
 -1.9950166e-06
  2.1806097e-06
 -1.1235600e-05
  2.7961573e-06
 -4.9306353e-05
  7.6923017e-05
 -2.6727750e-04
  2.6756195e-05
 -1.0076817e-05
  2.1979242e-05
  3.2591350e-05
 -7.6608721e-06
  2.6128617e-07
  4.5577790e-06
  3.6594533e-06
 -2.2716851e-05
  2.5230861e-06
  5.0772073e-08
 -3.9785122e-05
 -3.8413138e-05
 -3.8293849e-05
 -2.1504264e-05
 -6.8733634e-06
 -2.2686443e-05
  3.7202517e-05
 -1.3567804e-05
  1.4030112e-05
  1.2593211e-05
 -4.8411391e-07
  3.4286434e-06
 -5.7623267e-05
 -8.1175831e-06
 -4.9199748e-06
 -6.1688888e-06
  3.3024637e-05
 -1.3312403e-05
  7.1189997e-06
  1.7339443e-06
 -6.2642316e-06
  2.3756370e-07
 -3.0489859e-05
  9.5989264e-05
  2.4098565e-06
 -3.3559147e-05
  2.1770429e-05
  2.1310693e-06
  3.8054888e-05
 -9.8083465e-06
  1.2531858e-04
 -1.7792356e-05
  5.7124903e-06
  2.5267571e-05
  7.7049754e-06
 -4.7908448e-05
 -8.8909053e-07
 -1.6026676e-04
 -7.6145157e-02
 -1.4153324e-01
 -1.8397333e-02
 -5.9463924e-01
  7.3220387e-02
  8.4667072e-02
  1.0100039e+00
 -2.8682730e-01
  7.8018457e-02
  3.8170940e-01
 -5.0521102e-02
  3.5516793e-01
 -5.9741902e-01
  2.4079051e-02
 -5.6051534e-01
 -7.8195333e-04
  8.4053934e-01
 -4.0881214e-01
  9.2019600e-01
 -5.9181453e-05
 -4.9246536e-03
 -1.3480363e-04
 -2.1485178e-01
 -2.6103526e-06
 -2.5237381e-01
  1.3909743e-06
 -7.6954265e-04
  1.5506572e-04
  9.2889629e-02
 -7.3234839e-03
  2.8871486e-04
  2.6866619e-04
 -1.3083345e-06
 -3.4511217e-05
 -1.5024224e-01
 -4.9639284e-06
  4.1592624e-02
 -9.0816253e-01
  1.3863935e-02
  2.8690794e-01
  1.0278408e-05
 -5.9352125e-05
 -3.3931446e-01
  6.8038422e-01
  9.8196644e-01
  1.2277449e+00
 -7.9801848e-06
  4.1363589e-04
 -9.9731224e-05
 -1.8717487e-01
  4.5893627e-05
 -5.8947849e-01
 -1.3675196e+00
  1.5906458e-01
 -3.5809344e-06
 -5.4720902e-01
 -7.6227792e-02
  3.5326849e-04
 -1.5800539e-05
  5.2976757e-01
  1.8473256e-01
 -6.6111231e-01
 -4.7531771e-06
 -4.1881518e-05
 -7.3993403e-01
 -9.8069435e-01
 -5.6719816e-01
  2.4492211e+00
 -2.0698106e+00
  1.4029713e+00
  3.6485624e-05
  1.7791643e-05
  5.9508854e-01
  2.2982728e+00
  7.6582384e-01
  5.9831369e-01
 -1.1213450e-06
 -5.0535792e-01
  8.5239136e-01
 -8.7885338e-01
 -1.0511129e-05
  9.6862400e-01
 -6.9792998e-01
 -2.0092223e+00
  3.5765527e-06
  4.7476706e-01
 -9.9592245e-01
 -3.8193891e-04
  1.0270801e-04
 -8.7657034e-01
 -2.4314096e+00
  8.5212213e-01
  5.5254191e-01
 -6.3061517e-01
  1.4247480e-04
 -3.8145825e-02
 -5.1072592e-01
 -1.1611148e+00
  1.1485112e+00
  1.9719839e-01
  3.8591981e-01
  2.2944535e-01
 -3.5229331e-01
 -3.1021927e-04
 -1.1288813e-04
 -6.2726729e-04
 -4.2806931e-02
 -8.6900318e-06
  1.3898057e+00
 -1.7576480e+00
 -8.1633091e-01
  8.8522738e-01
  9.4561958e-01
  9.0250478e-06
 -1.6269353e-03
  2.2471595e-01
  8.3205867e-01
 -1.5621675e+00
 -2.5652277e-01
  3.7141624e-01
 -2.6725545e+00
 -8.7334089e-02
 -5.8286802e-05
 -1.1625857e+00
  8.6117387e-01
 -9.8153818e-01
  4.5934743e-01
  8.6154944e-01
  1.6872513e+00
  3.9848462e-01
 -3.8081847e-02
 -5.6767619e-01
  1.7786038e+00
 -5.1888108e-01
 -3.8731840e-05
  1.9607124e+00
 -1.2034867e+00
 -2.0618618e+00
  1.1524994e+00
  4.2003462e-01
 -1.2451013e+00
  1.5452700e+00
 -6.2282151e-01
  9.9689108e-01
  9.0196013e-01
 -1.0842270e-01
  5.6339799e-05
  2.8265101e-01
 -4.6087584e-01
  3.3155555e-01
 -8.1423587e-01
 -2.7272865e-01
  4.7360518e-06
 -1.7846718e+00
  1.1638521e+00
 -9.5881027e-01
 -1.6400788e+00
  2.5182825e-01
 -1.8773341e-01
  8.7992914e-02
 -1.6355830e+00
 -2.1358229e-01
 -1.5095881e+00
  1.3030776e-01
  4.9536016e-02
 -3.2824674e-01
  8.2965344e-01
  3.6001539e-01
  2.1738369e+00
  1.8693389e-01
  3.4574509e-01
  1.0089785e+00
 -3.3214191e-01
 -4.7625956e-01
 -2.1327040e-01
 -7.0110238e-01
 -3.6240211e+00
 -2.6833969e-03
 -9.6237677e-01
  3.6234257e-01
  1.0631231e+00
  1.1148540e-05
 -4.7871790e-06
 -1.2184154e-05
 -1.6144457e-05
 -1.1711548e-02
  1.9753187e+00
  5.6528957e-03
  1.3031948e-02
  4.7928549e-02
 -9.1256318e-04
 -4.5463894e-03
  1.2975588e-05
 -1.9798979e-01
 -5.2681178e-01
  1.5284157e-01
 -1.0807651e-05
  6.3008481e-01
 -7.6227552e-01
 -1.7754862e-01
 -4.0447116e-01
 -1.0273615e-01
 -1.1298950e+00
 -2.3620958e+00
  5.5163765e-01
  6.2165771e-02
  1.1352150e-01
 -3.6432046e-01
 -1.7599991e-04
 -2.6133841e-05
 -4.0750489e-01
  1.5499093e-01
 -8.3683233e-05
  2.2371192e+00
  4.7620100e-01
  6.4818043e-01
  1.7785528e-01
 -1.0651938e-01
  6.2473209e-06
  1.3412566e-01
 -2.6410690e-01
 -7.8312457e-01
  1.4638735e+00
  1.4809331e-02
  1.8292306e-01
  5.5858082e-01
 -1.7056058e-01
 -3.0762783e-01
 -6.0658997e-01
 -4.5685968e-01
 -3.9640591e+00
  2.9195242e-03
  1.2673575e+00
 -4.5941188e-03
 -7.5863373e-01
  7.9835099e-06
 -1.6492423e-01
  4.1888566e-03
  1.2849484e-05
  2.1780273e-01
 -6.1438065e-02
  1.0506741e+00
  5.9283161e-01
  1.5094194e+00
 -1.8463599e-05
 -2.0772131e-06
 -2.6250973e-02
 -7.1517915e-01
 -2.2813077e+00
  1.2795974e+00
  5.4174489e-01
  1.9975435e+00
 -6.3192910e-01
 -1.3100830e+00
 -1.6646963e-01
 -1.3648014e+00
 -1.9782431e-01
  5.8478451e-01
  8.4675312e-01
  4.7095630e-01
  9.2990302e-02
 -7.2529447e-01
 -1.8014904e-03
 -2.3353016e-02
  1.1652803e-05
 -2.7356225e-01
 -9.0138983e-06
  2.1705897e-01
  9.3775399e-02
  7.3612540e-04
 -3.1294751e-01
  2.1269082e-01
  3.9096933e-02
 -3.4864715e-05
  1.1371181e+00
  1.3930201e-05
 -6.2801379e-01
 -3.5016075e-02
  6.5015498e-05
  3.0177694e-05
 -3.0597353e-02
 -3.1097248e-01
 -1.2768091e-01
 -1.1268054e+00
 -2.8386578e-01
 -1.0811452e+00
  5.1924443e-01
  2.6593262e-01
  1.0784904e+00
 -2.6338693e-01
 -3.6279723e-01
  1.3242257e+00
 -2.2714515e-01
 -7.7693212e-01
  1.9913452e+00
  6.3992107e-01
  2.6620080e-05
 -1.0520934e+00
  5.9698462e-01
  1.2088733e-01
  3.8788876e-01
  6.9154787e-01
  2.7986610e-01
  1.3442476e+00
  1.7282954e-08
  6.6403043e-01
 -3.8638893e-01
 -7.0654130e-01
 -2.5084757e-05
 -5.3948587e-01
  1.6802006e+00
 -6.9556087e-02
  1.1117965e-01
 -2.8788435e-04
  1.6995014e-05
 -6.2257767e-02
 -3.2560760e-01
 -2.4332564e-02
 -4.6758461e-01
 -2.0055988e+00
 -9.0848976e-01
  3.7115246e-01
  1.0405395e+00
  6.3071940e-03
  2.0101830e-05
 -1.1202509e+00
 -5.3900754e-01
  3.2654844e-02
 -1.9071470e-03
  1.4481618e-01
  3.7445882e-01
  1.7124937e-01
  9.4639182e-01
  9.3478340e-01
  2.3493629e+00
  2.1806509e+00
 -1.0760739e+00
  1.4309938e+00
  6.0291450e-02
 -1.5936021e+00
 -7.7254403e-01
  1.2523458e+00
  1.1668953e+00
  4.2505297e-05
  1.3644926e-01
  2.0926402e-06
  1.6508389e+00
 -1.1469716e-05
 -2.8389823e+00
  1.2347192e+00
  2.0461056e-01
 -4.2991292e-01
  9.1971594e-01
  4.9376968e-01
 -2.4461338e-01
 -2.1101797e+00
  1.4703218e-02
  6.1920542e-01
 -1.6370333e+00
  2.2381778e-01
  1.6662252e-01
  2.9495569e-02
  1.0378261e+00
  6.0654032e-01
  2.3718941e+00
  1.8655384e+00
 -1.7164903e-02
  1.0685691e+00
  1.4581140e+00
 -1.4230156e+00
 -8.7069366e-06
  2.1124971e-03
  7.6883888e-01
  2.0354192e-01
  2.0577068e+00
 -9.9612284e-01
  2.7780206e+00
  8.5040189e-02
 -2.5739329e+00
  1.0834143e+00
  2.1215609e-01
 -2.1212969e+00
 -4.4075784e-01
 -1.2550555e-01
 -1.5114737e+00
 -8.7490243e-01
  4.4145548e-01
 -2.4023317e-01
  1.0217317e+00
  1.9080307e+00
  3.1338823e-01
  2.3594581e-01
  7.0595628e-01
 -4.3294901e-01
 -1.9039000e+00
  3.1348529e-01
  2.2639245e-02
  1.6076250e-04
  2.3356694e-01
 -9.9334824e-01
  1.6326097e+00
 -1.6062215e-01
  3.7231430e-01
  4.2194629e-01
  6.7414546e-01
 -2.2053711e+00
 -8.1632352e-05
 -7.6235151e-01
 -1.0221267e+00
  1.2931701e+00
  1.4962189e+00
  1.0491807e+00
  1.2576025e+00
  1.7691530e-01
 -6.4530718e-01
 -1.1435742e+00
 -6.8491483e-01
  1.3252515e+00
 -1.4765111e+00
 -5.9830076e-01
 -4.1908216e-01
 -2.3466611e+00
 -4.1942406e-01
 -4.1554347e-02
 -1.8415247e-01
 -3.3157629e-01
 -4.4420201e-05
 -5.2863735e-01
 -6.3367306e-06
  6.3452649e-01
 -7.6323187e-01
 -5.9096592e-06
  8.6782205e-01
  1.0404264e-04
  3.5444826e-01
 -5.1929832e-01
  8.6366236e-02
 -1.4307724e-02
 -3.2565084e-01
  7.8930128e-01
 -1.8851142e-02
 -1.0447829e+00
 -1.8264308e+00
 -6.3384712e-01
  1.1453081e+00
 -1.0485488e-01
 -2.1949780e+00
  1.3045236e+00
 -3.3855179e-01
 -2.4039009e+00
  6.7141038e-01
 -5.2162915e-01
 -9.3800831e-01
  1.9277778e-01
  9.6405558e-02
 -4.0633142e-01
  7.0324206e-01
  2.8432686e-02
  1.1681664e-04
  9.8329061e-01
 -1.1200837e+00
  6.5477097e-01
 -4.8999947e-01
  3.4903523e-01
 -7.6566058e-01
 -1.4500382e+00
  7.6301796e-03
 -3.1019840e-01
  8.5101075e-02
 -1.1269039e+00
 -1.0332888e-01
 -1.8250854e+00
 -1.5927937e+00
 -2.8311145e+00
 -6.9300145e-01
 -1.9787136e+00
 -8.6776704e-01
  1.9861985e+00
 -1.0132362e+00
 -1.0003107e+00
 -6.9393218e-01
 -8.1433088e-01
 -1.7893107e-01
 -1.3749802e+00
  5.6568599e-01
  4.8268709e-01
 -4.4788596e-01
 -1.7426428e-01
 -1.4271021e+00
  1.8911771e+00
 -1.4353701e+00
 -2.8782460e-01
  6.3055712e-01
  1.1585085e+00
  4.5238072e-01
 -8.4162313e-01
 -1.3086516e-05
  1.0066419e-07
  1.0516461e-06
 -2.1549303e-03
 -2.8033903e-05
 -2.2285480e+00
 -6.9236618e-01
 -1.2366328e+00
 -4.9046046e-01
  1.4241790e-05
 -7.9544911e-08
  9.7012553e-06
  1.0953060e-05
  1.8201910e-06
  5.0928997e-04
 -7.3639546e-07
 -6.9082564e-01
  2.1142940e-05
  1.1056026e-05
 -6.5794197e-06
 -2.1176676e-05
 -3.4720995e-02
  2.0777077e-06
 -1.2777410e+00
  8.5226965e-01
  5.2785420e-01
 -1.2540860e+00
  1.0404025e-05
 -1.7166896e-06
  5.8271107e-06
  5.5296973e-06
 -4.8264137e-06
  1.4726360e+00
 -1.0199442e+00
  5.9764582e-01
 -5.7354838e-01
 -1.2056233e-05
 -2.0827954e-05
  1.2994140e-05
 -3.2911331e-03
 -4.0543446e-04
 -5.5174959e-01
  9.0558225e-01
 -4.3257100e-05
 -6.3354796e-01
 -2.0671866e-06
 -1.4588502e-04
  3.2796135e-05
 -6.5110362e-05
 -7.0965798e-06
 -1.9506252e-01
  6.9819427e-01
  1.0369964e+00
 -8.8533610e-01
  3.9907231e-06
 -3.7057489e-06
  4.0081122e-06
 -1.2739296e-05
 -5.2439136e-06
  4.0181950e-01
  2.6545480e-01
 -1.7154145e+00
 -6.6326654e-01
  1.8133258e-06
 -1.5686181e-05
  4.7308504e-06
 -9.9752262e-02
  1.2849231e-05
 -1.5297327e+00
  1.0738145e-01
 -1.6226484e-02
  1.2973230e-01
  3.2490477e-06
  6.2954663e-05
 -2.4622552e-05
  2.1746948e-06
  1.7883893e-05
 -2.3951991e-01
  4.9698421e-01
  7.4354333e-01
 -3.7160149e-01
  7.5061253e-05
  6.4228634e-06
  1.6335925e-05
 -2.7164868e-01
  6.7110409e-07
  1.2684509e-01
 -7.3275459e-01
  1.3453981e+00
  3.2512896e-02
  6.5332970e-06
  3.1090296e-06
  3.0180054e-06
 -8.6894488e-06
 -1.0176497e-05
  1.9617116e-01
  4.5720458e-06
  2.8637251e-01
 -1.0902145e-05
  1.1436166e-05
  5.8829642e-06
  1.2325168e-05
 -2.0944820e-01
  2.1780885e-05
  3.0557191e-01
 -7.1540248e-01
  7.0646220e-01
 -8.5576731e-01
 -1.8219581e-06
 -6.2057475e-06
  7.3218007e-06
  4.9811188e-06
 -9.0251189e-05
  1.2229944e+00
  3.6685508e-01
 -1.1237382e+00
 -7.2476423e-01
 -2.0996158e-06
  5.6627641e-06
 -3.0098658e-06
 -1.5270247e-04
  2.8451746e-05
  1.8325895e-04
  5.9768178e-02
  3.2400319e-01
  5.4690224e-01
  5.1687977e-05
  2.0758587e-05
 -4.1489147e-06
 -8.8889083e-06
  1.7065787e-01
  7.5178373e-01
  5.9085464e-01
  2.5641098e+00
 -9.1073775e-01
  6.7324527e-06
  4.9989063e-05
  2.1205453e-05
 -1.4199638e-04
  1.3016948e-05
  1.6923670e-01
  3.2101452e-02
  2.0140593e-01
 -1.5299690e-01
  1.6425396e-05
  7.6706847e-06
 -1.1699155e-06
 -4.5696729e-06
  6.5365646e-05
  6.9178981e-01
 -4.7284579e-01
  7.0396376e-01
  8.5951930e-01
  2.1166643e-05
  4.8384054e-06
  1.4347855e-05
 -5.0992785e-06
 -6.8678703e-05
  1.0820170e-01
  1.2846944e-01
 -5.5418295e-01
  3.5597542e-01
 -1.1796842e-05
 -3.9212641e-06
 -1.0300342e+00
 -3.8255405e-01
 -2.8258521e-07
  6.5084857e-01
  5.8939550e-02
 -4.3240395e-01
 -5.8179939e-01
 -3.1187752e-05
  6.2027857e-07
 -2.2992647e-04
  6.1546642e-05
 -3.6508021e-07
  1.2834154e+00
 -1.1219910e-05
  2.0954310e-06
 -2.3771472e-05
 -1.5279846e-05
 -6.8991894e-06
 -5.1741306e-02
 -2.5314328e-01
 -1.0036654e-05
 -7.0412767e-01
  1.1136313e-01
 -1.8866707e+00
 -5.3017074e-01
 -2.7574946e-05
 -5.2927026e-06
 -8.1388134e-01
  9.1367729e-06
 -2.2177928e-05
  2.5797498e-01
 -5.2528214e-01
  4.0174133e-01
 -5.1493031e-01
 -9.3102672e-06
  3.2633205e-05
  8.4421583e-05
 -2.1012821e-03
  2.4692958e-05
 -9.3566197e-01
  4.2605558e-01
 -4.6976826e-01
 -1.2722647e+00
  3.3854458e-06
 -4.2679944e-06
 -8.4642887e-01
 -1.2337734e-02
  4.9083596e-06
  3.0853069e-01
  6.4082399e-02
  4.4652370e-01
 -1.1087341e+00
 -6.8886820e-06
 -2.6188920e-06
  3.3660494e-05
 -1.4335441e-07
 -1.0843435e-05
  1.1149981e+00
  3.2948333e-01
 -4.5094448e-01
 -1.1363052e+00
 -8.2303823e-06
 -2.1415505e-04
 -6.0512000e-01
 -3.1939203e-01
  2.4850360e-06
  3.5503548e-01
  5.7016712e-01
 -1.3171979e+00
 -1.3145089e+00
 -1.2314437e-05
 -1.7957927e-05
  2.3630705e-01
  5.8292944e-06
  6.3035564e-05
 -2.9968786e-01
  1.8584074e-01
  6.2151080e-01
 -5.8488381e-01
  4.8735000e-02
  7.9081899e-01
 -1.0596037e+00
 -4.3591639e-01
 -3.5034824e-07
  6.5078288e-01
  8.2277322e-01
  1.0053822e+00
 -6.2894928e-01
  2.2892766e-06
 -6.0504422e-06
 -1.1794806e-05
  7.4233903e-05
  2.8716393e-06
 -1.1754667e-01
  1.0252831e-04
  6.9098663e-01
  3.8808779e-05
  4.1238502e-02
  6.3862896e-01
 -6.4408016e-01
 -3.0830011e-01
  2.1760563e-05
 -1.1113887e+00
  4.2752728e-01
 -8.1353796e-01
 -6.1618555e-01
 -3.6264378e-06
 -1.0819248e-05
 -6.4378554e-01
 -2.8821114e-05
  9.7292186e-06
  7.5157952e-01
 -8.8809215e-02
  8.2206041e-01
  5.2163696e-01
  1.6257342e-02
  3.9099231e-01
  7.7079874e-01
 -2.9544983e-02
 -3.6073605e-05
 -1.8587697e-01
  8.4406918e-01
  2.5451270e-01
  1.2181145e-02
  5.9488389e-07
 -9.2130972e-07
  1.6603808e-01
 -4.0972523e-02
  4.6555852e-04
 -1.6629697e+00
 -5.0030085e-03
  2.1603231e+00
 -3.7441513e-01
  9.7519944e-05
  1.3326502e-01
 -1.3670684e-01
 -8.0113554e-05
 -1.8630766e-06
 -1.7986125e+00
  4.9119776e-01
  1.4641435e+00
 -2.5230598e-01
 -8.9009109e-06
  2.9009792e-01
 -7.9883075e-01
 -1.4959687e-01
 -3.5062573e-07
 -6.9831061e-01
  3.0326411e-01
 -7.8718230e-02
  1.2962177e-01
  1.0151440e-06
  1.9736431e-06
 -3.5852629e-01
 -6.1885902e-04
 -1.8463403e-06
 -4.4100565e-01
  4.5587105e-01
 -4.7580004e-01
 -1.5466620e-01
 -2.9832216e-05
 -1.3812302e-01
 -7.6768208e-01
  1.2041832e+00
 -4.2413489e-05
 -1.3605382e+00
  1.0280336e+00
  7.9280478e-01
 -6.0311943e-01
 -8.8157294e-06
  7.8016574e-06
 -4.3684267e-05
 -8.6784712e-06
  1.7584202e-06
 -4.0139356e-01
  7.5027752e-01
 -1.9612622e+00
  5.9008431e-07
 -2.9729128e-05
 -3.1008553e-02
 -1.5032911e+00
  6.9869000e-01
 -1.6944366e-06
 -2.2204264e-01
 -3.1240029e-02
  5.0943017e-01
  1.0862799e+00
  2.0147054e-05
 -1.9487061e-06
 -2.6978365e-01
  4.9582869e-01
 -2.6786214e-08
 -1.1373496e+00
  9.3502855e-01
 -2.6497713e-01
 -6.0366702e-01
  3.2210899e-06
 -2.1705373e-06
 -2.9365891e-01
 -5.2810883e-05
  1.1975040e-05
 -1.1669942e+00
 -7.1538979e-01
 -2.7931321e-01
  3.7825581e-01
  2.4807308e-05
 -7.0770027e-04
 -5.4802960e-01
  1.2736971e+00
  4.0405671e-06
  5.3205115e-01
  1.8427500e-01
  5.5218405e-01
 -5.7552103e-02
  1.0614979e-05
 -1.6656369e-07
 -9.2242412e-02
 -1.4885519e-05
 -1.5477575e-06
  1.5352459e-01
  2.2420223e+00
 -1.8586448e+00
  4.8450065e-01
  7.3377220e-07
 -5.0921809e-02
 -5.9379798e-01
  8.5105884e-01
 -1.4454190e-06
 -4.1859025e-01
 -1.8567614e-03
  1.9622871e-01
 -4.1996074e-01
 -9.4802572e-06
 -8.0440426e-05
 -5.2065396e-01
  3.8656178e-01
 -6.0008398e-07
  5.8619106e-01
  4.0292320e-01
 -6.5033454e-01
 -7.7936941e-01
  1.2413758e-02
  1.2413758e-02
  1.2413758e-02
  1.2413758e-02
  1.2413758e-02
  6.7241365e-01
  6.7241365e-01
  6.7241365e-01
  6.7241365e-01
  6.7241365e-01
  1.4738771e-01
  1.4738771e-01
  1.4738771e-01
  1.4738771e-01
  1.4738771e-01
  1.0924964e-01
  1.0924964e-01
  1.0924964e-01
  1.0924964e-01
  1.0924964e-01
  1.6452778e-02
  1.6452778e-02
  1.6452778e-02
  1.6452778e-02
  1.6452778e-02
  1.8038879e-01
  1.8038879e-01
  1.8038879e-01
  1.8038879e-01
  1.8038879e-01
