nep4 3 Ba Zr S 
cutoff 8 4 150 20
n_max 4 4
basis_size 8 8
l_max 4 2 0
ANN 30 0
 -1.2835027e-01
 -2.7432270e-06
  2.2666252e-04
  5.3415453e-05
 -1.7893802e-02
  2.3416511e-04
  4.1294406e-06
 -6.7375920e-05
  1.7188991e-04
 -2.2357982e-01
 -5.1190646e-06
 -2.7488743e-06
 -5.9819409e-05
  6.9440694e-07
  7.5157271e-07
  2.3252600e-05
  2.0893745e-05
 -1.0147710e-04
  1.1419123e-05
 -9.4031469e-07
  7.2555167e-06
 -8.4098774e-06
 -5.7628340e-06
  4.4544919e-05
 -3.7710342e-04
 -1.3654785e-05
  2.9415530e-06
 -6.0537076e-07
  6.3987191e-06
 -8.9858537e-07
  5.1569082e-06
 -1.0526990e-05
  8.0745917e-07
 -1.5007600e-06
  6.3726311e-06
  3.3784377e-06
  3.8769494e-07
 -4.8185822e-05
 -4.8962061e-06
  1.0482685e-05
 -1.5674590e-06
 -9.8285209e-06
  3.0868839e-06
 -3.0947008e-06
  3.2118703e-07
  3.2594911e-05
 -5.3151621e-06
 -1.3328903e-06
  1.2378290e-04
 -4.9555383e-06
  2.0641848e-05
  3.3614701e-06
  9.5711359e-05
  2.7449527e-05
  8.5234751e-06
  7.5661635e-05
  1.4111246e-05
 -7.4953409e-06
  1.0080354e-05
 -2.0017429e-05
  2.8921323e-04
 -5.2344089e-06
 -1.4225523e-05
  5.1025432e-05
 -3.3006766e-06
 -4.5063235e-08
 -6.1727194e-05
  1.0725485e-05
  2.6010795e-05
  7.3209544e-06
  1.2688196e-05
  1.8042025e-05
  2.0074589e-05
  2.9873352e-06
  6.0261861e-08
  1.2414434e-05
  3.3829140e-06
  1.8094304e-05
 -4.0140494e-06
 -1.6647774e-06
  8.5736920e-06
  6.5691252e-06
 -7.6306669e-06
 -3.4974580e-06
  1.2752122e-06
 -8.4681389e-08
 -7.2462817e-06
  8.0835417e-07
  3.0170338e-06
  4.9851710e-06
  1.7066977e+00
 -6.0879717e-07
 -1.1088849e+00
 -7.2727851e-03
 -1.4896572e-01
 -1.1529448e-05
 -1.5956757e-05
  6.0228858e-02
 -4.1563019e-01
 -5.0392187e-01
 -5.4977604e-06
 -1.0361900e-05
  2.4637976e-03
 -1.1026604e-01
 -6.1341569e-02
 -6.6496859e-06
 -3.1190436e-07
  2.2442515e-01
  1.4771390e-01
 -3.0849096e-01
  4.6792269e-05
  1.4327654e-06
  1.3240345e-01
  1.8652537e-01
  3.3820707e-01
 -2.0153748e-05
  2.7105856e-05
 -2.9537974e-05
  1.4494215e-05
 -7.1728326e-05
 -1.5159841e-05
  5.8301830e-06
  2.0134189e-04
  1.5807322e-05
  1.8311697e-05
  1.3762835e-04
 -1.3795499e-06
 -2.4071366e-07
 -1.4707175e-05
  2.9188569e-04
  1.0291290e-05
  4.5348797e-06
 -1.1779684e-06
  7.3535002e-06
 -1.3844894e-05
  1.5652247e-07
  1.2163287e-05
 -4.4915123e-06
 -6.0501374e-05
 -3.4507837e-05
  4.0049898e-05
 -1.0830961e-06
 -4.6001638e-05
 -5.0910920e-05
  9.9607985e-07
 -2.6639449e-04
  2.2380080e-05
  3.0363863e-05
 -3.6912842e-04
  3.1694952e-05
 -3.9743236e-06
 -3.8386574e-05
 -5.3225726e-06
  7.6712658e-06
 -7.0446590e-06
  7.3231073e-05
  1.2257765e-06
 -3.2194606e-05
  1.6366354e-05
 -8.9467758e-06
  3.5763682e-05
 -2.2131671e-06
 -1.5686473e-05
 -6.8731156e-06
 -1.5289448e-06
  7.3698655e-05
  9.9353085e-05
 -2.2556813e-04
 -6.6484499e-05
  1.7786682e-05
 -5.9450085e-06
 -3.0246660e-05
 -9.7693255e-06
  7.5471362e-06
 -6.7765801e-04
 -7.9327372e-05
  7.5413222e-06
 -4.1513977e-07
  6.3897760e-06
 -4.2842844e-06
 -1.9953511e+00
  2.2089234e-05
  1.2106347e-01
 -4.7277361e-01
  1.3622718e+00
  8.4176700e-06
  3.8468170e-05
  1.5958491e-05
  9.2641972e-02
  2.2291716e-02
 -1.0704621e-05
 -2.0978748e-06
 -2.0933991e-05
  5.5321882e-05
 -6.4542743e-05
 -5.6401755e-06
  1.4154882e-04
  5.7804926e-05
  1.7427149e-06
  1.9057168e-01
  1.1399612e-06
  7.9187544e-07
  1.0479613e-06
 -1.7953262e-05
 -5.0454251e-05
  9.9561330e-06
 -2.7751400e-06
 -5.7340417e-06
 -7.8665107e-06
 -1.3381557e-06
 -1.3971118e+00
  3.3503601e-01
  1.5260640e+00
 -1.1403457e+00
  8.7065923e-01
  8.6044172e-05
 -8.0311598e-05
 -2.1663240e-05
  3.8559347e-01
 -7.0443249e-01
 -3.7489340e-07
  8.7636126e-06
 -3.1082428e-04
 -1.9127460e-06
 -8.7258321e-08
 -3.1736379e-06
  9.9842136e-06
 -1.1585886e-01
 -1.6087135e-02
  8.5126147e-02
 -1.1681621e-05
  5.0985686e-06
  1.7714470e-06
 -1.1262608e-01
 -1.5687817e-01
 -5.3788026e-06
  9.1059146e-06
  3.3146506e-07
 -7.4028314e-05
  1.4528890e-05
  1.3493727e-01
  1.9497586e-04
  1.1902927e-06
 -2.1504578e-01
 -5.3623620e-02
  1.4244863e-07
  4.0467371e-06
  3.1002766e-01
 -6.7865392e-07
  8.0102324e-01
 -1.2200493e-05
  2.1200978e-05
  1.5713187e-04
 -7.3275520e-03
  3.5853325e-05
 -6.1306728e-06
 -1.7436660e-05
  7.4168622e-02
  5.7064965e-03
  4.3115797e-06
 -7.0381157e-06
  1.3873091e-05
  7.3051313e-03
  7.8134313e-02
  1.8797512e-01
  2.1620184e-05
 -1.1445508e-05
  4.0399780e-05
 -3.0126273e-06
  1.6792455e-04
  1.3414219e-04
 -1.8127244e-05
 -2.2215655e-02
 -1.2169893e-01
  5.9750200e-06
 -1.6970413e-05
  1.0544107e-05
  7.5545118e-05
 -5.0435569e-06
 -1.4937647e-02
 -1.0509385e-05
 -2.5546955e-04
  2.4741496e-05
 -2.0237094e-05
  1.6082951e-05
  7.8279447e-07
  2.1868831e-05
  1.5149271e-04
  1.5467955e-06
  1.1913635e-05
  7.4347854e-06
  4.4822073e-07
  1.7491553e-05
  4.3615173e-06
  2.0550251e-02
 -1.5391422e-05
  3.8236973e-07
 -6.0698468e-08
  4.0604973e-06
  3.4595428e-06
 -5.0164169e-01
 -4.0198724e-06
  3.9646719e-05
  1.3342812e-05
  3.0138743e-01
  1.5056453e-05
  7.1147799e-05
 -3.7801847e-06
  7.2329036e-05
  1.9599920e-06
  1.0549031e-06
  4.6617911e-06
 -1.1666256e-05
  2.8993823e-05
 -5.5327564e-06
 -4.8638208e-06
 -1.5513800e-05
 -2.4285478e-06
 -2.4519097e-06
  1.5349968e-06
  1.1749802e-05
 -4.2442448e-06
  1.0811698e-05
 -1.1884362e-05
  2.2807919e-06
 -3.9565541e-05
  8.7717199e-06
  1.1083665e-05
 -2.2364798e-05
  1.2128890e-05
 -2.5875939e-05
 -2.1473006e-05
 -9.7667794e-07
 -1.2199046e-05
 -1.2836651e-06
 -3.1628258e-06
  8.8164543e-06
 -6.5254440e-05
  9.8609974e-07
 -6.2671138e-06
 -1.5066113e-05
  1.0639430e-06
 -1.0721539e-05
 -3.3738993e-06
  5.0644849e-06
 -1.7035978e-05
  4.9552627e-06
 -1.1190948e-05
 -4.4262740e-07
 -2.6795187e-06
  7.3202082e-06
 -6.1008323e-06
 -6.6716743e-06
  6.0883413e-06
  1.6834012e-05
  9.2852679e-07
 -7.6534360e-07
  3.6290203e-05
  1.2769645e-05
  1.3374556e-05
 -1.1240694e-03
 -1.8102062e-05
  5.0274469e-02
  3.6444256e-01
  6.6839889e-06
  9.0085177e-06
 -5.8510013e-06
 -1.0127896e-03
  4.1818470e-02
 -6.1620325e-03
  1.6986012e-05
 -1.6786801e-06
 -1.4003304e-04
  5.7563393e-06
  3.8928614e-05
  8.4488393e-06
 -7.4003788e-06
 -3.9194342e-02
 -1.3465862e-03
 -1.4733713e-06
 -2.4890289e-05
  4.6744735e-05
 -3.6596572e-05
 -4.2949594e-04
 -1.2192708e-02
 -1.3647686e-07
 -1.7341509e-06
 -4.1825041e-07
 -2.3935278e-05
  3.1318486e-05
  2.8241024e-05
 -4.1213684e-04
 -1.6905431e-05
  2.6871289e-06
 -1.2983043e-06
  6.0829025e-06
 -4.7084533e-05
 -8.1019529e-08
 -9.8974515e-06
  1.2616884e-05
 -1.3466387e-06
 -3.6724493e-06
 -2.5662359e-05
  1.3425146e-06
  2.2306707e-05
  5.8784080e-06
 -3.9142307e-08
 -3.0723793e-05
  5.5198693e-06
  1.1883018e-06
  3.5630004e-05
 -3.1928834e-05
 -2.0935595e-06
  7.0673337e-07
 -4.9792685e-05
 -7.9780330e-06
 -2.2275888e-05
 -1.5330243e-06
  1.9380944e-07
  3.2747226e-05
  6.0666293e-01
  1.1946133e+00
 -7.6801240e-02
 -2.7446959e+00
 -2.4421398e-01
  5.0965673e-06
 -4.2862089e-06
  4.9627226e-02
 -5.5247128e-01
 -5.8069717e-02
  1.5796038e-05
  2.8203294e-05
  2.3473665e-01
 -9.4577201e-02
  3.0860734e-01
 -5.5579890e-06
  2.8435941e-06
  3.6347172e-01
  1.2110199e-01
 -1.3090667e-01
  8.3957915e-05
  1.0935662e-05
  2.7171576e-01
  5.3096908e-01
  6.3478488e-01
 -2.3921655e-05
 -1.0139497e-04
 -1.3136666e-05
 -4.8027723e-06
 -1.7876594e-01
  1.2025293e-06
  5.2032701e-05
 -3.5506886e-01
 -1.8468356e+00
  1.7555466e-02
 -6.0524068e-05
  1.6520289e-06
  6.8631463e-02
 -2.9531950e-01
  1.4379700e-02
  2.3527880e-05
  6.7017841e-06
  4.9450778e-04
 -7.7780476e-03
 -1.2343642e-05
 -3.4415827e-06
 -1.4336979e-05
  2.0972635e-01
  1.4347899e-01
  3.1471554e-05
 -5.1629188e-05
 -5.8031601e-06
  6.2451661e-02
  2.2511657e-01
  2.9769975e-01
 -1.5404559e-05
 -1.6450453e-05
 -1.3640800e-06
  1.5552239e-05
  1.2474109e-05
 -1.4336830e+00
  5.3465828e-05
 -1.0883821e-07
  1.3804937e-05
  1.0419570e-02
  3.3517572e-06
  1.5021177e-05
 -1.0542039e-05
  1.0254025e-04
  8.0322337e-05
 -3.3576514e-06
  4.5747278e-05
 -8.1035396e-06
 -2.1525886e-06
 -1.2391753e-05
 -3.4773061e-06
 -1.8457200e-05
 -1.8984005e-06
 -1.0477951e-05
 -1.9481680e-05
  2.5117386e-05
  3.4044674e-06
  6.8519862e-06
 -8.9757395e-06
 -1.0258856e-05
  2.3899142e-06
 -4.6772498e-06
  1.7095747e-04
  3.3062979e-06
 -1.6679167e-05
  6.8344816e-06
 -3.9010301e-06
 -8.0510736e-06
  6.4998103e-06
  1.6937649e-06
  9.0327167e-06
  1.6250386e-05
 -8.4188082e-07
  4.1771946e-06
  7.6005254e-06
  2.0193744e-04
 -5.4619170e-04
  1.7482082e-06
 -1.0867310e-05
 -3.2621596e-04
 -1.0844833e-06
 -3.1214752e-06
 -3.1697230e-06
  1.8647033e-05
  6.1725304e-06
 -5.6321360e-06
  3.1376701e-05
 -6.2904701e-06
  9.2428076e-05
 -1.2253130e-06
 -8.2362327e-05
  8.2693731e-08
 -1.4983377e-06
  3.2413972e-04
 -1.7342272e-05
  2.0051940e-01
 -1.1720721e+00
 -3.4463644e-01
  1.9702896e+00
 -2.3922987e+00
 -1.8396613e-06
  2.7311009e-05
  1.3547377e-05
 -2.4397078e-01
  5.7466549e-01
 -1.4969783e-05
 -1.4255065e-05
  1.6623019e-03
 -5.9536600e-04
  5.9339000e-06
 -8.3229439e-05
  6.7640190e-06
  1.7843518e-01
  6.1937299e-02
 -3.3988054e-03
 -2.2712748e-05
 -3.6918179e-06
  8.7664187e-02
  1.2663120e-01
  2.9802766e-01
  9.5240655e-05
  7.3216570e-06
 -6.5395084e-06
  6.7646624e-07
 -4.5801753e-05
 -2.6658459e+00
 -7.4575050e-06
  1.2666161e+00
  1.2999399e+00
  1.7299352e+00
  1.0303292e-05
  1.3297433e-05
  1.4087650e-01
  1.1267421e-01
  5.3887612e-01
  1.5946744e-05
 -2.1884092e-05
 -2.3576978e-03
 -9.3946612e-05
 -1.1305369e-01
  9.2797498e-05
 -4.1263735e-05
  1.6504936e-06
 -3.4403110e-05
  2.6665130e-01
  1.4432827e-04
  9.8589699e-06
 -9.2565123e-04
 -6.7982674e-02
 -8.6048365e-02
  6.3848270e-06
  4.6506857e-06
 -1.0592932e-05
  4.6495074e-06
  5.7657292e-07
  7.8872581e-06
  5.4315456e-07
  1.6598657e-06
 -1.5308402e-05
  3.3180643e-06
  4.9959549e-06
  1.7890843e-06
  2.7345397e-06
  8.5543752e-06
  1.5832129e-05
 -3.3690651e-06
  7.0347096e-06
  9.0037092e-06
  1.5189836e-06
 -1.0670507e-05
  1.3470508e-05
 -1.2949633e-05
 -6.5748600e-06
 -1.0519137e-06
 -3.0823241e-05
 -1.1590721e-05
 -6.0239540e-07
  8.0820959e-05
  1.6459358e-04
 -3.2342496e-07
 -1.1300735e-05
 -2.5066120e-06
  5.1627239e-06
  5.2540016e-04
  9.5278119e-07
 -4.4025232e-06
  1.1638336e-07
 -1.4533504e-06
 -2.0768242e-05
  7.2294766e-05
 -4.2441061e-05
 -1.9796469e-05
 -2.6134826e-06
 -2.0049822e-06
 -9.3726585e-06
  1.1434705e-05
  3.3150100e-05
  1.6148796e-04
 -1.6186749e-07
  1.9778425e-05
 -6.8582290e-07
  1.3176596e-06
  1.1644899e-04
  1.5220489e-06
 -1.0677597e-05
  1.7277647e-06
  4.3154228e-06
  3.5920159e-06
 -5.7056064e-07
  4.0279056e-06
 -4.9735868e-06
 -7.3234346e-06
  3.5766523e-06
 -1.1151422e-05
 -4.3217749e-08
  1.3535691e-04
 -3.4759573e-06
 -4.9321879e-06
  2.9611963e-05
 -2.4441545e-06
 -5.4938751e-06
  1.3383095e-05
  9.7925622e-05
  7.8930725e-06
  1.7216818e-06
  4.0653165e-05
  2.3124609e-04
 -2.7798756e-06
 -1.8550489e-05
  8.7806957e-06
 -3.4683637e-06
  1.1359926e-05
 -2.6619009e-05
 -6.2497616e-06
 -1.2408989e-05
 -5.9569729e-06
 -9.1958333e-05
  1.5480865e-06
  4.2362946e-05
  1.0600268e-05
  2.5778957e-06
  9.1107240e-06
 -1.0309913e-06
 -7.6066285e-06
 -1.5750051e-06
  1.9045713e-04
  3.1555490e-05
  3.8877341e-01
  2.3139146e-01
 -1.2554686e-01
  1.3909283e-05
 -4.2910992e-07
 -1.8549778e-01
  3.9803613e-02
 -1.7494319e-02
 -4.8114766e-06
 -6.9653497e-06
 -6.6160559e-05
  6.1087172e-05
  7.0888777e-03
 -8.6707105e-06
  4.4094708e-05
 -3.4686345e-01
 -7.7686913e-02
  4.6945312e-05
  7.2897012e-05
  1.9098473e-04
 -1.2336090e-02
 -8.5682571e-02
 -1.6309105e-01
 -1.0426198e-05
  4.0054445e-05
 -1.8024709e-06
  3.8414779e-05
  1.9285144e-04
  1.2490120e-04
 -1.6490774e-05
  1.5809082e-05
  7.7138266e-06
 -3.0323288e-06
  1.6999982e-07
 -6.8803005e-05
  8.7531962e-06
  1.3256281e-04
 -9.5572759e-06
 -1.3266962e-06
  1.3081825e-05
  3.6922782e-05
  2.1662870e-06
 -5.3315529e-07
 -6.4535438e-06
 -2.2435469e-04
  6.6829111e-06
  7.2767507e-06
  8.7084329e-05
 -1.0406222e-04
 -6.0719167e-06
 -6.9216512e-06
  3.3236950e-06
  1.1798980e-04
  7.3307160e-06
 -2.6985790e-06
 -1.7164337e-05
 -4.2180877e-06
 -9.8892806e-06
 -2.6662641e-05
  3.0085680e-06
  1.3112914e-06
  1.1109717e-06
  4.1615936e-06
 -2.5768054e-04
  2.8184033e-05
 -1.6354988e-06
  2.6365815e-05
  2.3593477e-06
  5.2620667e-06
 -1.9734011e-06
  1.5590871e-05
  3.2875644e-06
 -2.9327175e-01
  3.7547197e-06
  1.9246329e-05
  1.1481257e-05
 -8.3273126e-06
 -1.3369449e-05
 -1.9784225e-06
  1.5688334e-04
 -2.3508012e-06
 -1.1011884e-05
 -1.0442272e-05
 -6.5303366e-06
 -2.7893536e-06
 -2.1351509e-06
 -2.4604473e-05
 -4.1897620e-06
  2.9194251e-05
  7.0515071e-06
 -7.3396601e-04
 -2.3821447e-05
 -1.2954274e-05
 -2.6044871e-05
 -4.4196104e-06
 -1.9530421e-07
 -2.0133932e-05
  2.4925068e-03
 -1.0905867e-07
 -4.9629516e-06
 -2.7958488e-06
 -5.8605615e-06
  4.0931404e-06
 -2.7228554e-05
 -7.5334760e-06
  6.3041167e-05
  1.3064787e-04
  1.2111625e-06
 -4.7690957e-08
  1.5289248e-05
  3.8564813e-06
 -2.6486487e-05
 -5.4396679e-07
 -4.7713427e-05
  1.8130855e-05
 -8.2481974e-06
 -2.1071737e-07
 -2.9193031e-06
 -2.2603442e-06
  9.1455113e-06
  1.0850827e-05
 -1.2940101e-05
 -7.8107396e-06
 -7.3401311e-06
  5.2154069e-06
 -4.3407595e-06
 -8.3153382e-06
 -6.5361695e-07
 -7.0407509e-06
  7.9892488e-06
  4.5003057e-06
  2.1224000e-06
  3.6785084e-06
  9.1510607e-05
  4.4589407e-05
 -1.0345370e-06
 -2.0140417e-06
 -1.3977320e-04
 -1.4593000e-05
  1.3867356e-06
  5.6208846e-05
  8.1467924e-06
 -2.8893563e-05
 -2.7380515e-06
 -8.6429527e-06
  1.7444130e-05
 -9.4850238e-06
 -2.6651098e-06
 -6.0015459e-06
  6.3269554e-06
  9.0280391e-06
  2.6665366e-06
  5.7736637e-05
  6.0525549e-06
 -2.8797701e-06
 -1.3644023e-05
  2.3447112e-06
  1.8630242e-05
  5.4903035e-07
 -5.6562594e-06
 -4.8925608e-06
  4.1773792e-06
 -4.8658309e-05
 -1.9305882e-01
 -5.4016556e-07
  6.1749852e-05
  1.2295833e-05
 -8.1930426e-07
  5.8824648e-06
 -9.9292165e-06
  1.7633482e-05
 -4.8319348e-06
  2.3281496e-05
 -9.4170682e-06
 -5.4860807e-06
 -5.7684811e-06
  3.4243776e-06
 -1.2171640e-05
 -7.3218450e-07
 -2.6155551e-05
  7.8921321e-06
 -4.4512049e-05
 -1.3063581e-05
  5.8739706e-06
 -1.2167456e-05
 -8.2644056e-06
 -3.3734088e-07
  5.9371005e-06
  4.2201173e-06
  9.7772499e-06
 -5.6933231e-06
  3.4726493e-06
  4.4391359e-06
 -1.8398848e-06
 -2.0814687e-05
  5.8085319e-05
 -1.4084471e-05
  2.5864814e-05
  2.4763691e-05
  2.0395211e-05
 -8.5372321e-06
  1.1704950e-05
  3.9846309e-06
 -3.9458923e-06
 -5.3673375e-06
  3.3473630e-02
  4.4539943e-06
  1.2336986e-04
  4.0749592e-01
  2.0523125e-06
  2.0230507e-05
 -1.5655760e-01
 -5.3444410e-06
 -1.0154879e-06
 -6.4534396e-02
 -5.3879464e-01
 -8.2917857e-01
  1.2151886e+00
  3.1059142e-05
  4.6048364e-05
 -1.7635541e-01
 -8.0719665e-06
 -2.1368010e-01
  3.9238375e-01
 -1.0162536e-01
 -1.5307884e-04
  1.3496602e+00
  1.1136787e-01
  1.6083638e-06
  6.2034892e-06
 -4.7268000e-01
 -5.3828901e-01
 -2.0109992e-05
  8.1953362e-07
  3.7636739e-01
 -1.1436964e-05
  4.6439447e-05
 -7.7721539e-05
 -7.8397512e-01
 -1.3783497e-04
  7.1712666e-06
  1.5242797e+00
 -2.5604543e-01
  2.9724549e-06
 -1.1848915e+00
 -1.7482587e+00
  1.7660235e+00
  2.0576196e+00
 -4.2479798e-05
  9.9508350e-07
 -8.8456112e-01
  5.3340827e-06
  2.4618573e+00
  1.6433554e+00
 -6.8005967e-01
  1.9353306e-06
  2.2649758e+00
 -2.3140757e+00
 -7.4592595e-06
 -4.3369973e-06
 -2.0510101e-04
 -1.3016255e+00
  1.8415494e-06
 -5.0860377e-05
  4.3009016e-01
  3.2776312e-05
  2.3785731e-05
  5.1928223e-06
 -5.1120742e-07
  1.0465991e-01
  1.3668628e-06
  4.7014746e-06
 -8.2951428e-06
  5.1042057e-06
  1.3529390e-05
  2.1418680e-05
 -2.9270468e-06
 -9.1553557e-06
 -6.5812305e-06
 -5.5991118e-06
  6.5296581e-06
 -1.6483992e-06
  3.0347124e-07
 -1.9553056e-05
  1.0436538e-04
 -5.5273114e-05
  4.7325916e-06
  7.8269886e-07
 -9.1311258e-06
 -2.9893415e-06
 -1.7776420e-05
 -6.5252643e-06
 -1.8267292e-05
 -4.0217572e-05
  2.8781938e-06
 -9.1768146e-07
  3.4481829e-05
  2.8726185e-05
 -3.7454715e-04
  1.2208775e+00
  2.7813830e+00
 -4.2784543e+00
  1.4502470e+00
  1.6638546e-01
 -1.4446482e-01
  2.5983271e-01
 -2.7176525e-02
 -6.1450482e-05
 -7.5443670e-02
  3.1330255e-01
  6.3233006e-01
  1.8472561e-01
 -1.0588004e-01
 -2.4559882e-01
  2.3143066e-02
 -5.5402309e-01
  8.9322358e-02
 -1.8917029e-01
 -1.6647777e-04
 -4.5647184e-04
  5.2468513e-05
 -1.0533682e-05
  4.8002198e-07
  2.1192543e-05
 -7.5419061e-04
 -6.9876262e-07
  3.3567085e-05
 -2.3104394e-05
  1.3138766e+00
 -4.7764462e-01
  1.3313317e-04
 -1.1242592e+00
  3.8438985e-01
 -6.6612500e-01
  3.6843085e-05
  1.7416626e-01
 -1.9046331e-06
 -1.2474786e-02
 -9.3167936e-03
  9.1399983e-05
 -2.9698139e-04
 -1.9128533e-05
 -7.4486136e-02
  1.4683399e-04
  1.6963833e-04
 -3.7597220e-03
 -2.2349316e-04
 -8.5734267e-04
  3.9823535e-06
 -3.4607270e-05
 -1.4313085e-04
  2.2449778e-05
 -4.2676418e-03
 -4.1087405e-06
 -7.7011282e-05
 -4.9756534e-07
  2.5315161e-04
 -3.8057040e-06
 -5.2971127e-03
  1.2583598e-02
 -1.7708426e-02
 -1.1994055e-05
  1.9103805e-02
  2.7859430e-03
  4.6377017e-06
  3.7334999e-08
 -7.8477487e-06
  1.4047270e-02
  3.6370382e-04
  2.9490614e-06
  1.5521837e-05
 -4.6241701e-07
 -1.4057047e-05
 -7.8645418e-05
  2.3405284e-05
  1.2105617e-04
  6.6033554e-06
  2.6958485e-04
  6.9437251e-06
  4.5986526e-06
  7.7905570e-06
  1.5989344e-05
  2.2579532e-02
  8.7951421e-06
 -8.8782908e-06
 -4.5208264e-08
 -7.5469700e-07
  7.3491451e-06
 -1.6498379e+00
 -1.3904599e+00
  2.4418523e+00
 -3.6603925e-01
  7.2252546e-03
 -5.8088803e-01
 -1.8615016e-01
 -3.3603832e-01
 -4.9494520e-02
 -3.3756509e-01
 -5.5292290e-01
 -4.5777604e-05
 -1.6809969e-01
 -6.6360182e-05
 -1.7851198e-01
  1.1851790e-05
 -3.3561459e-01
 -4.5416054e-01
  2.6458400e-01
 -2.2221257e-01
  5.5900356e-03
 -4.2705402e-02
 -5.2128673e-01
 -3.8811499e-01
 -3.2486144e-01
  2.5963351e-05
 -4.2778076e-05
  1.2011662e-05
  5.8649598e-06
  1.7448488e-03
 -6.8723798e-01
  2.2506361e+00
  3.6351860e-01
 -6.0726929e-01
  8.7269852e-03
 -3.6289307e-01
  3.4130001e-03
  8.6775649e-04
  3.9991588e-04
  3.8932180e-01
  3.4779400e-01
  1.7243270e-04
  2.4018559e-01
 -5.4829801e-05
  7.7520305e-01
  2.5628608e-01
 -6.3618383e-05
 -1.6192840e-01
  2.3476364e-02
  1.4516738e-01
 -1.3261670e-04
  2.6591271e-01
  3.5924485e-01
 -1.7696634e-03
  6.0753709e-01
 -1.4582588e-05
  2.7847996e-06
 -2.1071412e-06
 -3.0759146e-04
 -1.0137999e-04
  8.7345438e-04
  3.8504466e-05
  6.9150519e-06
  1.0121393e-05
 -2.5349493e-06
  1.3643335e-05
  9.2298087e-06
  7.2168091e-06
 -3.5468333e-06
  4.5800248e-06
  1.0909360e-05
  1.9297540e-05
  5.1177594e-06
  7.1626328e-06
  6.8610843e-06
  6.4163418e-05
 -1.5165298e-05
 -1.5997146e-05
 -5.1600518e-06
  6.9136345e-06
  1.2553936e-04
  1.4143763e-05
  9.8720584e-06
  5.9449525e-07
 -1.1084845e-04
 -2.8615801e-07
 -2.0825901e-06
  8.8300931e-07
 -4.6194818e-06
 -7.8634832e-05
  1.4885502e+00
 -1.0290238e+00
  3.5741976e-03
 -3.4145868e-01
  8.7516111e-01
  3.3880210e-01
 -5.9986144e-02
  4.3883693e-04
 -2.6179137e-04
 -1.8142053e-01
 -3.8366857e-01
 -1.6904582e-05
 -6.2155495e-03
  3.4899022e-06
  6.2293066e-07
 -1.3301025e-01
  5.2131982e-05
 -1.3997240e-04
 -4.3022251e-04
 -1.4544402e-01
 -2.3021505e-04
 -2.4609360e-01
  2.3721132e-06
  3.6351837e-02
 -5.1066577e-02
  7.9608435e-04
 -3.8907260e-06
 -1.1254539e-06
  2.0168623e-06
  9.7733582e-06
  4.3396118e-05
 -1.5735135e-05
  1.0937480e-05
  1.9724971e-06
  5.4056140e-06
 -1.9219819e-05
 -7.6985252e-06
  2.8091715e-06
  1.5186554e-06
 -3.0419149e-06
  1.3652902e-05
 -9.6785598e-06
  8.6127611e-06
  1.5690995e-05
 -1.0385175e-03
  1.7451493e-05
 -1.4234784e-05
  2.7562196e-06
  5.1509147e-07
 -1.1045568e-05
 -1.3091616e-05
 -9.1373622e-06
 -1.0819514e-05
 -2.3916609e-05
  1.6308123e-06
  3.8197802e-05
 -5.7829829e-04
 -2.4466794e-06
  8.6211126e-05
 -4.1382453e-05
  3.1628504e-02
  9.2503733e-06
 -5.0909321e-06
 -1.3503984e-05
  4.2858874e-06
 -2.3487657e-05
 -1.1374203e-05
  4.8612224e-06
 -3.3267606e-05
 -2.1174735e-06
 -6.1610126e-07
 -4.8961592e-06
 -6.6754701e-06
  4.2353277e-05
  6.0484836e-06
  6.9142345e-07
 -8.4516137e-07
 -3.0521736e-05
  1.7423426e-05
 -5.4898443e-05
 -3.5741591e-04
 -4.0909190e-06
  4.2236470e-06
 -9.2594419e-06
  6.4820906e-06
  4.0308073e-06
  4.5534821e-06
 -7.6274642e-05
 -1.0835715e-05
  2.1061718e-05
 -6.0585570e-01
  3.6590233e+00
 -5.6823844e-04
 -5.5933576e-02
 -9.8200776e-02
  2.7199715e-01
 -2.1781307e-02
 -3.0104546e-02
 -4.8194923e-02
  8.9702830e-02
  1.2653092e-01
 -3.2846379e-04
  2.9284427e-01
 -2.7883197e-03
  6.3787341e-01
  1.2300131e-01
  2.3239038e-03
  9.9882752e-01
  1.4789749e-02
  2.0575728e-01
 -1.3763438e-01
  7.1805233e-01
  9.2793143e-01
 -6.9237393e-01
  7.9905194e-01
 -1.1190809e-06
  5.5497676e-05
  6.7344813e-06
 -1.7111162e-04
 -9.0316419e-08
 -1.8719240e-05
 -1.5075809e-06
 -1.4199163e-06
 -3.9048123e-07
 -2.0484958e-06
 -3.2864911e-05
  1.4432298e-05
 -4.8098238e-05
 -6.7754650e-06
 -6.6522389e-06
 -1.8853356e-06
  2.5947664e-05
  1.0717705e-05
  1.7480332e-06
  6.0013317e-06
 -5.7468145e-07
  1.3163121e-05
 -5.5624620e-05
  2.5174384e-07
 -4.0531750e-06
  5.8232226e-06
 -6.5778556e-07
  2.5611378e-06
 -2.6855152e-05
  3.2630212e-06
 -5.1740712e-06
  3.3676770e-06
 -1.5218216e-06
  1.7731517e-04
 -1.2411541e-06
 -2.7179567e-07
 -4.0050591e-06
 -4.9046275e-06
  4.2171212e-04
  1.0197833e-06
  1.4068967e-06
  1.1316626e-04
 -7.5797747e-05
  9.7264623e-04
 -9.9960080e-06
  9.2001173e-06
  6.7206463e-05
 -5.1423594e-06
 -9.1530683e-06
 -2.6405507e-06
 -8.9529549e-06
 -5.8839000e-06
  3.7357214e-04
  5.2024221e-05
  5.1848042e-06
  2.3846985e-06
  3.0075282e-06
 -2.3997277e-04
  1.1723492e-06
 -2.3598313e-05
 -1.0830398e-05
 -5.0058134e-05
 -5.1527709e-06
  1.6683188e-06
 -1.5209879e-04
  5.3670983e-06
 -8.0847793e-05
 -3.6739715e-07
  4.7590329e-06
 -1.6983931e-05
 -2.5049640e-06
  1.8850018e-05
  1.7430048e-05
 -1.2628800e-04
 -1.1689072e-05
 -1.2423821e-08
  1.7417507e-05
  6.8724657e-06
  5.1438697e-06
  1.8937608e-06
  9.7325837e-06
 -4.3282180e-05
 -2.6737698e-06
 -6.0533159e-05
 -1.5561242e-05
 -6.1631749e-06
 -2.3814810e-05
  2.1627306e-05
  9.9359786e-06
  1.0068804e-05
 -2.4130206e-06
 -6.5403069e-06
  3.0282279e-05
  1.1609707e-05
  1.6111931e-05
 -1.2768205e-06
  8.0493373e-06
  2.0056327e-06
 -3.9375482e-06
  9.7234761e-06
 -5.0222593e-06
  8.5935000e-07
  2.2572542e-07
  3.1598304e-06
  1.8345934e-06
 -2.9638959e-05
  6.7749834e-06
 -1.0080925e-05
  9.4227721e-07
 -4.8988950e-06
 -1.4404256e-05
  9.2643550e-06
  1.0011809e-05
  9.2613318e-06
 -5.3699110e-05
  1.3658483e-05
  2.5275790e-09
  4.2836116e-05
 -7.8205784e-07
  5.1763996e-06
 -5.9027234e-06
  3.0262549e-06
 -6.8004615e-06
  6.6486555e-06
 -6.0537750e-06
  3.8384242e-05
  5.2545452e-06
  1.7200740e-05
  1.2180501e-05
 -7.2426733e-06
  8.9071555e-06
 -2.4174982e-05
 -1.8511377e-05
 -2.0638700e-07
  1.0596967e-04
  7.3426431e-06
 -5.6558320e-06
  3.3956145e-05
  5.1891757e-06
  3.0674030e-06
  1.3409874e-04
 -1.4524251e-05
  3.5437229e-06
 -1.3985652e-06
 -8.7142780e-06
  8.3895229e-06
 -7.6739525e-06
 -5.3823651e-06
  1.2066233e-05
 -5.5712013e-07
 -1.3815930e-05
  3.5795820e-05
  4.9612590e-06
 -4.4744420e-06
  1.8676711e-07
  8.4418678e-01
 -1.2789851e+00
  4.1224253e-01
  1.3726592e+00
 -1.4019880e+00
  2.2328292e-01
 -6.9312565e-02
  4.5377322e-02
 -3.9837477e-03
 -2.3797883e-01
 -4.8930439e-01
 -5.8980417e-01
 -1.7666325e-01
 -3.3509743e-01
 -6.3750701e-04
  4.9428803e-05
  1.7067747e-01
  4.0571091e-01
  1.2669621e+00
 -3.9756115e-04
  5.8045429e-01
  1.6551993e-06
 -1.3893114e-02
  3.5533007e-02
  1.8327352e-06
  6.4759388e-07
 -5.3810462e-04
 -1.3773004e-04
 -1.7194020e-07
  9.3202281e-05
 -7.3496747e-05
  1.1370951e-05
 -5.7676689e-06
  4.4140790e-05
 -1.2017197e-06
  1.0430112e-05
  3.5930796e-05
 -8.2704510e-06
 -1.2826607e-05
 -3.0455308e-06
 -8.9621508e-06
  4.1086474e-05
  5.7180500e-06
  6.4313761e-05
  2.7683774e-07
  1.8492254e-05
  1.0240259e-05
 -1.7889771e-07
  3.3249937e-06
  3.4799314e-06
  1.5754627e-05
 -2.4250676e-05
 -2.3217603e-06
  3.6453057e-06
  1.6109874e-05
 -1.0561181e-06
 -3.0395435e-05
 -6.1160208e-06
  1.2155276e-05
 -8.1882590e-06
  2.5014481e-06
 -1.7741528e-06
  1.2289706e-06
  3.3273952e-06
  1.2467909e-05
  1.1758790e-05
 -8.4363655e-06
  2.3886884e-07
  1.6858769e-05
  1.4214255e-05
 -1.7351673e-05
  5.3280284e-05
 -3.4359898e-06
 -3.7407604e-05
  1.0087662e-06
  3.2845783e-04
 -4.1082294e-06
  8.2491533e-06
 -6.1164665e-06
 -2.7048377e-06
  5.8539601e-05
 -7.1816380e-06
 -9.7206957e-06
  9.4221054e-05
 -7.3988676e-06
 -3.0178247e-05
  7.4535637e-06
 -3.0375722e-06
 -5.6462879e-05
 -9.2131982e-04
  1.6132233e-09
 -7.1895779e-06
 -1.7493367e-05
  3.3652339e-06
 -2.8559367e-07
  1.2498324e-04
 -1.5306495e-06
 -2.6252303e-05
 -4.6880760e-07
  9.7928232e-06
  5.2525756e-06
 -2.6238729e-06
 -6.1363535e-06
  3.1389402e-05
  1.2127231e-05
 -1.1173434e-05
 -4.3713644e-06
 -6.6139917e-05
 -2.1633464e-06
  5.2240523e-07
 -1.3300116e-05
  1.0936911e-05
  2.7612518e-06
  1.0147430e-04
  1.2123966e-06
  2.1466367e-05
  1.0135493e-05
  1.3314378e-05
 -6.8729599e-07
  5.4620364e-07
  1.2522091e-05
 -3.1355390e-05
  5.9168338e-05
 -2.0162848e-05
 -1.0676538e-05
  7.9452821e-06
 -1.1443633e-05
 -1.1154222e-05
  9.0666970e-07
 -1.2796541e-03
  2.5726823e-07
 -1.7836190e-05
 -7.9238307e-06
 -4.5487095e-06
 -2.3546081e-06
  1.0984742e-05
 -1.3188424e-04
 -6.6356261e-05
 -4.6375039e-06
 -9.1267663e-07
 -2.8289835e-05
 -1.3161629e-06
  8.4540616e-08
  1.0492345e-05
  4.6526261e-06
  9.4475990e-07
  1.0140602e-05
  7.5106391e-06
 -4.8757024e-06
 -8.3118238e-07
  4.1381707e-05
  1.0988984e-01
 -6.6037296e-06
  1.6765477e-03
 -6.0256421e-05
  1.1184227e+00
  2.9670484e-06
 -8.8891597e-05
  2.8136749e-06
  4.2092539e-05
  3.1373009e-05
  2.1328553e-06
  2.3441794e-04
  9.2608998e-06
  4.2420606e-06
 -3.7607117e-04
 -7.6470300e-05
 -3.5252735e-05
 -1.8019407e-05
  2.4532271e-04
  1.1010545e-05
  4.4346993e-07
  2.8705065e-06
 -9.2665054e-05
  1.2129636e-04
 -1.1983847e-05
 -9.8915889e-06
  7.4221002e-06
 -1.4442294e-05
 -1.1493833e-06
  1.1466409e-05
  9.7076458e-01
  3.8208444e-05
 -8.5288113e-05
  3.4770691e-01
  1.3094884e-01
  2.5794727e-06
 -4.6764520e-01
  1.9223316e-06
  1.0201061e-03
  3.3746390e-03
 -1.4519244e-06
  3.1734977e-02
  1.4097556e-05
 -1.1926272e-05
  1.6373965e-06
 -1.4097014e-06
  1.9485800e-04
 -5.1526161e-04
  1.7050001e-03
  1.9981242e-05
  6.0251667e-03
  2.9911814e-04
 -2.2957441e-04
  8.9121629e-03
  6.2145714e-06
  7.0440059e-05
 -1.7592067e-05
 -3.5597641e-05
 -8.7511235e-06
 -4.6225819e-06
  1.3369980e-05
 -1.2799406e-05
  1.5776668e-05
  2.3381467e-04
  5.3892643e-07
 -1.6489603e-05
 -1.6265328e-04
 -2.9377110e-05
  5.7621648e-05
  7.0570463e-06
 -2.9232526e-05
 -2.0162167e-06
  2.7927722e-06
  7.6091921e-05
 -3.3244278e-06
 -8.1817547e-07
  1.7201125e-04
 -3.5293986e-05
 -1.2385424e-05
 -3.2548646e-06
 -3.2623560e-05
 -1.3275140e-05
 -5.8190204e-07
 -1.7956259e-05
  8.6317541e-06
  1.7166249e-05
  2.1923079e-05
  1.0661468e-05
  5.4801614e-05
  2.8250345e-03
 -1.2246785e+00
 -8.1300122e-01
 -4.1172036e-05
 -9.0621889e-01
  1.1240684e+00
  3.3032434e-06
  3.5108495e-01
 -4.7938214e-05
 -1.4125738e-01
 -1.0918340e-01
  8.7758017e-06
 -1.8888628e-04
  4.3681463e-05
  4.3372583e-07
 -2.2312270e-01
 -4.4333912e-05
 -5.0065588e-02
 -8.0486405e-01
 -5.0818775e-02
  3.6014153e-05
 -1.1498737e-01
  1.5527694e-05
 -1.8190578e-05
 -1.7516539e-01
  1.8418861e-05
 -7.5742851e-06
  7.3097758e-06
  9.2882110e-06
  5.8762822e-07
 -6.1330479e-07
  5.9409990e-06
 -2.5292460e-04
  3.9373235e-06
 -2.1979848e-05
  2.4444248e-06
  1.2635220e-06
 -1.9434707e-05
  1.1635468e-05
  1.7813065e-06
  1.7824543e-05
 -1.5413838e-05
  3.9721908e-06
  1.7033228e-06
 -6.0202874e-05
  3.3538929e-06
 -2.6298287e-06
 -5.7243658e-05
 -9.7903257e-06
 -2.7800240e-07
  6.8346817e-06
 -1.0299179e-04
 -9.4991874e-06
  4.0810592e-06
 -2.9752362e-05
 -1.5466983e-04
  1.9788858e-05
 -9.7459963e-07
 -1.3080406e-05
  5.9676640e-06
 -5.1447569e-05
  2.7592012e-06
 -1.7150873e-05
  3.6339887e-05
  1.8806249e-05
 -7.6653532e-06
 -1.3265437e-05
  7.0078087e-05
  3.1124720e-05
  6.6753462e-05
  1.0388524e-05
 -9.6617659e-06
  2.4482865e-06
  1.3925401e-02
  1.1563255e-05
 -1.2690458e-06
 -1.9127376e-04
 -1.4242787e-07
 -1.1356486e-05
  1.2272829e-04
 -3.1403974e-06
  7.9352403e-06
 -2.2397512e-04
  3.2655365e-07
  1.4080715e-05
  2.2122506e-06
  1.1921902e-05
 -9.4249490e-06
  4.8838947e-06
 -4.7678845e-06
  1.0731919e+00
 -1.5517665e-01
  5.6025618e-01
  3.7441674e-01
 -4.1323888e-01
  2.9618738e-03
  8.0327722e-05
  3.5189980e-01
 -1.9069495e-05
 -2.2587862e-03
 -3.0248317e-01
 -3.7452516e-01
 -6.0955899e-05
 -1.0570238e-01
 -1.4923584e-01
  1.5424949e-04
  6.0892624e-01
 -1.7834085e-04
  1.7249119e-02
  4.2891475e-06
  2.0040834e-01
  3.4748844e-04
  7.8397905e-05
  2.1948429e-02
 -1.0465890e-03
  5.3308006e-05
 -7.1550871e-06
 -4.4077701e-06
  8.9859073e-05
  5.8048789e-07
  1.3498709e+00
  3.6250498e+00
  8.4863424e-01
 -3.1616173e+00
  3.6749728e+00
 -2.3586260e-01
 -2.9906553e-01
  1.1166989e+00
 -7.2056964e-02
 -1.3523942e-01
 -7.4862051e-01
  1.9523641e-01
  6.7607492e-01
  2.4193937e-01
 -7.2511977e-01
 -5.8645147e-01
  6.1103624e-01
  8.0488592e-01
  2.0059480e-01
 -2.8183597e-01
 -4.2804393e-01
 -1.4664127e-01
 -2.3097399e-01
  2.5523880e+00
 -1.0090927e+00
  4.4230875e-02
 -2.6087350e-01
 -1.8301802e-05
  2.6987287e-01
  5.5224542e-02
 -3.6301328e-06
  2.5580239e-05
  1.2900864e-04
 -6.1844794e-06
 -4.2831643e-06
 -3.6559435e-05
  4.4955559e-06
 -2.7965891e-04
 -4.1765710e-05
 -9.6604408e-06
 -7.3227064e-05
  1.1115063e-05
 -1.0864960e-05
 -8.7365345e-07
  7.7307468e-06
 -6.3519758e-07
  1.4028759e-05
 -2.2338791e-05
  3.6033925e-05
  1.7250439e-05
 -5.7320208e-06
 -4.6076633e-07
  1.3239337e-04
 -2.2522034e-04
 -5.6966596e-06
  6.4029427e-06
 -3.7250993e-06
  1.9768875e-05
 -3.0478147e-06
  3.4447673e-06
 -3.6897502e-06
  9.9267505e-02
  8.1621863e-02
 -8.6068952e-01
  1.9909911e-01
  6.2037826e-01
  1.4489816e-05
  3.2034606e-01
 -1.2961041e-05
  1.1361505e-01
  7.0114887e-01
  4.9140421e-05
 -2.8574907e-05
  7.7595996e-06
  4.4713133e-06
 -3.5548780e-07
  9.7390510e-02
  1.6713508e-06
  2.3974783e-06
 -5.7375973e-07
  1.1396518e-05
  3.0878499e-02
  2.0424327e-01
  1.0654821e-05
 -1.6826044e-01
  1.3682039e-05
 -3.4946590e-06
 -2.1919164e-01
 -5.6611371e-01
  6.5163640e-06
 -1.8995672e-06
 -2.8567679e+00
 -1.7381699e+00
  9.9500924e-01
 -1.9444011e+00
  2.4114218e+00
 -5.4334878e-06
 -1.6900953e+00
  4.6502946e-06
 -3.9815950e-05
  2.0042739e+00
 -3.8327171e-06
 -1.1528770e-05
 -1.2224394e-05
 -1.2050760e-05
  6.3725074e-06
 -2.1756620e+00
  3.9446572e-06
 -3.1475067e-06
 -1.7441674e-06
  5.6666327e-06
  6.4021611e-01
  1.0264071e+00
 -5.5380855e-07
 -1.3390958e+00
  2.0782425e-05
  3.3796471e-01
 -3.0035026e+00
 -3.8938339e+00
 -1.3519411e-05
  2.0873980e-04
  1.6529339e-05
 -2.5158306e-06
  1.4360646e-06
  1.5921216e-05
  2.4361882e-05
 -5.2989490e-05
  1.0635403e-04
  3.5340003e-05
 -1.8337210e-05
  4.7073954e-06
 -2.2957124e-06
 -2.0769041e-04
  2.5520660e-05
  6.0859224e-05
  6.0283255e-06
 -4.8903362e-06
  5.9106744e-05
  2.0284009e-05
 -4.1371545e-06
  3.6535657e-05
  7.6819902e-05
  1.3206100e-04
 -1.5760995e-04
  3.3633678e-05
  1.0255029e-05
  4.0715109e-05
 -3.3308402e-06
 -2.6906224e-05
 -3.3278764e-05
 -3.3172616e-01
 -1.0100819e-02
 -4.2331826e-06
 -5.3087709e-04
  1.0854556e-05
 -1.4701698e-04
  4.4769324e-05
 -9.0948015e-02
  3.1777477e-04
 -7.3967472e-02
 -3.0972326e-06
  8.9934312e-02
  7.4526346e-05
  6.0401784e-05
  7.1378190e-06
 -2.9325822e-05
 -8.2344814e-05
 -1.2431984e-06
 -2.6466927e-01
 -7.2069369e-02
 -2.2276876e-05
 -1.5656806e-05
 -3.6775717e-05
  5.5122414e-06
 -7.8977354e-02
  5.4069551e-07
 -4.6791194e-04
  7.1234494e-06
  5.6198005e-02
 -3.2948100e-07
  2.3221917e-05
  1.8835677e-05
  3.6221231e-06
  6.7600173e-05
 -3.5731613e-05
  4.8799120e-07
 -2.3011426e-05
  5.8574020e-05
 -6.9459657e-06
  1.9181921e-04
  7.5228913e-06
 -7.4693457e-06
 -2.9543892e-07
 -4.6768164e-05
  3.6301219e-06
  2.1997071e-08
 -1.6362703e-05
 -2.0986243e-05
  8.5751562e-06
 -7.0928509e-05
 -4.3006170e-05
 -1.2421008e-06
  6.9616440e-06
 -1.4700901e-05
  1.9542735e-05
 -1.2143593e-05
  3.3471813e-06
  1.6669193e-06
  9.0350310e-05
  2.0051626e-05
  1.0005065e-05
 -4.4650983e-06
  3.6975356e-07
  7.4750774e-06
 -2.3913406e-05
  3.5748433e-06
  1.4402969e-05
 -1.0814118e-04
  1.4552323e-05
  6.4506035e-06
  4.8069242e-06
 -3.6046074e-06
  1.1158706e-05
 -3.8877185e-04
  1.2279743e-05
  1.3086502e-05
  1.9256200e-05
 -2.2159192e-04
  1.1742144e-06
  1.4274713e-06
  2.1707116e-05
 -2.5000270e-05
 -9.1065849e-06
 -2.5554434e-06
 -2.8025112e-05
  1.2765498e-05
 -2.6590316e-05
 -2.0902582e-05
  5.5109431e-06
  3.4505663e-06
 -5.4117864e-01
  6.1106673e-03
  5.5362487e-01
  3.1794634e-01
  1.7920094e-04
 -8.1198567e-01
  2.1716674e-01
 -6.4521648e-02
  1.2679763e-01
 -3.8043842e-01
 -3.1923574e-01
  8.6007035e-01
  1.5756775e-01
 -5.9285259e-01
  1.3713269e-03
 -5.7757836e-02
  1.4654335e-01
 -6.8590897e-01
 -8.2415622e-01
 -1.8513802e-04
 -3.6227782e-04
 -5.8305119e-07
 -9.5085397e-02
  3.4057787e-01
 -8.9425445e-02
 -2.4150393e-05
 -1.2956285e-05
  4.5011088e-06
  1.3809149e+00
 -5.2848940e-05
 -3.5983181e-04
 -5.9800795e-03
  1.0473166e-04
 -3.7943575e-01
  2.9289912e-04
 -1.9656852e-02
  2.5545550e-03
 -3.1561926e-03
 -7.1653070e-05
  2.4727811e-05
 -2.0749401e-03
  2.7860028e-06
  7.7268953e-05
  1.6118422e-04
 -4.7780303e-03
 -8.2220780e-05
 -1.1259820e-03
 -2.2822115e-04
 -1.8539537e-02
  1.4905517e-05
 -2.9197519e-03
 -5.3569244e-07
 -7.9440407e-04
  3.2044951e-05
 -8.0494815e-04
 -7.3426098e-05
 -5.8965590e-02
  8.0386660e-04
  5.0610472e-02
 -1.3959479e-04
 -2.2376043e-05
 -2.4866562e-01
  3.1426433e-05
  1.1723441e+00
 -6.4584099e-05
  7.4400115e-01
  9.9293359e-02
 -5.3788352e-01
  6.2579006e-01
  2.1357282e-01
 -4.3176071e-05
 -2.0402631e-04
  6.0241377e-06
 -6.8195081e-01
  3.4562525e-01
 -3.6827943e-05
  1.8819250e-01
 -4.3929525e-04
 -5.8407197e-03
 -2.0230156e-05
 -1.3281704e-05
 -1.1671408e-05
 -7.6079255e-06
 -2.0440530e-05
 -3.6008817e-06
  2.4984045e-06
 -1.8678084e-05
  1.3697293e-05
  7.1120924e-01
 -1.5163947e-04
  2.3177958e+00
  6.8646604e-01
 -2.5566781e-01
 -1.6466424e+00
  2.9701066e+00
 -2.1854720e-01
  9.7197369e-02
 -4.3159872e-01
  4.7966769e-01
 -3.3628035e-01
  5.2390152e-01
  5.2227318e-01
 -1.1021069e-01
  9.3463451e-01
  5.3327250e-01
 -2.7880587e-05
 -2.3226852e+00
 -2.4347185e-01
  8.0982065e-01
  5.1552469e-01
  3.7415739e-02
 -2.3131124e-06
  2.2984450e-01
  8.1419903e-01
  3.9883554e-02
 -7.1382606e-06
 -3.3079138e-01
 -1.9174740e-02
 -5.3763390e-01
 -3.6226559e-04
 -8.4441805e-01
 -1.5706604e+00
 -3.3810750e-01
  1.1180419e+00
 -1.1305108e+00
 -1.9891284e-01
 -1.7805589e-02
 -3.0180830e-01
  1.3422816e+00
 -3.0181152e-01
 -2.9541561e-01
  1.7591065e+00
 -2.6959296e-02
  3.7657502e-01
 -3.5606587e-01
 -1.0393812e-04
 -1.2738192e-01
  4.4524416e-01
 -6.3277051e-02
 -1.6207615e-01
 -1.1276530e+00
  1.8143357e-01
 -1.7713777e+00
 -1.2316240e+00
 -8.0373114e-01
 -7.8144070e-04
 -3.0691606e-01
  3.2861644e-01
 -7.1967596e-01
  1.3823609e-01
  1.4362226e+00
 -5.6406327e-02
  9.4111164e-07
  7.7281737e-01
  5.7627285e-01
 -1.5610635e-01
  7.1102765e-04
 -3.4671587e-01
 -6.8719256e-01
 -6.6731367e-03
 -3.0757099e-01
  1.2382658e+00
  7.3261964e-01
 -4.1497618e-01
  2.5610282e-04
 -6.0851717e-01
  1.0598211e-01
 -3.8841315e-02
 -8.0279827e-01
  1.3815491e+00
  3.9678899e-04
 -4.9052451e-02
  1.6534817e-05
  4.3973431e-01
  1.0168508e+00
 -1.1752475e-04
  5.5829310e-01
 -2.3453392e-06
  8.2094681e-01
  1.7089360e-05
  4.7550589e-06
  3.9260208e-06
 -1.9854617e-05
 -1.3854170e-06
 -2.9083189e-06
 -1.4011240e-04
  4.2618343e-05
 -1.5140675e-05
 -4.7384119e-06
  8.9341593e-06
 -2.5310166e-05
  1.3185435e-05
 -2.7731485e-05
  2.1091847e-04
  2.5737177e-06
  8.3476907e-06
 -4.2698019e-05
 -6.6610969e-06
 -2.4870964e-05
  1.3328858e-05
  3.0701081e-05
  1.0449919e-05
  5.7741482e-07
 -1.2177842e-05
  1.7603026e-05
  1.4679872e-04
  2.7763677e-05
  1.4546703e-05
  5.5187966e-06
  1.4163929e-06
 -5.6931613e-06
  3.0779503e-07
  1.8316503e-05
  2.5986972e-05
 -6.7995461e-06
 -3.7191305e-05
  2.7149026e-06
  9.4251209e-06
  7.3608178e-05
 -7.6392744e-06
  5.6829817e-06
  1.0550045e-05
 -2.1379567e-05
 -3.5826535e-05
 -3.0946965e-05
 -1.6305235e-05
 -7.8870862e-06
 -3.6437805e-06
  1.2622972e-05
 -3.4849956e-05
  2.2647557e-05
  4.5065821e-07
 -5.3136782e-06
 -1.1678755e-05
 -2.2211996e-05
 -9.4369216e-06
  1.4231928e-05
  4.8247821e-06
  3.5144763e-05
  6.1692110e-05
  3.3988854e-05
  9.0690058e-01
  1.7690854e-05
  1.6023467e-04
 -2.6800600e-04
  7.1610315e-03
  8.8105865e-02
 -3.5311458e-01
 -1.2840243e-01
 -1.1976340e-02
  1.2120482e-04
 -2.9023453e-05
  4.2643961e-03
 -1.0995814e+00
  7.1294180e-06
 -9.4234192e-06
  1.3375988e-04
  1.3569758e-04
  8.3216614e-01
  3.9429331e-05
  9.4748291e-05
 -1.0898860e-05
  6.2873727e-07
  1.1554152e-04
  1.4242831e-05
 -2.0074949e-04
  1.5348167e-04
  2.8089032e-06
  1.9508136e-06
 -1.0419107e-05
 -3.2138667e-01
 -1.9447961e-01
 -4.2848656e-01
  2.4039681e+00
  2.1816118e-02
 -3.8166365e-01
 -3.1194922e-03
 -3.0963588e-01
  1.3304158e+00
  6.5872736e-02
  1.5493464e+00
  1.2229180e+00
 -3.3395237e-01
  1.7786119e+00
  3.3891237e-01
  2.1080045e-02
  3.0950900e-02
  7.1933872e-01
  6.8634313e-01
  2.4412507e-02
  4.2816001e-01
  1.0733384e-02
  4.2052457e-01
 -1.0311724e-01
  9.3627733e-01
 -1.8575525e-05
  1.0070116e-01
 -1.3410236e-01
  2.2759368e-01
 -1.2392624e-01
  5.0666886e-06
 -7.0181340e-02
 -3.4591834e-05
 -7.4915487e-01
  2.8422338e-01
 -5.6206908e-02
 -1.8571259e-01
  1.9014846e-01
  6.8411068e-06
  1.5635952e-01
  2.3421323e-01
 -1.3013671e-05
 -9.8451853e-02
 -1.0004742e+00
  5.5061717e-02
  6.5966619e-06
 -1.3201002e-05
  2.7780068e-05
  1.8658462e+00
  6.4556688e-01
 -3.8708718e-06
  7.9057327e-06
  6.2970699e-05
 -1.1934249e-04
  6.2898995e-05
  5.9529070e-06
  7.1104860e-06
 -3.7169419e-05
 -1.9410039e-01
  4.6049011e-01
 -2.0261707e-03
  7.5794518e-01
  3.9353323e-01
  4.1660173e-03
 -1.5096263e-03
  1.1365628e-01
 -1.0018016e-01
  6.0437316e-01
  3.4861621e-02
  1.2834657e+00
 -5.1439708e-01
  1.0886140e-01
 -3.6865236e-05
  1.9564395e-01
  1.4253427e+00
  9.3150766e-06
  4.0648687e-05
 -2.3398479e-05
 -2.5389880e-01
  9.3089473e-01
  7.9685095e-05
  8.3346213e-06
 -5.0767489e-06
  1.2498765e-01
  6.7958626e-04
  2.2551825e-05
  1.0839974e-05
  4.3350251e-06
 -8.0116052e-04
  1.2910033e-04
 -2.1589578e-05
  1.3662425e-04
  5.8734444e-05
 -8.5525360e-05
  1.0056935e-05
 -1.4453522e-05
  1.0639549e-06
  6.0610687e-06
  1.5205314e-05
  8.9575933e-06
 -7.6364108e-07
 -4.2436218e-06
 -8.3866871e-06
  7.2401315e-07
 -2.0669187e-04
 -4.2640277e-05
 -1.4797968e-06
  9.4166408e-06
  3.4412384e-05
  5.4454908e-06
  6.8404535e-07
  1.3380972e-05
  3.5547378e-06
  7.3767437e-06
 -1.7681314e-06
  4.3867902e-05
  5.5744630e-07
  6.4472209e-05
 -3.3888443e-06
 -8.1807975e-06
  1.0857020e-06
 -5.2422009e-05
  1.9105953e-04
  5.0063346e-02
 -6.9590997e-06
 -7.5026139e-05
  4.8790276e-03
 -1.7363481e-03
 -1.5032536e-01
 -4.5612978e-06
 -3.9720599e-05
  4.9546441e-01
 -1.6648004e-06
  1.9685257e-02
 -1.0463659e-05
 -7.4298640e-07
 -3.1786160e-06
 -2.2008437e-06
 -6.4515630e-03
 -1.9653280e-05
 -2.3886359e-05
 -1.0271031e-04
 -9.8647412e-05
  2.6664078e-05
 -1.2531787e-05
  2.2079425e-05
 -1.2510823e-05
  7.2235284e-06
  4.7724538e-02
 -3.0906944e-04
  4.7077895e-03
  2.5221551e-02
  1.1628172e-05
 -5.0175115e-02
 -9.6056092e-04
  2.6728896e-02
 -1.2061363e-03
  4.0440518e-02
  2.1961707e-01
  2.6796928e-02
  8.0945566e-03
 -8.3798759e-02
  3.3464392e-05
 -4.4598352e-02
 -7.6992965e-06
  1.2045455e-03
  1.9970829e-04
 -8.7075678e-06
 -1.0590736e-01
  1.5733287e-01
  3.0266779e-02
  1.6844959e-05
  2.4196814e-01
 -9.2819193e-04
  3.0910394e-01
 -1.3172973e-05
  4.3233082e-02
 -3.2139057e-03
 -2.0774394e-02
  1.4896393e-02
 -1.4982609e-01
  1.1757709e+00
  2.8550875e-01
  9.9535954e-01
 -1.6315099e+00
  6.5565497e-01
 -6.7482954e-01
 -3.3544692e-01
  6.6066605e-01
  4.5564044e-01
 -2.6284638e-01
  4.8047391e-01
 -9.1685524e-07
  2.6074824e+00
 -1.0038950e-02
  7.6044975e-03
 -3.9227447e-04
 -3.6748962e-03
  1.8640186e-06
  5.8596932e-05
  3.6717790e-06
  1.5616478e-04
 -1.3481510e-04
  3.2961440e-01
 -6.7019682e-05
 -1.1853371e-06
 -1.3870525e-05
  8.3970015e-05
 -7.3053699e-05
 -4.3361186e-05
  7.7302167e-05
 -2.6281605e-05
  5.2990665e-04
  9.5783314e-08
 -1.4641995e-05
 -1.0319187e-05
 -1.1513179e-06
  1.6037706e-05
 -2.5567244e-05
  2.3981316e-04
  3.1909688e-06
  1.0244101e-05
 -4.6687564e-05
 -7.7551576e-06
  9.2069291e-07
 -1.2615316e-05
  4.1085619e-05
 -1.1805275e-05
  1.8791043e-05
  2.0230807e-05
  7.8109060e-06
  6.0084976e-06
  2.5272650e-06
  1.5495572e-05
 -4.9555896e-05
 -1.4094951e-05
  3.9921429e-06
  4.9326241e-06
 -9.2991713e-06
  6.3540383e-06
  2.4383030e+00
  1.0564885e+00
  7.7367431e-01
  3.0244187e-02
 -6.0638171e-01
  2.2815564e-01
  8.1789291e-01
 -7.1467125e-01
 -1.4062491e-01
 -1.5764145e-02
  6.6086810e-05
 -2.2675389e-01
  7.2228509e-01
 -1.5175313e+00
  8.0189016e-03
  1.3845846e-01
  8.4461612e-01
 -3.7087673e-06
  1.5249699e-01
  3.3661944e-01
 -7.1794043e-06
  5.1988023e-05
 -4.0636846e-06
 -1.2462888e+00
  2.3950460e-04
 -2.9151481e-06
  3.3995584e-01
  4.0991072e-05
  3.6231824e-04
  1.4820779e-06
 -6.0699094e-04
 -1.2685230e+00
 -8.9381263e-02
  1.4198540e+00
  8.2701743e-01
 -2.7354512e-01
  7.4552333e-01
 -1.0414363e-01
 -6.1604136e-01
  7.4525900e-02
 -3.6100581e-01
  2.0418134e-01
  1.5323106e-02
  2.0853253e-01
 -2.5010994e-01
 -9.6945791e-05
  2.1056481e-02
 -1.9422632e-04
  3.0151853e-01
  6.9083858e-06
 -1.7434302e-04
  3.7686689e-06
 -2.8055503e-05
 -2.7241844e-05
 -3.4201025e-06
  1.3570280e-05
 -3.4803475e-04
  2.5207255e-06
  5.9925549e-02
 -1.4930601e-01
 -1.8333803e+00
  5.2841115e-01
  1.9297863e+00
  2.6749871e+00
 -3.4705624e-01
  2.4742745e-01
  7.4930847e-01
 -2.1578227e-01
  5.2489924e-01
 -4.3151379e-01
 -6.1794943e-01
  2.3952925e+00
  2.7436870e-01
  2.4238412e+00
 -5.9603792e-01
  4.4860294e-01
  2.7757451e-01
 -6.8016201e-01
  1.3675830e+00
  1.7317468e-03
 -2.7514193e-02
  1.1074821e-05
 -5.1093614e-01
  4.2805290e-01
  1.6923887e-05
 -1.3671291e-06
 -1.3926501e-03
  6.4098704e-01
 -2.6561591e-01
 -1.0127552e-05
  2.0085618e-01
  6.5250665e-06
 -3.0188578e-05
  7.1824134e-06
  4.6109590e-06
 -5.2452517e-05
 -4.1693829e-07
 -2.8062277e-06
  2.3044681e-06
  6.3978873e-02
 -1.6412945e-05
  7.1144368e-06
  3.2861531e-06
 -8.1218004e-02
  4.1864685e-05
  1.7084270e-05
 -4.5545683e-05
 -1.0187548e-05
 -8.5875363e-05
  7.3864117e-05
 -2.8119910e-06
  6.8029840e-06
 -8.3004968e-05
 -1.3700381e-05
  1.1938490e-05
 -4.0139388e-05
  1.4116637e-05
  1.7211492e-05
 -6.7255532e-06
  8.4379772e-06
  5.0396579e-06
  6.3011074e-05
 -1.6180799e-07
 -5.1274300e-01
  6.8917125e-01
  9.2404189e-06
 -5.9784621e-01
 -1.3155298e-05
  2.3824045e-01
  1.3471377e-01
  4.4243527e-04
  2.5941743e-05
 -8.8442153e-05
  8.1067774e-03
 -3.6509970e-01
  7.2005649e-05
  3.5525224e-04
  2.8131117e-06
 -1.3513460e+00
  3.3127128e-06
  1.1354019e-04
 -6.5943573e-06
 -8.3932955e-06
  4.2479724e-06
  1.7857443e-05
 -2.2559012e-04
 -1.6683747e-07
 -1.7278935e-05
 -4.8356708e-02
  2.3370614e-05
 -2.4730630e-02
  3.9310479e-01
  4.6596110e-01
 -8.0849010e-01
  1.2659016e-05
 -1.2040365e+00
 -3.9790973e-01
  1.9076551e-01
  9.1043735e-01
  3.8525101e-02
  3.6648064e-05
  1.2541264e+00
  4.5975235e-01
 -1.2702868e+00
  7.1316391e-02
 -2.1654590e-05
 -1.0882627e-02
 -1.4289394e-04
  6.6775031e-02
 -1.6761953e-02
 -9.3081698e-04
  8.9892183e-06
 -1.2120631e-01
  3.8966557e-01
 -2.6859815e-04
  2.2183703e-07
 -1.9410519e-01
  3.3228572e-02
  9.8166233e-01
 -2.9304429e-05
 -2.5703424e-05
  2.4461366e-05
 -2.0873187e-05
 -8.8520746e-06
 -2.0271996e-06
  6.1676906e-06
 -1.1547580e-05
 -1.6532059e-06
  1.2971344e-05
  7.7504570e-05
 -2.6728926e-04
  2.5816900e-05
  9.2125847e-06
  2.1978951e-05
  3.2998196e-05
 -7.9857864e-06
  5.6608251e-06
 -3.8936560e-06
  5.7213219e-06
  4.3265514e-05
 -1.5493793e-05
 -1.5733081e-05
 -3.9786373e-05
 -1.5244525e-05
 -3.7406193e-05
  1.2234789e-05
  2.6182184e-05
 -2.2686518e-05
  1.2407982e-05
 -1.4284723e-05
  4.7800045e-06
  6.0499740e-05
 -2.0321957e-06
  4.3261643e-06
 -5.7917900e-05
 -1.1749521e-05
 -4.8610291e-06
 -1.5969710e-05
  3.3079901e-05
 -1.3503832e-05
  7.1316881e-06
  5.6656545e-06
 -1.3328164e-05
 -7.7843339e-08
 -8.6812088e-07
  9.6023927e-05
  2.7295605e-06
 -3.3501710e-05
  6.8005697e-06
  4.4707096e-05
  1.0659074e-05
  2.6049574e-05
  1.2530191e-04
  1.4800941e-05
 -9.2842293e-07
  1.1811284e-05
  7.5941616e-06
 -4.7908190e-05
  2.4734343e-05
 -9.1623355e-05
 -7.6145157e-02
 -1.4153324e-01
 -1.8397333e-02
 -5.9463924e-01
  7.3220387e-02
  8.4666640e-02
  1.0100039e+00
 -2.8682730e-01
  7.8018457e-02
  3.8170940e-01
 -5.0520938e-02
  3.5516793e-01
 -5.9741902e-01
  2.4079051e-02
 -5.6051534e-01
 -7.8189431e-04
  8.4053934e-01
 -4.0881211e-01
  9.2019600e-01
 -5.9575577e-05
 -4.9246503e-03
 -1.3482479e-04
 -2.1485178e-01
 -2.6076348e-06
 -2.5237378e-01
  1.3844868e-06
 -7.6954364e-04
  1.5535542e-04
  9.2889629e-02
 -7.3237410e-03
  2.8870988e-04
  2.6866622e-04
 -1.3784730e-06
 -3.6585920e-05
 -1.5024224e-01
 -4.9610762e-06
  4.1592624e-02
 -9.0816253e-01
  1.3863935e-02
  2.8690794e-01
  1.0282758e-05
 -5.9361391e-05
 -3.3931446e-01
  6.8038422e-01
  9.8196644e-01
  1.2277449e+00
  1.2518624e-05
  4.1363589e-04
 -9.9733821e-05
 -1.8717487e-01
  4.5893477e-05
 -5.8947849e-01
 -1.3675196e+00
  1.5906458e-01
  1.3265100e-05
 -5.4720902e-01
 -7.6227792e-02
  3.5453914e-04
 -1.7283655e-05
  5.2976757e-01
  1.8473448e-01
 -6.6111231e-01
 -5.3877729e-06
 -3.6098969e-05
 -7.3993403e-01
 -9.8069435e-01
 -5.6719816e-01
  2.4492211e+00
 -2.0698106e+00
  1.4029713e+00
  8.1601966e-06
  1.7945595e-05
  5.9508854e-01
  2.2982728e+00
  7.6582384e-01
  5.9831369e-01
 -5.0934500e-06
 -5.0535792e-01
  8.5239136e-01
 -8.7885338e-01
 -2.2629074e-05
  9.6862400e-01
 -6.9792998e-01
 -2.0092223e+00
  3.5686869e-06
  4.7476706e-01
 -9.9592245e-01
 -3.6057131e-04
  9.5644857e-05
 -8.7657034e-01
 -2.4314096e+00
  8.5212213e-01
  5.5254191e-01
 -6.3061517e-01
  1.4248112e-04
 -3.8145870e-02
 -5.1072592e-01
 -1.1611148e+00
  1.1485112e+00
  1.9719839e-01
  3.8591981e-01
  2.2944535e-01
 -3.5229331e-01
 -3.1024357e-04
 -1.1290422e-04
 -6.2726752e-04
 -4.2806931e-02
 -8.6899754e-06
  1.3898057e+00
 -1.7576480e+00
 -8.1633091e-01
  8.8522738e-01
  9.4561958e-01
  9.0250478e-06
 -1.6269353e-03
  2.2471595e-01
  8.3205867e-01
 -1.5621675e+00
 -2.5652277e-01
  3.7141624e-01
 -2.6725545e+00
 -8.7334074e-02
 -5.8285907e-05
 -1.1625857e+00
  8.6117387e-01
 -9.8153818e-01
  4.5934743e-01
  8.6154944e-01
  1.6872513e+00
  3.9848462e-01
 -3.8081866e-02
 -5.6767619e-01
  1.7786038e+00
 -5.1888108e-01
 -3.8731974e-05
  1.9607124e+00
 -1.2034867e+00
 -2.0618618e+00
  1.1524994e+00
  4.2003462e-01
 -1.2451013e+00
  1.5452700e+00
 -6.2282151e-01
  9.9689108e-01
  9.0196013e-01
 -1.0842270e-01
  5.6345882e-05
  2.8265101e-01
 -4.6087584e-01
  3.3155555e-01
 -8.1423587e-01
 -2.7272865e-01
  4.7369094e-06
 -1.7846718e+00
  1.1638521e+00
 -9.5881027e-01
 -1.6400788e+00
  2.5182825e-01
 -1.8773341e-01
  8.7992914e-02
 -1.6355830e+00
 -2.1358229e-01
 -1.5095881e+00
  1.3030776e-01
  4.9536027e-02
 -3.2824674e-01
  8.2965344e-01
  3.6001539e-01
  2.1738369e+00
  1.8693389e-01
  3.4574509e-01
  1.0089785e+00
 -3.3214191e-01
 -4.7625956e-01
 -2.1327040e-01
 -7.0110238e-01
 -3.6240211e+00
 -2.6833983e-03
 -9.6237677e-01
  3.6234257e-01
  1.0631231e+00
  1.1164376e-05
 -4.7337899e-06
 -1.2195513e-05
 -1.6145619e-05
 -1.1711548e-02
  1.9753187e+00
  5.6528957e-03
  1.3031949e-02
  4.7928549e-02
 -9.1256620e-04
 -4.5464626e-03
  1.2972925e-05
 -1.9798979e-01
 -5.2681178e-01
  1.5284157e-01
 -1.0810909e-05
  6.3008481e-01
 -7.6227552e-01
 -1.7754862e-01
 -4.0447116e-01
 -1.0273615e-01
 -1.1298950e+00
 -2.3620958e+00
  5.5163765e-01
  6.2165771e-02
  1.1352150e-01
 -3.6432046e-01
 -1.7617288e-04
 -2.6115928e-05
 -4.0750489e-01
  1.5499093e-01
 -8.3674524e-05
  2.2371192e+00
  4.7620100e-01
  6.4818043e-01
  1.7785528e-01
 -1.0651938e-01
  6.3321540e-06
  1.3412566e-01
 -2.6410690e-01
 -7.8312457e-01
  1.4638735e+00
  1.4809331e-02
  1.8292306e-01
  5.5858082e-01
 -1.7056058e-01
 -3.0762783e-01
 -6.0658997e-01
 -4.5685968e-01
 -3.9640591e+00
  2.9195242e-03
  1.2673575e+00
 -4.5940983e-03
 -7.5863373e-01
  7.9806259e-06
 -1.6492423e-01
  4.1888566e-03
  1.2849776e-05
  2.1780273e-01
 -6.1438065e-02
  1.0506741e+00
  5.9283161e-01
  1.5094194e+00
 -1.8409602e-05
 -2.0760449e-06
 -2.6250973e-02
 -7.1517915e-01
 -2.2813077e+00
  1.2795974e+00
  5.4174489e-01
  1.9975435e+00
 -6.3192910e-01
 -1.3100830e+00
 -1.6646963e-01
 -1.3648014e+00
 -1.9782431e-01
  5.8478451e-01
  8.4675312e-01
  4.7095630e-01
  9.2990294e-02
 -7.2529447e-01
 -1.8014868e-03
 -2.3353016e-02
  1.1634555e-05
 -2.7356225e-01
 -9.0128269e-06
  2.1705897e-01
  9.3775399e-02
  7.3632487e-04
 -3.1294751e-01
  2.1269082e-01
  3.9096933e-02
 -3.4864603e-05
  1.1371181e+00
  1.3930323e-05
 -6.2801379e-01
 -3.5016075e-02
  6.5005130e-05
  3.0178477e-05
 -3.0597353e-02
 -3.1097248e-01
 -1.2768091e-01
 -1.1268054e+00
 -2.8386578e-01
 -1.0811452e+00
  5.1924443e-01
  2.6593262e-01
  1.0784904e+00
 -2.6338693e-01
 -3.6279723e-01
  1.3242257e+00
 -2.2714515e-01
 -7.7693212e-01
  1.9913452e+00
  6.3992107e-01
  2.6624544e-05
 -1.0520934e+00
  5.9698462e-01
  1.2088735e-01
  3.8788876e-01
  6.9154787e-01
  2.7986610e-01
  1.3442476e+00
  1.7305299e-08
  6.6403043e-01
 -3.8638893e-01
 -7.0654130e-01
 -2.5122528e-05
 -5.3948587e-01
  1.6802006e+00
 -6.9556087e-02
  1.1117965e-01
 -2.8788435e-04
  1.7165294e-05
 -6.2257767e-02
 -3.2560760e-01
 -2.4332525e-02
 -4.6758461e-01
 -2.0055988e+00
 -9.0848976e-01
  3.7115246e-01
  1.0405395e+00
  6.3071884e-03
  2.0097839e-05
 -1.1202509e+00
 -5.3900754e-01
  3.2654844e-02
 -1.9071470e-03
  1.4481618e-01
  3.7445882e-01
  1.7124937e-01
  9.4639182e-01
  9.3478340e-01
  2.3493629e+00
  2.1806509e+00
 -1.0760739e+00
  1.4309938e+00
  6.0291450e-02
 -1.5936021e+00
 -7.7254403e-01
  1.2523458e+00
  1.1668953e+00
  4.2506006e-05
  1.3644926e-01
  2.0891084e-06
  1.6508389e+00
 -1.1469683e-05
 -2.8389823e+00
  1.2347192e+00
  2.0461056e-01
 -4.2991292e-01
  9.1971594e-01
  4.9376968e-01
 -2.4461338e-01
 -2.1101797e+00
  1.4703218e-02
  6.1920542e-01
 -1.6370333e+00
  2.2381778e-01
  1.6662252e-01
  2.9495569e-02
  1.0378261e+00
  6.0654032e-01
  2.3718941e+00
  1.8655384e+00
 -1.7164903e-02
  1.0685691e+00
  1.4581140e+00
 -1.4230156e+00
 -8.7088574e-06
  2.1124976e-03
  7.6883888e-01
  2.0354192e-01
  2.0577068e+00
 -9.9612284e-01
  2.7780206e+00
  8.5040189e-02
 -2.5739329e+00
  1.0834143e+00
  2.1215609e-01
 -2.1212969e+00
 -4.4075784e-01
 -1.2550555e-01
 -1.5114737e+00
 -8.7490243e-01
  4.4145548e-01
 -2.4023317e-01
  1.0217317e+00
  1.9080307e+00
  3.1338823e-01
  2.3594581e-01
  7.0595628e-01
 -4.3294901e-01
 -1.9039000e+00
  3.1348529e-01
  2.2639245e-02
  1.6076342e-04
  2.3356694e-01
 -9.9334824e-01
  1.6326097e+00
 -1.6062215e-01
  3.7231430e-01
  4.2194629e-01
  6.7414546e-01
 -2.2053711e+00
 -8.1619364e-05
 -7.6235151e-01
 -1.0221267e+00
  1.2931701e+00
  1.4962189e+00
  1.0491807e+00
  1.2576025e+00
  1.7691530e-01
 -6.4530718e-01
 -1.1435742e+00
 -6.8491483e-01
  1.3252515e+00
 -1.4765111e+00
 -5.9830076e-01
 -4.1908216e-01
 -2.3466611e+00
 -4.1942406e-01
 -4.1554347e-02
 -1.8415247e-01
 -3.3157629e-01
 -4.4424316e-05
 -5.2863735e-01
 -6.3367302e-06
  6.3452649e-01
 -7.6323187e-01
 -5.9101972e-06
  8.6782205e-01
  1.0404814e-04
  3.5444826e-01
 -5.1929832e-01
  8.6366236e-02
 -1.4307724e-02
 -3.2565084e-01
  7.8930128e-01
 -1.8851142e-02
 -1.0447829e+00
 -1.8264308e+00
 -6.3384712e-01
  1.1453081e+00
 -1.0485490e-01
 -2.1949780e+00
  1.3045236e+00
 -3.3855179e-01
 -2.4039009e+00
  6.7141038e-01
 -5.2162915e-01
 -9.3800831e-01
  1.9277778e-01
  9.6405558e-02
 -4.0633142e-01
  7.0324206e-01
  2.8432686e-02
  1.1681508e-04
  9.8329061e-01
 -1.1200837e+00
  6.5477097e-01
 -4.8999947e-01
  3.4903523e-01
 -7.6566058e-01
 -1.4500382e+00
  7.6301801e-03
 -3.1019840e-01
  8.5101075e-02
 -1.1269039e+00
 -1.0332888e-01
 -1.8250854e+00
 -1.5927937e+00
 -2.8311145e+00
 -6.9300145e-01
 -1.9787136e+00
 -8.6776704e-01
  1.9861985e+00
 -1.0132362e+00
 -1.0003107e+00
 -6.9393218e-01
 -8.1433088e-01
 -1.7893107e-01
 -1.3749802e+00
  5.6568599e-01
  4.8268709e-01
 -4.4788596e-01
 -1.7426428e-01
 -1.4271021e+00
  1.8911771e+00
 -1.4353701e+00
 -2.8782460e-01
  6.3055712e-01
  1.1585085e+00
  4.5238072e-01
 -8.4162313e-01
 -1.2530781e-05
  1.7990030e-06
  2.3799407e-06
 -2.1549303e-03
  3.5592473e-06
 -2.2285480e+00
 -6.9236618e-01
 -1.2366328e+00
 -4.9046046e-01
  1.4247675e-05
 -1.7784579e-06
  1.7823903e-06
  1.1108852e-05
 -3.4318055e-06
  5.0932757e-04
 -7.3170014e-07
 -6.9082564e-01
  2.1073623e-05
  1.1030937e-05
 -7.0834271e-06
 -2.1833854e-05
 -3.4722317e-02
  7.6717624e-06
 -1.2777410e+00
  8.5226965e-01
  5.2785420e-01
 -1.2540860e+00
  1.0403932e-05
  3.3230568e-05
 -1.2551081e-05
  4.3320138e-06
 -1.1834906e-06
  1.4726360e+00
 -1.0199442e+00
  5.9764582e-01
 -5.7354838e-01
 -1.2041273e-05
  1.1598832e-05
  2.2010758e-05
 -3.2909641e-03
 -1.1841526e-05
 -5.5174959e-01
  9.0558225e-01
 -4.3309403e-05
 -6.3354796e-01
  1.0857461e-06
 -1.4589654e-04
 -6.9858529e-06
 -6.4837426e-05
 -1.6793872e-05
 -1.9506252e-01
  6.9819427e-01
  1.0369964e+00
 -8.8533610e-01
  4.9553805e-06
 -3.6396978e-06
  5.5819210e-06
 -1.0017060e-05
 -5.2086380e-06
  4.0181950e-01
  2.6545480e-01
 -1.7154145e+00
 -6.6326654e-01
  2.0235914e-06
 -1.5642901e-05
  4.2540141e-06
 -9.9751681e-02
  9.5565983e-06
 -1.5297327e+00
  1.0738145e-01
 -1.6226484e-02
  1.2973230e-01
  3.3528245e-06
  5.7834211e-05
 -2.4705883e-05
 -1.4899261e-06
  1.7119895e-06
 -2.3951991e-01
  4.9698421e-01
  7.4354333e-01
 -3.7160149e-01
  7.4895681e-05
  6.8119853e-06
  5.8120139e-07
 -2.7164865e-01
 -3.8470625e-06
  1.2684509e-01
 -7.3275459e-01
  1.3453981e+00
  3.2512896e-02
  5.7192306e-06
 -1.6754400e-05
  1.8074311e-06
 -1.1752585e-05
 -9.3840063e-06
  1.9617116e-01
  4.5758793e-06
  2.8637251e-01
 -1.0939137e-05
  1.1466598e-05
  6.7711244e-06
  9.0182948e-06
 -2.0945011e-01
  5.6791981e-07
  3.0557191e-01
 -7.1540248e-01
  7.0646220e-01
 -8.5576731e-01
 -1.9598574e-06
 -6.2026734e-06
  8.2256793e-06
  5.9088774e-07
 -9.0251189e-05
  1.2229944e+00
  3.6685508e-01
 -1.1237382e+00
 -7.2476423e-01
 -2.2993004e-06
 -4.5238353e-06
 -2.3437383e-06
 -1.5272401e-04
  2.8292681e-05
  1.8310288e-04
  5.9768178e-02
  3.2400319e-01
  5.4690224e-01
  5.1643801e-05
 -6.5681684e-06
  4.1598764e-07
 -9.3392691e-06
  1.7065787e-01
  7.5178373e-01
  5.9085464e-01
  2.5641098e+00
 -9.1073775e-01
  6.7484648e-06
  1.1648818e-05
  3.3609617e-06
 -1.4575286e-04
 -1.1851583e-06
  1.6923670e-01
  3.2101452e-02
  2.0140593e-01
 -1.5299690e-01
  1.6427175e-05
  2.1359867e-05
 -2.6066373e-06
 -4.3094383e-06
  4.1506471e-05
  6.9178981e-01
 -4.7284579e-01
  7.0396376e-01
  8.5951930e-01
  2.1166659e-05
  1.1167440e-05
  1.2980812e-05
 -4.5192733e-06
 -6.8705252e-05
  1.0820170e-01
  1.2846944e-01
 -5.5418295e-01
  3.5597542e-01
  5.0929577e-07
 -8.5830652e-06
 -1.0300342e+00
 -3.8255405e-01
 -2.8812278e-07
  6.5084857e-01
  5.8939550e-02
 -4.3240395e-01
 -5.8179939e-01
 -3.1563806e-05
 -1.3366141e-05
 -2.2993107e-04
  6.2325445e-05
 -3.5848208e-07
  1.2834154e+00
 -1.0831440e-05
  2.0945472e-06
 -2.3704575e-05
 -3.8306021e-06
 -6.5859517e-06
 -5.1741365e-02
 -2.5314221e-01
  1.6164155e-05
 -7.0412767e-01
  1.1136312e-01
 -1.8866707e+00
 -5.3017074e-01
 -3.1363711e-06
 -2.4415353e-05
 -8.1388134e-01
 -5.6118865e-06
 -8.3188670e-06
  2.5797498e-01
 -5.2528214e-01
  4.0174133e-01
 -5.1493031e-01
 -6.5305385e-06
  3.2631069e-05
  8.4424275e-05
 -2.1013834e-03
  2.5893189e-05
 -9.3566197e-01
  4.2605558e-01
 -4.6976826e-01
 -1.2722647e+00
  3.7317457e-06
 -4.5557485e-06
 -8.4642887e-01
 -1.2338928e-02
  4.9213040e-06
  3.0853069e-01
  6.4082399e-02
  4.4652370e-01
 -1.1087341e+00
 -4.9860969e-06
 -1.6633926e-06
  3.3629338e-05
  2.8060067e-06
 -1.2545948e-05
  1.1149981e+00
  3.2948336e-01
 -4.5094448e-01
 -1.1363052e+00
 -8.4370222e-06
 -2.1391180e-04
 -6.0512000e-01
 -3.1939319e-01
  5.5152427e-06
  3.5503548e-01
  5.7016712e-01
 -1.3171979e+00
 -1.3145089e+00
  1.3233688e-05
 -1.7948507e-05
  2.3630705e-01
  6.1181559e-06
  6.2096304e-05
 -2.9968786e-01
  1.8584074e-01
  6.2151080e-01
 -5.8488381e-01
  4.8734955e-02
  7.9082179e-01
 -1.0596037e+00
 -4.3591639e-01
  1.0427812e-05
  6.5078288e-01
  8.2277322e-01
  1.0053822e+00
 -6.2894928e-01
  9.8782550e-07
 -4.3091600e-06
 -1.1625305e-05
  7.3347641e-05
  4.1897006e-06
 -1.1754667e-01
  1.0256980e-04
  6.9098663e-01
  3.8808797e-05
  4.1235853e-02
  6.3862801e-01
 -6.4408016e-01
 -3.0830011e-01
  2.2745127e-05
 -1.1113887e+00
  4.2752728e-01
 -8.1353796e-01
 -6.1618555e-01
 -3.8088999e-06
 -1.6915434e-05
 -6.4378554e-01
 -2.8131672e-05
  1.0302054e-05
  7.5157952e-01
 -8.8809215e-02
  8.2206041e-01
  5.2163696e-01
  1.6285412e-02
  3.9099139e-01
  7.7079874e-01
 -2.9545005e-02
 -3.6058322e-05
 -1.8587697e-01
  8.4406918e-01
  2.5451270e-01
  1.2181145e-02
 -2.8185789e-06
 -9.3157746e-07
  1.6603808e-01
 -4.0972821e-02
  4.6573882e-04
 -1.6629697e+00
 -5.0030085e-03
  2.1603231e+00
 -3.7441513e-01
  7.3055118e-05
  1.3326494e-01
 -1.3670684e-01
 -8.0115307e-05
 -2.3238372e-06
 -1.7986125e+00
  4.9119776e-01
  1.4641435e+00
 -2.5230598e-01
 -2.1128511e-05
  2.9009756e-01
 -7.9883075e-01
 -1.4959691e-01
 -4.9787747e-07
 -6.9831061e-01
  3.0326411e-01
 -7.8718230e-02
  1.2962177e-01
  9.0831264e-07
  3.0404080e-06
 -3.5852629e-01
 -6.1834307e-04
 -2.0653904e-06
 -4.4100565e-01
  4.5587105e-01
 -4.7580004e-01
 -1.5466620e-01
 -2.6386320e-05
 -1.3812326e-01
 -7.6768208e-01
  1.2041832e+00
 -4.1264779e-05
 -1.3605382e+00
  1.0280336e+00
  7.9280478e-01
 -6.0311943e-01
 -9.0309695e-06
  7.8081148e-06
 -4.3694647e-05
 -8.6777600e-06
  1.8825109e-06
 -4.0139356e-01
  7.5027752e-01
 -1.9612622e+00
  3.6306824e-07
 -3.2655302e-05
 -3.1008279e-02
 -1.5032911e+00
  6.9869000e-01
 -1.7917730e-05
 -2.2204264e-01
 -3.1240031e-02
  5.0943017e-01
  1.0862799e+00
  1.9560784e-05
 -1.2986332e-06
 -2.6978365e-01
  4.9582276e-01
  7.6694869e-07
 -1.1373496e+00
  9.3502855e-01
 -2.6497713e-01
 -6.0366702e-01
 -1.3895034e-05
 -2.1391077e-06
 -2.9365891e-01
 -5.2811058e-05
  9.7705606e-06
 -1.1669942e+00
 -7.1538979e-01
 -2.7931321e-01
  3.7825581e-01
  2.4816414e-05
 -7.1703986e-04
 -5.4802960e-01
  1.2736971e+00
 -3.1727512e-07
  5.3205115e-01
  1.8427500e-01
  5.5218405e-01
 -5.7552103e-02
  1.8249624e-07
 -1.9355134e-06
 -9.2242412e-02
 -1.4911304e-05
  1.8981707e-05
  1.5352459e-01
  2.2420223e+00
 -1.8586448e+00
  4.8450065e-01
  3.3159168e-07
 -5.0919868e-02
 -5.9379798e-01
  8.5106176e-01
 -1.8614523e-06
 -4.1859025e-01
 -1.8567614e-03
  1.9622871e-01
 -4.1996074e-01
  4.1540443e-06
 -6.7380388e-05
 -5.2065396e-01
  3.8656178e-01
 -5.1799889e-06
  5.8619106e-01
  4.0292320e-01
 -6.5033454e-01
 -7.7936941e-01
  1.2413758e-02
  1.2413758e-02
  1.2413758e-02
  1.2413758e-02
  1.2413758e-02
  6.7241365e-01
  6.7241365e-01
  6.7241365e-01
  6.7241365e-01
  6.7241365e-01
  1.4738771e-01
  1.4738771e-01
  1.4738771e-01
  1.4738771e-01
  1.4738771e-01
  1.0924964e-01
  1.0924964e-01
  1.0924964e-01
  1.0924964e-01
  1.0924964e-01
  1.6452778e-02
  1.6452778e-02
  1.6452778e-02
  1.6452778e-02
  1.6452778e-02
  1.8038879e-01
  1.8038879e-01
  1.8038879e-01
  1.8038879e-01
  1.8038879e-01
