nep4 3 Ba Zr S 
cutoff 8 4 150 20
n_max 4 4
basis_size 8 8
l_max 4 2 0
ANN 30 0
 -6.8578893e-06
  1.3001407e-05
  1.6389419e-04
 -4.9972459e-06
  5.0180894e-05
  1.5727157e-05
  2.9676314e-06
  2.1334845e-05
  9.8219662e-06
  2.6700332e-07
  6.7923038e-06
 -2.3071450e-06
 -2.5015991e-06
  4.8916381e-06
 -2.2330543e-05
  2.1731663e-05
  4.6923553e-05
 -2.1925814e-06
  8.3034611e-06
 -1.6328395e-06
 -7.6389188e-06
 -3.5583009e-06
 -2.3476412e-05
  1.0870274e-05
 -3.1040756e-06
 -5.2900327e-06
 -8.6254360e-05
  5.9020017e-06
 -1.1712417e-05
  2.2332382e-04
  5.5554390e-01
 -1.7896658e-05
 -1.8211335e-01
 -1.1535806e-01
 -1.8115242e-01
  1.0448545e-06
  1.7354985e-06
 -1.9088444e-05
 -4.9572616e-05
 -3.8378790e-01
 -8.0854106e-06
 -9.3000949e-07
 -4.6036862e-06
  6.7377288e-05
  6.3745052e-02
 -3.5344117e-05
 -6.8288028e-07
  2.7693341e-05
  1.1065289e-04
  2.2102311e-05
  3.3455333e-07
 -1.1086081e-05
  4.5855580e-07
  6.3693628e-06
  1.1191731e-01
 -4.1975013e-06
  5.3923013e-06
 -4.1147519e-05
 -7.8934412e-05
  2.8291001e-06
  7.4023534e-05
  4.4474409e-06
 -6.5325785e-06
 -1.4887717e-06
 -8.8456036e-06
  2.0748923e-05
 -9.5875330e-06
 -9.7163911e-06
 -1.7814131e-05
 -1.4790577e-05
 -3.2517306e-05
  1.7404778e-06
 -1.9726506e-06
 -3.4230045e-06
  6.0608972e-06
 -7.0746364e-06
 -3.6978865e-05
  8.5509864e-06
 -1.3010615e-05
 -3.8904710e-07
 -4.1449224e-05
  1.9874044e-05
  1.7001146e-05
 -1.1522650e-05
 -2.9221219e-06
 -5.1148431e-06
 -7.3156383e-07
  5.7336894e-07
  1.8567385e-06
 -9.8417718e-07
  1.3927687e+00
  1.1736767e+00
 -1.4235399e+00
 -5.7878084e-03
 -2.6194155e-01
  2.8440176e-04
 -1.5959671e-05
 -1.5010634e-04
 -2.4762583e-01
 -6.8895203e-01
 -1.6324153e-05
  1.2366195e-05
 -6.2546103e-05
  3.8202488e-05
  2.5152120e-01
 -5.9001562e-05
 -4.0851737e-06
  3.1525273e-05
  7.5749509e-02
  8.0071963e-02
  1.8464244e-04
 -3.0778463e-07
  1.9778781e-05
  5.1161882e-02
  3.7049556e-01
 -1.6358108e-05
 -3.4560369e-05
  5.7803122e-06
  9.3532108e-06
 -6.3919324e-06
  1.4376138e-06
 -8.9062487e-06
  5.1848032e-04
  4.4877543e-05
  2.3492445e-04
 -1.7993101e-05
 -1.2732086e-05
  4.9503429e-05
  1.8294512e-04
  2.5273426e-04
  5.3178455e-06
  2.1824426e-05
 -1.1748743e-06
  2.2918399e-05
  4.6915436e-04
 -5.7568996e-06
  1.2714693e-06
 -3.2449202e-06
 -1.0819545e-05
 -3.9519702e-05
  1.8163300e-05
  6.1508076e-06
 -1.1433149e-06
 -9.6870062e-06
 -2.7467227e-05
  1.1299284e-05
  2.2556003e-06
 -4.6445875e-05
 -1.3584297e-05
  1.4741217e-05
 -5.0010774e-05
 -3.0596167e-04
  2.9925461e-04
  1.5164919e-04
  6.9190847e-04
 -3.3466578e-05
  1.2354034e-05
 -2.8229042e-06
  2.2199433e-04
 -3.5125769e-08
 -2.2217419e-06
  8.7971393e-06
 -5.2915393e-06
  3.6234396e-06
 -2.5801874e-05
  5.6264385e-06
  1.2356457e-05
  4.6181781e-06
 -9.4269290e-06
  1.4088836e-05
 -3.5362982e-04
 -1.1668963e-05
 -7.3587448e-06
 -4.1534836e-06
 -1.9106570e-04
 -1.7872432e-04
  4.2187130e-06
 -5.7835024e-07
  1.5524560e-05
 -4.2806564e-06
 -7.9758847e-01
 -5.9667137e-03
  5.0429714e-01
  7.6512201e-04
  2.7636797e-05
 -1.3794447e-03
 -2.3072202e-05
 -6.7991000e-06
  1.8537699e-03
  9.0067387e-03
  1.6723296e-06
  2.2514181e-05
 -1.4105810e-06
  6.1185507e-05
 -1.3360825e-04
  5.1456794e-07
 -1.4030213e-06
  2.7569269e-05
 -2.0489277e-04
 -2.4272929e-06
 -5.8399945e-07
  1.7308899e-05
  3.7549000e-06
 -1.4377391e-06
 -2.1274589e-06
 -2.5834965e-05
 -6.4736567e-05
  1.9884574e-06
  6.9111678e-07
 -8.2650586e-06
 -1.4143629e-01
 -1.8713254e-05
  3.1171402e-01
  1.7182421e-05
  9.4919033e-06
 -1.1310899e-05
  1.8334267e-05
 -4.4139083e-06
 -7.6493434e-06
  1.5812038e-05
  1.3211599e-05
 -5.8894266e-06
  9.3796341e-05
 -6.8799800e-06
  2.6316769e-05
 -3.8936932e-06
  7.8400690e-04
  1.3283501e-07
 -7.6871529e-06
 -1.8437704e-06
 -1.7237893e-04
 -3.9725069e-06
 -9.1814545e-06
 -9.8938608e-06
 -2.1929935e-05
  1.6101612e-07
  2.0485104e-06
  6.6550529e-06
  4.4499251e-05
 -5.4970619e-06
  2.0003386e-05
  1.8181877e-06
 -1.5905602e-01
 -3.3223914e-06
  1.5685532e-06
  5.6031917e-07
 -1.5943386e-05
 -2.0659345e-06
  3.8565377e-06
 -1.1133445e-05
  1.1582410e-05
 -3.5537605e-07
 -4.4919742e-07
 -8.5093243e-06
 -6.9469468e-07
 -1.6148024e-06
 -5.3521380e-06
 -4.1079556e-06
  5.2423779e-06
  1.2971960e-05
  7.7860950e-06
  6.2069046e-07
 -3.0646199e-05
  1.6078731e-05
  4.5245784e-04
 -2.1772445e-05
 -1.3795547e-05
 -2.7050908e-05
 -4.3226923e-06
  2.7205806e-06
 -8.4637242e-05
  7.0885100e-05
 -2.7997339e-01
 -3.0118380e-02
 -9.5229072e-04
 -8.9740970e-06
 -3.0758911e-06
  5.3546783e-06
 -9.7378643e-07
 -7.5712419e-06
  1.1255752e-05
  4.7876260e-06
 -1.6113614e-05
  9.3783201e-06
  1.7079416e-05
 -3.5518053e-05
  1.0157661e-05
  5.0859336e-07
  4.5107743e-05
  5.4295006e-04
  4.8420825e-05
 -1.1022983e-05
 -3.7659747e-06
  4.9430563e-04
  3.6334742e-02
 -1.5722879e-05
 -6.5596987e-06
 -2.7052437e-07
  2.3668979e-06
 -1.5619968e-05
 -6.0191172e-01
 -7.8900007e-04
  4.4198322e-01
  4.1187164e-01
  5.0424576e-01
 -2.2973990e-01
  5.4929037e-06
  1.8320653e-06
  1.4199199e-01
 -1.8200197e+00
  2.1490509e-06
  5.1206557e-06
 -5.8329506e-06
  2.6341455e-04
 -3.6888486e-03
  8.7756445e-05
 -1.5103650e-05
  1.3930069e-06
 -4.1380514e-05
 -4.0408455e-02
 -8.0631645e-03
 -9.2880182e-06
  7.3003389e-06
 -7.4034911e-03
 -3.2805821e-01
 -5.1758129e-06
  1.2800208e-05
 -2.2712250e-06
 -3.9736956e-06
  2.2628148e-05
 -2.8973851e-05
 -7.6937039e-07
 -7.4725558e-06
 -9.9042854e-06
  3.4045010e-05
  4.6420919e-06
 -5.3243366e-06
 -1.1697581e-05
  2.1164180e-07
 -9.6959604e-07
  8.3255200e-06
 -1.4372372e-05
  1.3422343e-06
  1.3879963e-05
  7.9910033e-06
 -2.5179110e-05
  5.3852241e-06
 -1.9029656e-05
  2.0650039e-05
 -3.3152075e-05
  6.7077817e-06
 -8.3614054e-07
 -1.0192167e-05
 -6.8932713e-05
 -9.6160204e-07
  4.0066385e-05
 -2.0303556e-05
  1.9409668e-05
  5.9036201e-06
 -6.1708420e-06
 -4.5511351e-06
 -1.0085287e-04
  1.5131889e-01
  2.0969370e-02
  3.4156774e-06
 -1.0450480e-01
 -9.6670974e-06
 -6.0586872e-06
  6.2411581e-04
 -1.1393872e-06
  6.5723121e-05
  2.4404301e-06
 -2.9675708e-05
 -2.0429105e-04
 -9.3150820e-06
  4.3797630e-04
  5.8858332e-06
 -9.5425414e-05
 -3.9204486e-05
 -2.5150529e-04
 -8.8776003e-05
 -1.1976537e-05
  1.2737920e-04
 -2.6841426e-05
 -2.1736108e-04
  8.9999213e-07
  4.0452702e-05
  2.2137803e-05
 -2.1225074e-05
  1.5030480e-05
  1.9921783e-05
 -4.8729603e-06
  7.9247584e-05
 -4.7178364e-06
  1.9085528e-06
 -5.2825982e-07
  3.6648592e-06
  3.3179527e-05
 -1.1804058e-06
  7.4887539e-05
  3.0677852e-06
 -1.6124632e-05
 -9.4453018e-05
 -3.5065609e-06
 -1.0161329e-04
  4.3887485e-05
  4.1910862e-05
 -2.4434379e-05
  6.2187624e-05
  4.3380701e-06
 -3.4051242e-05
  4.3503469e-06
 -5.4611151e-06
  8.3560726e-06
 -1.1655998e-05
  8.0005921e-06
 -1.4665709e-05
  1.7253958e-06
  1.0366511e-05
  6.1406519e-07
  7.4588132e-01
  1.0266891e-01
 -9.7235775e-01
 -9.8507690e-01
 -1.2733786e+00
  5.3689084e-03
 -1.8831419e-05
 -1.0180380e-05
 -9.1891003e-01
 -9.9307364e-01
 -1.5404725e-05
  3.1227332e-06
 -2.3527542e-05
  2.1225974e-06
  1.4577225e-01
 -3.1043482e-01
  3.3036940e-05
  1.8566856e-06
  1.3596012e-02
  8.8012286e-02
  1.3328604e-01
 -2.3690183e-05
  1.7485918e-06
  9.5176309e-02
  4.5760459e-01
  2.4537203e-05
 -2.0275838e-05
  3.4048903e-06
 -5.9175782e-06
 -1.7733973e-05
  1.0794648e-04
  1.5945476e-06
 -1.8899540e-05
 -4.3953958e-05
 -6.1445139e-06
 -3.5987166e-06
 -8.9986233e-06
  1.2328409e-05
  2.9227554e-06
  4.0130963e-06
  8.5458360e-06
 -5.1944739e-06
 -1.1985093e-04
  8.5364218e-06
 -4.1738182e-05
  1.9570584e-06
  1.1783226e-05
 -1.1833205e-05
 -1.1035295e-06
 -1.3871938e-06
 -2.8683971e-06
  3.2041180e-06
  5.5676664e-06
 -5.9738904e-06
  3.0515218e-06
 -3.3249489e-07
  9.7905502e-07
  1.8248074e-05
  8.8882865e-05
  1.2791539e-05
 -2.7517775e-05
 -3.1531579e-06
  5.2870826e-05
  3.4603232e-04
  1.6879332e-05
 -1.5146397e-05
 -5.4950697e-06
  5.1843681e-06
  5.4038373e-06
  5.5872924e-06
  2.5216650e-04
  8.2209390e-06
 -6.8480367e-06
  3.2598525e-06
 -1.3009617e-05
  5.9275403e-06
  6.5732588e-06
  3.9689780e-07
  3.5468427e-06
  5.1929173e-06
 -2.3786317e-06
 -1.5239771e-04
  2.0363204e-04
 -4.2459740e-07
 -1.0707510e-05
 -1.9990837e-05
 -9.5351279e-06
  3.8619026e-05
  1.2526074e-06
 -3.7040452e-06
  7.4322721e-05
 -1.9720152e-05
  1.1249954e-05
  2.1689852e-05
 -4.0646390e-07
 -1.1715062e-05
 -2.3454556e-06
 -1.6373380e-05
 -4.6966110e-05
  2.9536877e-06
  4.2273173e-06
 -1.6179066e-06
 -1.5879514e-05
  4.4081708e-06
  1.7695164e-04
  4.0112586e-06
  1.7159049e-06
  3.4446603e-05
  9.0473222e-05
 -1.3301497e-05
  1.1713454e-05
 -2.2961140e-05
  5.6088475e-06
  5.6323402e-06
  2.5861177e-06
  1.2129395e-05
  1.0632579e-05
  1.1343300e-05
  9.3221925e-06
  3.1777192e-05
  1.3039328e+00
 -3.0786712e+00
  1.4188780e+00
  6.5167731e-01
 -4.0195708e+00
  1.8078817e-01
  4.9000150e-06
  2.6082480e-06
 -9.1373958e-02
  1.8245639e-01
 -1.5702594e-02
 -7.2713151e-06
  3.4822324e-06
 -1.4592986e-01
 -1.3563346e-05
 -6.7627311e-01
  3.3791603e-05
 -4.5615070e-07
  9.8476616e-05
 -4.0656868e-02
  7.5786018e-05
 -9.2515384e-06
  1.2141965e-05
  1.8969798e-06
  1.5110418e-01
 -1.7105359e-06
 -4.2511970e-06
 -4.5267525e-06
 -1.9951672e-07
  3.3879319e-06
 -1.7308037e+00
 -7.8312320e-01
  4.1065484e-01
  8.8972074e-01
  6.7740709e-01
 -1.0516765e-01
  4.6100591e-05
  1.9533483e-05
  4.2025471e-01
  1.1466215e-01
  1.8039247e-04
  4.3595041e-06
 -5.6560757e-06
  1.3926843e-05
 -7.7001140e-02
  5.4239005e-01
  7.5063581e-05
  4.8950933e-06
 -4.9885622e-01
 -5.8532625e-01
 -3.5103780e-01
 -5.2341516e-06
  4.0601967e-06
 -3.4911296e-01
 -1.0383416e+00
 -1.7759368e-05
  2.1067569e-06
 -4.2534134e-06
  1.2632397e-04
  8.6665399e-02
 -1.2726728e-05
 -4.4097078e-06
  1.5390457e-05
  1.4294162e-06
  1.9064943e-04
  1.2632531e-06
  1.6765730e-06
  3.0221747e-07
 -1.8045701e-04
 -3.5556630e-05
 -1.0019492e-05
  5.2069012e-05
 -8.4726025e-06
  1.1192604e-05
 -4.6542909e-06
 -3.5225165e-07
 -7.3978858e-06
 -2.7009953e-06
  1.5392647e-05
 -5.4461043e-06
 -2.1918115e-05
  8.4202293e-06
 -5.2047108e-06
  1.9958075e-05
  6.5730087e-06
 -2.3467203e-07
 -1.9786505e-07
  1.6168204e-05
  4.4004819e-06
  7.2776184e-06
 -5.3822932e-06
 -6.8286654e-06
  7.8606317e-06
  1.9092937e-05
 -9.6800716e-07
 -2.1861954e-06
  2.3143666e-05
 -2.0948799e-05
  2.8800334e-06
 -1.2112733e-05
 -5.4908356e-05
 -1.1325908e-05
 -4.9800301e-06
  7.9186439e-06
  1.8839151e-05
  3.5369481e-05
 -7.3869810e-06
  6.0163543e-06
 -6.6986686e-06
  4.4771227e-06
 -3.1250027e-05
 -2.4027455e-05
  1.5177715e-05
 -1.4520789e-06
 -1.9321240e-06
 -1.1441241e-05
  7.9376186e-06
  3.5366199e-06
  1.7137783e-05
  9.8865564e-07
  3.6319507e-06
 -9.4595598e-06
 -1.9778152e-05
 -1.8919093e-07
 -3.3381339e-06
 -8.0223808e-06
 -8.1009048e-06
  3.4756840e-07
  1.4724201e-04
 -1.2722634e-05
 -2.4994513e-05
 -3.5751777e-06
  2.0498037e-06
 -2.8212503e-06
 -2.1307008e-06
  6.1963206e-06
 -8.3168239e-08
  1.0604998e-05
  1.1666412e-05
  1.1983415e-06
  9.3589927e-07
 -4.9247151e-06
  2.5358353e-05
 -5.1103607e-06
 -4.0220817e-05
  1.3423512e-05
 -4.2871077e-04
  1.0845579e-07
  9.9215495e-06
  9.7024599e-07
  7.0220672e-06
 -1.3190036e-05
 -7.2716712e-06
 -1.4780212e-05
  5.5572113e-05
  7.7047553e-06
  5.6699755e-06
 -4.1659687e-06
  2.8021879e-05
  3.2356215e-06
 -2.4006504e-06
 -3.2964197e-06
  4.0487716e-06
  5.7056513e-06
 -7.9086394e-06
 -2.5120014e-06
 -1.4524058e-05
 -7.6356382e-06
  3.1457248e-06
 -1.6270479e-07
 -1.7371236e-05
  5.1694506e-06
  1.3589441e-05
  1.4306532e-05
 -1.0837041e-06
 -8.5974498e-06
 -2.3645193e-06
  8.1202394e-05
 -4.4935464e-06
 -9.9342687e-06
  5.6578674e-06
 -1.3033565e-05
 -1.0159618e-05
  8.0484597e-06
 -2.7492188e-06
  9.5691021e-08
 -1.3279110e-04
  1.2235044e-07
  2.2138599e-06
 -1.0879075e-05
 -9.7302463e-06
  8.2618917e-06
  1.7844350e-06
  4.5195525e-06
  4.5085194e-06
  5.5805623e-07
 -3.5947312e-06
 -1.4332651e-05
 -4.1961675e-06
  1.6392501e-05
  2.0387374e-06
 -3.9262236e-06
 -7.6162387e-06
  9.2752933e-05
 -1.1771593e-05
  7.7169643e-06
  5.5574083e-06
 -1.3640964e-05
  2.2667398e-06
  5.6216322e-06
 -1.6474121e-05
  7.7614586e-06
  1.0575474e-05
 -7.6231532e-05
  8.8297920e-06
 -1.2684304e-05
  9.5396135e-06
  8.1489443e-06
 -8.2685961e-05
 -8.3251798e-06
  1.7510063e-05
 -7.9843394e-06
  1.5404477e-05
  1.9671705e-05
 -3.5491303e-05
  5.0074927e-05
  2.8775318e-04
  5.8434944e-07
 -3.4166405e-05
 -3.7851912e-06
 -1.4111389e-05
  7.9438778e-06
  1.0538315e-05
  6.0551110e-06
 -1.4516441e-07
 -1.7085558e-05
  6.0370030e-06
 -1.2877633e-05
 -2.5342151e-05
 -1.8432875e-05
 -2.1581511e-01
 -1.8416564e-05
 -2.8556931e-01
 -9.0803027e-01
 -2.5054485e-01
 -1.4592026e-02
  2.0376316e-05
 -1.1579598e-05
 -9.4955817e-02
  1.8691069e+00
 -1.7346318e-04
 -1.5155335e-05
  7.4212016e-06
  1.3693847e-05
  3.9610304e-02
 -1.3507321e-06
  1.1006398e-05
 -3.2404026e-07
  7.8036613e-03
  1.1858345e-02
  1.1463998e-05
 -5.3634474e-05
  1.3644811e-07
  3.7360625e-04
  1.8726058e-01
 -4.6803334e-06
 -2.9586325e-05
  5.2392866e-06
 -1.0085314e-05
  6.1991946e-06
  4.1766029e-06
 -1.2950954e-04
 -1.5573211e-04
  8.4218431e-05
  1.1077202e-04
 -1.9669965e-06
  1.7619765e-06
  6.6036259e-06
  2.3668763e-05
  2.1764825e-05
  5.0824167e-07
  1.2571859e-05
 -1.9213096e-05
 -4.6889007e-05
  1.0440618e-05
 -8.9305991e-05
  1.0131163e-05
  3.5860219e-05
  5.1498223e-06
  1.9639429e-05
  2.9820916e-07
 -1.4881312e-05
 -1.7667329e-05
  7.6100382e-06
  1.7176320e-07
 -1.1247364e-05
 -5.5317582e-06
  2.5796567e-06
  1.8155396e-04
  7.4336226e-06
 -1.3169893e-05
  1.8556224e-05
  4.1774601e-06
 -3.0740682e-04
 -1.8967913e-06
  4.3194109e-06
  2.7177207e-06
 -2.0080783e-05
  1.1773534e-05
 -2.3850732e-06
  5.5944511e-06
 -4.1394527e-05
 -7.1234473e-07
  6.4495430e-07
 -6.8147042e-06
  2.0271089e-05
  2.9552997e-05
  2.2139527e-07
 -3.1368552e-05
 -1.5799758e-05
  2.0825870e-05
 -7.1786769e-07
 -7.4640311e-06
 -4.3610989e-06
 -2.3523104e-05
 -5.8301466e-06
 -9.0652957e-06
  5.6297435e-05
 -2.3503824e-06
  1.0561584e-04
  1.3006947e-04
  1.4806386e-05
 -9.9427558e-02
 -7.0027745e-04
 -2.2265503e-04
  1.1687154e-05
 -7.6037354e-06
 -2.2384995e-06
 -3.0690706e-05
 -5.7149894e-04
  8.7839078e-05
  2.1087846e-05
 -1.2641436e-06
  7.6892184e-06
 -1.0798117e-05
 -1.4945841e-06
  1.2795123e-05
 -2.5664616e-05
  1.5969241e-05
  2.8469600e-04
  1.0062758e-03
  3.5858743e-06
 -8.3678597e-06
  1.2918380e-04
  1.3273201e-05
 -8.2725904e-07
  7.3525302e-06
  1.1634695e-05
 -1.4908392e-05
  5.6776084e-05
  5.7114385e-06
 -8.2189724e-02
  3.9079678e-06
 -2.2578863e-02
 -5.1524156e-01
 -3.9611042e-01
 -4.0368423e-02
 -1.9218910e-01
 -7.3677045e-01
  1.1402398e+00
  2.1129701e-01
 -3.2023808e-01
 -3.0851051e-01
 -2.9497414e-06
 -2.9943472e-01
  1.8241521e-05
 -2.8358477e-01
 -2.0127472e-06
  6.6970354e-01
  2.9033229e-01
 -1.1126401e-07
 -3.7373007e-05
 -2.1902380e-05
  2.9222396e-05
 -1.0009684e-05
  3.1144823e-06
  6.6272408e-01
 -5.1185646e-04
 -7.3020606e-06
  3.1414139e-01
  6.9077446e-06
  7.1358573e-01
 -5.2330897e-06
  1.8203717e+00
 -5.3747374e-01
 -7.7401263e-01
 -6.9116867e-01
 -4.0938836e-01
  8.7890327e-02
  2.5623302e+00
 -1.2718407e+00
 -6.5465997e-06
 -7.1134228e-01
 -5.8355727e-06
  2.2782123e+00
 -8.2135784e-06
 -5.1582628e-01
  1.0423001e-05
  3.2385864e+00
 -2.5035965e+00
 -3.7389887e-06
  2.0761249e-06
  8.7167055e-06
 -9.0278836e-06
  2.4962646e-06
 -3.1870139e-05
  1.4535817e+00
 -1.3314055e-01
  1.5435631e-05
  6.0389864e-01
 -1.1736335e-01
  1.3142565e-05
 -4.1984090e-01
 -2.5606257e-06
  1.6304509e-06
  8.4664871e-06
  1.2487078e-05
  9.5792901e-05
 -1.2040221e-04
  2.4178536e-05
 -8.1484459e-06
  6.9208973e-04
  4.4933959e-06
 -3.1943455e-05
  2.8617593e-05
  1.2173832e-05
 -1.3655192e-05
  6.4481951e-02
  3.5991769e-02
  5.6135432e-06
 -6.9174121e-06
 -1.8286156e-07
  9.9384473e-05
 -6.4622938e-05
  1.4884618e-05
  3.0333231e-06
  5.7179666e-05
  1.7971377e-06
  1.1557685e-05
  2.1883119e-05
 -7.8614491e-01
  2.3573158e+00
  1.8685468e+00
 -5.4471426e+00
  1.9182676e+00
  1.3200701e+00
 -1.2691787e-01
 -3.9891654e-01
  1.3125582e-04
 -1.9582297e-01
  1.0929829e-04
 -6.5713966e-01
  1.1722617e-01
  4.8209125e-01
 -1.0924290e-05
 -6.2570341e-02
 -7.7264257e-02
 -9.5524073e-01
  8.2688820e-01
 -8.0137178e-03
  7.4149037e-05
  1.3747689e-01
  4.1640789e-04
  1.8354071e-02
  1.2174542e-05
 -1.4048694e-04
 -2.2298281e-04
 -1.1738651e-01
  3.2944617e-01
 -2.0183365e-05
 -2.4952798e-05
 -1.6098849e-06
  1.6208420e-05
  2.8981522e-06
  3.9821523e-05
 -1.5179951e-05
  2.3649272e-07
  4.5898528e-06
  3.5883262e-05
  1.0339416e-05
  1.9224294e-06
 -3.2501524e-05
  5.9137790e-05
  1.5397680e-04
 -3.1908210e-05
  8.8745710e-06
 -4.1862961e-05
 -1.4580357e-05
 -3.0045958e-05
  1.4319298e-05
 -1.5952925e-05
  4.3857917e-06
  9.6845788e-06
  2.1259968e-05
 -1.1838867e-05
 -4.5761722e-06
 -1.5313752e-05
  9.8861519e-06
 -1.5638510e-05
 -1.9408333e-05
 -2.6866352e-05
 -3.2346618e-06
 -3.6086792e-01
 -5.3291797e-06
  5.1101133e-06
  2.5431442e-05
 -6.1031780e-05
 -1.4523324e-04
 -7.5618154e-06
  1.6849444e-05
 -2.5988615e-05
  1.5733589e-04
  2.8816423e-05
 -7.2822900e-06
  8.5339971e-06
  2.3290445e-06
  1.1876995e-05
  5.3910020e-07
 -6.7714154e-07
 -8.3343675e-06
 -3.6478265e-05
 -1.7674569e-05
  1.2934098e-05
  4.9046052e-06
  2.0331207e-05
  2.5347463e-05
 -5.3497326e-05
  1.3906913e-05
 -4.8213897e-06
 -5.9456238e-06
  7.4341512e-01
 -1.3088331e+00
  9.6271038e-01
 -2.1217911e-02
 -4.6483222e-02
  5.6013256e-02
 -1.8333910e-01
 -1.1067338e-01
 -2.6383927e-06
 -5.6454628e-03
 -1.1449730e-04
 -1.1243290e-01
 -4.6512675e-01
  2.2701215e-05
 -2.3589113e-05
 -6.5346465e-02
 -3.3750170e-04
 -1.4156492e-01
  5.5387515e-01
 -1.8793279e-04
 -3.6720724e-06
  5.0499748e-02
 -9.3076646e-01
  2.2029907e-03
  1.1422393e-05
 -9.0235126e-06
 -1.0747088e-05
 -2.1124251e-04
  3.6888476e-05
 -3.6219042e-06
 -2.4300472e-01
  1.1302960e+00
 -6.6455615e-01
 -5.2923065e-02
 -1.1976087e+00
 -3.5147071e-02
  2.3361710e-01
 -6.8352975e-02
 -5.6427866e-02
  2.2528106e-01
  5.1182240e-01
  4.7313643e-01
  7.7996433e-01
 -3.9358932e-01
  4.6378893e-01
  3.7694737e-01
  6.9644356e-01
  2.1311907e-01
  1.8771103e-01
  1.4018607e-01
  2.7578650e-04
  1.1477681e-03
  2.1601510e+00
  5.7431138e-05
 -8.0549198e-06
  1.1950801e-05
  1.6615204e-04
  4.4609571e-04
 -3.2002961e-05
 -7.7890363e-05
  5.6872964e-01
  9.7847903e-01
  3.4658572e-01
  6.9182065e-06
 -4.4187255e-02
  1.8532792e-02
 -5.4225447e-06
 -3.4821603e-02
 -3.2268334e-05
 -2.1727954e-05
  2.8128263e-05
 -8.2649840e-03
  4.9466403e-06
  3.5535795e-06
 -3.5561370e-05
 -1.2950914e-05
  2.1375554e-05
 -3.7365127e-05
 -1.4458104e-03
 -5.9670955e-04
 -1.6201071e-05
  9.6504641e-07
 -7.9726364e-05
  3.0470194e-04
  1.2458109e-05
 -1.0293551e-06
  4.4660005e-06
  1.0208521e-05
  4.6618097e-05
  1.2389661e-05
  1.0358415e+00
  1.1055766e+00
  1.7136259e+00
  4.9267826e-05
 -1.1965131e-03
  2.2196227e-01
 -6.5022682e-08
  3.2820460e-01
  4.3142532e-05
 -1.5479862e-05
 -3.2032051e-06
 -2.6982964e-04
 -3.8404664e-06
 -4.3746981e-01
  2.2144673e-05
 -4.1145286e-05
  2.0755987e-04
 -5.2286346e-06
  9.5780524e-05
  5.8032338e-06
 -2.0696063e-05
  1.7223342e-01
 -5.6950543e-05
  2.3838468e-02
  4.3834487e-05
 -3.9860355e-05
 -1.6323740e-05
  9.8599753e-07
  1.1984340e-06
  1.8276809e-05
  1.0216860e-04
 -5.6166220e-05
 -1.4584255e-04
  5.3677531e-06
  4.5971432e-05
 -1.3789967e-04
 -5.9162771e-06
  1.5977098e-04
  5.4093925e-06
  1.6661772e-05
 -3.8821665e-05
  4.8499576e-05
  5.9896875e-06
 -1.3069298e-05
  3.6431098e-05
  1.9538668e-06
  1.7307705e-06
  1.9834959e-05
 -1.2201028e-05
  1.2307706e-05
  2.3093858e-06
 -2.2419503e-05
 -2.9092931e-05
 -1.2163076e-05
 -1.1882007e-05
  4.1783493e-05
  2.4948255e-04
  3.1611407e-06
 -1.4108740e-05
 -2.1354830e-05
 -2.5568972e-06
  5.7568326e-05
 -1.8219762e-05
  1.3295252e-05
 -2.9679441e-06
 -3.9256305e-05
 -6.9863445e-06
  1.0553850e-05
 -2.8492934e-06
  9.0414587e-06
 -1.4034948e-05
  4.4326200e-07
  1.8497540e-04
  2.0173555e-05
 -1.3346948e-06
  4.5440570e-06
 -3.9758975e-06
 -7.6969436e-06
  6.6186649e-06
  6.5530703e-06
  1.1906649e-05
  3.2959506e-06
 -2.4690024e-05
 -2.7858009e-06
  1.8108015e-06
 -1.3215790e-05
 -1.8302906e-05
 -1.8181780e-05
 -2.1700642e-05
  1.8217466e-05
 -7.3066634e-01
  3.5687945e+00
 -2.9436582e-01
  4.6230722e-02
 -2.1223617e-01
 -2.4181711e-02
  4.7995761e-01
  1.4359331e+00
 -1.2578252e-01
  2.3487588e-02
  2.6240107e-02
  3.1257052e-05
  2.2530727e-01
 -6.0257703e-01
  5.3261450e-05
  1.1780264e-01
 -1.5366113e-05
  5.7893378e-01
  2.9523375e-02
  2.4193241e-05
  1.8497656e-05
  8.5420452e-06
  1.2876427e+00
 -3.6561638e-01
  4.2636497e-05
  3.3851729e-06
 -2.1944094e-05
  1.5654227e-02
  3.4188022e-05
  3.6018528e-06
 -4.5334084e-05
  5.7597405e-05
  3.3632225e-06
 -1.7874874e-05
 -3.5488716e-04
 -1.6286551e-06
  4.7341537e-06
 -2.1616021e-05
 -2.7748604e-06
  1.0791855e-06
 -1.6151287e-05
  1.2214758e-05
 -2.4622821e-06
 -1.1652719e-06
  4.7163435e-06
  1.5440388e-05
  1.7879037e-06
  5.8801470e-05
 -3.8940711e-06
 -8.1521184e-06
 -2.4991445e-04
  5.1835472e-05
  3.9731235e-06
  1.4861669e-06
 -2.2745724e-05
 -9.5975865e-06
 -3.3876049e-06
  3.1348495e-06
 -6.6456978e-06
  1.0261376e-05
  8.4224623e-01
 -9.2212169e-05
  3.6324671e-01
 -9.9369590e-06
 -1.0762931e+00
  3.1595815e-02
  3.9350565e-05
  4.1066945e-02
  1.7804687e-05
  1.4932701e-04
 -8.5438442e-05
 -3.8668808e-05
 -1.9628138e-05
 -3.5637800e-05
 -6.0468832e-05
 -1.4106615e-04
  2.1929360e-05
 -4.4498440e-02
  2.2046988e-05
 -5.5594315e-05
 -2.3220322e-04
  1.6854887e-01
 -2.0942316e-05
  8.0076186e-04
 -6.1573255e-06
 -1.5289319e-05
 -5.1579700e-05
 -2.3255009e-06
  8.6847567e-06
 -3.7474877e-06
  1.0561492e-05
  1.6711573e-06
  2.8037265e-04
  1.9322922e-06
 -1.6516859e-05
  2.5412031e-05
  1.1546151e-06
  6.2941024e-07
 -1.1973188e-05
 -1.1563150e-05
  2.1709693e-05
  4.8936988e-07
 -1.8006591e-05
  1.7784292e-05
 -1.9109983e-05
  6.6793514e-06
  9.0716121e-06
  8.3338882e-06
  1.1827486e-05
  2.8249617e-05
 -4.7187736e-05
 -1.0779910e-05
 -1.8794504e-05
  2.2390197e-05
 -2.4118763e-04
  8.0220103e-05
  5.4168586e-06
  6.6253938e-06
  1.1388156e-06
 -8.5186410e-05
  1.3686701e+00
 -1.9638665e-01
 -5.4703462e-01
 -1.8836114e+00
 -7.0760143e-01
  3.4998876e-01
 -5.7106674e-01
 -1.6325547e-01
  3.2865326e-04
 -1.6994441e-01
 -9.9721223e-02
 -5.5032182e-01
 -4.4384214e-01
 -5.1012383e-05
 -1.1585120e-04
 -1.7652464e-01
 -9.7095005e-02
 -9.3582541e-01
 -2.9293841e-01
 -4.8676379e-02
 -4.5725991e-04
  8.2844205e-02
 -1.6173023e+00
  4.9282396e-03
 -2.4663909e-06
  5.8103474e-06
 -2.1787491e-05
 -5.3180271e-04
  4.2863474e-03
  9.0756032e-07
  5.9477180e-01
 -1.3497395e-03
  6.8775184e-02
 -1.4120487e-05
  1.3436756e-05
  4.2276319e-05
 -1.4888243e-04
 -2.3846369e-04
  1.1715455e-05
 -1.0638215e-06
 -3.0463596e-05
 -3.9926803e-04
  2.5295993e-05
 -3.4244025e-05
 -6.8582955e-07
 -2.5784280e-04
 -2.4348153e-04
 -7.2450705e-02
 -8.4213853e-02
  1.2146895e-05
 -2.4311506e-05
 -6.7500230e-05
 -2.6116055e-01
  7.4889906e-02
  2.2599197e-05
 -1.3667175e-05
  3.9492156e-06
 -6.8363356e-06
  3.8612030e-05
 -5.1678935e-06
  7.4173284e-01
  4.8461381e-05
  9.1221136e-01
 -2.3086098e-04
 -7.5072294e-01
  5.0073708e-05
 -2.2950342e-06
  8.2571454e-02
  2.3341584e-06
 -3.6537941e-04
 -2.7440203e-05
 -5.6689670e-03
 -1.0911149e-06
 -4.9809209e-04
  1.0743329e-05
 -8.7381952e-04
  2.5361031e-04
  8.9803407e-06
 -9.9351091e-05
 -2.0084568e-05
  2.8092229e-06
  5.1268220e-02
 -9.5042094e-05
  8.9352194e-05
  2.0651980e-05
 -4.0171412e-06
 -7.2635089e-06
 -3.6238579e-04
 -4.1958319e-06
 -1.4193659e-05
  3.1614043e-06
  5.7284637e-06
  1.0929733e-05
  1.4707446e-05
 -1.4214987e-05
  5.6869203e-06
 -2.7472934e-06
  1.8579327e-05
  6.5570962e-06
  3.4895314e-05
  1.4686777e-05
 -3.5195956e-06
  5.7893969e-05
  5.5601766e-05
  2.3187549e-05
  6.5812051e-06
 -1.4092226e-05
 -1.3446845e-05
  3.0005034e-05
  7.4324133e-05
  4.6591558e-07
  3.0946472e-07
  5.0390699e-06
 -1.3935813e-05
 -6.3190687e-06
 -2.2547929e-05
 -4.6716759e-06
  2.1683552e-05
  9.3025315e-05
  3.8826292e-06
 -1.5782952e-04
 -1.4335382e-05
 -1.0298542e-08
  2.5298272e-05
 -2.6065181e-05
 -5.9469940e-06
  1.1519373e-05
 -6.6904213e-06
  1.1001990e-05
  7.7883569e-06
 -1.0260079e-05
 -2.3622062e-05
  9.1454523e-05
  1.7987355e-05
  3.9392153e-06
  2.4681610e-06
 -2.3491526e-05
  5.7703528e-06
  7.6258862e-06
  2.3723715e-06
  3.6679799e-06
 -1.8000995e-06
 -1.0066320e-05
  5.4470540e-05
 -1.7318199e-06
 -1.3802599e-09
 -3.5208639e-05
  3.2048174e-05
  3.9658349e-05
  6.6103028e-05
  2.2666614e-05
 -7.7083259e-06
 -1.6984175e-05
 -2.9917332e-05
 -7.7546537e-07
  2.5774985e-05
  4.8020956e-06
  1.5529583e-06
 -1.3551190e-06
  9.0947760e-06
 -1.6113034e-05
  2.0730356e-05
  9.2772862e-06
 -1.0696258e-05
  2.3975784e-04
  2.5478525e-06
  2.6401021e-05
  1.2440499e-05
  8.4412432e-06
 -6.7777260e-06
  1.9528720e-06
 -6.4391288e-06
  4.7669851e-05
  7.9805950e-06
 -7.7397526e-06
 -1.6382224e-05
 -2.7190230e-04
 -2.9438494e-05
  1.6748672e-05
  4.3823243e-06
 -8.0632126e-06
  1.0658539e-05
 -1.4549786e-05
 -1.0918011e-04
  2.6060054e-05
  1.7755072e-05
 -1.6467507e-06
  1.1976278e-05
  3.9328697e-06
  1.0210867e-05
 -3.7919908e-05
 -3.5803439e-06
 -1.7880808e-06
 -4.4807359e-05
  3.7358143e-06
 -5.0842278e-05
  1.1052981e-05
 -9.6436561e-06
 -1.0836916e-06
  8.7712197e-06
 -1.1077524e-05
 -2.1234598e-06
 -3.3213713e-05
  4.1924166e-05
  3.9800198e-06
 -1.0821236e-05
 -1.7136694e-05
 -9.4806865e-07
 -2.0167070e-06
  4.7112902e-05
 -1.5233108e-05
 -2.4374995e-05
  7.3011121e-05
 -2.2290205e-05
  2.9061096e-06
  3.8396620e-06
 -2.6754057e-07
 -3.8901613e-05
 -5.3669655e-06
 -1.3520549e-05
  1.0912547e-05
 -3.4384357e-05
  8.9881360e-06
 -9.3494818e-06
 -1.2689236e-05
 -2.1077705e-05
  1.3680780e-05
  1.8093755e-05
  7.5421112e-06
 -8.7349181e-06
 -3.2913278e-05
 -3.8461230e-06
 -7.4627465e-06
  2.7549786e-06
  3.7498887e-06
 -1.2541544e-05
  1.0045740e-05
  3.1516956e-07
 -5.2183223e-06
 -1.1122134e-05
 -6.3724953e-01
  1.4215126e+00
 -4.8835680e-01
  8.6940959e-02
  1.6574476e-02
 -2.2936727e-01
  1.1604349e-02
  3.5428407e-04
  4.4536495e-07
  1.9933950e-04
  4.0950518e-04
  2.8880751e-01
  3.0423558e-01
  2.6552414e-05
  5.5313481e-05
  6.1010416e-03
  2.2478776e-01
  5.9198011e-02
  8.4000103e-02
  1.2024515e-04
  5.2762161e-06
 -3.4458192e-06
  2.2143590e-01
 -8.2522035e-03
 -8.4931435e-06
 -1.2990643e-04
  1.7693329e-06
  1.8159843e-04
 -2.1416822e-07
  1.2707691e-05
  1.1410280e-05
 -4.6808805e-06
  5.1359304e-05
  4.4446947e-06
  7.1625305e-05
  3.7773664e-06
  1.1220454e-05
  6.5085646e-07
  2.9219652e-06
 -2.7385613e-06
  1.3055796e-05
 -1.9620884e-05
  1.9269849e-06
  8.8014058e-06
 -1.8362090e-06
 -1.8361765e-05
 -8.6118107e-06
  2.9015415e-05
 -2.2663748e-06
 -4.0414193e-06
  1.1254935e-04
  2.4858007e-05
 -5.6695517e-06
  4.1784369e-06
 -3.6200918e-06
  1.5148034e-05
 -4.2562377e-05
 -2.7668336e-06
 -7.9310696e-05
  1.8142800e-06
  1.1452014e-05
  1.3084987e-05
 -5.5051802e-05
  5.2007914e-07
 -1.3562276e-06
  6.5195627e-06
  1.7457285e-05
 -2.0368816e-05
 -8.3442765e-06
 -1.8243853e-05
  2.6226776e-06
 -4.3615969e-06
 -1.8351126e-05
 -4.6990676e-06
  1.5910662e-06
 -1.3338944e-05
  2.1145404e-05
 -6.4425371e-06
  2.1001839e-05
 -1.6640777e-05
  4.4608605e-06
  2.2411666e-06
  2.1428084e-06
  3.7391014e-06
 -6.1426261e-05
 -6.3032872e-05
 -2.6790806e-06
 -9.0954991e-06
  1.1352240e-05
  8.8701408e-06
  6.4104754e-08
  4.6027784e-05
 -9.5454277e-07
  1.3574466e-05
  1.1973821e-05
 -1.8350642e-05
 -2.1280939e-05
 -1.2339042e-06
  3.3054803e-06
  1.5794038e-05
  1.8691231e-06
  4.6320235e-07
 -2.4282233e-05
  4.4797354e-05
 -4.1101381e-07
  1.5584163e-06
  1.3000402e-05
 -1.9865811e-06
 -1.3723889e-05
  4.5865704e-06
 -8.3417253e-06
 -4.5721450e-08
 -2.5409518e-06
  6.0624448e-06
 -9.4022098e-06
 -7.3000148e-05
  4.6958801e-05
 -8.8001698e-06
  6.3601706e-06
  1.2969427e-05
 -4.2907541e-06
  1.2847646e-04
  1.2368945e-05
  1.9879425e-04
  6.5772243e-02
 -5.1310421e-06
  1.2845600e-05
  8.0964950e-05
 -1.4726759e-05
  1.7406301e-04
 -8.4931763e-08
  9.2912387e-06
  1.3544036e-05
  2.3069808e-06
 -1.9348518e-06
  1.2569153e-04
  5.0442381e-05
  4.7274400e-05
  4.9428415e-02
  2.6531479e-06
  8.0217897e-06
 -6.9894560e-07
  5.2542895e-05
  2.8965578e-06
  8.3030727e-08
 -4.4820185e-06
 -4.7181693e-06
 -2.6219792e-05
 -2.8563252e-05
 -9.3310509e-06
  8.9999628e-01
 -2.4697430e+00
  1.5540433e+00
  2.7402997e+00
 -1.0195823e+00
  9.1522413e-01
  4.8732251e-01
 -1.0594324e-04
 -1.0714831e-02
 -1.2113509e-01
 -2.4217708e-04
 -1.1106378e+00
 -1.0191908e+00
 -5.7206899e-01
 -1.9997033e-05
 -1.2746966e-01
  1.8760283e-01
  1.7996084e-02
  3.8610074e-01
 -1.4260168e-03
 -7.4168202e-06
  1.8142271e-01
 -8.3717996e-01
 -5.3515092e-02
 -4.5093169e-05
 -2.7932192e-06
 -1.0312583e-03
 -6.4812109e-02
  2.8315436e-02
 -1.5335101e-05
  9.9552178e-01
  2.7385383e+00
  1.1038984e+00
 -2.9052985e+00
  3.8981440e+00
  2.4629620e-01
  1.9303325e-05
  9.0587437e-01
 -1.0933201e-01
 -3.8087010e-01
 -3.0696596e-05
 -4.7073990e-01
 -5.8093444e-02
  4.3054193e-01
 -2.4924482e-01
  5.4280852e-05
 -3.1356740e-01
  8.5782290e-01
  4.7225279e-01
 -9.5787801e-02
 -1.4899801e-04
  2.5844976e-01
 -3.9783314e-01
  1.8455867e+00
 -1.4012718e-06
  1.7478269e-05
 -2.6218678e-04
 -7.2786041e-02
  1.1159968e-01
  4.1132382e-05
  9.9109411e-07
 -5.4842599e-06
  3.9618706e-05
 -1.9515394e-06
  1.4379580e-01
  6.1730211e-06
  1.6904075e-06
 -1.8190034e-04
  8.0919217e-06
 -5.5039600e-05
  2.2920953e-05
  8.4342781e-07
  1.0701179e-04
 -2.4730532e-04
  6.3420324e-05
 -1.1146191e-05
  7.1396033e-05
 -4.2651759e-08
 -4.1994654e-06
 -6.1628957e-06
  6.8288550e-06
  7.2240363e-07
  3.1826901e-06
 -3.1719821e-05
  2.7614311e-05
 -3.8209146e-06
  1.7723275e-04
  2.0212505e-05
  3.0157620e-05
 -4.6727037e-05
 -6.0220021e-01
  3.2143381e-01
  2.0595857e-05
 -2.2036222e-05
  3.1863835e-01
  1.0484980e+00
  1.2891002e-01
  2.6871553e-01
 -5.1959803e-05
  1.0024343e-05
  1.0613155e+00
  8.5812121e-07
  2.3010889e-01
 -2.1563071e-06
  3.1744459e-01
  1.5223996e-01
  2.4420932e-01
  1.2193753e-05
  3.8914714e-06
  2.4057663e-05
 -4.4291242e-05
 -5.4373068e-06
  1.0159893e-02
 -1.3592519e-05
  5.5321987e-05
 -1.1363043e-05
  1.2378494e-01
 -1.9257651e-01
 -3.7934324e-01
  2.0364583e-05
  6.3532531e-01
 -3.2674186e+00
  7.3478982e-06
  3.4483695e-05
 -1.7616496e+00
  2.7956958e+00
 -9.7100490e-01
 -1.7868848e+00
  7.0202956e-03
  1.1260974e-04
  1.9036571e+00
  3.1028561e-05
 -1.4527611e+00
 -1.5753938e-05
 -2.1720006e+00
 -4.7994289e-01
 -1.3379894e+00
  8.9836458e-06
  9.2179516e-06
 -6.3892471e-06
  7.0780170e-06
  7.2198491e-06
  1.6405758e+00
 -4.3609387e-01
  6.1965316e-06
 -1.6615963e-06
  8.3073556e-01
 -3.5627139e+00
 -3.1148977e+00
  8.6323321e-02
  6.3155962e-06
 -5.3854458e-02
 -5.5310901e-02
 -2.4371423e-01
  1.4164677e-01
  7.2624326e-02
 -7.3471397e-02
 -7.4068554e-02
 -1.2568812e+00
 -2.4785244e-01
 -8.8606525e-05
  1.8200373e-05
 -7.1526864e-07
 -4.7783142e-01
  5.0457125e-05
 -4.5699410e-02
 -7.5612098e-02
 -5.2504570e-06
 -6.7366712e-02
  3.0705327e-05
  2.7942118e-05
 -2.4208503e-05
  2.7808057e-05
 -1.0889582e-01
  4.8168451e-05
 -4.3226423e-06
 -5.7551533e-06
  6.9299458e-06
 -6.0163654e-04
  8.9111010e-05
  3.9658850e-01
  4.1394827e-01
  1.4527820e+00
  6.6925907e-01
  4.2061332e-01
  2.7445930e-01
  3.6842056e-02
 -3.7051675e-01
  6.1767751e-01
  3.5691655e-01
  8.4661394e-03
 -2.0362947e-02
  9.7969008e-05
 -6.1660910e-01
 -9.0560251e-01
 -3.3392259e-03
  5.7484818e-01
  1.5938951e-01
 -9.9625193e-02
 -1.6838056e-01
 -1.9322549e-01
  4.3569512e-06
 -5.1048678e-01
 -2.9253410e-02
 -6.7887729e-01
  6.9193649e-03
  7.8503206e-02
 -2.1561880e-05
  3.8755956e-01
  8.2507459e-06
 -7.1303821e-06
  1.1500807e-05
 -6.3885036e-06
 -1.6700659e-07
  1.0650581e-05
  2.8230543e-05
 -1.1268601e-06
  5.3559022e-05
 -7.4528948e-06
  6.6935027e-06
 -3.6734884e-06
 -9.5350333e-06
  2.3142766e-05
  1.6959000e-07
 -9.5890164e-06
  7.2530511e-06
  8.7547742e-05
  1.1976927e-05
  6.5564091e-06
  1.4835131e-05
 -1.4548851e-05
  1.0533779e-06
 -1.5703223e-05
  1.0878083e-05
  9.7324255e-06
 -1.0762833e-05
 -3.4499317e-06
 -9.9213103e-06
  2.3616469e-05
  1.9259471e-05
  9.4933370e-07
 -1.3356374e-01
 -8.0228987e-05
  3.1937954e-05
 -5.6138051e-05
  6.3395390e-05
  1.2045216e-02
  3.1041455e-01
  1.7849030e-05
  4.8104655e-05
  4.0182726e-06
  4.4257813e-05
 -6.2730578e-05
  7.4123433e-03
 -6.6968189e-03
 -8.5197034e-06
  2.1250857e-05
 -3.1804462e-04
 -5.2248615e-05
 -2.6373048e-03
 -2.2406539e-06
  8.4365907e-05
 -1.1904292e-05
  6.9243200e-03
 -1.0297898e-03
  5.9248050e-06
 -1.4367790e-04
  5.2713327e-05
  4.1353568e-02
  1.3577771e-05
 -7.1440488e-01
 -3.8150972e-01
  1.0941788e+00
 -1.7384409e-05
  3.9629242e-01
 -7.2746289e-01
  3.6697289e-01
  4.0811899e-01
  2.1021758e-01
 -1.0059607e+00
 -3.6830497e-01
  9.6778011e-01
  3.9061284e-05
 -8.0220491e-02
 -1.0802433e+00
 -1.3280408e-04
  2.7493796e-05
  8.7567560e-02
  1.3995376e-01
  3.7189597e-01
 -9.4515046e-05
  5.7359735e-05
 -3.4635720e-01
 -1.4402909e-04
 -6.2499879e-05
  9.0930805e-02
 -3.3345971e-01
 -1.6164984e-06
  3.4878787e-02
  4.6239558e-05
  8.0759592e-06
 -3.4539116e-05
  3.1290783e-06
  7.5448405e-08
  7.8151550e-07
  4.5010661e-06
 -1.5250560e-05
  9.7897400e-06
  7.9813282e-05
 -1.8458892e-05
  1.7862078e-05
 -4.6908281e-06
 -2.5979452e-06
  1.2795403e-04
 -2.7553201e-06
 -1.5559061e-06
  4.2894026e-06
  8.3677594e-05
 -4.6712858e-06
 -3.3591667e-07
  1.1954008e-06
  2.9663310e-05
  1.5752512e-05
  5.6577537e-06
 -8.4616349e-06
 -3.7427499e-06
  4.5927236e-06
  6.8142799e-06
 -3.7944194e-06
  3.9932556e-06
  2.7726446e-06
 -4.8846373e-06
 -1.0919498e-05
  1.2012752e-05
  2.3532436e-06
  1.2322651e-05
  8.1265040e-02
  2.3645500e-05
  2.5391604e-05
  1.8524282e-05
  1.5342104e-05
  5.2228729e-06
 -7.2553171e-06
 -1.5605032e-05
  2.2786831e-05
 -8.5890787e-07
 -2.0212570e-05
  1.4181026e-05
  1.2096476e-05
  4.9820960e-06
  7.2031413e-05
 -4.8121114e-05
 -7.8367930e-06
  1.0738919e-05
 -6.9930206e-06
 -7.3327251e-06
  8.0691440e-05
 -4.3631524e-05
  9.4031002e-06
  4.7734670e-06
  9.9863899e-01
  2.4848979e+00
 -8.8802451e-01
 -1.4581614e+00
  1.7220060e+00
 -2.6440561e-01
 -1.2413569e-02
 -4.2442331e-01
  4.2915601e-01
 -1.1715281e-01
  5.7712752e-01
 -2.6334509e-01
  1.0779217e-01
  7.2961181e-01
  1.4532436e-01
 -5.9851767e-03
 -1.4565037e+00
 -1.8936174e-02
  6.9888252e-01
  8.1046659e-01
  1.0583431e-01
 -4.4445610e-01
  1.7036006e-01
  1.2960710e-01
 -1.0853984e-05
 -1.4891938e-03
 -1.6512445e-01
  1.5968373e-01
 -2.0340519e-01
 -3.6414560e-06
 -7.3272049e-01
 -1.4944830e+00
 -3.6314946e-01
  8.9076918e-01
 -1.0713266e+00
 -1.5265357e-01
 -2.4912950e-01
 -1.3570690e-01
  1.3269463e+00
 -4.8432210e-01
 -3.3998165e-01
  1.2089796e+00
 -5.9320128e-01
  9.7837812e-01
 -5.5668342e-01
  5.8015871e-01
 -3.0935392e-02
  5.3270888e-01
 -4.4179708e-01
  5.0248618e-05
 -3.6380851e-01
  1.3300712e+00
 -1.4351410e+00
 -1.4794368e+00
 -7.0537591e-01
  1.1713390e+00
  1.1545660e-01
  1.6751243e-05
 -2.9301026e-01
  4.4845849e-01
  1.0795221e+00
  3.4670725e-01
 -2.0324677e-01
  2.6279804e-01
  9.5185256e-01
 -8.1350645e-03
  2.2450866e-02
 -3.1254426e-01
 -2.8077608e-01
  3.7964147e-01
  1.0596255e-01
  4.9280480e-01
 -1.4254434e-03
 -4.0266997e-01
 -1.9449119e-01
 -6.4471775e-01
 -3.4418485e-01
  1.2254207e+00
 -1.2592105e+00
  1.1915373e+00
  1.7112555e-01
 -7.0908105e-01
  8.2817197e-01
  6.1724007e-01
  1.1308249e+00
 -1.9504794e-01
  5.3522002e-04
  2.0233513e-04
  3.0305123e-01
 -3.4412236e-03
  2.8949621e-01
 -7.1689171e-01
  4.3206075e-01
  9.5626026e-01
  1.5802836e+00
 -4.7752053e-02
 -2.9371843e-01
  2.3711590e-01
  7.2353762e-01
 -9.1599412e-02
  9.5047808e-01
 -1.4024064e-01
  1.4152053e-01
  2.1095870e+00
 -7.3302400e-01
  4.7113839e-01
  1.5269370e+00
 -3.1043671e-02
  7.5619632e-01
  1.6077902e+00
 -1.0632311e-05
 -5.6710705e-05
  1.4534907e-01
 -1.1205461e-01
  5.4012585e-01
  3.7755337e-02
  1.3814765e-01
 -7.5105704e-02
 -4.8320625e-02
  1.7672488e-01
 -2.5893556e-05
  7.3530289e-05
 -7.0185379e-06
  1.0631870e-05
 -1.1839950e-06
  2.1527901e-05
 -2.1828235e-05
 -1.2109821e-05
 -5.5929923e-01
 -2.1356293e-06
 -9.8442733e-06
  5.0620306e-06
 -4.1120361e-06
 -1.1062291e-05
 -1.0048272e-05
 -1.6257740e-06
 -4.4549105e-07
 -1.2256671e-04
  4.0706800e-05
 -4.6275445e-06
 -9.5735395e-06
 -4.5310386e-05
 -3.3077060e-05
  1.9868274e-04
 -8.0873206e-06
 -3.4968514e-06
 -3.6419035e-05
  8.1729195e-05
  3.6787886e-05
 -8.0525433e-04
  1.8117535e-05
  2.7722358e-06
 -2.1018009e-03
  3.2048043e-05
  7.3697018e-05
 -2.5350300e-05
  2.6970617e-06
  3.0844353e-06
  5.4927148e-02
  7.7595787e-06
 -1.6825533e-04
 -4.3547894e-05
 -4.2952181e-04
 -4.6383533e-01
  1.8775361e-05
 -6.9715774e-05
  1.3296725e-04
  2.0053847e-06
 -2.2651488e-05
  4.6548761e-05
 -2.2700829e-06
 -7.5265416e-05
  5.8427900e-06
  9.0783072e-07
  7.7695086e-06
 -7.8515630e-05
  7.7504672e-05
  2.9553200e-06
 -3.2601989e-08
  6.5521391e-07
  3.5503197e-01
  9.3043327e-02
 -7.1717548e-01
  3.9932990e-01
 -1.0162009e+00
  9.5510542e-02
 -2.6647195e-01
 -9.8852128e-01
  3.1679901e-01
 -2.6324168e-01
  1.1473907e+00
  1.3841912e-01
 -1.3685504e-01
  2.0466423e-01
  6.9030508e-02
 -4.7035892e-02
 -8.5907263e-01
  2.4818105e-04
  6.6603380e-01
 -1.6242640e+00
  5.2669715e-05
 -4.4528615e-02
  3.2892683e-01
  1.8440551e-05
 -1.8478329e-06
 -4.3674954e-03
  1.7470509e-01
  9.3418690e-05
 -1.4003713e-01
 -1.9892607e-02
  4.2858094e-01
  2.9699993e-01
 -5.2143745e-02
 -8.8549602e-01
  4.4533066e-05
 -2.2220774e-01
 -4.1048504e-02
 -4.9989272e-02
 -2.4329859e-01
  4.2394480e-01
 -6.8565901e-06
 -2.3623933e-01
 -7.5718284e-02
 -9.6304417e-01
 -5.3688185e-03
 -2.6767405e-06
 -4.2322678e-03
 -1.1947400e-04
  2.6150158e-01
  3.3709363e-04
 -3.4912100e-06
 -1.9634263e-06
  2.3075518e-04
  8.6105601e-06
  1.3735346e-03
 -2.4680174e-05
 -1.3371336e-05
  1.6508786e-06
 -3.5893882e-04
  2.8386164e-06
 -2.5522709e-06
 -3.9929996e-06
 -4.7134504e-06
  3.2648932e-05
  3.6852241e-06
 -1.1642825e-05
  1.5016321e-04
 -7.3482306e-06
 -7.7882587e-06
 -1.9751302e-05
 -1.2614230e-04
  4.6754180e-06
 -7.1615145e-06
 -1.8173747e-05
 -4.9892428e-06
 -1.8402294e-05
  1.7944598e-06
 -6.8479380e-06
  1.0807468e-05
  8.7355274e-06
 -3.2410979e-05
  2.5024681e-05
 -4.1416231e-05
 -8.6082804e-07
  9.3153476e-06
 -1.3183134e-05
 -3.6212291e-06
  2.7972294e-06
 -3.6227298e-06
 -6.8928387e-07
 -1.7502335e-06
  1.1759080e-04
 -2.4943871e-05
 -3.4256752e-07
  1.2467131e-05
 -7.4219774e-06
  2.9631008e-05
 -5.2807045e-05
 -3.9454821e-06
  2.2011785e-05
 -8.2932092e-06
 -1.2566004e-05
  5.8768928e-06
 -8.5539192e-05
  4.4393048e-04
  9.3678100e-06
 -3.4429566e-05
  6.9479174e-06
  1.4750229e-05
  5.2019500e-06
  1.6446306e-06
  1.3838964e-05
 -2.0301997e-07
  7.2755242e-06
 -1.5797376e-04
 -4.8336074e-06
  2.2764318e-06
  4.3873322e-05
  9.0634658e-06
 -2.4563316e-05
  1.2083405e-04
 -2.4945457e-05
 -4.3093067e-05
  3.4886390e-05
  2.8578748e-05
 -2.3157936e-05
  2.8701405e-05
 -1.8990553e-05
 -5.9710303e-05
  2.5375211e-04
 -5.9799277e-07
 -9.0024078e-06
  2.9143475e-05
  2.6046269e-05
 -1.3036827e+00
  2.2859349e-05
 -2.0534631e-05
 -3.9247068e-05
 -1.0869008e-05
 -8.4001891e-05
 -4.0493313e-05
  5.7878956e-06
 -1.3634205e-04
  2.9559606e-06
 -5.5539451e-05
  4.7549063e-05
 -4.3045929e-05
  2.1924014e-05
  4.7812337e-06
  6.8549042e-07
  7.7822588e-06
  5.2525447e-06
 -1.6207006e-06
  7.6502774e-06
 -2.8717843e-06
 -1.2137831e-05
 -1.1123798e-06
 -2.0193572e-06
  3.2742653e-05
 -2.6684470e-06
  6.1984952e-07
  9.8422252e-06
 -3.8397225e-06
  7.2237749e-06
  2.2939960e-07
 -4.4942358e-06
  1.0435145e-06
  3.0126646e-06
 -1.7136282e-06
 -1.0557482e-05
  2.0639789e-06
  3.7008257e-07
  7.5292305e-06
  3.0598752e-05
 -5.6156568e-06
  1.2093622e-05
  1.5573114e-05
  2.4224530e-05
  1.9513657e-04
  1.6469729e-06
  9.1438924e-06
  5.2973646e-01
  1.7094082e-05
 -2.2925522e-05
  8.8939967e-05
  1.9703606e-05
 -6.3656073e-04
 -4.5542754e-05
 -3.1201904e-05
 -2.1990585e-01
  2.2032757e-06
  1.5545438e-05
  6.8228260e-06
 -1.0201645e-06
  1.8926940e-04
  5.6664080e-06
 -1.4073318e-05
  7.0572933e-05
 -3.0226847e-05
  3.2104599e-05
  1.1117987e-05
 -3.3180437e-05
 -5.8669048e-06
 -4.6281175e-06
  2.4762239e-06
 -7.4566276e-05
 -1.0459735e-06
 -1.0124048e-05
 -6.9451681e-04
  7.6582626e-05
 -4.2956118e-03
 -8.0351293e-01
 -7.4248421e-01
 -5.3659552e-01
  2.0666166e-04
  7.0003290e-03
 -8.0879629e-01
 -1.8514174e-01
  1.3065249e-01
  8.4940851e-01
  3.5083289e-05
 -8.5428655e-02
 -2.4027367e-04
  9.5396535e-03
  2.1043649e-02
 -5.8151877e-06
 -1.1420035e-05
  4.2227744e-05
 -4.3922544e-02
  4.0676127e-06
  5.2022755e-05
 -5.7896199e-05
  1.3652031e-05
 -2.9168405e-05
  1.0968477e-03
  1.0795363e-04
  1.1858457e-05
 -1.0517282e-05
 -2.8592084e-02
 -2.3456571e-06
  1.8655516e+00
 -1.8509075e-01
 -5.2592474e-01
  4.2534322e-07
 -3.5143279e-02
 -1.3657585e-01
 -1.0091982e+00
  5.6150949e-01
 -2.2789836e-03
 -1.8743694e-02
  3.5437527e-01
 -2.9977743e-02
 -3.6884507e-04
 -1.0470804e+00
 -1.0394181e-02
  1.3608934e-04
  3.1168976e-05
  4.5609415e-02
  3.4954515e-01
  4.4431734e-01
 -6.1865634e-08
 -6.8269610e-02
  1.9834731e-06
 -2.0201950e+00
  3.5634363e-01
 -9.3099721e-02
  3.1214131e-02
 -8.6527716e-06
 -4.0537277e-03
 -3.2667951e-03
 -1.2624134e-04
 -1.1695117e+00
 -3.6444113e-01
  2.6427102e+00
  1.1981346e-04
  3.8183462e-02
 -3.7855563e-01
 -2.5066152e-01
 -3.0277669e-01
  1.9885714e-01
 -8.9133167e-01
  1.0014597e+00
  3.8605133e-01
  2.1602914e+00
 -8.0646873e-01
 -1.3705775e-05
 -2.2938268e-02
 -4.0684393e-04
  4.3301138e-01
  1.5731322e-04
 -4.3471440e-04
  1.0047495e-01
 -2.8168276e-01
  3.6066830e-01
 -2.9574332e-01
  7.1976021e-05
 -1.1179325e-01
 -5.3432610e-02
  2.1619402e-05
 -4.3485556e-02
 -5.5375636e-01
 -2.2996984e-04
 -1.1828514e-04
  8.9172907e-05
 -8.4725252e-05
  4.7093421e-05
  1.3327359e-02
 -1.1258491e+00
 -3.8702422e-01
 -3.2918502e-02
 -3.8518952e-05
  1.8756912e-06
  2.5342286e-05
  1.2810190e-01
 -7.5197639e-03
 -3.2761045e-06
 -1.8193669e-04
  1.9072817e-05
 -3.2528313e-03
 -8.4131612e-03
 -3.9687663e-04
  2.0046926e-05
 -1.7734671e-04
  5.8906235e-06
 -1.8936084e-04
 -7.0379104e-07
 -7.9554491e-05
  6.5710819e-06
  1.5127434e-03
 -1.4704430e-05
 -1.2062949e-05
  3.4469151e-04
 -1.9090591e-02
 -3.0599001e-03
  1.0936810e-05
  4.2933714e-01
 -8.2444854e-02
 -3.0005199e-01
 -2.2854383e-01
  6.3121080e-01
  3.5574371e-06
 -7.1451386e-06
  4.9674840e-05
  3.8689971e-01
  6.8590348e-03
  3.8815538e-06
 -9.3013587e-06
  2.6499973e-05
 -9.8384783e-02
  9.2886485e-06
  3.7267793e-07
 -1.6211412e-05
 -1.8393102e-05
 -1.9006322e-01
  9.6384811e-06
 -3.0174621e-04
  9.3150802e-06
  8.5899941e-05
  2.0046132e-04
 -2.8646737e-06
  3.2505309e-07
  1.7614715e-06
  4.2291635e-05
  1.3626263e-05
 -2.4758733e-06
 -6.1917649e-07
  1.3636924e-05
  1.2605007e-04
 -4.9693976e-05
 -1.5237501e-05
 -9.6631175e-06
  3.4936242e-05
  5.5115484e-06
  5.9727918e-06
  5.5927635e-06
  7.9978245e-06
 -1.0113342e-05
  7.7556597e-06
  1.8081179e-06
 -1.2794567e-05
  1.6556663e-05
 -5.3384116e-05
  6.7517853e-06
  2.3434624e-05
  3.0408326e-05
 -2.9502158e-05
 -7.2345056e-06
 -7.4931859e-06
 -1.3190034e-05
 -2.9542434e-06
 -3.1591805e-03
 -4.8364881e-02
  7.5068909e-01
  1.1826978e+00
  3.2541808e-03
 -4.2673966e-01
  2.7701342e-01
 -6.4945738e-03
  1.0153457e+00
  4.8615944e-01
 -1.6232908e-01
  1.9547364e+00
  2.5205436e-01
 -6.0078317e-01
  3.2452457e-02
  4.2628402e-01
  1.2403220e-01
 -7.0619786e-01
  5.9312993e-01
  3.0045646e-01
  8.7660364e-06
  4.7983390e-01
 -1.1646552e-01
  1.3013134e+00
  1.7784632e-05
  6.3228988e-05
 -3.4402668e-01
  4.8234584e-04
 -4.8627323e-01
  2.4429816e-04
  2.1112690e-05
  2.6988682e-05
 -3.9853094e-06
 -1.6941160e-05
 -1.7154095e-04
  1.8319151e-05
  4.6812593e-06
  1.8894477e-08
  8.6898199e-06
 -4.0764276e-06
 -2.9813425e-06
 -1.3841387e-07
  4.9963860e-06
 -9.8507053e-06
  1.5713738e-05
  4.5905595e-06
 -2.8106448e-05
  8.0133805e-06
  2.5790462e-06
  9.7829448e-05
  2.2032562e-05
 -1.4211702e-06
 -7.0111500e-06
 -1.7373250e-05
 -1.2610313e-05
 -1.5884855e-06
 -6.2823638e-06
  4.0655810e-05
  2.6579655e-04
  1.6727839e-06
 -8.1019434e-06
 -3.2150903e-04
 -6.8378918e-02
 -5.6869125e-05
 -1.0485782e-05
  5.3664025e-06
 -2.1234000e-06
  5.0806986e-05
 -2.0789433e-01
  6.4851008e-02
  2.3263622e-08
  5.9640974e-01
 -5.5049786e-05
  7.0303788e-05
  9.4339550e-05
  4.1222306e-06
 -6.9221534e-07
 -1.6407925e-05
  3.1587002e-05
 -7.4003460e-06
 -6.6620446e-06
  1.8026021e-05
 -9.8091128e-05
  8.5773781e-06
 -1.4199053e-04
  6.1105961e-06
 -3.7409711e-05
 -6.2569248e-05
  1.0836131e-04
  2.5851172e-04
 -6.4924651e-01
 -5.5646926e-01
 -2.8640383e-01
 -3.7954795e-01
  3.8836011e-01
  3.4924650e-01
  6.3236237e-02
 -2.7522495e-01
  4.2876297e-01
  7.6718062e-01
 -3.1888405e-05
  5.2092539e-05
  1.9225462e-04
 -1.3204139e-03
 -8.5003984e-01
  1.1472051e-05
  5.5403743e-06
 -5.9105051e-01
 -5.8937812e-04
  3.2917145e-05
 -1.0471962e-06
  7.6462886e-05
 -2.1718228e-03
  3.7738457e-04
 -2.5172497e-04
  5.0476130e-05
 -3.8883161e-05
  1.8726803e-04
  6.6627465e-02
  1.8467737e-04
  4.2465585e-01
  1.4595120e+00
 -5.7987414e-05
  2.8634597e-02
 -4.9657741e-01
  2.8308896e-06
 -3.0022498e-05
 -8.0468291e-01
  3.6986481e-02
  3.5797673e-01
  1.6369808e+00
 -3.0387411e-05
 -5.2927200e-05
  8.6891443e-01
  7.7131945e-01
  4.6236505e-06
  9.6707654e-06
  3.6595189e-05
  3.9503516e-06
 -4.1815933e-06
 -7.7067816e-01
 -5.2483302e-01
 -4.4286722e-01
  1.7426351e-04
 -6.6318287e-05
 -2.0193018e-04
 -3.6813708e-03
  4.1040075e-06
 -3.7193929e-06
  7.4335098e-01
  5.0132322e-01
 -2.0934758e+00
  1.3347761e-05
 -3.9279085e-01
 -1.0857525e+00
 -3.8215835e-06
  4.1137391e-05
  2.5685303e+00
 -1.7206297e+00
  1.5453312e+00
  1.4957114e+00
 -2.5614917e-01
  1.3442105e-01
  1.7071557e+00
  7.9186487e-01
  1.8803894e-06
 -7.6639153e-06
 -2.0170395e-01
 -8.3879277e-05
  2.8891033e-01
  4.5881110e-01
  9.5862311e-01
 -1.3689066e+00
 -4.3382609e-01
  3.7534058e-01
  1.3774597e-04
 -1.1567367e+00
  1.1510347e-07
 -2.0902164e-01
 -9.0641534e-01
 -2.0965528e+00
  7.3041481e-01
  3.7020329e-01
 -5.9729803e-01
 -2.4337271e-02
  1.7407157e-02
 -4.9968013e-01
 -9.7983247e-01
  1.5741516e+00
  3.8304675e-01
  2.4923596e-01
  9.3647495e-02
 -6.3243550e-01
 -9.5546020e-05
 -2.0206300e-05
  3.1337366e-01
 -1.3140184e-05
  1.4403749e-05
  1.3492225e+00
 -9.8130387e-01
 -6.3367325e-01
  8.3977777e-01
  8.7833554e-01
  6.0806209e-01
 -1.0554512e+00
  5.3903663e-01
  4.6165049e-01
 -9.1708511e-01
 -1.7165561e-01
  9.8004647e-02
 -2.4116747e+00
  4.1327780e-01
  1.8643968e-01
 -1.1004658e+00
  1.5055696e+00
  2.8721958e-02
  3.7006471e-02
  3.1804803e-01
  9.6661079e-01
  5.9475434e-01
 -2.3043421e-03
 -5.5376697e-01
  1.3436311e+00
 -1.5285506e-05
  1.6648482e-01
  1.5567355e+00
 -1.3096970e+00
 -1.8167751e+00
  1.8141062e+00
  1.0022415e+00
  1.6501893e-01
  1.6700324e+00
 -7.7588475e-01
  1.1237328e+00
  6.5137583e-01
  2.3878038e-02
 -1.2844069e-01
  1.9393270e-01
 -4.1397498e-03
  2.1031559e-01
 -5.0322074e-01
  6.5224349e-01
 -1.7099643e-01
 -1.6589586e+00
  1.0414020e+00
 -7.0505661e-01
 -1.7440453e+00
  9.1114715e-02
 -1.0485702e+00
 -1.1929507e-01
 -4.6618325e-01
  7.7432267e-02
 -1.2631825e+00
  2.8992113e-01
  5.8979118e-01
 -6.5918291e-01
  5.6629401e-01
  1.4671890e-01
  1.8176572e+00
 -3.0364525e-03
  1.2800716e+00
  9.8861116e-01
 -9.7282702e-01
 -1.3285756e+00
  1.1232818e-01
  3.9541817e-01
 -3.4866242e+00
 -1.5037465e-01
 -2.0989845e+00
 -2.5166416e-01
  1.0468551e+00
 -7.0025725e-04
 -9.0213455e-02
  1.7052838e-05
  3.2476702e-05
 -2.5603578e-03
  1.3663043e+00
 -1.0063668e+00
 -3.8598562e-05
  8.0786496e-01
 -7.5641364e-02
  2.4240771e-05
  4.4900009e-01
 -2.3559991e-01
 -4.7951317e-01
  5.5556726e-01
  5.0941509e-01
  1.1396618e-01
 -9.1461307e-01
 -5.5052763e-01
 -1.4826095e+00
  6.5101546e-01
 -1.1638114e+00
 -2.6425574e+00
  4.8658490e-01
 -1.0335202e+00
 -8.3088303e-01
  3.8702545e-01
 -1.1404529e-01
 -3.3871216e-01
 -9.5430797e-01
  2.4486282e-03
  4.1866027e-05
  2.7532032e+00
 -7.2654420e-01
  4.2168576e-02
  1.2537953e+00
 -8.6467244e-02
  1.2523380e-04
  9.6197003e-01
 -9.6623339e-03
 -4.4544557e-01
  1.2777225e+00
  6.3101880e-02
  4.4876990e-01
  7.1702339e-02
 -7.4395269e-01
 -1.4863418e+00
 -9.2706503e-03
 -2.3786354e-01
 -2.8738012e+00
 -5.4769778e-01
  1.2903666e-01
 -4.6461794e-01
 -3.4038970e-01
 -9.9912614e-02
 -5.6396967e-01
  7.4542367e-01
  2.8968076e-04
  2.9760969e-01
 -9.8362312e-02
 -8.7113118e-01
 -1.6697995e-02
  1.3872403e+00
 -2.1858038e-01
  3.2039580e-04
  6.7764908e-01
 -1.2524750e-05
 -2.0960112e+00
  2.1164591e+00
  8.3412153e-01
  4.1424203e-01
  1.2404470e+00
  5.8550388e-01
  7.3683411e-01
 -7.9899704e-01
  1.1123098e-01
  1.3492161e+00
  1.2190183e+00
  1.4617485e-01
 -9.1216825e-02
 -1.7874216e-01
 -1.2796365e-05
  6.5669774e-05
  7.5495052e-03
 -2.4608928e-05
  3.3451648e-05
  6.4743555e-01
  2.1290740e-01
  8.7111302e-06
 -4.8524603e-02
  6.8957794e-01
  1.0663015e-01
 -4.0363947e-01
  1.4282992e+00
 -9.4417042e-01
 -8.1974614e-01
 -1.8440381e-01
  7.3659003e-06
  8.6430854e-01
  2.4835335e-01
  3.9224291e-01
 -2.5538498e-01
 -1.7900728e-01
 -2.5091712e+00
 -1.1814947e+00
  2.0625758e-01
  3.3358967e-01
  1.2785501e+00
 -4.9347869e-05
 -3.0647539e-06
  2.2106848e+00
  3.4501460e-01
 -6.5658021e-01
  1.8995095e+00
  1.0458361e+00
  3.9701696e-05
 -1.8593373e+00
  8.2223874e-01
  7.7370845e-05
 -6.2244087e-01
  1.2183753e+00
  6.7517191e-01
  1.1721392e+00
 -1.8012269e-04
  1.6214022e-03
 -2.0733509e-02
  7.3641229e-01
  3.7392822e-01
  1.0375527e-01
  1.8232933e+00
  1.1342852e+00
  3.1077978e-01
 -2.1069314e-01
  2.3584367e-01
  7.2643805e-01
  3.4781048e-04
  1.7848735e-01
 -1.0131129e+00
 -1.9240183e+00
 -1.9655507e+00
  2.4315734e-01
  8.4234887e-01
  3.8400623e-05
  1.1667204e+00
 -5.0550830e-01
  7.0592828e-06
 -8.4432918e-01
  4.4115049e-01
 -6.3538551e-02
  9.4705313e-01
  3.0684802e-01
  1.8123473e-01
  1.0282445e+00
  1.4570265e+00
  6.2066201e-02
 -9.4642872e-01
  4.5024928e-01
  4.1737625e-01
 -1.0282778e+00
 -5.6785822e-01
  1.6867003e+00
  1.4798242e+00
  1.9653646e-07
  5.1716811e-06
  4.3604751e-07
  2.1179585e+00
  3.2267071e-02
 -3.5546868e+00
  6.0384160e-01
  6.4112939e-04
 -6.1759645e-01
  6.0921329e-01
  6.0020678e-02
 -3.1932201e-02
 -2.1359355e+00
  1.1962692e-01
 -1.6873477e-01
 -9.6551114e-01
  1.7333262e-01
  6.5667063e-01
  5.1921349e-02
 -4.2174841e-04
  6.8796277e-02
  2.7316263e+00
  1.9202001e+00
 -6.4195937e-01
  1.6679708e+00
  1.0000254e+00
 -1.5866642e+00
 -5.2855228e-07
 -2.0745951e-05
  4.0021792e-02
  5.1468813e-01
  9.7160393e-01
 -1.1618155e+00
  1.6103609e+00
  9.6312848e-05
 -1.4236166e+00
  8.1942135e-01
  6.0563085e-05
 -3.5051573e-02
 -6.7326838e-01
 -2.9772803e-01
 -1.8473092e+00
 -1.2291087e+00
  8.1456935e-01
 -7.6651158e-05
  5.5998236e-01
  3.6326190e-03
 -9.3930365e-05
  3.3157653e-01
  1.7378745e+00
 -5.4138247e-02
 -5.5707181e-01
  2.5744036e-01
 -2.9876083e-01
 -5.9663267e-05
  7.8990437e-02
 -8.9951825e-01
  1.3163679e+00
 -7.3691577e-01
  6.2176287e-01
  3.6682183e-01
  2.2186475e-01
 -1.2532057e+00
 -1.0785151e-02
  1.0316817e-05
 -2.4745186e-01
  1.4006246e+00
  5.4690772e-01
  1.5674610e+00
  1.9190763e-01
  4.5765522e-01
  2.4036841e-01
 -7.4111843e-01
 -9.0221781e-01
  1.4656260e+00
 -2.4641702e+00
 -9.5391917e-01
 -5.6327236e-01
 -1.4771430e+00
  4.5746389e-01
 -3.5617584e-01
 -2.6952422e-01
 -4.8311055e-01
  1.0780153e+00
 -4.1985983e-01
 -7.3647272e-04
  1.3448313e+00
  3.0166790e-05
  1.7820494e-05
  6.0612088e-05
  1.3685767e-02
  3.8491645e-01
 -2.9912577e-03
  8.8472636e-03
 -4.0985745e-01
 -1.0316553e+00
  5.4835577e-02
  9.6413232e-06
 -1.2319623e+00
 -1.9858005e+00
 -1.8775762e+00
  8.9026886e-01
 -9.9445447e-02
 -1.6147220e+00
  1.4132255e+00
 -3.9320653e-03
 -1.0123210e+00
  1.4739934e+00
 -7.5013906e-01
 -1.4647136e+00
  3.0241996e-01
  5.3194106e-01
 -3.2538128e-01
  7.9952317e-01
  2.5960931e-01
  2.9791075e-01
  5.8928814e-02
  3.2974139e-01
  1.3521113e+00
 -8.1260008e-01
  1.1271204e-05
 -4.7118157e-01
 -1.4913044e+00
 -5.4810699e-02
  3.3032790e-02
  8.2617623e-01
 -7.9571205e-01
 -3.4768343e-02
 -1.2181530e+00
 -1.3607695e+00
 -1.6058698e+00
 -9.5465016e-01
 -5.4985261e-01
 -3.5245758e-02
  1.4740034e+00
 -1.3030936e+00
 -1.4913193e+00
 -7.0388293e-01
 -7.7542233e-01
  1.0532829e-01
 -1.7081236e+00
  1.2520485e+00
  1.3442321e-01
 -8.3801699e-01
 -5.2487439e-01
 -1.8795151e+00
  1.1629198e+00
 -1.5851604e+00
 -9.6602583e-01
  6.1617661e-01
  1.7675650e+00
  1.4334245e+00
 -1.3931421e+00
  4.4857552e-05
  4.7982428e-02
  1.2617111e-01
 -1.4444023e-01
 -6.3936232e-06
 -2.9789671e-01
 -2.2843561e-01
 -1.3284158e+00
 -3.4985077e-01
  2.1505321e-06
 -5.8811343e-06
  6.9299109e-05
  1.5008099e-05
  6.2487619e-05
  1.2212218e+00
  2.1570120e-06
 -7.1450031e-01
  5.5235114e-06
  7.7192853e-06
  8.7041436e-03
  1.3501829e+00
 -1.3760674e-01
  1.1810045e-05
 -4.9223682e-01
  6.7309397e-01
  4.6952069e-01
 -1.3088574e+00
  4.7114509e-06
  4.5000729e-06
 -4.2787352e-01
 -4.5895372e-06
 -3.0176783e-05
  1.8975424e+00
 -6.9046986e-01
  3.8656735e-01
 -4.0867051e-01
  1.6461383e-05
  1.9557840e-06
  6.7996365e-01
 -8.8777626e-03
  4.2824595e-06
 -6.2441862e-01
  1.3824730e+00
  7.1706384e-02
 -1.2027421e+00
  3.3480672e-05
  5.3022150e-04
  7.4166155e-01
 -4.1369117e-06
  9.6818803e-07
 -1.2301726e+00
  7.6492649e-01
  8.6555243e-01
 -6.1044598e-01
  3.6819438e-05
 -6.7645383e-06
  3.7234843e-01
 -2.0284864e-05
 -8.8276502e-06
 -2.2152552e-01
  3.0606240e-01
 -1.6843829e+00
 -3.4809578e-04
 -4.9225916e-03
  5.3335028e-03
  4.1732517e-01
 -6.9837211e-06
  3.3810975e-05
  1.2568969e-01
 -2.1065052e-01
  2.6017031e-01
  1.3157457e-02
  6.4876849e-06
 -5.7681700e-06
  7.4272579e-01
 -3.7379011e-06
 -2.8010134e-05
  6.6040568e-02
  9.3695417e-02
  7.4702609e-01
 -5.1064652e-01
 -2.9999931e-06
  1.2875477e-06
  4.0313203e-05
  5.5258725e-02
 -5.6531444e-06
  4.2394146e-01
 -6.8761629e-01
  1.1197708e+00
  3.8885459e-01
  1.1791249e-05
 -1.1484451e-06
  2.5922693e-05
 -5.3435119e-06
 -1.5919901e-05
  1.0519885e-05
  1.0896228e-04
 -5.4943142e-05
  4.6536468e-05
 -1.9121258e-06
  1.4009337e-05
  1.2075986e-05
  1.6116226e-01
  2.1541031e-05
  8.2664382e-01
 -1.5244462e+00
  1.1085044e+00
  3.4527026e-02
 -1.1020167e-05
  1.0214992e-05
  8.4368248e-06
 -3.7133509e-06
  2.2689132e-06
  8.3045441e-01
  4.6291023e-01
 -1.2651342e+00
 -2.7166378e-01
 -1.3668078e-05
  1.0420156e-06
  5.7328944e-06
  9.8962486e-02
  2.3293504e-05
  1.5567309e+00
 -2.5165671e-01
  8.7037792e-05
  1.2286495e+00
 -4.5518995e-05
 -1.3445881e-05
 -1.0882167e-05
  2.2883153e-06
  4.1797129e-04
  2.9029191e-01
  6.0250789e-01
  2.3824692e+00
 -3.8501620e-01
 -3.3247406e-06
  9.4458956e-06
 -2.3700395e-06
  2.7043617e-03
 -2.3040589e-06
 -2.1388839e-01
 -5.7157259e-02
  3.3374426e-01
  6.3953787e-02
 -1.4250365e-05
  5.1237907e-07
  1.4027928e-06
  1.1369321e-05
  1.9777788e-06
  1.7497044e+00
 -4.3111685e-01
  7.2428113e-01
  1.1052772e+00
  6.4996034e-06
 -6.5197714e-06
  8.7439839e-06
  2.8865607e-05
 -1.7610819e-05
  5.4446023e-02
 -1.5913014e-01
 -5.4109842e-01
  6.8382519e-01
 -2.2236023e-05
 -8.0268692e-06
  8.9510604e-07
 -1.1148467e+00
  1.6241471e-05
  9.6886528e-01
  1.9038883e-01
  5.4078883e-01
 -1.2488470e+00
 -1.0228993e-06
 -7.7055149e-05
 -7.2739953e-05
 -1.7002618e-06
  1.7513070e-05
  3.2978389e+00
  1.2229581e-04
  1.2567107e-04
 -4.9350515e-06
  5.7551433e-06
  4.2152871e-05
 -2.4073167e-06
 -6.4113009e-01
 -3.8238845e-06
  1.8954875e-01
 -3.7169546e-05
 -2.0613259e-01
 -1.5689220e-01
  2.3833768e-06
  1.3521830e-05
 -2.0731059e-05
 -1.9483130e-01
 -2.7950273e-05
 -5.9136611e-01
 -2.7324477e-02
  6.1285067e-01
 -1.0181829e+00
  6.2925801e-06
  6.4998159e-05
  1.1485463e-07
 -9.5104665e-02
  1.1226462e-05
  5.0216377e-01
 -2.0095237e-01
  1.8664618e-07
 -1.3461050e+00
 -9.8132750e-06
 -4.4139451e-06
 -2.2616653e-06
 -6.8230546e-01
  4.5997431e-06
  2.7606389e-01
 -3.1678244e-02
  8.8249469e-01
 -1.1473337e+00
 -1.7733375e-06
 -2.5803729e-07
 -6.7705173e-06
 -1.4379465e-04
 -2.2520130e-06
  1.2940366e+00
  7.0455201e-02
 -4.1073370e-01
 -1.6698060e+00
 -2.5657992e-06
  1.5646277e-05
 -1.6367108e-05
 -1.1029172e+00
  3.2966636e-05
  5.1284474e-01
 -3.3348654e-03
 -5.7567811e-01
 -9.7301924e-01
  1.8540114e-06
 -4.0496252e-06
  2.3505282e-04
 -3.0673561e-01
  6.8875484e-06
 -3.4018964e-01
  7.4286407e-05
  3.7671116e-01
 -4.5491794e-01
  1.0492095e-01
  5.5375642e-01
 -5.8776206e-01
 -1.4940351e-01
 -1.1607855e-05
  3.4372723e-01
  6.5731043e-01
  8.5567993e-01
 -7.1453661e-01
 -1.0075829e-06
  9.5702871e-06
 -4.7505749e-04
  5.1092662e-05
 -3.0826101e-05
 -1.0941270e-01
 -1.6780703e-05
  4.7861099e-01
  1.9297528e-05
  1.0792459e-01
  4.6165502e-01
 -1.0272925e+00
 -1.4722608e-04
  1.0360982e-05
 -9.5051318e-01
  5.7441980e-01
  1.7630026e-01
 -9.9297756e-01
 -1.2458021e-06
 -5.3188401e-06
 -5.3422123e-01
 -2.8293191e-05
 -1.7132452e-06
  1.0171475e+00
 -2.3492837e-01
  1.0407535e+00
  1.1045214e+00
  7.7377342e-02
  2.6244152e-01
  4.7822562e-01
 -1.9143174e-05
 -6.3881153e-06
  2.2103661e-05
  9.4585896e-01
 -5.5168141e-02
  3.8118762e-01
  2.5140527e-05
  4.7106603e-03
 -9.9736676e-03
 -5.1669386e-04
  1.2821803e-05
 -1.7081383e+00
 -2.5507501e-01
  1.7823374e+00
 -3.6389673e-01
  1.2208226e-02
  2.2821906e-03
 -2.4971908e-01
 -4.0156512e-05
 -1.0234660e-04
 -1.8612759e+00
  2.4705936e-01
  1.4457012e+00
 -2.3858526e-01
 -2.1559539e-05
  2.3876895e-01
 -8.9825356e-01
 -1.6746093e-03
  2.5560594e-05
 -7.0804620e-01
  6.0317081e-01
 -2.4297246e-01
  2.0021020e-01
  1.3377631e-04
  1.3807083e-05
 -5.4161674e-01
  2.2273209e-06
  6.9232351e-06
 -6.7911166e-01
  6.4436418e-01
 -4.1305342e-01
 -2.4063021e-01
 -6.0299840e-06
  1.1649357e-05
 -5.8488226e-01
  5.5889668e-06
  3.4272430e-06
 -3.4053406e-01
  9.6399778e-01
  6.2363660e-01
 -4.2652896e-01
  1.1495288e-05
  1.4604673e-04
 -9.5452633e-05
  1.9072895e-05
 -9.4684010e-06
 -2.4122944e-04
  8.5236812e-01
 -2.1796203e+00
  4.4607041e-06
  4.0194132e-06
 -4.3616005e-06
 -4.5286137e-01
 -4.3597571e-05
  1.8138971e-05
 -3.1249317e-07
  4.9969263e-02
  1.2444241e-01
  5.9080231e-01
  1.0107158e-05
 -1.0102945e-05
 -7.5825322e-01
  3.2454391e-05
 -5.1627635e-06
 -3.4491268e-01
  1.3448014e+00
 -3.5873434e-01
 -6.4895704e-04
  4.1011281e-06
  3.4376029e-05
 -7.3958233e-02
  1.2142483e-05
  6.6434509e-06
 -3.9923552e-01
 -2.8821389e-05
 -9.3902595e-02
 -6.5087279e-06
 -5.6645549e-06
  3.2239798e-06
 -4.8902839e-01
 -1.4673916e-06
  2.2675629e-05
  6.5566099e-01
  3.2867789e-01
  3.9433837e-01
 -3.9717931e-02
 -4.1802239e-05
  8.2325942e-06
 -8.5448414e-01
 -5.6324205e-07
 -1.8754668e-05
 -4.8970637e-01
  1.9833169e+00
 -1.7568927e+00
  4.0714011e-01
  1.4613361e-06
  7.3924957e-06
 -1.6124911e+00
 -1.1487460e-06
 -1.2733475e-05
  1.1975171e-05
  1.3651629e-02
  5.1740724e-01
 -5.5029577e-01
  5.5173850e-06
  1.9377623e-05
 -4.6085998e-01
  1.5002723e-04
  2.3635403e-05
  4.2331317e-01
  1.8767931e-01
 -6.4696771e-01
 -2.6438010e-01
  1.2413758e-02
  1.2413758e-02
  1.2413758e-02
  1.2413758e-02
  1.2413758e-02
  6.7241365e-01
  6.7241365e-01
  6.7241365e-01
  6.7241365e-01
  6.7241365e-01
  1.4738771e-01
  1.4738771e-01
  1.4738771e-01
  1.4738771e-01
  1.4738771e-01
  1.0924964e-01
  1.0924964e-01
  1.0924964e-01
  1.0924964e-01
  1.0924964e-01
  1.6452778e-02
  1.6452778e-02
  1.6452778e-02
  1.6452778e-02
  1.6452778e-02
  1.8038879e-01
  1.8038879e-01
  1.8038879e-01
  1.8038879e-01
  1.8038879e-01
