nep4 3 Ba Zr S 
cutoff 8 4 150 20
n_max 4 4
basis_size 8 8
l_max 4 2 0
ANN 30 0
 -1.0775866e-01
  2.1068116e-05
  1.9006962e-04
 -3.4129040e-05
  1.6375033e-04
  5.4052016e-05
  3.5621434e-07
 -8.8835099e-05
 -2.0086633e-05
  2.2646620e-05
  1.6111298e-04
  1.7406919e-05
 -5.7974230e-05
 -5.2935502e-05
 -4.0415904e-05
  6.0485603e-05
 -2.2287565e-04
 -3.3384280e-05
 -9.5860145e-05
 -8.8508408e-05
  3.2262105e-05
 -2.0620208e-05
  4.0436353e-05
 -3.2446198e-06
 -5.7629603e-07
 -3.6551926e-06
  2.1075781e-05
 -2.4394805e-05
 -5.4719058e-05
  2.2335653e-04
  5.5554390e-01
  4.7217080e-04
 -1.6296351e-01
 -1.3861050e-01
 -1.8113582e-01
  9.7844037e-05
  6.0872553e-05
 -2.1512104e-05
 -1.2725135e-04
 -3.8378733e-01
  2.1283347e-05
 -2.8000271e-05
 -1.8447985e-05
  9.6680942e-06
  6.3746281e-02
 -1.3824264e-05
  3.8988859e-05
 -8.5851334e-06
  6.6270579e-05
  1.4188777e-04
  1.2733301e-05
 -3.3122713e-05
  1.7323673e-06
  9.1389913e-05
  1.1191978e-01
  1.0335590e-04
  2.1438005e-04
  2.7526032e-05
 -8.7505570e-05
 -1.9402072e-05
  7.3554605e-05
  1.0682821e-05
 -5.2957937e-05
 -2.0940513e-04
 -1.9711998e-04
  8.3771571e-05
 -9.9718411e-05
  5.5398032e-05
  1.9110879e-05
  2.4125473e-08
 -5.5760270e-06
 -6.3527194e-05
  2.4558129e-05
 -1.2965819e-05
  4.3908993e-04
  1.3531908e-05
 -5.5153050e-05
 -5.9290756e-05
 -6.8720424e-06
 -9.6280623e-05
 -1.4928287e-04
  6.0738980e-06
 -3.8642254e-05
 -2.5886588e-05
 -1.8510458e-05
 -5.4135933e-05
 -3.9073067e-05
  1.4977694e-05
  1.0621701e-04
 -6.4040796e-05
  1.4060084e+00
  1.1736767e+00
 -1.3569061e+00
 -6.8299179e-03
 -3.1316659e-01
  3.4902804e-04
  5.5259876e-05
 -1.4514524e-04
 -2.9080299e-01
 -6.8967211e-01
 -1.6664757e-05
  7.7855955e-05
 -1.4568388e-04
  1.7053152e-04
  2.5183055e-01
 -3.8817896e-05
 -8.1397593e-05
 -4.7368638e-05
  7.7770628e-02
  8.1619225e-02
  7.0993509e-04
 -1.9101272e-04
 -2.6109915e-06
  4.9943369e-02
  3.7168494e-01
  3.7178426e-05
  5.2443196e-05
 -5.2789145e-04
  3.0987398e-05
  2.3653940e-06
 -1.8740686e-05
  2.9239769e-05
  5.0022551e-05
  5.1794131e-04
  2.3199375e-04
 -4.8411239e-05
 -3.4941193e-05
  7.6877921e-05
  1.4271007e-04
  5.1603868e-04
  4.6706915e-05
 -6.0443830e-04
 -2.5202727e-04
  3.0796109e-05
  4.6111652e-04
  1.3155781e-04
 -1.6941641e-04
  9.5818850e-06
 -1.8460538e-05
  2.9120629e-06
 -3.2266773e-05
 -8.8565757e-05
 -6.2304309e-05
 -1.1461339e-04
 -1.2618554e-04
 -1.5456937e-04
  7.2286690e-05
 -3.8667025e-05
  6.9137836e-06
  3.2058852e-05
 -9.9800891e-05
 -4.3521613e-05
  3.5560783e-04
  1.5593201e-04
  8.6189201e-04
 -6.1048399e-06
  1.4531402e-05
 -1.3313998e-04
  2.2006733e-04
 -2.0712259e-05
  8.6065163e-05
 -6.3135494e-06
 -4.7521928e-05
  2.6760217e-05
  4.5942346e-05
 -5.2685555e-05
  5.4083506e-05
 -1.8645755e-05
 -1.3400151e-05
  4.1766489e-06
 -3.4098249e-04
  2.8456468e-05
  7.8206263e-05
 -6.5799955e-05
 -1.8912635e-04
 -1.7448145e-04
 -1.2469962e-05
 -1.0980362e-04
 -1.2357829e-05
  3.4808400e-05
 -7.9800636e-01
 -4.2586524e-02
  5.0459516e-01
  8.1324048e-04
  6.5238902e-04
 -1.3855237e-03
  7.4479831e-05
 -1.5186032e-05
  1.9252136e-03
  8.9778192e-03
 -1.5647329e-07
 -4.8680307e-05
 -2.9877305e-05
  6.1241168e-05
 -2.0321796e-02
  1.0245479e-04
  2.0468613e-05
 -1.2099314e-05
 -2.0714526e-04
 -3.0529834e-04
  8.9883533e-06
  2.3072695e-05
 -5.9946120e-05
 -3.1736108e-05
 -2.0506997e-03
  5.2358362e-05
 -3.8374084e-05
 -3.1554624e-05
  3.1691495e-06
 -9.1023212e-06
 -1.8312386e-01
  4.3502541e-06
  3.1170011e-01
  2.4341898e-06
  9.2843467e-05
 -7.0078582e-05
 -7.1352983e-06
 -9.0171051e-07
 -3.5172650e-06
 -5.8901762e-05
 -2.0347777e-04
 -5.6888446e-05
  9.1384987e-05
  2.8395843e-05
  3.5597477e-05
 -9.7536889e-05
  7.8552938e-04
  2.6915190e-05
  1.7051330e-05
 -1.1114678e-05
 -1.6758425e-04
 -1.1674222e-04
 -1.9165163e-05
 -3.3739696e-05
 -1.7465258e-04
  4.1893672e-05
 -5.5896589e-06
 -1.6282489e-05
  4.4634817e-05
  1.3763129e-04
  2.8559642e-03
  8.0724285e-06
 -1.8099560e-01
 -5.3211809e-03
 -3.3786438e-02
  1.8316864e-06
  6.9823793e-05
 -4.3498541e-05
 -1.4124381e-05
  1.1545510e-04
  3.4562894e-05
 -3.7666097e-05
 -5.7977799e-05
  3.2306252e-05
 -9.5351272e-05
 -8.0986196e-05
  1.5754929e-04
 -1.6919777e-05
 -1.5891077e-05
  4.2626700e-05
  2.5676072e-05
 -1.2116854e-04
  4.7904985e-05
  1.1499869e-04
  6.7754078e-04
  1.4922088e-05
 -6.2611747e-05
  2.1449137e-05
 -1.2671357e-05
 -1.0038378e-04
 -1.2823479e-04
  5.3356547e-05
 -2.6038665e-01
 -1.9116055e-02
 -9.4819063e-04
 -8.8211127e-05
 -8.4978647e-06
  7.1639743e-06
  3.2126820e-05
  1.5806820e-05
  6.9625959e-05
  1.4312404e-04
  8.0457330e-06
  7.9881620e-06
  1.0022771e-05
 -4.1355372e-05
 -3.9578499e-05
  4.5836103e-05
  1.6714026e-05
  5.3860765e-04
 -3.4824154e-06
 -2.2591654e-05
 -4.2830528e-05
  4.9368903e-04
  1.9054169e-02
  6.7390349e-05
  2.1969066e-05
  9.3441784e-05
  7.2278744e-06
 -1.9072773e-04
 -6.5345472e-01
 -7.8899128e-04
  4.4197446e-01
  4.1455066e-01
  5.0441867e-01
 -2.2954291e-01
 -7.8119338e-05
  1.3497307e-05
  1.8904756e-01
 -1.8207672e+00
 -7.6253773e-06
 -7.6978053e-05
 -8.6923174e-05
  2.0140725e-04
 -5.5168970e-03
 -1.9118381e-05
  2.6167702e-04
 -3.4254975e-07
 -1.0102859e-04
 -4.0589243e-02
 -8.0395723e-03
 -1.1121357e-04
 -1.3552119e-04
 -6.9945557e-03
 -3.3365241e-01
  2.5548694e-05
  2.4839868e-05
 -3.5529280e-05
  1.5075681e-05
  5.5054632e-05
  7.9733414e-05
 -1.1220542e-04
  4.8914243e-04
  5.4412958e-05
  1.6772079e-05
  7.3424267e-06
  5.5644597e-04
  2.9173330e-05
  3.6340239e-04
 -8.4772895e-05
 -7.0316943e-05
  6.4976477e-05
  2.7903017e-05
 -3.0437172e-05
 -7.3426099e-06
 -1.5413958e-05
 -3.4708275e-05
  1.8717595e-04
 -2.1458598e-05
  8.9525774e-06
 -2.9918842e-04
  1.3184511e-05
  5.0948023e-05
 -6.6931454e-05
 -1.2886924e-04
  4.0366271e-05
  3.1577107e-05
  6.2301253e-05
 -1.4972888e-05
  9.1847432e-05
 -3.8496288e-04
 -1.0689331e-04
  1.5131725e-01
  2.7014224e-02
  7.3473866e-06
 -1.0470317e-01
  3.6899506e-05
  9.6979466e-07
  6.9613720e-04
  1.3447317e-05
  8.0735248e-05
 -4.1660161e-07
 -2.5703397e-05
 -1.9490354e-04
 -2.1411905e-04
  5.3256709e-04
  1.4397727e-05
 -1.1540320e-04
 -1.0044795e-04
 -2.9403623e-04
 -1.1080266e-04
 -1.0803284e-08
  1.2387137e-04
  1.3778263e-05
 -9.9622447e-04
 -7.5863602e-05
  8.5527492e-05
  9.2361806e-05
 -8.7315675e-05
  6.0078310e-05
 -5.9306872e-06
 -9.2585688e-06
  7.9641271e-05
 -1.9553416e-05
 -1.4374041e-06
 -1.2972436e-04
  1.0329307e-04
  1.2282461e-05
 -5.2134806e-06
 -2.4477000e-05
 -9.6413569e-06
 -1.0552609e-04
 -7.8781697e-05
 -1.4180432e-04
 -1.3794604e-04
 -3.0028925e-05
  1.0247341e-04
 -8.0106120e-06
  7.4209114e-05
  9.9007921e-05
 -1.8694707e-04
  8.6465305e-05
 -5.7452457e-06
 -3.7357837e-05
  1.0346685e-04
 -2.3230346e-05
  2.2924074e-04
 -1.8212377e-05
  3.5355853e-07
 -3.2378193e-07
  7.4579585e-01
  9.1211893e-02
 -9.6308982e-01
 -1.0003374e+00
 -1.2734176e+00
  2.6118333e-04
  1.2049712e-04
  5.9029138e-05
 -9.1891605e-01
 -9.9307346e-01
 -1.5820192e-04
 -2.6844860e-05
  4.9736078e-05
 -2.0343597e-05
  1.4779966e-01
 -3.1044272e-01
 -2.2496462e-04
 -3.6199253e-07
  1.3762199e-02
  8.7965377e-02
  1.3331908e-01
 -3.9793777e-05
 -3.6444300e-04
  8.7218858e-02
  4.5760801e-01
 -1.2129249e-05
 -1.3815694e-06
  4.5774450e-05
 -9.6691314e-05
 -1.9448269e-04
  1.0501788e-04
  2.0336674e-05
 -2.2297185e-05
 -4.7000663e-05
 -7.9796184e-05
 -4.1952891e-05
 -1.3249460e-05
 -2.7843501e-04
  1.9909739e-05
 -1.1082443e-04
  3.6592479e-04
  3.4547185e-05
 -1.3662847e-04
 -7.8199537e-06
 -5.5018598e-05
 -7.9294863e-05
 -9.3707704e-06
  6.5149798e-05
  5.1945854e-06
  3.1978852e-05
  3.7579746e-05
  1.9238094e-05
 -1.6566066e-04
  2.9307123e-06
  7.2759949e-06
  7.2869479e-05
 -4.4464894e-05
  3.3258912e-05
  3.9625662e-05
  1.6463147e-05
 -6.4384393e-02
 -4.4389570e-05
  1.5665099e-04
  8.7021144e-06
  7.8655294e-06
  7.7426645e-05
  1.9648733e-05
 -1.9889791e-05
  4.4411081e-05
 -3.2011828e-06
  2.5217637e-04
 -1.1919569e-04
 -4.2183819e-06
  3.0839183e-05
 -3.6177626e-05
  3.9095943e-05
  2.7531762e-06
 -3.3597567e-05
 -1.4902090e-04
  2.9535400e-05
 -4.2326599e-05
 -1.6316165e-04
  2.0222570e-04
 -1.0411301e-05
 -7.0365735e-05
  8.1842491e-06
  8.8594403e-05
  2.6201006e-04
 -3.1166394e-06
 -3.4837238e-05
  7.4306932e-05
  1.1688732e-04
 -6.3539269e-06
  1.2403606e-04
 -1.8778727e-06
  1.4924255e-04
 -1.2804272e-04
  7.1190234e-06
 -1.2294130e-05
 -2.4954838e-06
  1.0528053e-05
  9.1219363e-06
 -1.4523945e-05
  9.2135197e-05
  2.2086393e-04
  4.9219383e-05
  3.3704400e-06
  6.5770029e-05
  9.3423027e-05
 -1.0248634e-04
  4.4438354e-04
 -6.2004168e-05
  1.2860609e-04
 -4.0443385e-05
 -1.5857955e-05
  1.0250098e-04
  6.1665203e-05
  7.2567796e-05
  4.5917641e-05
  7.3506817e-06
  1.3068711e+00
 -3.0790932e+00
  1.4193740e+00
  6.5161562e-01
 -4.0197315e+00
  1.8022218e-01
  3.9283394e-05
  3.7303282e-04
 -9.1169640e-02
  1.8247351e-01
 -1.9687468e-04
 -1.4843889e-05
 -7.4251773e-05
 -1.6578646e-01
 -8.1734088e-06
 -6.7627871e-01
  2.5799416e-05
 -2.1461865e-06
  4.2811760e-05
 -4.0649090e-02
  4.1100036e-04
  4.7952311e-05
  7.9376834e-05
  2.5233694e-05
  1.5350965e-01
 -5.8537265e-05
  1.3343499e-04
 -4.9727196e-06
  1.3600969e-05
 -1.7448537e-04
 -1.7308013e+00
 -7.8281605e-01
  4.1060290e-01
  8.9277852e-01
  6.7767024e-01
 -1.0504030e-01
  4.3018048e-05
  1.8077797e-05
  4.2423606e-01
  1.1465736e-01
 -4.5184363e-05
  5.3419448e-05
  9.5557034e-06
 -2.1936296e-04
 -8.3172157e-02
  5.4249257e-01
  3.2653999e-05
 -1.0240230e-05
 -5.0446945e-01
 -5.9131980e-01
 -3.5334179e-01
  9.3045255e-06
  2.6187708e-06
 -3.4738201e-01
 -1.0471939e+00
 -1.1578541e-04
  3.2721389e-06
 -1.7976300e-04
  6.5308232e-05
  8.7097995e-02
  1.3118800e-05
 -4.1967663e-08
  3.6343285e-05
  8.8690918e-05
  1.8962541e-04
  1.7736088e-04
  1.3238876e-04
 -8.0953570e-05
 -1.9568880e-04
 -3.3547502e-05
  9.5747773e-06
  5.0963172e-05
  1.6027167e-05
 -2.5573659e-06
  1.1261617e-04
  4.6131914e-05
  4.6123427e-05
 -1.7723787e-05
  3.2112774e-05
  1.5650552e-05
 -5.7310463e-05
 -4.7739351e-05
 -4.4534019e-05
 -5.4439271e-05
  5.6748915e-05
 -2.3381748e-05
  1.5389959e-04
 -2.9560688e-05
  1.7623637e-05
  8.4391304e-06
 -7.0431583e-06
  1.8579734e-05
 -6.5727028e-05
 -5.5765729e-05
 -2.3784487e-04
 -2.8275796e-05
 -3.0815278e-05
  3.7394580e-05
 -2.8903308e-04
  1.0488051e-04
 -4.3509617e-06
 -7.4588461e-05
  7.3932140e-05
  1.5466333e-04
  7.3172036e-05
  2.4814453e-05
  8.1968108e-05
  3.4788761e-06
 -1.0031702e-04
 -2.1515969e-07
 -3.8147406e-05
  3.2726202e-05
 -1.3905653e-05
  1.4381703e-04
  3.5369190e-05
 -9.8691962e-06
 -4.2074083e-05
  3.1756015e-05
 -4.2561696e-05
 -8.1038734e-06
  8.3284009e-05
  1.0120753e-05
 -1.6712078e-05
 -1.4099738e-05
 -1.9778805e-04
  5.8155223e-05
  1.1042216e-05
  6.1523548e-05
  1.5683040e-04
  2.4163218e-04
  3.1080956e-06
 -3.0234005e-05
  1.1118426e-04
  2.7022648e-05
  1.0533964e-04
  1.0141665e-04
  4.7575550e-06
 -1.0160204e-04
 -3.2221160e-05
 -1.4806956e-05
  5.3574593e-05
 -2.6777095e-06
  1.0598019e-05
 -6.4191449e-06
 -4.9792900e-05
 -3.1275977e-05
 -4.6870107e-04
  2.3345199e-05
  2.6001093e-05
 -1.9721199e-05
  1.2829819e-05
  1.7128104e-05
  4.8831069e-05
  7.8749435e-05
  6.6553977e-05
 -1.2045819e-04
  1.2941814e-05
 -9.0105359e-06
  2.7325863e-04
  4.8766383e-06
  2.6049835e-05
  1.1080057e-04
  6.5528497e-05
 -3.6252157e-05
  3.0860971e-05
  2.9113799e-05
  8.6181957e-05
 -6.4862870e-05
 -3.0514140e-05
 -1.0282729e-05
 -2.1804777e-04
 -1.0766248e-05
 -3.3292736e-06
 -1.5213789e-04
  1.1989678e-05
  2.0220801e-05
 -1.0809027e-05
  8.5064639e-05
  5.1620518e-05
  1.5610586e-04
 -9.7401171e-05
  1.8456707e-05
  7.6588424e-07
  5.3682928e-05
 -6.4821354e-05
 -1.3315379e-06
 -1.2788321e-04
 -3.2101470e-05
 -1.0160114e-04
 -5.6518977e-05
 -7.8940648e-06
  4.2073523e-05
 -3.4074346e-05
 -1.4517595e-05
  3.4772847e-06
  2.3000810e-06
  1.5505349e-05
 -9.3135925e-05
 -6.6129171e-05
 -2.5518768e-04
 -3.9088450e-06
  2.7115595e-05
  2.0929027e-04
  9.6186435e-05
  7.1289614e-05
  1.4663333e-04
 -9.2949544e-05
  1.3049959e-05
 -6.4594014e-06
  5.7526424e-05
 -4.1240670e-05
 -2.6853066e-05
  3.7165566e-05
 -7.6464319e-05
  7.0980379e-05
 -3.6716759e-05
  1.0563891e-04
 -2.3101131e-05
 -7.3767806e-05
  2.2038905e-05
 -9.3960080e-05
  3.2582295e-06
 -1.1202035e-04
 -1.0573418e-04
 -1.3438251e-06
  9.4239309e-05
  2.8641094e-04
 -2.6775127e-05
 -8.4397216e-06
  4.8680677e-06
 -5.0333387e-05
 -5.6639324e-06
  7.7224024e-05
  7.5702308e-05
 -5.3882006e-05
 -6.6777560e-05
 -1.4791798e-04
 -7.8757104e-05
 -3.5660341e-05
 -4.8639202e-05
 -2.2385655e-01
 -2.6370953e-05
 -2.7273381e-01
 -9.0968812e-01
 -2.5294548e-01
 -1.4801466e-02
 -4.2002779e-05
  1.1072451e-06
 -9.4450593e-02
  1.8691063e+00
  1.3082559e-05
  4.8556773e-05
 -1.3578072e-04
  5.6425066e-05
  3.9998531e-02
 -7.9956902e-05
  4.8276041e-05
  4.2831318e-05
  4.4304058e-03
  6.1326269e-03
  1.5466772e-04
 -5.6119196e-05
 -3.3673525e-05
  1.6205023e-04
  1.8866691e-01
 -1.0182709e-04
 -6.7252331e-05
 -1.2051919e-04
  2.3326485e-05
 -4.1738019e-04
  1.7561490e-05
 -2.0921238e-04
 -1.5626682e-04
  8.9949986e-05
  1.9941948e-04
 -5.1290140e-06
 -5.7574223e-05
 -2.6413296e-05
  3.2386484e-05
 -1.5425043e-04
  5.4711305e-05
 -3.3257027e-05
  1.0540325e-04
 -3.5112538e-05
  6.8336951e-05
 -1.1037272e-04
  5.2920692e-05
  2.3758842e-04
 -5.0947019e-06
  2.9472778e-05
 -8.8185931e-05
  6.2834415e-06
 -3.1576815e-06
  1.7717300e-04
 -5.4217812e-06
  1.8305160e-04
  2.9780031e-05
  1.1211570e-04
  1.8185104e-04
  1.1470632e-04
 -3.0732321e-05
 -2.9731500e-05
  1.4716414e-04
 -3.0535075e-04
  1.4914293e-05
  1.6193735e-04
  1.0129083e-05
  1.1497982e-05
 -1.7539394e-04
 -7.9587462e-06
  2.3277220e-04
 -6.9815114e-06
 -1.4473600e-05
  5.2219970e-05
  5.4309578e-05
  9.4689312e-05
  1.2307860e-04
  1.1435497e-04
 -1.7656933e-04
  6.9968883e-05
 -7.4494424e-06
 -3.4582641e-05
  3.6934714e-05
 -2.5609330e-05
  8.1449041e-05
  1.0547064e-04
 -2.2430606e-05
  2.6559599e-05
  3.4331781e-06
  1.1266854e-04
  2.9236648e-05
  1.5269399e-05
 -1.1978506e-01
 -7.6417648e-04
 -2.2261425e-04
  4.1380350e-05
  1.1713953e-04
 -1.0340870e-04
  1.4587651e-05
 -5.6825951e-04
  1.0591454e-04
 -9.0704256e-05
 -1.3718830e-04
 -1.0672451e-06
  1.0656667e-05
  8.0830878e-06
 -1.1581001e-04
 -6.9593370e-05
  4.0798936e-05
  2.8110514e-04
  1.0271202e-03
 -4.6810332e-05
 -9.9613695e-05
  1.0274036e-04
  6.8200934e-05
  7.6176843e-06
 -1.2738467e-04
  3.4599841e-05
  5.8184178e-05
  2.5104906e-04
  1.1594498e-04
 -2.0756215e-01
  4.3327291e-06
 -2.2576058e-02
 -5.1524174e-01
 -6.5301943e-01
 -3.1092664e-02
 -2.1653557e-01
 -7.4455690e-01
  1.1673957e+00
  2.1940398e-01
 -3.2291964e-01
 -3.0982560e-01
  1.8387350e-04
 -3.0411261e-01
  3.0071124e-05
 -2.8375521e-01
 -1.4700947e-05
  6.6970390e-01
  3.2834572e-01
 -1.3832089e-04
  8.9440316e-01
  7.6367382e-05
 -7.3351133e-01
 -5.8552276e-05
  6.6500506e-05
  6.6900867e-01
 -5.1171985e-04
  8.3801915e-06
  3.1414199e-01
  2.0944765e-06
  7.1369165e-01
 -8.3586390e-05
  1.7364888e+00
 -5.3986943e-01
 -7.7401507e-01
 -7.2067642e-01
 -5.0482440e-01
  1.3900082e+00
  2.5684874e+00
 -1.2718512e+00
 -4.1344485e-01
 -7.3672086e-01
 -6.4727774e-06
  2.2783341e+00
 -3.5431676e-05
 -5.3205234e-01
 -5.5021115e-05
  3.1548436e+00
 -2.4963262e+00
 -1.2408929e-05
  4.8231190e-01
  1.6818993e-05
 -6.7922026e-01
 -1.3331675e-04
 -1.1991084e-04
  1.4536383e+00
 -1.3692918e-01
  2.2464255e-05
  6.0397005e-01
 -1.1736280e-01
 -8.3364503e-06
 -6.7937297e-01
  3.4311550e-05
 -2.2050165e-02
 -1.0818677e-04
  6.7415267e-06
  9.8830191e-05
  7.5019047e-06
  8.7819863e-05
  1.5761355e-04
  7.1240723e-04
  1.7549903e-05
 -1.4783954e-05
  7.2005772e-05
  8.3712484e-06
 -3.7122038e-05
  8.3992265e-02
  3.6028575e-02
 -2.9592336e-05
 -8.3029758e-05
 -8.4714462e-05
  3.0345123e-04
  2.1940103e-05
  3.3806649e-05
 -2.3817000e-05
 -1.6138159e-05
  4.8536429e-05
 -3.7738646e-05
  5.4831973e-05
 -7.9198867e-01
  2.3573158e+00
  1.8685273e+00
 -5.5089836e+00
  1.9182676e+00
  1.3255063e+00
 -1.2623209e-01
 -4.1182378e-01
  4.3095264e-04
 -1.9528928e-01
  5.1352898e-05
 -6.0954148e-01
  1.1476550e-01
  4.8383492e-01
  1.2976711e-05
 -4.7701858e-02
 -7.4222326e-02
 -9.5544827e-01
  8.2688582e-01
 -8.5103540e-03
  7.1718947e-05
  1.2068116e-01
 -1.6443980e-06
  1.8294860e-02
  1.7417804e-05
 -1.8474010e-04
 -2.2164134e-04
 -1.3783398e-01
  3.2946593e-01
 -1.5269759e-05
 -8.8231827e-06
 -2.5489175e-05
  3.2902200e-05
 -1.5274018e-05
 -5.1155839e-05
 -4.6533827e-05
  2.9653007e-05
 -1.2074715e-05
  1.2258788e-05
 -4.6397399e-04
  6.0846287e-06
 -3.4581259e-05
  1.2007608e-04
  1.3892859e-04
 -1.9770967e-05
 -3.6436322e-05
  3.1750722e-06
  1.9103690e-04
 -5.6903191e-05
 -2.3387451e-05
 -7.8186153e-05
 -2.3835513e-04
  1.1446935e-04
  2.1288630e-05
 -7.5397242e-05
 -4.8474165e-05
 -1.4633586e-05
 -1.1899800e-05
  5.5964614e-05
 -7.5099451e-05
  6.6699497e-05
  2.6953533e-06
 -3.6086968e-01
 -1.1729876e-04
 -2.2048391e-05
 -1.4241142e-05
  7.5517723e-06
  5.6352278e-06
  7.6652970e-05
 -5.7250018e-05
  5.6906636e-05
  1.5805615e-04
  9.1110614e-06
  4.9517571e-06
 -3.7949707e-05
 -4.7341338e-05
  1.1836544e-05
  4.6523547e-07
 -3.3646360e-05
  3.3603033e-07
  4.6773752e-05
  4.3613349e-05
 -1.8378163e-05
 -4.6591267e-05
  3.6644917e-05
  3.2191012e-06
  7.2077179e-05
  7.9649239e-05
 -4.7340021e-05
  2.9815810e-05
  7.4756181e-01
 -1.3088771e+00
  9.6659285e-01
 -2.1232946e-02
 -4.8698064e-02
  4.7744267e-02
 -1.8372603e-01
 -1.2447172e-01
  6.7685301e-05
 -3.4165881e-03
 -1.4592732e-04
 -1.9452572e-01
 -4.7161549e-01
 -5.8387181e-05
 -1.8986744e-04
 -6.1168704e-02
 -7.9785103e-05
 -1.4155462e-01
  5.5446333e-01
  1.1338246e-05
  2.3508352e-05
  5.7075560e-02
 -9.3679333e-01
  2.2028920e-03
 -4.8190792e-05
  8.7053540e-06
 -1.0158336e-05
 -2.5392123e-04
  9.7673241e-05
 -1.5471982e-04
 -2.4937193e-01
  1.1300536e+00
 -6.6606981e-01
 -1.4363876e-01
 -1.1978004e+00
 -2.5847455e-02
  2.3335581e-01
 -6.8353876e-02
 -5.7972297e-02
  2.1894257e-01
  5.1839638e-01
  4.7945487e-01
  7.8039050e-01
 -3.7011930e-01
  4.6379232e-01
  3.7695730e-01
  7.0038402e-01
  2.0904425e-01
  1.8077478e-01
  1.3993326e-01
  1.7009425e-04
  2.8263051e-03
  2.1602221e+00
  1.8296899e-04
 -4.6279016e-05
  1.1553976e-05
  2.5505113e-04
  2.0426726e-03
 -4.4604740e-06
 -7.3737829e-05
  5.6883419e-01
  9.7937757e-01
  3.4658572e-01
 -1.1628803e-02
 -1.6248051e-02
  1.8848112e-02
  3.0418694e-06
 -3.4825619e-02
  5.5804401e-05
 -6.8613258e-06
 -1.6615649e-04
 -8.2665272e-03
 -4.1588472e-04
 -9.0750698e-05
  4.1411327e-05
 -6.0210928e-05
  3.3614338e-05
 -1.3856826e-05
 -1.4041578e-03
 -6.1429123e-04
  2.4681949e-05
  2.0749664e-03
 -9.8997560e-05
  5.6410772e-05
 -7.2726230e-05
 -6.1394385e-05
  6.8057874e-05
  8.7919398e-06
 -2.8359586e-06
  8.6363698e-06
  1.0929003e+00
  1.1208766e+00
  1.7167497e+00
  7.2186318e-05
  7.4843871e-03
  2.2196734e-01
 -5.0677249e-05
  3.3403847e-01
  2.6112526e-05
 -1.6949457e-04
  2.7130527e-05
 -4.7826990e-05
 -7.7763671e-06
 -3.5508603e-01
  2.5017102e-05
  5.1553314e-05
  9.4060735e-05
 -1.9614775e-04
  1.2387028e-04
  7.0266142e-06
 -1.1864496e-04
  1.7249100e-01
 -1.9124390e-04
  4.8896374e-05
 -2.0549480e-05
 -4.2263422e-05
  4.6242232e-05
  1.1870338e-06
  1.5059244e-04
 -2.4887848e-05
  9.0835485e-05
 -4.6027857e-05
 -1.3451352e-04
  1.0435880e-05
  5.9634665e-05
 -2.0721351e-04
  1.1815890e-04
  1.5955952e-04
 -7.1570183e-05
  2.3271934e-05
  4.4747894e-06
 -8.9898504e-06
  5.6285171e-05
 -7.3129886e-05
  6.0177146e-05
  6.3216877e-01
 -1.7244218e-05
 -1.0018036e-05
 -2.7682187e-05
  2.3187500e-05
  4.6412461e-05
 -4.6208828e-05
 -1.3665936e-05
  5.5035980e-06
 -3.0877003e-05
  4.8766422e-05
  2.5029754e-04
  1.4459889e-05
 -2.4560786e-05
 -2.2855050e-04
  3.1377895e-05
 -2.5835338e-05
  5.7430563e-05
 -2.5360971e-06
  2.9899579e-04
  4.1588264e-06
 -2.8529090e-01
  3.7378561e-06
 -3.7826658e-06
  2.0375666e-05
 -5.0424274e-05
  4.9417187e-05
  1.8579418e-04
 -1.3409053e-04
  1.0006929e-04
  5.7341898e-05
 -4.8533970e-05
  1.9661829e-06
  5.9620794e-05
 -4.2058477e-05
  4.0945990e-05
  8.2913073e-05
 -1.6573178e-05
  2.5856456e-05
 -4.6667617e-05
  6.2342617e-05
 -1.1620154e-04
 -1.9050708e-04
 -5.0465464e-06
  6.5841887e-05
 -7.3116565e-01
  3.5688944e+00
 -2.9587755e-01
  4.5565262e-02
 -2.1222970e-01
 -2.4184128e-02
  4.9420440e-01
  1.4475495e+00
 -1.3670383e-01
  2.3328798e-02
  2.6258579e-02
 -4.3224818e-06
  2.5488719e-01
 -5.3984696e-01
  1.9626487e-04
  1.1792284e-01
 -1.0617321e-04
  5.7892883e-01
  3.0290151e-02
  1.2065967e-05
  1.0263737e-05
  1.5962686e-04
  1.2892519e+00
 -3.6654001e-01
  2.8408509e-05
 -1.1514899e-04
  1.1006040e-04
  1.5645199e-02
  5.7975016e-05
 -1.2123184e-04
  3.4809258e-05
  7.3730800e-05
 -1.6901522e-05
 -1.2371194e-04
 -3.5541042e-04
 -2.8573941e-05
 -1.2447308e-05
 -2.5658803e-06
  1.5866999e-05
  2.4511053e-05
 -2.9544295e-05
 -7.5763346e-05
 -4.8773429e-05
  2.7433884e-06
  7.1089191e-05
 -2.9911394e-06
  8.0396065e-05
  1.0910008e-04
  7.1622024e-05
 -2.2642635e-05
 -2.5225276e-04
 -4.9491191e-05
  9.2520342e-05
  2.9905925e-05
 -6.8087149e-07
 -1.2530606e-04
  4.9626047e-05
 -2.8800669e-05
  4.5345507e-05
 -6.3196094e-05
  8.4270936e-01
 -9.0538917e-05
  3.6324844e-01
 -4.5870805e-05
 -1.1142857e+00
  7.4358732e-02
  1.2233395e-04
  1.0448793e-01
  5.8449979e-05
  2.8701362e-04
 -4.9100556e-05
 -4.1818250e-05
  2.7659466e-05
 -5.2239444e-05
 -5.2702962e-05
 -1.4009590e-04
  3.2200268e-04
 -4.4496574e-02
  2.7469614e-05
 -3.2265514e-05
 -2.3287497e-04
  1.6869134e-01
 -1.7155837e-05
  4.3372147e-05
 -3.3948625e-05
 -1.0699456e-04
 -5.0705468e-05
 -1.4265725e-05
 -6.0508981e-05
 -7.3498377e-05
 -1.1838100e-04
 -8.4600479e-06
  2.8598355e-04
  2.3422366e-05
 -4.4711851e-06
 -1.2355668e-05
 -3.8226313e-05
  1.9370036e-05
 -1.0902831e-05
 -1.1347700e-05
 -2.6657754e-05
  4.7096702e-05
 -5.0671078e-06
  5.9188067e-05
 -3.4112318e-06
  1.9698930e-06
  3.0622847e-05
 -1.9316470e-04
  1.1830436e-05
 -1.0111916e-05
 -4.7963604e-05
 -7.9223501e-06
  2.3787463e-05
 -2.1966574e-05
 -2.4077005e-04
 -3.7996551e-06
 -1.2229875e-04
 -1.1204769e-05
 -8.6156479e-06
 -1.0811879e-04
  1.3686559e+00
 -1.6578577e-01
 -5.7337731e-01
 -1.8836116e+00
 -7.1133894e-01
  3.4998801e-01
 -5.7106477e-01
 -1.6370417e-01
  5.4341427e-04
 -1.6810602e-01
 -1.0341999e-01
 -5.5056292e-01
 -4.4383922e-01
 -5.3807940e-05
 -1.4978313e-04
 -1.5947080e-01
 -9.7161487e-02
 -9.3416154e-01
 -2.9241043e-01
 -4.3435890e-02
 -4.6983786e-04
  8.7623715e-02
 -1.6173333e+00
  4.6645491e-03
 -1.5473364e-05
  5.3853855e-06
 -5.8421378e-05
 -5.2325270e-04
  4.3971371e-03
 -2.5088841e-06
  5.9678900e-01
 -1.9387384e-03
  8.0253929e-02
  9.0459362e-06
  6.0272664e-06
  3.8038570e-07
 -1.6331965e-04
 -2.3828348e-04
  2.6471835e-05
  4.3444215e-06
 -8.5078704e-05
 -3.9877507e-04
 -1.1059751e-04
 -4.4111548e-05
  7.0953371e-05
 -2.5539997e-04
 -2.5729576e-04
 -9.7681411e-02
 -8.8233210e-02
 -1.6418535e-05
  1.3658909e-05
  2.1528354e-04
 -2.6114276e-01
  7.5842962e-02
  3.5979650e-05
  1.6544920e-05
  4.4584038e-05
 -1.2806054e-04
  5.8282305e-05
 -3.1099524e-05
  7.6945221e-01
  2.4539066e-04
  9.4858056e-01
 -2.3697004e-04
 -7.5637668e-01
  1.0536132e-04
  3.4534303e-05
  1.0335508e-01
 -2.7377051e-05
 -3.0741593e-04
  2.0813281e-05
 -5.8601466e-03
  2.5717307e-05
 -4.9792533e-04
  6.8561712e-06
 -8.2246866e-04
  2.5524234e-04
  1.0636781e-05
 -1.4239353e-04
 -6.0441685e-05
 -1.1302862e-04
  5.1272191e-02
 -1.8853412e-04
  1.8812706e-06
  1.3872219e-05
 -2.9605759e-05
  3.0742009e-05
 -3.3755551e-04
 -3.7989998e-06
  9.6566939e-05
 -1.5488327e-05
  9.6844988e-06
 -7.5000258e-05
  1.2035174e-05
  2.2605258e-05
 -3.9481234e-05
 -2.0161018e-05
 -6.7466965e-05
 -2.9296340e-05
 -1.0452582e-05
 -3.5021485e-06
  3.8297261e-05
 -3.4770499e-05
  3.7502796e-05
 -1.2969715e-04
 -2.5756695e-05
 -2.6948706e-04
  4.8676739e-05
  8.2116130e-05
  6.7249915e-05
  5.0568242e-06
 -3.1393691e-05
 -4.0456012e-05
  5.3516680e-05
  1.4635550e-05
  1.3342337e-04
 -1.6044395e-04
 -9.7368847e-06
  9.3637034e-05
  1.3156723e-04
 -1.7604140e-04
 -4.9339337e-06
 -7.5082548e-06
  1.0669205e-05
 -1.3685561e-05
  5.9515154e-05
  9.2338261e-05
  8.3144996e-06
  1.1163922e-04
  2.8999944e-05
 -4.6273919e-05
 -3.8069233e-05
 -1.1723398e-04
  1.2443954e-04
 -1.0576451e-06
 -1.4420271e-05
 -5.7733387e-06
  7.1810042e-05
 -6.7251458e-05
 -2.1446626e-06
 -5.4952852e-06
  2.1444786e-04
 -1.6901107e-04
  9.6490432e-05
 -3.5164717e-06
  1.4367988e-04
 -4.5330085e-05
 -1.4076823e-04
  7.0035829e-05
 -1.8070081e-05
  2.2509232e-05
  6.1734559e-06
  4.5829080e-04
 -1.9296183e-04
  4.6436826e-06
 -4.5524836e-03
  3.2037529e-05
  1.5601814e-05
  8.3891209e-05
  5.5372038e-05
 -1.3726346e-05
  8.7494036e-06
  1.0155703e-05
  2.7894229e-04
  2.7888003e-04
  4.7120651e-05
  3.1337000e-05
 -1.0762555e-05
  8.0051279e-04
 -5.3134454e-06
 -1.2243036e-04
 -5.5333468e-05
  4.8920254e-05
  4.5252480e-05
 -5.7598820e-05
  3.2247113e-05
 -2.8767891e-04
 -3.2421674e-05
 -1.1785262e-04
 -7.5819721e-06
  8.7298222e-06
  9.4102266e-05
  3.4752873e-05
 -1.1032234e-04
  1.8538927e-05
 -3.4027547e-05
  2.9323912e-05
  1.6368699e-04
  6.6159104e-05
 -6.4636901e-05
  2.4322801e-06
  6.5501495e-06
  8.9640816e-05
  5.6450899e-05
  1.4622997e-05
  2.4914459e-04
 -2.9934165e-05
 -3.8622929e-05
  5.9122442e-05
  7.0539222e-06
  4.5511169e-05
  3.1995387e-05
  2.0737055e-04
 -7.0619812e-05
 -7.3126721e-05
 -5.0765291e-05
  4.2455773e-05
  8.5087340e-06
  4.7521400e-05
 -3.4468630e-05
  4.2492004e-05
  2.6668546e-05
  8.5009808e-05
  4.9025093e-05
  1.5429911e-04
 -8.8781570e-05
 -5.8193127e-05
 -4.2035059e-05
  1.1873290e-04
  1.0113911e-04
 -1.1059280e-06
 -6.4404994e-05
  4.2026066e-05
  2.6318938e-05
 -5.7037367e-05
 -2.3885012e-05
 -4.5799465e-05
  4.1496300e-05
 -1.9566076e-05
 -3.7677426e-06
  2.2205593e-05
 -2.6205391e-05
 -2.7108082e-04
 -2.7356144e-05
  6.2209210e-06
  6.1492181e-05
  1.6881862e-05
  3.0369139e-07
 -1.8443559e-05
  1.3925654e-05
 -6.4828110e-01
  1.4215126e+00
 -4.8873913e-01
  8.6943366e-02
  1.6596451e-02
 -2.2946706e-01
  1.1596849e-02
 -8.8002773e-05
 -1.3197369e-04
  5.2745123e-05
  4.6328476e-04
  2.8923815e-01
  3.0424014e-01
  2.8341190e-05
  6.0205381e-05
  6.1481507e-03
  2.6173675e-01
  5.9197988e-02
  7.2842792e-02
  8.2320301e-05
  4.1407176e-05
 -1.5094466e-06
  2.2140796e-01
 -8.1554810e-03
  6.6755651e-06
  1.2136044e-06
  1.5142423e-04
  3.1371741e-04
 -1.4134881e-04
  1.4431805e-04
  5.0617637e-06
 -1.3133447e-05
  1.1872622e-04
  1.2922139e-05
 -3.6483350e-05
 -2.5324269e-05
  8.7911467e-06
 -6.9119931e-05
  1.7404967e-05
 -3.0088882e-05
 -1.2409862e-05
 -2.4309727e-05
  3.5350502e-05
  3.0048819e-05
 -3.4551827e-05
  6.5856009e-05
 -2.3356984e-05
  7.2188291e-06
 -2.7498291e-04
 -5.0377388e-05
  1.4399407e-04
  4.3488963e-06
 -6.2739969e-06
  2.0224024e-05
  1.1627430e-05
 -5.4795091e-05
  5.6897516e-05
  8.2439976e-05
 -1.6450821e-04
 -4.3118180e-05
 -3.2132255e-05
 -1.9943376e-05
  4.0568234e-06
  2.1370412e-05
  3.6851852e-05
  6.9351438e-05
 -8.5973369e-07
 -4.7436442e-05
  6.9813359e-05
  1.5618334e-05
  1.3781717e-05
 -1.0784213e-06
  3.1946663e-06
  2.0494261e-04
 -4.3966829e-05
 -8.9842295e-05
  3.7943977e-05
 -2.6656526e-05
 -1.1994712e-07
 -7.7733539e-06
 -1.1323426e-05
  9.1552611e-06
  7.3161441e-06
 -9.5307951e-06
  4.7527217e-05
  1.9688220e-04
 -1.2823849e-05
  3.4168803e-05
  1.5931763e-04
  1.3548271e-04
  9.2647948e-05
 -1.2435364e-05
 -1.4742449e-04
  2.4156772e-05
  4.0707560e-05
 -1.0873234e-05
 -1.1826968e-05
  1.9126802e-04
  6.6698376e-05
  1.3665263e-04
  6.3330459e-05
  6.5989901e-05
 -1.2764783e-04
 -2.6965594e-05
  8.7112894e-06
 -8.5326043e-05
 -5.0158003e-05
 -5.4314623e-05
  2.2618064e-05
  1.1892292e-06
 -8.1896054e-05
 -1.0417099e-05
 -3.5883339e-05
 -3.4253807e-07
  3.0262045e-05
 -8.5077663e-05
  3.8528069e-06
  3.1512100e-05
 -6.3143347e-07
  1.8913344e-05
 -1.5603405e-02
  6.4579093e-05
  1.2327635e-05
  1.7334876e-04
  6.5778241e-02
 -6.8925794e-05
  2.9061077e-05
  8.0706312e-05
 -1.0996145e-05
  1.7536532e-04
  9.9955596e-06
  8.9524167e-07
  1.5329226e-03
  1.5846547e-04
  4.7562226e-05
  1.2623798e-04
  9.5975040e-05
  5.6859083e-04
  4.9889311e-02
 -2.6510066e-05
 -5.8257752e-05
  6.2992978e-05
  6.2566763e-04
 -3.4871806e-05
 -3.5137666e-06
 -2.2816363e-04
  7.2965267e-05
 -2.9329223e-05
 -6.2971005e-05
  9.5659198e-07
  9.0015703e-01
 -2.4643779e+00
  1.5674926e+00
  2.7356467e+00
 -1.0196244e+00
  9.1520709e-01
  4.8484644e-01
 -1.2865528e-05
 -4.2156796e-03
 -1.2098777e-01
 -5.3654844e-07
 -1.1112022e+00
 -1.0192525e+00
 -5.7192487e-01
 -1.1798019e-06
 -1.1018710e-01
  1.9580722e-01
  2.0231351e-02
  3.8750404e-01
 -1.4679087e-03
 -8.0847538e-05
  1.8275294e-01
 -8.3695555e-01
 -5.2623652e-02
 -7.7162578e-05
  3.4188473e-05
 -1.0333688e-03
 -5.1687185e-02
  2.8188212e-02
  2.7073302e-05
  1.0121127e+00
  2.7384639e+00
  1.1039063e+00
 -2.9052935e+00
  3.8981540e+00
  2.4629538e-01
 -4.4039836e-05
  9.3347085e-01
 -1.2711312e-01
 -3.8285616e-01
 -4.5685189e-05
 -4.5687136e-01
 -5.7976224e-02
  4.3054256e-01
 -2.4910924e-01
 -6.3473555e-05
 -2.9859304e-01
  8.5793459e-01
  4.8030078e-01
 -1.0419168e-01
 -1.1704735e-04
  2.5795293e-01
 -3.9783293e-01
  1.8900648e+00
 -8.0685204e-05
  6.7594010e-05
 -1.8080583e-04
 -7.2700068e-02
  8.6466610e-02
  8.0892736e-05
  4.8841484e-06
  2.7721404e-05
  1.1956295e-05
 -5.8659843e-06
  1.4417006e-01
  6.6625122e-05
 -5.5683729e-05
 -2.7891414e-04
  5.0988991e-05
 -5.3181102e-05
  1.0396862e-04
  7.3241230e-05
  1.4360271e-04
 -2.9723326e-04
  8.1230355e-05
  2.7663422e-05
  5.4078078e-05
 -4.7560992e-05
 -1.8350878e-05
  5.0701005e-05
  6.1223604e-05
 -8.6919608e-05
  5.6044146e-06
 -3.1728134e-05
  7.5595955e-05
  9.4685558e-05
  1.7875124e-04
  1.0266307e-04
 -1.2239255e-04
  2.0942389e-05
 -6.0220015e-01
  3.2104260e-01
  3.0855866e-05
 -9.0684414e-05
  3.1880239e-01
  1.0485399e+00
  1.4770234e-01
  2.6780865e-01
 -5.7448284e-05
  8.6939981e-05
  1.0517304e+00
  5.8013818e-05
  2.3010896e-01
  1.3512364e-05
  3.0661416e-01
  1.5367752e-01
  2.4273394e-01
  1.8011979e-04
  7.0663414e-06
  9.2377828e-05
 -7.1829229e-05
 -4.8461363e-05
  1.0160101e-02
  1.2918113e-05
  3.0828636e-05
  1.8399563e-05
  1.2381585e-01
 -1.9258183e-01
 -3.7934414e-01
  1.5088061e-05
  6.4385891e-01
 -3.2673790e+00
  6.7706146e-06
  6.6484325e-05
 -1.7609086e+00
  2.7960293e+00
 -9.9164695e-01
 -1.7575835e+00
  8.9378888e-03
  9.3904695e-05
  1.9036571e+00
  3.5221528e-05
 -1.4527420e+00
  8.2474922e-05
 -2.1720009e+00
 -6.8864745e-01
 -1.3436818e+00
  1.3037243e-04
 -8.1761435e-05
 -1.4529558e-04
 -1.8943292e-04
  2.0415215e-05
  1.6404659e+00
 -4.3610269e-01
  6.2266452e-05
  4.3926237e-05
  8.3076054e-01
 -3.5619891e+00
 -3.1143069e+00
  1.2529920e-01
 -1.6256861e-04
 -5.3905785e-02
 -6.2752306e-02
 -2.4371423e-01
  1.4177765e-01
  7.5060092e-02
 -7.5347953e-02
 -7.5003326e-02
 -1.2660799e+00
 -2.4784429e-01
 -2.4171393e-04
  1.8202343e-04
 -1.8596636e-04
 -4.7796318e-01
 -1.5575605e-03
 -5.1363941e-02
 -1.0175930e-01
 -1.1333517e-02
 -5.8578480e-02
 -1.3521842e-04
  1.2204669e-05
 -2.8250011e-04
  3.1168642e-05
 -1.0868830e-01
  1.1907348e-04
 -2.3763256e-04
  2.7994571e-05
  4.0248327e-05
 -8.8897796e-04
  8.4893756e-05
  3.9899114e-01
  4.1386405e-01
  1.4494309e+00
  6.7026311e-01
  4.2054152e-01
  2.7621970e-01
  4.7533501e-02
 -3.7053144e-01
  6.1781871e-01
  3.5977265e-01
  4.7151027e-03
 -1.2353668e-02
  9.8272816e-05
 -6.2944227e-01
 -9.0862751e-01
 -4.3022549e-03
  5.8408606e-01
  1.7338255e-01
 -9.9575751e-02
 -1.6891776e-01
 -1.9236605e-01
  8.4678388e-05
 -5.1044905e-01
 -4.7555070e-02
 -6.2760019e-01
  6.3895271e-03
  8.9169502e-02
 -5.9032925e-05
  3.8752577e-01
 -1.6646135e-03
  5.5358105e-05
  1.7917053e-05
 -1.3471746e-05
 -1.8177529e-04
 -3.8376573e-05
  1.7671402e-04
  8.8821660e-05
 -5.4131782e-05
  9.9924800e-05
 -1.1437012e-04
  4.2287382e-05
  9.4681542e-05
  1.7364318e-05
 -3.3671640e-05
 -5.2263744e-07
 -3.8987120e-05
  8.2567552e-05
  3.2267053e-06
 -1.2332177e-06
  1.3311248e-04
 -1.7841252e-04
  3.0628321e-06
 -4.4968921e-05
 -2.3273695e-05
  1.2285799e-06
  3.3768367e-05
 -8.0683212e-06
  2.8230090e-05
 -9.4970761e-07
 -6.1365504e-06
 -1.0418622e-04
 -1.4605688e-01
  1.2309353e-03
  5.2036867e-05
  3.8911803e-05
  1.7283553e-03
  1.2302544e-02
  3.1041461e-01
  6.5151260e-05
  6.3743071e-05
  4.1784762e-04
 -1.2895594e-05
  4.5788551e-05
  8.3233686e-03
 -6.6257543e-03
  4.3982338e-05
 -3.1828295e-05
  1.3182948e-04
  3.9407932e-05
 -2.6377279e-03
 -6.2077175e-05
 -3.0049887e-05
 -5.2443676e-05
  6.9179493e-03
 -9.3219359e-04
 -2.1280286e-04
  1.4486808e-07
  5.2677657e-05
  4.0286072e-02
 -3.0467843e-06
 -7.1414703e-01
 -3.8150978e-01
  1.1036420e+00
  3.8311001e-02
  3.8014737e-01
 -7.2766739e-01
  3.6697984e-01
  4.0858918e-01
  2.1045296e-01
 -1.0197513e+00
 -3.7323794e-01
  9.7419339e-01
  5.1002182e-05
 -8.0110356e-02
 -1.0802896e+00
 -1.2816647e-04
  2.2144292e-05
  8.7369278e-02
  1.3937913e-01
  3.7606347e-01
 -8.3957035e-05
  5.8908248e-04
 -3.4575298e-01
 -9.8064374e-05
 -6.0346134e-05
  1.4481442e-01
 -2.8456897e-01
 -3.9703835e-05
  3.4865182e-02
  8.5268068e-05
 -1.7920489e-07
  2.3140459e-05
 -3.1406380e-05
  2.1863045e-04
  6.9392037e-05
  5.7906630e-07
 -3.5596717e-05
  3.2954551e-05
  1.8278051e-05
  4.6167625e-05
  4.2878601e-05
 -4.1763589e-05
  2.0711319e-05
  1.3356633e-04
  7.0647511e-05
  2.2449785e-05
 -2.4190707e-05
  8.6139029e-05
  1.8022273e-06
 -1.3706911e-05
  7.0984148e-05
  1.0418626e-04
 -4.7890703e-06
  2.1501790e-05
  1.1783552e-04
  7.3469237e-06
 -1.5516963e-06
 -9.5142103e-05
  7.6944569e-05
  2.5284280e-05
  2.1699982e-05
  5.8848214e-05
 -2.0457510e-04
  2.7751374e-05
 -2.7492239e-05
 -1.9457957e-04
  8.4356345e-02
 -1.0460761e-05
  8.4368403e-05
 -2.8711385e-05
  1.6303310e-04
 -2.6263255e-05
  1.9553645e-05
 -5.1548046e-05
 -5.2801654e-05
  1.4334725e-05
  1.1816838e-04
 -3.3356095e-04
  9.5802701e-05
 -2.1416998e-05
  7.2080809e-05
 -4.8128500e-06
 -3.0084610e-05
  7.7874411e-06
  6.4119449e-05
 -1.4466498e-04
  8.2478444e-05
  2.4294337e-05
  1.1029192e-04
  7.2336884e-06
  9.9870437e-01
  2.4898300e+00
 -8.8825810e-01
 -1.4545950e+00
  1.7220359e+00
 -2.6459318e-01
 -1.6632708e-02
 -4.2440733e-01
  4.2913771e-01
 -1.1714551e-01
  5.8150983e-01
 -2.6336172e-01
  1.1729194e-01
  7.3094767e-01
  1.4532596e-01
 -1.6555689e-04
 -1.4569538e+00
 -1.8936291e-02
  6.9993728e-01
  8.1033605e-01
  1.8590290e-02
 -4.5673135e-01
  1.7036006e-01
  1.0935465e-01
 -7.8007644e-05
 -1.4877488e-03
 -1.5664431e-01
  1.1607141e-01
 -2.0052488e-01
 -4.4308326e-06
 -7.2419089e-01
 -1.4917227e+00
 -3.6323342e-01
  9.6560717e-01
 -1.0713266e+00
 -1.5557481e-01
 -2.4918088e-01
 -1.3346852e-01
  1.3269693e+00
 -4.8492554e-01
 -3.4060392e-01
  1.2089753e+00
 -5.9456956e-01
  9.7839499e-01
 -5.5717808e-01
  5.8040196e-01
 -3.3034176e-02
  5.3282028e-01
 -4.4179735e-01
  3.5368423e-03
 -3.6549667e-01
  1.3352081e+00
 -1.4406227e+00
 -1.5086612e+00
 -7.0488924e-01
  1.1734601e+00
  1.1548430e-01
  2.3738612e-04
 -2.9303530e-01
  4.6151423e-01
  1.0847437e+00
  3.4670725e-01
 -2.0325220e-01
  2.8020877e-01
  9.5837623e-01
 -7.9109697e-03
  2.6237071e-02
 -3.1254426e-01
 -2.8078544e-01
  3.7965018e-01
  1.0597122e-01
  4.9281567e-01
 -1.4408568e-03
 -4.0299928e-01
 -1.8714266e-01
 -6.5898949e-01
 -3.4495357e-01
  1.2507540e+00
 -1.2590283e+00
  1.1972620e+00
  1.8907113e-01
 -7.0845139e-01
  8.2971990e-01
  6.5812558e-01
  1.1394458e+00
 -1.9491206e-01
  5.3516857e-04
  2.3039502e-04
  3.0305120e-01
 -3.4050967e-03
  2.9377961e-01
 -7.1673477e-01
  4.3319467e-01
  7.9833859e-01
  1.5802829e+00
 -4.6493277e-02
 -2.9431716e-01
  2.4046668e-01
  7.1913970e-01
 -9.1861673e-02
  9.6118683e-01
 -1.4025481e-01
  1.4156094e-01
  2.1096470e+00
 -7.3302376e-01
  4.7025654e-01
  1.5573798e+00
 -2.8024219e-02
  7.5771779e-01
  1.6160381e+00
 -1.3774204e-05
  3.4308447e-05
  1.4535038e-01
 -1.1559501e-01
  5.3187096e-01
  3.7788864e-02
  1.0108079e-01
 -6.8439960e-02
 -5.1128890e-02
  1.7673066e-01
 -6.2668376e-05
  9.8615519e-06
 -4.8983775e-06
  7.3641199e-06
 -6.3113141e-05
  1.5417527e-04
  1.9431454e-05
  3.5496832e-06
 -5.9334809e-01
 -2.8259987e-05
  5.0231032e-05
  1.5885138e-05
 -1.5452018e-05
 -2.4728753e-05
  3.3454031e-05
  1.6191357e-04
 -2.9923805e-05
 -1.2250058e-04
 -5.0070172e-05
 -7.9812344e-06
  9.2433591e-05
 -4.9681195e-05
  2.5618439e-05
  2.9098982e-04
  1.0758708e-06
 -6.0629809e-05
 -3.4762877e-05
  7.6032724e-05
 -3.7528567e-05
 -8.2880375e-04
 -2.5842499e-05
  1.4174993e-04
 -2.1576267e-03
  2.0442038e-05
  1.6876219e-06
  2.8208620e-05
  1.8928735e-05
 -1.2002076e-05
  1.0054744e-01
  1.4047348e-05
 -7.7671901e-04
  7.7500983e-05
 -4.4154777e-04
 -4.6398002e-01
 -8.0146092e-06
 -1.1013683e-04
  1.3333162e-04
  1.6245979e-06
 -2.3494000e-05
  6.5346016e-05
  9.9041768e-05
 -8.3040162e-05
 -7.6398741e-05
  2.3675041e-04
 -5.0259743e-05
 -7.8495810e-05
  7.6768207e-05
  1.3937251e-05
 -4.2020733e-04
 -6.9049449e-05
  3.5353920e-01
  9.2339538e-02
 -7.1912324e-01
  4.0109760e-01
 -1.0103735e+00
  9.5503949e-02
 -2.6643366e-01
 -1.0204142e+00
  3.1583512e-01
 -2.6425377e-01
  1.1557894e+00
  1.3841967e-01
 -1.1418433e-01
  2.0508470e-01
  6.9030285e-02
 -4.7035333e-02
 -8.6704820e-01
  2.5371433e-04
  6.6655064e-01
 -1.6498702e+00
  4.9663031e-05
 -3.3117749e-02
  2.9939386e-01
 -1.2425320e-04
 -1.1709618e-05
 -4.2563034e-03
  1.6579042e-01
  1.3512768e-03
 -1.4008705e-01
 -1.0396785e-02
  4.3362159e-01
  2.9676899e-01
 -5.5055410e-02
 -8.8552326e-01
 -7.8337507e-07
 -2.3601499e-01
 -4.0646587e-02
 -2.5292369e-02
 -2.4444248e-01
  4.2477608e-01
  3.8727385e-06
 -2.7188152e-01
 -7.5799756e-02
 -9.6305555e-01
 -5.2482355e-03
 -1.2839463e-04
 -4.0892590e-02
 -1.3671652e-04
  2.6150158e-01
  3.2717787e-04
 -2.1896072e-05
  9.9654608e-06
  1.1654034e-04
  1.7249424e-05
  1.3439739e-03
 -1.8502116e-04
 -1.7539911e-04
 -4.9239861e-05
 -3.6409957e-04
  2.3160837e-04
  2.9979228e-07
 -9.8198316e-06
 -2.3508537e-05
 -2.5670988e-05
  5.7638415e-05
 -2.9680632e-05
  1.5338886e-04
 -3.3158289e-05
 -2.1953603e-05
  2.2231516e-05
 -1.1733251e-04
  3.4175118e-05
  1.7421193e-04
  1.0856103e-04
  9.0364165e-06
  1.4069461e-06
 -2.8555839e-06
 -9.2657037e-06
 -2.1224869e-04
  2.4329973e-04
  6.7947462e-05
  3.4518325e-05
 -5.6178873e-05
  3.0763298e-05
  1.3397046e-05
 -3.6250531e-05
  3.7592540e-06
  8.5950123e-05
 -1.1497207e-05
 -1.2995354e-05
  2.9707706e-05
  1.1750153e-04
 -1.3185547e-06
 -1.2879006e-05
  2.4402349e-05
 -2.4224435e-05
 -1.1729524e-05
  1.5503161e-04
 -9.9819963e-06
 -1.6084694e-05
 -2.2432174e-05
 -5.3877895e-05
  3.6204765e-06
 -1.0269032e-04
  4.8484592e-04
  9.5394847e-05
  1.1594244e-05
  7.7655481e-05
  2.7840666e-04
  1.2764028e-04
  1.5383483e-04
 -5.0800753e-07
 -1.5330438e-04
 -3.7350492e-05
 -1.4973486e-04
  8.5303138e-05
 -1.2623475e-05
  1.2432315e-04
  7.3342976e-06
 -5.6921781e-05
  1.4919994e-04
  2.4689576e-05
 -2.7820273e-05
 -6.1327315e-05
  8.3759776e-05
 -4.2357406e-05
  2.1104871e-04
  1.1785136e-04
  2.0910589e-04
  2.7025028e-04
  1.1252759e-04
 -1.7167600e-05
  6.3217900e-05
  2.1146323e-05
 -1.3036858e+00
 -1.7399238e-06
  7.1275303e-05
 -2.6076152e-05
  1.0198826e-04
 -1.4471723e-05
 -4.5915349e-06
  1.0737123e-04
 -1.3682744e-04
  2.3306411e-05
 -2.4565328e-05
  1.8546516e-05
 -4.2471940e-05
  6.5980923e-05
  8.9765090e-05
  8.8063156e-05
  2.5006722e-05
  5.1222371e-05
 -1.8956254e-05
 -3.3999370e-06
 -1.2396617e-05
  2.2409559e-04
  4.8754591e-05
 -5.4237560e-05
  2.7300996e-06
 -7.7708573e-06
 -1.1618265e-05
  3.4500801e-05
 -1.6043841e-05
 -3.1133703e-05
  3.1478587e-04
 -1.3774376e-06
 -4.0093981e-04
  8.2316641e-05
 -3.0623134e-05
 -2.2480754e-05
 -1.0505633e-04
 -1.6390758e-04
 -2.7463246e-05
 -1.2474092e-04
  1.6752818e-04
 -5.0059101e-04
 -1.6662508e-04
 -3.1742031e-05
  2.4167537e-04
  9.6606109e-06
  3.1056577e-05
  5.2973646e-01
 -3.5913422e-04
 -2.2969383e-05
 -9.4646392e-05
 -5.8238365e-05
 -6.4860407e-04
 -3.7841655e-05
 -2.6750735e-05
 -2.4794251e-01
  1.5159133e-05
  1.5638881e-05
 -1.3530160e-04
 -3.3758271e-05
  1.9100736e-04
  2.0444514e-04
 -3.3150169e-05
  1.4002970e-04
 -9.7891003e-05
  2.1748368e-04
 -1.1216405e-04
 -2.4289089e-04
  2.6747408e-05
 -2.6595294e-06
 -1.8829512e-06
 -7.5678996e-05
 -2.1967587e-06
 -8.5943291e-05
 -6.9719297e-04
  3.9918847e-05
 -6.2009566e-03
 -8.0759192e-01
 -7.4599218e-01
 -8.3810979e-01
  1.5222764e-04
  1.5559282e-02
 -8.0881113e-01
 -1.8626103e-01
  1.3000198e-01
  8.5000628e-01
  4.4513336e-06
 -8.5562386e-02
 -1.5353587e-03
  9.8016057e-03
  2.9598644e-02
 -4.4857329e-06
  4.2529267e-05
  2.7146847e-05
 -4.4476990e-02
 -2.8864826e-05
  9.0798349e-05
 -9.5234813e-05
 -8.8796824e-06
  1.4764209e-05
  2.2375707e-05
  1.2249498e-04
 -1.6080521e-04
  7.9112266e-05
 -2.6634803e-02
  9.9090052e-05
  1.9419578e+00
 -1.8508901e-01
 -5.6308734e-01
  8.9032273e-04
 -3.7689622e-02
 -1.3657457e-01
 -1.0110246e+00
  5.6134933e-01
 -2.7348783e-03
 -1.8757615e-02
  4.2234632e-01
 -2.9973844e-02
 -3.6745291e-04
 -1.0472434e+00
 -1.1660988e-02
  2.7636040e-04
  1.0556338e-05
  4.3453548e-02
  3.4914964e-01
  4.7094628e-01
 -7.1852955e-05
 -6.8214677e-02
  2.3823859e-05
 -2.0330043e+00
  3.4935075e-01
 -9.3144096e-02
  3.1277213e-02
  8.5545762e-06
 -2.1589715e-03
 -3.3285476e-03
  7.1855269e-05
 -1.1695113e+00
 -3.6441961e-01
  2.6373293e+00
  3.4284818e-05
  3.8107459e-02
 -3.8529071e-01
 -2.5695962e-01
 -3.0529043e-01
  1.9514211e-01
 -9.0567857e-01
  9.7977728e-01
  3.8595402e-01
  2.1603444e+00
 -8.0646670e-01
 -3.9744074e-04
 -1.5247955e-02
 -4.0706230e-04
  4.3330628e-01
  1.7191721e-04
 -3.5629710e-04
  8.1267141e-02
 -2.8047568e-01
  3.5247567e-01
 -2.7489802e-01
  2.5511006e-04
 -1.1177158e-01
 -2.1921160e-02
  7.7241581e-05
 -4.3519031e-02
 -5.8401042e-01
  1.6851342e-05
 -2.4522806e-05
  1.1722123e-04
 -7.9441779e-05
  2.0607233e-05
  1.3673969e-02
 -1.1258532e+00
 -3.8718539e-01
 -3.3988439e-02
  3.6479600e-04
 -1.5453665e-05
  8.8050045e-05
  1.2816213e-01
 -7.5138342e-03
 -7.1776562e-06
 -4.4296361e-05
  1.9695270e-05
 -3.3513440e-03
 -8.3925584e-03
 -3.9511715e-04
 -5.1825929e-05
 -1.9299444e-04
  1.4710164e-04
 -1.4957806e-04
  2.8051014e-04
 -1.8532242e-05
 -9.0062140e-06
  1.4054853e-03
 -1.0545379e-04
  3.8549948e-02
 -6.2916472e-05
 -2.1126423e-02
 -2.4728734e-02
  5.5752855e-05
  4.2939442e-01
 -8.7548688e-02
 -3.0005142e-01
 -2.5025085e-01
  6.3143110e-01
 -2.3786757e-05
 -4.7914611e-05
 -2.8529877e-04
  3.8723627e-01
  9.9133020e-03
 -4.6724064e-05
 -7.3218485e-05
  1.0550665e-04
 -9.8903522e-02
  1.7405125e-04
 -2.9822348e-05
 -4.0585684e-04
 -3.3425076e-05
 -2.6445019e-01
  2.1331981e-04
 -3.2677461e-04
  7.1017814e-05
  1.6773716e-04
  1.9918114e-04
  1.0700703e-04
  5.6392448e-05
  9.6143449e-05
  3.6478727e-05
 -5.8044607e-05
  1.1801942e-04
  2.4020152e-05
  5.9284535e-05
  1.4871622e-04
 -4.7166130e-05
  1.5697324e-04
  6.7970621e-05
  1.1844204e-04
  1.0899395e-04
  4.3880984e-05
  7.7046354e-07
 -1.9014013e-04
 -1.1465660e-05
  7.2019124e-05
  1.9296038e-05
 -4.8814563e-04
 -2.1906393e-05
 -7.2668004e-06
 -3.0167682e-06
  8.8618188e-05
  3.4393193e-05
 -4.8635076e-05
 -4.4902565e-05
 -2.0262260e-05
  4.4811357e-05
  3.6748064e-05
  3.3428689e-05
 -4.7554728e-02
  7.5239062e-01
  7.6395363e-01
  3.2535924e-03
 -4.2729273e-01
  2.7280769e-01
 -7.0109852e-03
  1.0167625e+00
  4.8498717e-01
 -1.6392204e-01
  1.9723589e+00
  2.5206035e-01
 -6.0958028e-01
  3.2409158e-02
  4.2384303e-01
  1.3309281e-01
 -7.0001966e-01
  5.9317982e-01
  2.9034522e-01
  2.4329670e-04
  4.7622299e-01
 -1.1646169e-01
  1.3386614e+00
  3.3197569e-04
  5.1882391e-05
 -3.4339130e-01
  4.8517887e-04
 -4.8633221e-01
  9.0141570e-05
  1.2483571e-05
 -1.3932849e-04
  7.3746892e-06
  5.0746065e-05
 -1.7185874e-04
  5.1886356e-05
  4.0326127e-06
  3.2775395e-05
 -2.2109853e-04
 -3.2843509e-05
  2.1406930e-05
  4.3685832e-05
  6.3856831e-05
  7.0794711e-05
 -1.7208421e-04
  1.3836225e-05
  9.2979799e-06
  1.3658188e-05
 -1.3087020e-04
  7.9913458e-05
 -3.9537626e-06
  1.0579269e-04
 -1.6024495e-04
 -2.8604911e-06
  2.8784230e-05
 -3.9399451e-06
  1.3607227e-04
  3.1415308e-05
  2.6603221e-04
  1.6275420e-05
 -1.4141285e-04
 -3.1479001e-05
 -6.9011591e-02
 -6.2548293e-05
  3.3314680e-06
  1.5746622e-04
  3.7264719e-05
  6.3994703e-05
 -2.1010762e-01
  6.7551330e-02
  1.0195226e-06
  6.0663331e-01
  5.4976252e-05
  7.0968039e-05
  9.1923626e-05
  1.3175864e-04
  2.4430235e-04
  6.8718582e-05
  2.6189606e-05
  3.8912800e-05
 -5.7739147e-05
  3.5244342e-05
 -9.6211756e-05
  2.8604903e-04
 -1.4274039e-04
  8.9185822e-05
  8.4924059e-06
 -2.4563581e-04
  9.4044648e-05
  3.0006102e-04
 -6.4920610e-01
 -5.8658379e-01
 -2.8657946e-01
 -5.1397616e-01
  3.8824224e-01
  3.5817879e-01
  6.3245177e-02
 -2.7556646e-01
  4.2904511e-01
  7.6716864e-01
  4.5913759e-05
  5.7379289e-06
  1.9237709e-04
 -1.9293412e-03
 -8.6147296e-01
  9.8787685e-05
  3.5080682e-06
 -6.0226637e-01
  1.7946564e-02
  1.8248442e-04
  4.9699474e-07
  1.0061702e-04
 -2.1718801e-03
  3.7401333e-04
 -2.4266857e-04
  1.1875333e-04
 -5.3915497e-05
  1.8463246e-04
  6.6556908e-02
  1.8310521e-04
  4.2903239e-01
  1.4745476e+00
  2.2771210e-05
  1.3096164e-01
 -4.9663126e-01
  2.9385512e-06
 -4.4766210e-05
 -8.0468291e-01
  3.1775333e-02
  3.7426701e-01
  1.6370132e+00
 -3.7758989e-05
 -4.5376633e-05
  8.6933422e-01
  7.7440298e-01
  8.7689063e-05
  1.7132278e-04
  3.0909443e-05
  4.6018606e-05
 -4.7768224e-03
 -7.7254492e-01
 -5.2231675e-01
 -4.5948377e-01
  1.3537967e-04
 -6.6310713e-05
 -1.6395752e-04
 -3.9828517e-03
 -2.2089636e-05
  1.8876053e-05
  7.4335742e-01
  5.0132287e-01
 -2.0993438e+00
 -1.0010495e-04
 -4.1258237e-01
 -1.0857437e+00
  1.3629924e-06
 -8.6416876e-05
  2.5589569e+00
 -1.7206267e+00
  1.5345722e+00
  1.4937600e+00
 -2.5825998e-01
  1.3451637e-01
  1.7120501e+00
  8.0083770e-01
  1.1578696e-05
  3.1190579e-05
 -2.0216414e-01
 -8.1457263e-05
  2.9730755e-01
  4.5746824e-01
  9.5859498e-01
 -1.3687240e+00
 -4.3387815e-01
  3.7547678e-01
  1.3734084e-04
 -1.1357435e+00
  1.5832687e-05
 -2.1779919e-01
 -9.0624559e-01
 -2.1105430e+00
  7.3042548e-01
  4.3721798e-01
 -5.9727418e-01
 -2.4570627e-02
  1.7389104e-02
 -4.9967358e-01
 -1.0136511e+00
  1.5746202e+00
  3.8303027e-01
  2.5004894e-01
  1.0105442e-01
 -6.3242173e-01
 -9.1732611e-05
 -1.7920179e-04
  3.1422082e-01
  7.7133845e-06
  3.5753230e-05
  1.3502192e+00
 -9.8631644e-01
 -6.3367486e-01
  8.3977765e-01
  8.4863597e-01
  6.0807997e-01
 -1.0554940e+00
  5.3907615e-01
  4.6168032e-01
 -9.1709936e-01
 -1.7165561e-01
  9.8020911e-02
 -2.4117179e+00
  4.2883372e-01
  1.8646149e-01
 -1.1004883e+00
  1.5093807e+00
  7.8015886e-03
  3.7006412e-02
  3.1763414e-01
  1.0111256e+00
  5.9475434e-01
 -2.3052481e-03
 -5.5376470e-01
  1.3436383e+00
 -1.5848813e-05
  1.6640332e-01
  1.5567355e+00
 -1.3097196e+00
 -1.8168256e+00
  1.8141112e+00
  1.0022388e+00
  1.6502823e-01
  1.6700324e+00
 -7.7627534e-01
  1.1240619e+00
  6.5136689e-01
  2.5866961e-02
 -1.3398853e-01
  1.9394292e-01
 -4.1433005e-03
  2.1033522e-01
 -5.0321060e-01
  6.5466684e-01
 -1.9848593e-01
 -1.6589442e+00
  1.0436772e+00
 -7.0520169e-01
 -1.7440503e+00
  9.1117278e-02
 -1.0485699e+00
 -1.1931278e-01
 -4.6672720e-01
  7.6864026e-02
 -1.2631874e+00
  2.8979841e-01
  5.9025544e-01
 -6.5923947e-01
  5.6629491e-01
  1.4665158e-01
  1.8176935e+00
 -5.9560779e-03
  1.2826258e+00
  9.8861068e-01
 -9.8295432e-01
 -1.3288572e+00
  1.1234244e-01
  4.0577435e-01
 -3.4869540e+00
 -1.5037593e-01
 -2.0995581e+00
 -2.5169590e-01
  1.0468496e+00
 -6.8220909e-04
 -9.1921777e-02
 -1.8134498e-04
  2.8389151e-04
 -8.7070985e-05
  1.3773421e+00
 -1.0063512e+00
 -4.5501522e-05
  8.0798143e-01
 -6.6456966e-02
  2.7416691e-05
  4.5326877e-01
 -2.3176564e-01
 -4.7858226e-01
  5.4517037e-01
  5.0925553e-01
  1.1397877e-01
 -9.2533535e-01
 -5.4754686e-01
 -1.4827569e+00
  6.5204084e-01
 -1.1647221e+00
 -2.6423461e+00
  4.8661160e-01
 -1.0334693e+00
 -8.2411462e-01
  3.4272423e-01
 -7.7093653e-02
 -3.3910581e-01
 -9.5476854e-01
  2.0055729e-03
  5.4404551e-05
  2.7532191e+00
 -6.5869486e-01
  4.2197619e-02
  1.2538265e+00
 -9.2803828e-02
  1.3469009e-05
  8.2139754e-01
 -9.6880319e-03
 -4.4455287e-01
  1.2764916e+00
  6.5697730e-02
  4.4879764e-01
  6.9664821e-02
 -7.4350369e-01
 -1.5254711e+00
 -2.6846728e-03
 -2.6025942e-01
 -2.8721035e+00
 -5.4768133e-01
  1.3949388e-01
 -4.6461311e-01
 -3.4121329e-01
 -9.9905372e-02
 -5.5133563e-01
  7.4542367e-01
  7.3774396e-07
  2.9844436e-01
 -9.8362155e-02
 -8.7359196e-01
 -1.6567430e-02
  1.4015529e+00
 -2.5451976e-01
  3.8861286e-02
  8.5159504e-01
 -7.2277355e-05
 -2.1093934e+00
  2.1166978e+00
  9.1053784e-01
  4.1423604e-01
  1.2158992e+00
  5.5495626e-01
  7.6862180e-01
 -7.9902411e-01
  1.1105132e-01
  1.3492204e+00
  1.2190183e+00
  1.4502513e-01
 -9.2523485e-02
 -1.7874950e-01
  1.1256081e-05
  7.1766481e-05
  7.6225451e-03
 -1.9046420e-03
  1.3021000e-05
  6.4742953e-01
  2.6636696e-01
  6.4299547e-06
 -5.6723915e-02
  6.9813496e-01
  1.2365074e-01
 -4.0364376e-01
  1.4281714e+00
 -9.4417822e-01
 -8.1974727e-01
 -1.8952706e-01
 -5.3708452e-05
  8.6447608e-01
  2.5024867e-01
  3.9245972e-01
 -2.5920486e-01
 -1.8264735e-01
 -2.5091701e+00
 -1.1814947e+00
  2.0624822e-01
  3.3355013e-01
  1.2845836e+00
 -3.4507051e-05
  4.0317236e-06
  2.2114334e+00
  4.6498108e-01
 -6.5657830e-01
  1.8995095e+00
  1.0346532e+00
 -2.0011757e-05
 -1.8593293e+00
  8.7329632e-01
  3.9469242e-02
 -6.1630720e-01
  1.2184813e+00
  6.7517191e-01
  1.1721389e+00
 -5.2739368e-05
  1.6527083e-03
 -1.7859833e-02
  7.6631826e-01
  3.7395403e-01
  1.0375615e-01
  1.8235981e+00
  1.1342915e+00
  3.1077456e-01
 -2.0979559e-01
  2.3586239e-01
  7.2617596e-01
  3.4398105e-04
  1.9784433e-01
 -1.0629882e+00
 -1.9587759e+00
 -1.9655507e+00
  2.4315791e-01
  8.4258777e-01
 -4.0120620e-05
  1.1667382e+00
 -5.5581486e-01
 -1.3900670e-05
 -8.4432900e-01
  4.4115061e-01
 -6.3541576e-02
  9.4705474e-01
  3.0754784e-01
  1.8678932e-01
  1.0286779e+00
  1.4743893e+00
  6.2424611e-02
 -9.7310013e-01
  4.5119759e-01
  4.1495603e-01
 -1.0281537e+00
 -5.6834036e-01
  1.6867017e+00
  1.4808123e+00
 -3.2182405e-05
  2.0814179e-05
  4.1386218e-05
  2.1196430e+00
  2.2465937e-02
 -3.5556288e+00
  6.0367817e-01
  5.7852129e-04
 -5.5022061e-01
  6.1312163e-01
  5.7767350e-02
 -3.1848222e-02
 -2.1359358e+00
  1.3108937e-01
 -1.6873401e-01
 -9.5978212e-01
  1.7788133e-01
  6.5669239e-01
  5.1883399e-02
  1.4667006e-04
  7.6382704e-02
  2.7324224e+00
  1.9230307e+00
 -6.4213634e-01
  1.6681378e+00
  1.0000280e+00
 -1.5855508e+00
 -3.3425702e-05
 -5.4236767e-05
  4.5582529e-02
  5.1469725e-01
  9.6730751e-01
 -1.1616788e+00
  1.6081251e+00
  8.3984742e-05
 -1.4236648e+00
  8.2008475e-01
 -2.2096858e-05
 -3.0804062e-02
 -6.7486650e-01
 -2.9772803e-01
 -1.8473092e+00
 -1.2291584e+00
  8.1406510e-01
 -7.8386243e-04
  5.6044275e-01
  3.6129886e-03
 -5.9464906e-05
  3.3497691e-01
  1.7373027e+00
 -5.4216176e-02
 -5.5690336e-01
  2.5747222e-01
 -2.9848838e-01
  2.3063194e-05
  1.2573656e-01
 -8.9961141e-01
  1.3207818e+00
 -7.3691577e-01
  6.2176287e-01
  3.6555094e-01
  2.1976717e-01
 -1.3031909e+00
 -2.2867750e-03
 -5.1202578e-03
 -2.4770901e-01
  1.4019881e+00
  5.4688495e-01
  1.5677367e+00
  1.8009239e-01
  4.2612654e-01
  3.0051523e-01
 -7.4344361e-01
 -9.0060431e-01
  1.4665273e+00
 -2.4641702e+00
 -9.5392376e-01
 -5.6327569e-01
 -1.4772090e+00
  4.6139473e-01
 -3.5613072e-01
 -2.6622602e-01
 -4.8266602e-01
  1.0806590e+00
 -4.3114051e-01
 -7.3100335e-04
  1.3448434e+00
 -7.5983003e-06
  3.6950159e-06
 -7.5899072e-05
 -5.6446777e-03
  3.8491797e-01
 -2.9088014e-03
  4.3761055e-03
 -4.0985510e-01
 -1.0316513e+00
  1.1199148e-01
  5.6033928e-02
 -1.3375808e+00
 -2.0036633e+00
 -1.8858216e+00
  8.9027345e-01
 -9.8985679e-02
 -1.6147234e+00
  1.4132254e+00
 -3.7642601e-03
 -1.0123118e+00
  1.5124373e+00
 -7.5014806e-01
 -1.4647779e+00
  3.0242455e-01
  5.5945456e-01
 -3.2538420e-01
  7.9952306e-01
  2.5953403e-01
  2.9955336e-01
  5.9370048e-02
  3.2972398e-01
  1.3538172e+00
 -8.1781739e-01
  6.9654583e-05
 -4.7117996e-01
 -1.4913077e+00
 -5.5658903e-02
  3.3901032e-02
  8.4962982e-01
 -7.9719937e-01
 -3.4494512e-02
 -1.2181088e+00
 -1.3693874e+00
 -1.6058699e+00
 -9.5465022e-01
 -5.4812253e-01
 -3.4809381e-02
  1.4740043e+00
 -1.3077191e+00
 -1.4903569e+00
 -7.0409119e-01
 -7.7577573e-01
  1.0533416e-01
 -1.7081236e+00
  1.2514379e+00
  1.5346245e-01
 -8.9896095e-01
 -5.2497172e-01
 -1.8949116e+00
  1.1629176e+00
 -1.5886952e+00
 -9.6599418e-01
  6.1617732e-01
  1.7747819e+00
  1.5868266e+00
 -1.3435310e+00
  2.3381812e-05
  4.7400728e-02
  1.2611067e-01
 -1.4447486e-01
 -6.1539431e-05
 -3.1583634e-01
 -2.2843809e-01
 -1.3300147e+00
 -3.4910998e-01
 -4.6223959e-05
 -1.2333090e-05
  1.0328834e-05
  2.5779626e-05
  2.3377599e-04
  1.2212238e+00
  2.3772316e-04
 -7.3404545e-01
 -2.7793032e-04
  4.1005307e-05
  8.8728899e-03
  1.3519748e+00
 -1.4629228e-01
 -1.4168118e-05
 -4.9139482e-01
  6.7336452e-01
  4.6951604e-01
 -1.3099154e+00
 -1.9800743e-06
  1.0879488e-04
 -4.2886788e-01
 -7.6518088e-05
  1.1551153e-05
  1.8974731e+00
 -6.9244742e-01
  3.8656825e-01
 -4.0872708e-01
  3.1505002e-05
 -2.6481188e-05
  6.8478382e-01
 -3.9535696e-03
 -3.0446533e-06
 -6.0002100e-01
  1.4867975e+00
  8.5146666e-02
 -1.2121823e+00
 -3.4205020e-06
  4.7993174e-04
  7.4166185e-01
 -1.2933390e-05
 -5.3109943e-05
 -1.2378216e+00
  7.8229660e-01
  8.6555409e-01
 -6.1037081e-01
 -5.8089381e-06
  9.3096087e-04
  3.7234989e-01
 -1.0335877e-04
 -2.6525362e-05
 -2.2156990e-01
  3.0532762e-01
 -1.6882043e+00
  3.1921549e-03
 -5.2002524e-03
  8.4370170e-03
  4.1605705e-01
  2.0471832e-06
  2.7950564e-05
  1.2568872e-01
 -2.1089041e-01
  2.5212595e-01
  6.2598564e-02
  5.8467427e-05
  8.0098935e-06
  7.5285208e-01
 -5.1335253e-05
  1.0012166e-04
  7.3000647e-02
  9.3617804e-02
  7.4702609e-01
 -5.0824970e-01
  4.2396718e-05
  7.0927905e-05
 -8.1798857e-01
  2.2523951e-02
  1.9872839e-05
  4.2393616e-01
 -6.8807805e-01
  1.1178852e+00
  3.8893127e-01
 -1.9494996e-06
 -1.6968026e-04
  4.9778224e-05
 -7.1023105e-06
 -1.3932293e-04
  1.3527003e-04
  1.5733209e-05
 -1.3313564e-05
  5.6149245e-05
  1.9030293e-05
 -6.7629990e-05
 -1.3102460e-06
  1.6490236e-01
 -6.7205842e-06
  8.2536650e-01
 -1.5325645e+00
  1.1084077e+00
  3.4316570e-02
 -2.2320191e-05
 -8.2628903e-06
 -3.7505284e-05
  1.8211589e-04
  1.1530202e-05
  8.2793188e-01
  4.6291012e-01
 -1.2651312e+00
 -2.7166331e-01
  8.0704649e-06
 -1.5141120e-05
 -3.6995567e-05
  6.4032458e-02
 -3.4830981e-04
  1.5647162e+00
 -2.4981925e-01
  4.7678070e-05
  1.2286495e+00
  7.6453587e-05
 -1.7357486e-05
 -4.6218618e-05
 -7.1408022e-06
  4.1554499e-04
  2.8666019e-01
  6.0252124e-01
  2.3824782e+00
 -3.8501912e-01
  3.5616515e-05
 -6.1902756e-05
 -1.6220988e-04
  6.5070932e-04
  5.9958526e-05
 -2.2505677e-01
 -6.1926577e-02
  3.3374417e-01
  8.2093544e-02
 -1.5356045e-04
  1.4916144e-04
 -1.4872106e-05
 -2.3949113e-05
 -8.3742947e-05
  1.7421631e+00
 -4.3119571e-01
  7.2355717e-01
  1.1070805e+00
 -9.1700576e-06
 -7.9078811e-05
 -1.8341589e-05
  1.5670848e-05
 -1.6585549e-05
  5.3232867e-02
 -1.5984321e-01
 -5.4141206e-01
  6.9272017e-01
  4.7897074e-06
  5.7069366e-05
 -1.0952644e-04
 -1.1148964e+00
  1.2437889e-04
  9.6859920e-01
  1.9042714e-01
  5.3608054e-01
 -1.2493466e+00
  8.8382212e-06
  2.8298466e-05
 -7.3740099e-05
 -8.3062887e-06
  1.5136240e-04
  3.3027523e+00
  4.2319085e-04
  3.8512738e-04
 -5.3690441e-05
 -2.0936668e-04
 -3.5850459e-05
  1.2543605e-05
 -6.4113176e-01
 -7.0167807e-05
  1.8833269e-01
 -9.5772826e-05
 -2.2607997e-01
 -1.5686794e-01
 -2.6858816e-05
  7.0641698e-05
  3.9410197e-06
 -1.9759065e-01
  3.3121603e-06
 -6.0530072e-01
 -2.7712973e-02
  6.1269641e-01
 -1.0201346e+00
 -1.0824105e-05
  5.9372469e-05
  5.5490480e-05
 -9.5104545e-02
 -1.0855508e-05
  4.9711010e-01
 -2.0324790e-01
 -1.3319017e-04
 -1.3614354e+00
 -3.5496945e-05
 -1.1413264e-05
 -1.3492632e-05
 -6.8230569e-01
  3.8822087e-05
  2.7618849e-01
 -1.5631448e-02
  8.8279158e-01
 -1.1473815e+00
  7.3372498e-06
 -3.2198881e-05
  7.3228963e-05
  2.9956074e-05
  3.9766306e-05
  1.2929640e+00
  8.8943474e-02
 -4.1073078e-01
 -1.6700155e+00
  8.1683698e-05
 -9.7815595e-05
  3.7576243e-05
 -1.1056975e+00
 -2.0433177e-05
  5.1350415e-01
 -7.6472927e-05
 -5.7575464e-01
 -9.7404951e-01
  2.9788587e-05
 -9.0584304e-05
  2.4680505e-04
 -3.1230992e-01
  2.3102175e-05
 -3.4019628e-01
 -1.6228831e-04
  3.7670973e-01
 -4.2356348e-01
  1.0261810e-01
  5.4896194e-01
 -5.8827466e-01
 -1.5335253e-01
 -8.4030864e-05
  3.4443203e-01
  6.5707672e-01
  8.5419863e-01
 -7.1680188e-01
  1.8912428e-05
 -1.5974469e-05
 -5.2538502e-04
 -2.6384934e-05
 -5.2832611e-06
 -1.0955296e-01
 -1.2581104e-05
  5.4139745e-01
 -2.4838226e-05
  1.1594009e-01
  4.5828333e-01
 -1.0274421e+00
 -2.4420267e-06
  1.1995671e-05
 -9.5110410e-01
  5.7233602e-01
  1.2673852e-01
 -9.9442059e-01
 -4.0753610e-05
 -2.8516636e-06
 -5.2130449e-01
 -4.7070258e-05
  9.6998692e-06
  1.0190209e+00
 -2.3822965e-01
  1.0406663e+00
  1.1057372e+00
  7.7280998e-02
  2.6297230e-01
  4.7338524e-01
 -3.1309071e-05
  7.2268565e-05
  2.1416217e-05
  9.4578308e-01
 -9.1126442e-02
  3.7286836e-01
  7.9463971e-05
  6.3191568e-03
 -1.5378696e-03
 -7.8233209e-04
 -2.7906210e-05
 -1.7078462e+00
 -2.5544700e-01
  1.7822444e+00
 -3.6287454e-01
  1.2002102e-02
  2.2689281e-03
 -2.4560390e-01
 -3.7345676e-06
 -1.0490755e-04
 -1.8612846e+00
  2.4395932e-01
  1.4457197e+00
 -2.3860405e-01
 -2.1291826e-05
  2.4355780e-01
 -8.9828372e-01
 -1.7654195e-03
  1.0155482e-05
 -7.0802498e-01
  6.0316908e-01
 -2.4491471e-01
  2.1398939e-01
  6.6479850e-05
 -1.6960288e-06
 -5.4237372e-01
 -9.4247545e-05
 -7.9156409e-05
 -6.7901725e-01
  6.4279926e-01
 -4.1308805e-01
 -2.4053216e-01
 -2.3184170e-05
 -5.4363936e-05
 -5.8488166e-01
  2.3480505e-05
  8.3356150e-05
 -3.5234338e-01
  9.6396768e-01
  6.2368441e-01
 -4.3395486e-01
 -1.4599012e-05
  1.6596954e-04
 -3.0263715e-05
  4.2926586e-05
  6.5962719e-05
 -2.4586415e-04
  8.5243744e-01
 -2.1796203e+00
  3.4802102e-05
  2.9742561e-05
  7.4372010e-06
 -4.4250494e-01
  1.9432870e-05
 -1.6443440e-05
 -1.2539473e-06
  5.0166961e-02
  1.2457780e-01
  5.9078759e-01
 -3.1412190e-05
 -2.8787967e-05
 -7.5773495e-01
 -7.5308863e-06
  3.5352827e-05
 -3.4492961e-01
  1.3251650e+00
 -3.5872602e-01
 -6.3903158e-04
 -2.7115360e-05
  5.7016437e-05
 -1.0351820e-01
 -9.2562695e-05
  4.8438367e-05
 -4.3175057e-01
 -2.2056191e-05
 -9.4316512e-02
  9.4157876e-05
  1.1357774e-05
 -1.7365324e-05
 -4.8873121e-01
 -8.7412184e-07
  4.8756901e-06
  6.5533704e-01
  3.2850429e-01
  3.9440581e-01
 -4.1563518e-02
 -1.6230032e-04
 -5.6462224e-05
 -8.5449523e-01
 -1.7581008e-04
  1.0231939e-04
 -4.8857453e-01
  1.9830997e+00
 -1.7569106e+00
  3.8819367e-01
 -1.7642423e-04
  2.4647621e-05
 -1.6124983e+00
 -5.1153576e-05
 -5.2141546e-05
  5.0426102e-03
  1.3374400e-02
  5.1752114e-01
 -5.5029958e-01
 -2.0665675e-05
 -7.4040843e-05
 -4.6090525e-01
  2.1559441e-04
  2.3550994e-05
  4.2226467e-01
  1.9580022e-01
 -6.4697367e-01
 -2.7944100e-01
  1.2413758e-02
  1.2413758e-02
  1.2413758e-02
  1.2413758e-02
  1.2413758e-02
  6.7241365e-01
  6.7241365e-01
  6.7241365e-01
  6.7241365e-01
  6.7241365e-01
  1.4738771e-01
  1.4738771e-01
  1.4738771e-01
  1.4738771e-01
  1.4738771e-01
  1.0924964e-01
  1.0924964e-01
  1.0924964e-01
  1.0924964e-01
  1.0924964e-01
  1.6452778e-02
  1.6452778e-02
  1.6452778e-02
  1.6452778e-02
  1.6452778e-02
  1.8038879e-01
  1.8038879e-01
  1.8038879e-01
  1.8038879e-01
  1.8038879e-01
