nep4 3 Ba Zr S 
cutoff 8 4 150 20
n_max 4 4
basis_size 8 8
l_max 4 2 0
ANN 30 0
 -6.8611498e-06
  1.2047834e-05
  1.5968896e-04
 -5.0045683e-06
 -3.0997085e-06
  1.0805134e-05
  2.9676492e-06
  2.1337639e-05
  9.8143282e-06
  7.5118379e-07
 -7.2213429e-06
 -2.3473676e-06
  6.5414525e-07
 -1.8147092e-06
  5.8531214e-06
  1.9264922e-05
 -8.2019025e-05
 -3.8180475e-05
 -1.1595551e-04
 -1.6304464e-06
  3.3673998e-05
 -3.5582723e-06
 -1.8715855e-05
 -2.2532624e-05
 -3.1063400e-06
 -3.3395820e-06
 -8.6932043e-05
 -7.0769001e-06
 -1.1834672e-05
  2.2331554e-04
  5.5554390e-01
 -1.7918852e-05
 -1.8211335e-01
 -1.1535805e-01
 -1.8115242e-01
  2.8200915e-07
  1.7355360e-06
 -1.9086814e-05
 -4.9176790e-05
 -3.8378987e-01
 -8.3871373e-06
 -9.4159225e-07
 -4.6172081e-06
  6.7362598e-05
  6.3745059e-02
 -3.3533997e-05
 -6.8289330e-07
  1.9238965e-05
  1.0965698e-04
  2.2138323e-05
  4.2657725e-06
 -1.1016998e-05
 -3.1967002e-06
  7.2960643e-06
  1.1191731e-01
 -2.2030929e-06
  5.4379011e-06
 -2.2545323e-07
 -7.8934412e-05
  5.3736303e-06
  7.3972784e-05
  4.3582627e-06
  4.5480774e-06
 -2.0451668e-07
 -4.2303618e-06
 -4.1114203e-05
 -1.5295358e-05
 -9.6998019e-06
 -1.7461698e-05
 -1.5072535e-05
 -3.2585696e-05
  1.7278263e-06
  1.3842033e-06
 -3.4827977e-07
  9.0658614e-06
  4.3000682e-06
 -1.8562376e-05
  9.6661761e-06
 -1.3010365e-05
 -3.7910991e-07
 -4.7372923e-05
  1.9660124e-06
 -2.8288294e-05
  1.5066568e-07
 -5.1252273e-06
 -5.2223372e-06
 -2.2739099e-05
  7.1686827e-07
 -2.7271295e-07
  3.0128540e-05
  1.3927687e+00
  1.1736767e+00
 -1.4235399e+00
 -5.7878001e-03
 -2.6194155e-01
  2.8440176e-04
 -9.7445354e-06
 -1.5010634e-04
 -2.4762583e-01
 -6.8895203e-01
 -1.6324266e-05
  5.8470880e-05
 -6.1504485e-05
  3.8217549e-05
  2.5152102e-01
 -5.9145586e-05
  3.5272871e-05
 -4.8896923e-06
  7.5749539e-02
  8.0071963e-02
  1.8464253e-04
 -4.9925625e-06
  1.5551292e-05
  5.1161882e-02
  3.7049556e-01
 -1.4724477e-05
  1.2035933e-06
 -5.2835403e-06
  2.0088946e-05
 -6.3916673e-06
  1.4425560e-06
 -9.2261453e-06
  5.1898690e-04
  4.4752745e-05
  2.3483120e-04
 -1.8297445e-05
 -1.0349459e-05
  4.9511644e-05
  1.8348519e-04
  2.5272014e-04
  5.8687087e-06
  1.7086173e-05
 -2.4711076e-06
  1.9439201e-05
  4.6991350e-04
 -6.2575382e-06
  1.0924254e-06
 -3.3681351e-06
 -1.0820909e-05
 -3.9530361e-05
  7.3941824e-06
  6.1541141e-06
 -2.0988521e-06
 -1.7592569e-05
 -2.7467147e-05
  1.1301587e-05
  1.1127460e-06
 -4.4444831e-05
 -1.3327694e-05
 -2.5633719e-06
 -5.0060517e-05
 -3.0599837e-04
  2.9923583e-04
  1.5164963e-04
  6.9189689e-04
 -3.4576326e-05
  1.2354216e-05
 -1.4039229e-04
  2.2105061e-04
 -4.1878920e-07
 -2.5877680e-06
 -5.6496647e-06
 -5.3436961e-06
  3.6533631e-06
 -2.6121410e-05
  6.3362472e-06
  1.0300168e-05
  4.5884267e-06
 -9.7549300e-06
  1.4091055e-05
 -3.5355196e-04
 -2.8784611e-05
 -7.3847377e-06
 -5.9099762e-07
 -1.9105707e-04
 -1.7858791e-04
  1.7610330e-06
  1.4236947e-06
  2.2195618e-05
  6.5461263e-06
 -7.9758847e-01
 -5.9667053e-03
  5.0429714e-01
  7.6512201e-04
  2.7631766e-05
 -1.3808808e-03
  1.3653210e-05
 -1.0909695e-05
  1.8537724e-03
  9.0069389e-03
  1.6603709e-06
 -2.5333904e-05
  1.0307333e-06
  6.1268343e-05
 -1.3321826e-04
  5.7942503e-07
 -1.3832980e-06
  2.4700232e-05
 -2.0489277e-04
 -3.7227192e-06
 -8.9916978e-07
  1.6381786e-05
  3.7553491e-06
  3.7395482e-06
  8.4430798e-07
  4.3869386e-06
 -9.0075910e-06
  1.1405061e-06
 -3.2616089e-08
 -8.9100622e-06
 -1.4143629e-01
 -1.8792609e-05
  3.1171402e-01
  1.7182421e-05
  9.4919351e-06
 -1.0446608e-05
  1.7889681e-05
  5.8617574e-05
 -7.9961146e-06
  1.5819238e-05
  7.8916391e-06
 -3.7074694e-06
  9.3859351e-05
 -1.0318376e-05
  2.6322716e-05
 -3.8896128e-06
  7.8450481e-04
  1.0504362e-07
 -7.8950652e-06
 -1.9005773e-06
 -1.7395295e-04
  3.9336912e-05
 -9.2686223e-06
 -4.4927870e-06
 -2.4686673e-05
  1.6386373e-07
  3.4951220e-06
  7.2838048e-07
  4.4500022e-05
 -2.6068565e-06
  1.9923233e-05
  1.9091876e-06
 -1.5905602e-01
 -3.3315821e-06
  1.5708788e-06
 -2.8331291e-07
 -1.5778005e-05
 -3.6296490e-07
  3.9814581e-06
 -9.9544550e-06
 -1.5319274e-05
 -6.9806151e-06
 -5.7437433e-07
 -9.1002894e-06
 -6.7205610e-06
 -9.3119235e-07
 -5.3591457e-06
 -8.7196122e-06
  3.9296569e-06
  1.5906442e-05
  5.7693717e-07
  1.1400246e-05
 -3.3206685e-05
  7.5098874e-06
  4.5248526e-04
  2.9139635e-05
 -1.0255507e-05
 -2.7052331e-05
  3.6965066e-06
 -6.4753440e-06
 -8.4644016e-05
  7.0880546e-05
 -2.7997336e-01
 -3.0118380e-02
 -9.5235329e-04
 -8.6417531e-06
  1.3282764e-05
  2.3319656e-06
 -8.7772742e-07
 -7.5712710e-06
  1.0805496e-05
  5.1406478e-06
  1.7026956e-05
  9.0059093e-06
  1.7728153e-05
 -3.5484940e-05
  1.0148805e-05
 -6.1038128e-07
  4.5212972e-05
  5.4270349e-04
  4.8855207e-05
  1.4387676e-05
  8.7639000e-06
  4.9482554e-04
  3.6334742e-02
 -1.2862412e-06
 -1.7934868e-05
  4.9370460e-06
  6.4213209e-06
 -2.1008682e-05
 -6.0191172e-01
 -7.8897161e-04
  4.4198322e-01
  4.1187164e-01
  5.0424576e-01
 -2.2973990e-01
  7.2739740e-06
  7.3829904e-07
  1.4199199e-01
 -1.8200197e+00
  2.1604976e-06
  4.1413491e-06
 -7.3650317e-06
  2.6341455e-04
 -3.6888407e-03
  8.7756445e-05
 -1.2908907e-05
  1.8543012e-07
 -4.1373562e-05
 -4.0408455e-02
 -8.0631096e-03
 -9.1529937e-06
  1.9101877e-05
 -7.4017728e-03
 -3.2805830e-01
 -7.9494939e-06
  2.5798887e-05
 -2.0724679e-06
 -3.9656793e-06
  2.2631893e-05
  4.9911193e-08
 -2.4732444e-05
 -7.5083581e-06
  5.3958858e-05
  3.2439355e-05
  5.2732576e-06
  1.5476691e-05
 -6.5420441e-05
 -9.4305087e-06
  3.4237313e-05
 -1.5592987e-05
 -1.4260469e-05
  7.1066752e-06
 -3.8663284e-06
  1.7422515e-05
 -2.5107702e-05
  5.9870504e-06
 -1.9032996e-05
 -4.3333876e-06
 -4.0964154e-05
  6.6691132e-06
 -8.3617647e-07
 -9.8364401e-09
 -6.8940688e-05
 -4.2037177e-06
  4.0116458e-05
 -1.6172258e-05
  2.1730250e-05
  5.1956276e-06
  1.6130799e-06
 -4.4600938e-06
 -1.0052870e-04
  1.5131836e-01
  2.0969404e-02
  3.4101065e-06
 -1.0450456e-01
 -5.9489334e-06
 -6.1466103e-06
  6.2612240e-04
 -1.1683496e-06
  6.9561909e-05
 -9.6611484e-06
  1.0895475e-05
 -2.0429105e-04
 -9.3934304e-06
  4.3808119e-04
 -1.5534513e-05
 -9.5541167e-05
 -3.9184248e-05
 -2.5130785e-04
 -8.5908425e-05
 -1.7307691e-05
  1.2747584e-04
 -2.7161796e-05
 -2.1727780e-04
  8.5307533e-07
  4.0472689e-05
 -1.1695247e-05
 -9.3033952e-05
  1.5234308e-05
 -3.0085400e-06
 -3.1678846e-06
  7.9247111e-05
 -1.4864938e-05
 -3.7268268e-07
 -5.5983008e-07
  3.6634224e-06
  3.3180426e-05
 -1.5901471e-06
  3.5499324e-05
  3.0680217e-06
 -2.1515885e-05
 -9.4453018e-05
 -7.5042194e-06
 -1.0162479e-04
  1.0136766e-05
  4.5662917e-05
 -2.7672620e-05
  6.2226209e-05
  3.3576823e-06
 -5.4946908e-05
 -9.9881872e-06
 -4.9794426e-06
  7.7147633e-06
 -1.4267948e-05
 -1.6140253e-05
 -2.5813173e-05
  7.0776906e-07
 -2.2702494e-05
  9.3740431e-07
  7.4588132e-01
  1.0266891e-01
 -9.7235775e-01
 -9.8507690e-01
 -1.2733786e+00
  5.3689084e-03
 -6.9925454e-06
  3.6865549e-05
 -9.1891003e-01
 -9.9307364e-01
 -1.5404248e-05
  3.2535809e-06
  1.0443344e-05
  2.1210678e-06
  1.4577240e-01
 -3.1043485e-01
  1.8116218e-05
 -5.4560023e-06
  1.3596003e-02
  8.8012286e-02
  1.3328604e-01
 -1.4827718e-05
 -5.2660557e-06
  9.5176309e-02
  4.5760459e-01
  2.4550809e-05
  8.0825985e-06
 -3.2006437e-06
 -2.2214996e-05
 -1.7556125e-05
  1.0793579e-04
  4.7439466e-06
 -1.5333493e-05
 -1.0550224e-05
 -5.9908275e-06
 -3.5984251e-06
 -7.5629173e-06
  1.9631582e-06
  8.6577174e-06
  1.3644185e-05
  4.6811248e-05
 -5.3147032e-06
 -1.1985093e-04
  8.5319280e-06
 -1.7805542e-05
  1.9579786e-06
  1.2571886e-05
 -1.1641260e-05
  8.0717991e-06
 -1.1792484e-06
 -1.3592132e-06
  1.7096561e-06
  1.7648832e-05
 -5.9762274e-06
  1.1485175e-05
  4.9504124e-05
 -6.9845523e-06
 -1.2626825e-05
  8.8882836e-05
  1.2877616e-05
 -2.7505836e-05
 -3.1465065e-06
  5.2700365e-05
  3.4603171e-04
  1.6880675e-05
 -1.5235861e-05
 -6.0695206e-06
  5.0732419e-06
  5.5335654e-06
  5.5636046e-06
  2.5217127e-04
  4.7504636e-06
 -8.5277479e-06
  4.1343442e-06
 -1.4427208e-05
  5.6290464e-06
  6.4769179e-06
  2.7775920e-06
  4.3382051e-06
  5.2634068e-06
 -2.4555277e-06
 -1.5239771e-04
  2.0214677e-04
 -4.9782225e-06
 -1.0710533e-05
 -2.1935535e-05
  6.2840477e-06
  3.8231625e-05
  1.2571013e-06
 -3.6957053e-06
  7.4311283e-05
 -1.7342572e-05
 -1.2921068e-05
 -6.0676221e-06
  2.7319554e-06
  4.1623447e-05
 -8.6024165e-06
  1.4642790e-06
 -1.7469862e-05
  2.9528790e-06
  4.2062275e-06
  6.2371257e-08
  7.8160983e-06
  8.3529794e-06
  1.7695715e-04
  4.0517616e-06
  1.9173292e-06
  3.7473957e-05
  9.0727182e-05
  8.5617057e-06
 -3.7617208e-06
  7.1966097e-06
  1.3320964e-04
  9.1659849e-06
  3.5558242e-07
  1.3327407e-05
  1.0442217e-05
 -4.8515999e-06
  3.4881098e-06
  3.1773710e-05
  1.3039328e+00
 -3.0786712e+00
  1.4188780e+00
  6.5167731e-01
 -4.0195708e+00
  1.8078820e-01
  3.1659449e-05
 -3.9518136e-06
 -9.1373958e-02
  1.8245639e-01
 -1.5702551e-02
 -7.4231461e-06
  2.6681191e-06
 -1.4593025e-01
 -1.3563989e-05
 -6.7627311e-01
  3.3453936e-05
  1.1448086e-05
  9.8482044e-05
 -4.0656868e-02
  7.6462391e-05
 -8.9244631e-06
  1.3495120e-05
  1.9021145e-06
  1.5110451e-01
 -1.0267114e-06
 -5.1375764e-06
  5.3608192e-06
  4.2537936e-06
  2.9730841e-06
 -1.7308037e+00
 -7.8312320e-01
  4.1065484e-01
  8.8972074e-01
  6.7740709e-01
 -1.0516765e-01
  4.6095622e-05
  2.4065645e-05
  4.2025471e-01
  1.1466215e-01
  1.8029763e-04
  2.5793614e-08
 -3.5208846e-05
  1.3926852e-05
 -7.7001140e-02
  5.4239005e-01
  7.5063581e-05
  4.8666839e-06
 -4.9885637e-01
 -5.8532625e-01
 -3.5103780e-01
 -8.5999827e-06
  1.3108474e-06
 -3.4911311e-01
 -1.0383416e+00
 -1.7510602e-05
  2.6750011e-05
  1.2513869e-06
  1.2655107e-04
  8.6665399e-02
 -1.5157118e-05
 -3.9800379e-06
  1.4153953e-05
 -7.3718807e-06
  1.8940153e-04
  5.1801726e-07
 -1.1322636e-05
 -1.0757612e-05
 -1.8036530e-04
 -3.9409046e-05
 -1.0173458e-05
  5.0675586e-05
 -1.0956030e-05
  1.1191850e-05
 -3.8462717e-06
 -4.6199170e-06
 -1.8969098e-05
  1.2927213e-05
  1.7520438e-07
 -5.4586840e-06
 -2.1872631e-05
 -1.2431110e-05
 -5.7503999e-06
  1.9623738e-05
  5.4265042e-06
  8.2172602e-07
  6.1761892e-07
  1.6202255e-05
  4.4004919e-06
  7.2765715e-06
 -5.3058116e-06
  1.1340519e-05
 -2.0163081e-05
 -5.9615914e-08
 -1.0424875e-06
 -1.4865764e-06
 -5.9965214e-07
 -2.0946578e-05
  3.6937649e-06
 -1.5716159e-05
  2.4236761e-05
  3.0592884e-05
 -3.8801554e-06
 -1.2634161e-05
  2.0188367e-05
 -3.5730089e-05
 -3.4016066e-06
  5.9108124e-06
 -4.5766742e-06
 -1.1705721e-05
  5.4676420e-06
 -1.8557288e-05
  1.5177034e-05
 -6.1933492e-06
 -1.3446238e-06
 -3.2407518e-06
  1.7362970e-06
  3.5352189e-06
  1.7134746e-05
 -1.4512273e-07
 -5.1389911e-06
 -9.9543058e-06
 -1.9781652e-05
 -4.4387849e-07
 -4.2613119e-06
 -6.7908554e-06
 -6.4076448e-07
  6.1966573e-05
  1.4748618e-04
 -1.2863282e-05
  3.6617890e-05
 -3.6104132e-06
  9.9166155e-06
 -2.8211775e-06
 -1.2478430e-05
  6.1963960e-06
 -9.0678341e-08
 -1.6568818e-05
 -2.1252424e-06
  3.0896763e-06
  8.7280722e-07
 -5.1972515e-06
 -1.9868323e-06
 -5.3900526e-06
 -4.0096893e-05
  1.9992791e-05
 -4.5873330e-04
 -1.7825536e-05
  9.9170147e-06
  9.7390034e-07
  2.2736331e-05
 -1.4210834e-05
 -2.7487285e-05
 -5.0929016e-06
  5.7271176e-05
  1.3395779e-05
  7.0372612e-06
  4.2402289e-06
  2.7485525e-05
  5.7041875e-06
 -2.6708417e-06
 -1.7886392e-05
  3.1836353e-06
  1.0318191e-05
  4.2122351e-06
 -2.0112793e-06
 -3.6930760e-06
  7.7901944e-07
  1.6069927e-07
 -5.0695885e-08
 -1.5870222e-05
  5.0359536e-06
 -8.0557056e-06
  4.4644535e-06
 -4.0626757e-05
  1.2642729e-05
  1.2677295e-06
  8.1202394e-05
 -4.5060829e-06
  1.6820641e-05
  5.6721428e-06
 -1.2710313e-05
  3.1988675e-06
  1.6175167e-05
 -2.7814785e-06
  9.9072089e-08
 -1.3277691e-04
 -2.0881191e-06
  2.0774557e-06
 -5.5503783e-06
 -1.6099111e-06
  8.2595307e-06
  1.4496320e-06
 -3.0278194e-05
 -6.3938892e-06
  6.6351481e-07
 -3.5948506e-06
 -1.3668276e-05
 -9.2145619e-06
  5.3987983e-06
  1.9602562e-06
  4.2894553e-06
 -7.9710035e-06
  9.3258714e-05
 -8.2248507e-06
  1.6506810e-05
  6.2451750e-06
 -7.7848590e-06
  2.2663223e-06
  1.0995244e-06
 -1.7950251e-05
  7.7695613e-06
  1.0579951e-05
 -7.6218304e-05
  1.6294174e-05
 -1.2699806e-05
 -3.0013898e-06
  8.1516810e-06
 -8.2683531e-05
 -8.3235027e-06
 -1.9734068e-06
 -7.9535157e-06
  1.5579779e-05
 -1.0685363e-04
 -3.4475452e-05
  4.1219588e-05
  2.8774826e-04
  5.8390515e-07
 -3.4590990e-05
  7.7351979e-06
 -2.0253645e-05
  7.8574367e-06
  1.0380578e-05
  3.0640472e-06
 -1.3861183e-05
  4.3011732e-06
  3.8704229e-06
  8.2528659e-06
 -2.5338421e-05
 -5.2609807e-06
 -2.1581508e-01
 -1.8416582e-05
 -2.8556931e-01
 -9.0803027e-01
 -2.5054485e-01
 -1.4592027e-02
 -1.2095969e-05
  2.0160152e-05
 -9.4955817e-02
  1.8691069e+00
 -1.7346795e-04
 -1.7455204e-05
  7.4088989e-06
  1.3694856e-05
  3.9609678e-02
 -1.3487910e-06
  1.4777595e-05
  1.6292533e-05
  7.8032301e-03
  1.1858427e-02
  9.5416171e-06
 -5.3775562e-05
  2.9564210e-06
  3.7357607e-04
  1.8726058e-01
 -9.7859620e-06
  1.4959346e-05
  7.0514379e-06
 -1.0110018e-05
 -4.0682648e-06
  4.1764256e-06
 -1.2939429e-04
 -1.5567649e-04
  8.4218475e-05
  1.1075270e-04
 -2.6318835e-06
  2.1894237e-05
  2.8462243e-06
  2.3020912e-05
  2.1764608e-05
 -2.0937928e-06
  4.0664173e-07
 -1.0125941e-05
 -3.5340803e-05
 -5.3840486e-06
 -8.9304558e-05
  4.0999498e-06
  3.3901219e-05
  1.3813775e-05
  1.7065960e-05
  7.0906044e-06
 -1.8452043e-05
 -1.7657057e-05
  7.9360661e-06
  1.2545537e-06
 -1.1290822e-05
 -5.5107753e-06
  1.6775156e-06
  1.8153580e-04
  5.7405255e-06
 -1.2585743e-05
  1.8556224e-05
  7.7549412e-06
 -3.0607727e-04
  2.1237651e-05
  3.1255026e-06
 -7.6553528e-07
 -1.3008214e-06
  1.3507531e-05
 -2.9021080e-06
  2.3803989e-04
  3.7037607e-06
 -6.6904812e-07
  2.5827064e-06
 -7.3507940e-06
  6.1191563e-06
  1.7949186e-06
 -2.8077760e-05
 -3.1369964e-05
 -1.7959680e-07
  5.9897661e-06
  5.1098177e-06
  4.2372329e-07
 -1.7779354e-05
  8.7143962e-05
 -5.0684480e-06
 -9.4627312e-06
  1.9945397e-05
 -2.4604258e-06
  1.1199296e-04
  1.3006508e-04
  1.4411876e-05
 -9.9427558e-02
 -7.0027018e-04
 -2.2261268e-04
  1.0130667e-05
 -2.4919300e-06
 -2.5521404e-06
 -3.0680731e-05
 -5.7149894e-04
  8.7568034e-05
 -1.0412431e-05
 -1.1178735e-06
  6.9171224e-06
 -8.2549686e-06
  8.0007050e-07
  7.4513491e-06
 -2.5665708e-05
  1.1450033e-05
  2.8466174e-04
  1.0062758e-03
  3.6079446e-06
  2.2260899e-06
  1.2917946e-04
  1.3801648e-05
  1.1301349e-06
 -9.0060894e-06
  1.1626454e-05
 -9.0910880e-06
  5.6770266e-05
  7.2496437e-06
 -8.2189724e-02
  6.1380933e-06
 -2.2578863e-02
 -5.1524156e-01
 -3.9611042e-01
 -4.0368423e-02
 -1.9218910e-01
 -7.3677045e-01
  1.1402398e+00
  2.1129701e-01
 -3.2023808e-01
 -3.0851051e-01
 -1.7954697e-05
 -2.9943472e-01
  2.0866732e-05
 -2.8358477e-01
 -2.0117775e-06
  6.6970354e-01
  2.9033229e-01
  8.4131403e-07
  1.0429897e-05
 -2.1870188e-05
  2.7618216e-05
 -2.8775574e-05
 -7.3718202e-06
  6.6272408e-01
 -5.1162654e-04
 -7.3013789e-06
  3.1414139e-01
 -7.7237773e-06
  7.1358573e-01
 -3.6427114e-06
  1.8203717e+00
 -5.3747374e-01
 -7.7401263e-01
 -6.9116867e-01
 -4.0938836e-01
  8.7890327e-02
  2.5623302e+00
 -1.2718407e+00
 -6.5434151e-06
 -7.1134228e-01
 -6.0224970e-06
  2.2782123e+00
 -1.2061009e-05
 -5.1582628e-01
 -1.0545737e-05
  3.2385864e+00
 -2.5035965e+00
 -2.8934312e-07
  4.3992586e-06
  8.7462495e-06
 -1.7960952e-05
 -3.7307050e-06
 -3.3015385e-05
  1.4535817e+00
 -1.3315248e-01
  4.0416671e-06
  6.0389864e-01
 -1.1736335e-01
  1.3139563e-05
 -4.1984090e-01
 -2.5718821e-06
  1.5850874e-06
  8.4354842e-06
  1.2489063e-05
  9.4755684e-05
 -1.2055653e-04
  2.4150855e-05
 -7.6761098e-06
  6.9246202e-04
  7.0869978e-06
 -3.0954750e-05
  2.0871290e-05
  1.4299811e-05
 -1.3650385e-05
  6.4481951e-02
  3.5991415e-02
  9.5958649e-06
 -5.6213385e-06
 -1.8288748e-07
  9.9410812e-05
 -6.4637999e-05
  1.2788655e-05
  3.7333691e-06
  5.8320187e-05
 -6.6017788e-06
 -1.4462595e-06
  1.4607421e-05
 -7.8614491e-01
  2.3573158e+00
  1.8685468e+00
 -5.4471426e+00
  1.9182676e+00
  1.3200701e+00
 -1.2691833e-01
 -3.9891654e-01
  1.3120512e-04
 -1.9582297e-01
  1.0937654e-04
 -6.5713966e-01
  1.1722618e-01
  4.8209125e-01
 -1.0924250e-05
 -6.2570617e-02
 -7.7264071e-02
 -9.5524073e-01
  8.2688820e-01
 -8.0143223e-03
  7.4158452e-05
  1.3747689e-01
  4.1633818e-04
  1.8354071e-02
  1.2150175e-05
 -1.6288459e-04
 -2.1814773e-04
 -1.1738723e-01
  3.2944357e-01
  6.1239530e-07
 -2.5131096e-05
  4.0322434e-06
 -2.3623348e-05
  2.1183935e-06
  6.1291007e-06
 -6.6252742e-06
  2.2964493e-07
  4.5974316e-06
  3.5912850e-05
  6.4228930e-06
  1.9216327e-06
 -3.2501524e-05
  1.3212741e-05
  1.5291547e-04
 -1.7865203e-05
 -5.4335201e-06
  1.8600997e-06
 -1.3528380e-05
 -3.2150834e-05
 -1.2610080e-05
 -1.5928181e-05
  1.8776071e-05
  9.8172568e-06
  2.1259848e-05
 -6.9961505e-05
 -4.5868678e-06
  1.7833453e-06
 -8.4464973e-06
  4.9747564e-06
  3.7290229e-06
 -1.3435409e-06
  4.8211323e-06
 -3.6086792e-01
 -2.2711747e-06
  5.2751625e-06
  2.7638745e-05
  4.8241425e-05
 -1.4524265e-04
  3.9322490e-06
  1.6840999e-05
 -2.2257218e-06
  1.5729580e-04
  2.8816497e-05
 -7.2810044e-06
  8.5372039e-06
  1.7703004e-06
 -8.4778576e-06
  5.3930825e-07
 -1.2615446e-05
 -8.6660111e-06
  6.2011986e-06
 -1.8226303e-05
  1.1539951e-05
  7.5317735e-06
  2.0348114e-05
  2.4983116e-05
 -5.2928506e-05
  1.5205637e-05
  2.0073516e-05
 -1.0337913e-05
  7.4341512e-01
 -1.3088331e+00
  9.6271038e-01
 -2.1217911e-02
 -4.6483222e-02
  5.6013256e-02
 -1.8334007e-01
 -1.1067351e-01
 -2.6409828e-06
 -5.6454479e-03
 -1.1265973e-04
 -1.1243315e-01
 -4.6512675e-01
  2.2696171e-05
 -2.3598495e-05
 -6.5347858e-02
 -3.3749873e-04
 -1.4156492e-01
  5.5387515e-01
 -1.8803911e-04
 -3.6938739e-06
  5.0499626e-02
 -9.3076646e-01
  2.2029774e-03
  1.1497853e-05
  2.0512111e-06
 -1.0782398e-05
 -2.1128127e-04
  4.0456234e-05
 -3.6200856e-06
 -2.4300472e-01
  1.1302960e+00
 -6.6455615e-01
 -5.2923065e-02
 -1.1976087e+00
 -3.5147123e-02
  2.3361710e-01
 -6.8353787e-02
 -5.6427866e-02
  2.2528067e-01
  5.1182240e-01
  4.7313643e-01
  7.7996433e-01
 -3.9359000e-01
  4.6378893e-01
  3.7694737e-01
  6.9644356e-01
  2.1311907e-01
  1.8771103e-01
  1.4017537e-01
  2.7577064e-04
  1.1477127e-03
  2.1601510e+00
  5.7430902e-05
 -8.0866048e-06
  1.1238278e-05
  1.6551769e-04
  4.4608591e-04
 -4.6528789e-05
 -7.8537807e-05
  5.6872964e-01
  9.7847903e-01
  3.4658572e-01
  6.9461371e-06
 -4.4187255e-02
  1.8532664e-02
 -4.2057059e-06
 -3.4825057e-02
 -3.2294960e-05
 -2.0473959e-05
  2.4645014e-05
 -8.2652224e-03
  4.9971054e-06
  9.1294595e-08
 -3.7490030e-05
 -1.2136589e-05
  1.9490846e-05
 -3.7354355e-05
 -1.4462528e-03
 -5.9621985e-04
 -1.4711794e-05
  1.0126402e-06
 -7.9726364e-05
  3.0470212e-04
  1.7702288e-05
  1.3860842e-05
  2.4145208e-07
  1.0026080e-05
  4.8189653e-05
  1.2389661e-05
  1.0358415e+00
  1.1055766e+00
  1.7136259e+00
  4.9269776e-05
 -1.1964781e-03
  2.2196227e-01
 -1.1629938e-07
  3.2820520e-01
  4.4799814e-05
 -1.5403677e-05
  5.2316500e-06
 -2.6982964e-04
 -3.5369021e-06
 -4.3746981e-01
  2.2144548e-05
 -2.0461895e-05
  2.0773293e-04
 -4.7599401e-06
  9.5623094e-05
  5.7196994e-06
 -1.9839797e-05
  1.7223342e-01
 -5.6950383e-05
  2.3838468e-02
  3.4266923e-05
 -4.1911560e-05
 -1.6323196e-05
  9.6232475e-07
 -2.6425226e-07
  1.6388351e-05
  1.0062011e-04
 -5.3154534e-05
 -1.4613532e-04
  5.3689728e-06
  4.8539969e-05
 -1.3793170e-04
 -5.9167628e-06
  1.5956500e-04
 -1.3126483e-05
  1.6677523e-05
  4.6600985e-06
 -2.2775084e-06
  3.0885828e-06
 -1.3236297e-05
  3.6779355e-05
  6.1425167e-06
  4.4769417e-06
  4.3077289e-05
 -1.2341870e-05
 -6.5417407e-06
  5.8051610e-06
 -1.0312840e-05
 -2.9207806e-05
 -8.4819003e-06
 -1.2485220e-05
  4.1910960e-05
  2.4948191e-04
  7.7156001e-06
 -1.3963989e-05
 -2.1390468e-05
 -6.2195109e-06
  2.3917602e-05
  8.6783375e-06
  1.3211138e-05
  4.6448931e-05
 -4.8182694e-05
 -6.9839107e-06
 -1.1324038e-05
 -2.7930560e-06
 -6.6042794e-06
 -5.1874945e-08
  3.0061719e-06
  1.8497383e-04
  1.9713518e-05
 -8.5351521e-06
 -1.3943237e-05
  1.3964306e-05
 -8.6802575e-06
 -5.5105582e-05
 -5.8249639e-06
  7.4581520e-05
  3.3020181e-06
  2.0549385e-05
 -1.9471359e-05
 -9.0517442e-06
 -4.6350160e-06
 -2.1836211e-05
 -2.1577722e-05
 -2.0902728e-05
  4.1003597e-05
 -7.3066634e-01
  3.5687945e+00
 -2.9436582e-01
  4.6230722e-02
 -2.1223617e-01
 -2.4181711e-02
  4.7995758e-01
  1.4359328e+00
 -1.2578252e-01
  2.3487456e-02
  2.6240107e-02
  3.1651791e-05
  2.2530727e-01
 -6.0257703e-01
  5.3249682e-05
  1.1780264e-01
 -1.5366179e-05
  5.7893378e-01
  2.9523375e-02
  1.9099445e-05
  1.7435977e-05
  8.5233123e-06
  1.2876427e+00
 -3.6561638e-01
  4.2636701e-05
  3.3393965e-06
 -2.2084851e-05
  1.5654234e-02
  3.5754336e-05
  2.4604497e-05
 -6.7597270e-05
  5.7588830e-05
  3.3575625e-06
 -1.7769431e-05
 -3.5507989e-04
 -1.6290689e-06
  4.7337530e-06
  2.7273558e-05
 -4.2381043e-06
 -1.3590962e-05
 -2.8406603e-06
  2.7525382e-05
  2.9734131e-06
 -1.0003911e-06
 -5.2578475e-06
  1.5453226e-05
  1.8474159e-06
  5.8833491e-05
  1.2356254e-06
  1.0502742e-06
 -2.4991293e-04
  1.8332548e-06
  3.2089683e-06
  1.9343383e-06
 -1.4322234e-05
 -3.3898890e-05
  8.4935300e-06
  4.3253390e-06
  1.8934466e-05
  1.0256812e-05
  8.4224623e-01
 -9.2201313e-05
  3.6324671e-01
 -1.0007692e-05
 -1.0762931e+00
  3.1595815e-02
  3.9552131e-05
  4.1066945e-02
  1.6725662e-05
  1.4935082e-04
 -8.5275497e-05
 -3.6778016e-05
 -1.9596704e-05
 -3.5635789e-05
 -6.0693506e-05
 -1.5419170e-04
  2.1301914e-05
 -4.4498440e-02
  2.2043887e-05
 -5.6607139e-05
 -2.3236549e-04
  1.6854887e-01
 -2.0942922e-05
  8.0041465e-04
 -6.1570659e-06
 -1.5314115e-05
 -5.1579402e-05
 -1.4066284e-06
  8.6163136e-06
 -3.7485529e-06
  4.7929101e-05
  1.1008532e-06
  2.8173573e-04
  1.5105202e-06
 -2.4886711e-05
  2.5353318e-05
  1.9297902e-06
  5.6454832e-07
 -1.4587956e-06
 -1.7384382e-05
  1.1472424e-05
 -3.7323342e-05
  1.1865730e-05
 -2.1572089e-06
 -1.9109983e-05
  4.5505799e-06
 -6.7242800e-06
  7.9216443e-06
  1.1840526e-05
  2.8249231e-05
 -4.7211892e-05
 -1.0193420e-05
 -1.0351253e-05
  2.2044003e-05
 -2.4119613e-04
  8.0298501e-05
 -3.2453420e-06
  7.6158703e-06
 -3.5555577e-06
 -8.5158375e-05
  1.3686701e+00
 -1.9638665e-01
 -5.4703462e-01
 -1.8836114e+00
 -7.0760143e-01
  3.4998876e-01
 -5.7106674e-01
 -1.6325547e-01
  3.2724402e-04
 -1.6994613e-01
 -9.9721223e-02
 -5.5032188e-01
 -4.4384214e-01
 -5.1018538e-05
 -1.1585085e-04
 -1.7652464e-01
 -9.7094998e-02
 -9.3582541e-01
 -2.9293841e-01
 -4.8682943e-02
 -4.5718986e-04
  8.2844205e-02
 -1.6173023e+00
  4.9282396e-03
 -8.4539070e-06
  3.5181408e-06
 -2.3060909e-05
 -5.2478502e-04
  4.2804638e-03
 -7.5249676e-07
  5.9477180e-01
 -1.3498336e-03
  6.8775184e-02
 -1.4120121e-05
  1.3431241e-05
  3.8757229e-05
 -1.4887995e-04
 -2.3845394e-04
  1.1711844e-05
  4.4874691e-06
 -2.2990722e-05
 -3.9925228e-04
  2.3854715e-05
 -3.6541747e-05
 -7.0940945e-07
 -2.5514318e-04
 -2.4346467e-04
 -7.2450705e-02
 -8.4213853e-02
 -1.6810980e-05
 -2.4080608e-05
 -6.7500223e-05
 -2.6116055e-01
  7.4889906e-02
  2.2599430e-05
 -1.3632745e-05
 -1.3483314e-05
 -5.6766416e-06
  3.8612685e-05
 -3.4691218e-06
  7.4173284e-01
  4.8535378e-05
  9.1221136e-01
 -2.3086098e-04
 -7.5072294e-01
  5.0073853e-05
 -2.2768832e-06
  8.2570761e-02
  2.3311816e-06
 -3.6538506e-04
 -2.7440048e-05
 -5.6687109e-03
 -9.0861755e-07
 -4.9757125e-04
  1.3830630e-05
 -8.7384478e-04
  2.5356616e-04
  8.9826326e-06
 -9.9233352e-05
 -2.0726200e-05
  2.8078130e-06
  5.1268082e-02
 -9.5080330e-05
  8.9367233e-05
  1.0699589e-05
 -4.6171108e-06
  1.5756041e-05
 -3.6238579e-04
 -4.1971125e-06
 -2.6543312e-06
  3.3478109e-06
  7.0149727e-06
  1.3358064e-05
  1.5404798e-05
 -5.2843325e-06
  5.6448230e-06
 -4.5155657e-06
  1.6688873e-05
  6.7117921e-06
  1.8819224e-05
  1.4672174e-05
 -1.7339187e-06
  5.9441504e-07
  5.5377910e-05
  2.2215236e-05
  4.9434639e-06
  7.7709483e-06
 -3.3445591e-05
  2.9920371e-05
  7.4324671e-05
 -4.4235053e-06
 -8.4892890e-06
 -8.3182940e-06
  1.5208494e-07
 -1.5648606e-05
 -2.2549440e-05
 -4.9695554e-06
  1.2709590e-05
  9.3026028e-05
  3.2467358e-06
 -1.5841944e-04
  1.1843857e-05
 -1.3690276e-08
 -4.2494994e-06
  8.4949897e-06
 -5.9458675e-06
  1.0414379e-05
 -7.6652586e-06
 -2.5023453e-05
  7.6810415e-05
 -8.6238260e-06
 -2.3620971e-05
  7.5063421e-05
 -4.5782090e-06
  1.8388875e-05
  2.4682090e-06
 -1.8603241e-05
  1.3338118e-05
  7.6257011e-06
 -1.5951711e-05
  4.0690279e-06
 -1.3401514e-05
 -1.0065109e-05
  1.4415525e-05
 -1.7297148e-06
 -4.6035284e-06
 -3.5208639e-05
  2.0401641e-05
  5.1714811e-05
  6.3095591e-05
  2.2761269e-05
 -7.7154946e-06
 -4.4750950e-06
  1.6398435e-05
 -7.8334921e-07
  2.2314020e-05
  3.2003190e-06
  1.5241179e-06
  1.5340764e-06
 -2.0271646e-06
 -1.7194783e-05
  1.4815746e-05
  1.9589897e-05
 -6.1115989e-06
  2.5850855e-04
  1.4128982e-06
  1.7816579e-05
  1.2482062e-05
  1.4712702e-05
 -5.8325350e-06
 -3.0675972e-05
  5.8430451e-06
  4.9576360e-05
  7.9805714e-06
 -8.2310107e-06
 -1.6220813e-05
 -2.8776194e-04
 -6.7509491e-06
  1.6762662e-05
  1.0903074e-05
 -3.6045356e-06
 -5.7136513e-06
 -1.5853691e-05
 -1.0882704e-04
  2.6221836e-05
  2.0588035e-05
 -1.6437521e-06
  1.1976809e-05
  2.2064020e-05
  1.2870059e-05
 -2.8709287e-06
 -1.2369306e-06
 -6.5019740e-06
 -4.0176947e-05
  3.7368225e-06
  1.5987240e-05
  1.1596128e-05
 -9.5979049e-06
 -7.4864606e-06
  8.7712197e-06
 -4.5364184e-05
 -2.4091767e-06
 -3.3333090e-05
  1.7313521e-05
  8.3853693e-06
 -1.0819405e-05
  2.3064127e-05
 -9.4811548e-07
  9.2518903e-06
 -2.4017006e-06
  1.8902852e-05
 -1.9557428e-05
  7.5896773e-05
 -7.7067079e-06
 -6.0192715e-06
 -1.9889187e-06
 -1.5716993e-06
  8.9077157e-06
 -3.6713856e-05
  1.0704275e-06
 -2.1548110e-05
  1.6560689e-05
  9.4102279e-06
 -8.5053643e-06
 -1.1714530e-05
 -2.0952635e-05
  1.1925537e-05
  1.8074914e-05
 -3.3741849e-06
 -9.1331149e-06
 -8.2308143e-06
 -2.1875564e-06
  1.3558563e-05
  8.3383920e-06
  3.1001484e-06
 -1.5963284e-05
 -1.6819426e-06
  3.1516853e-07
  1.7531905e-06
  1.8909766e-05
 -6.3724953e-01
  1.4215126e+00
 -4.8835680e-01
  8.6940959e-02
  1.6574476e-02
 -2.2936727e-01
  1.1604331e-02
  3.5428407e-04
 -2.4062324e-06
  2.0351143e-04
  4.0961351e-04
  2.8880751e-01
  3.0423558e-01
  2.6787275e-05
  5.5317938e-05
  6.1010416e-03
  2.2478762e-01
  5.9198011e-02
  8.4000103e-02
  1.2033204e-04
  5.1050120e-06
 -3.4489501e-06
  2.2143590e-01
 -8.2522035e-03
 -4.7984581e-06
 -1.2957542e-04
  1.7714231e-06
  1.9187033e-04
 -4.0144022e-07
 -2.5756699e-06
  1.1455711e-05
 -4.7762710e-06
  5.1379076e-05
  4.4784833e-06
  7.1625305e-05
  4.3245700e-06
  1.3669139e-05
  7.1962216e-07
  2.1127103e-06
  4.3176053e-07
  2.0580068e-05
 -2.1869799e-05
  1.0106315e-06
  9.0013482e-06
 -1.8359868e-06
 -2.1049682e-05
 -7.0371466e-06
  2.7520766e-05
 -2.3726577e-06
 -4.0107470e-06
  1.1174888e-04
  2.4859319e-05
 -5.4732532e-06
  4.1701383e-06
 -1.7232042e-05
  3.1995838e-05
  6.2974946e-06
  2.7901944e-05
 -8.0395366e-05
 -4.2573279e-06
 -1.3477923e-05
 -2.3839099e-05
 -4.7326630e-06
  5.2335116e-07
  7.8727644e-06
  3.7948394e-05
  1.6212676e-05
  3.5941609e-06
 -1.7018117e-05
 -6.5046320e-06
  2.5796226e-06
 -7.1059230e-07
 -1.8715440e-05
 -6.8158420e-06
 -4.3991015e-05
 -3.9040493e-05
  2.1167869e-05
 -3.6711870e-07
  2.0980986e-05
 -9.3987037e-06
 -2.6023592e-06
  2.2121485e-06
  1.3025779e-05
  1.2259445e-05
 -8.9129890e-06
 -6.3032690e-05
  7.5200082e-06
 -9.0983631e-06
 -3.1084153e-05
  2.2286324e-06
  4.7562471e-06
  4.2561900e-05
 -4.3698387e-07
  1.5650830e-05
  3.3688639e-06
  9.5319838e-06
 -1.3649287e-05
  6.2333606e-06
 -1.5786311e-06
  1.4466327e-05
 -1.3738804e-05
 -2.7617541e-05
 -2.0682934e-05
  1.2409895e-05
 -1.7647507e-06
  3.2615544e-06
  1.3106134e-05
 -1.9856548e-06
 -1.4059937e-05
  4.6795499e-06
 -8.0884301e-06
 -3.8753440e-09
 -2.5140366e-06
  6.2878607e-06
 -9.4058341e-06
 -8.2432794e-05
  4.6977158e-05
 -6.6219332e-06
 -4.2691008e-06
  1.5195662e-05
 -4.2908559e-06
  1.2851958e-04
  1.2368757e-05
  1.9880806e-04
  6.5772243e-02
 -5.1777852e-06
  1.2845600e-05
  7.8994606e-05
 -1.5142970e-05
  1.7522581e-04
 -1.1325773e-07
  8.8913685e-06
  1.3540914e-05
  1.5865919e-06
 -5.1344068e-06
  1.3672438e-04
  5.1669238e-05
  4.7274400e-05
  4.9428489e-02
 -2.0109663e-05
  8.0240425e-06
 -8.1958711e-07
  5.2419276e-05
  2.8870338e-06
  1.0966190e-05
 -4.5601882e-06
  1.5225942e-06
 -2.6245907e-05
 -8.4160147e-06
 -9.5120095e-06
  8.9999628e-01
 -2.4697430e+00
  1.5540433e+00
  2.7402997e+00
 -1.0195823e+00
  9.1522413e-01
  4.8732251e-01
 -1.0584641e-04
 -1.0714831e-02
 -1.2113509e-01
 -2.4285492e-04
 -1.1106378e+00
 -1.0191908e+00
 -5.7206899e-01
 -1.9962099e-05
 -1.2746707e-01
  1.8760283e-01
  1.7996237e-02
  3.8610074e-01
 -1.4246212e-03
 -7.4150362e-06
  1.8142271e-01
 -8.3717996e-01
 -5.3515092e-02
 -4.4997530e-05
 -2.7928704e-06
 -1.0312578e-03
 -6.4811319e-02
  2.8318919e-02
 -1.5335609e-05
  9.9552178e-01
  2.7385383e+00
  1.1038984e+00
 -2.9052985e+00
  3.8981440e+00
  2.4629620e-01
  1.8450706e-05
  9.0587437e-01
 -1.0933201e-01
 -3.8087010e-01
 -3.0741201e-05
 -4.7073990e-01
 -5.8093444e-02
  4.3054193e-01
 -2.4924695e-01
  5.5923098e-05
 -3.1356740e-01
  8.5782290e-01
  4.7225279e-01
 -9.5787838e-02
 -1.4902133e-04
  2.5844976e-01
 -3.9783314e-01
  1.8455867e+00
  6.2650440e-07
  1.7490534e-05
 -2.6273739e-04
 -7.2787106e-02
  1.1159547e-01
  5.7139823e-05
  3.2535099e-06
 -5.5016167e-06
  3.9612736e-05
 -2.0464115e-06
  1.4379609e-01
  6.8607875e-07
  2.3104042e-07
 -1.8189220e-04
  8.1000389e-06
 -5.5039403e-05
  3.2532516e-05
 -1.4999485e-05
  1.0770596e-04
 -2.4877835e-04
  7.7958110e-05
 -1.9229044e-05
  7.1298891e-05
 -4.4272865e-06
 -4.3089240e-06
 -6.3959551e-06
  6.2547429e-06
  6.7022575e-07
  2.5549849e-07
 -3.1720025e-05
  2.5655763e-05
 -3.4356613e-06
  1.7674617e-04
  2.1931755e-05
  1.3988020e-05
 -2.3787109e-06
 -6.0220021e-01
  3.2143381e-01
  2.0217180e-05
 -2.2026152e-05
  3.1863835e-01
  1.0484980e+00
  1.2891002e-01
  2.6871553e-01
 -5.4442786e-05
  8.2392216e-06
  1.0613155e+00
  8.8293365e-07
  2.3010889e-01
 -1.8147497e-06
  3.1744459e-01
  1.5223996e-01
  2.4420932e-01
  1.2071103e-05
  1.0523383e-05
 -1.3223983e-05
 -4.2543720e-06
 -5.4187540e-06
  1.0159893e-02
 -1.3586578e-05
  4.6835908e-06
  5.3277898e-07
  1.2378494e-01
 -1.9257651e-01
 -3.7934324e-01
  2.0358670e-05
  6.3532531e-01
 -3.2674186e+00
  2.5070718e-05
  3.4455068e-05
 -1.7616496e+00
  2.7956958e+00
 -9.7100490e-01
 -1.7868848e+00
  7.8402832e-03
  1.1256027e-04
  1.9036571e+00
  2.6337597e-05
 -1.4527611e+00
 -1.6193411e-05
 -2.1720006e+00
 -4.7994289e-01
 -1.3379894e+00
  2.0898593e-05
  9.2205692e-06
 -1.0016702e-05
 -3.5885319e-06
 -4.2261800e-06
  1.6405758e+00
 -4.3610883e-01
  6.1310120e-06
  1.4223483e-05
  8.3073556e-01
 -3.5627139e+00
 -3.1148977e+00
  8.6323321e-02
  6.3155903e-06
 -5.3854458e-02
 -5.5310901e-02
 -2.4371423e-01
  1.4164677e-01
  7.2624326e-02
 -7.3471420e-02
 -7.4068457e-02
 -1.2568812e+00
 -2.4785244e-01
 -8.8605324e-05
  1.8200417e-05
 -5.5868105e-07
 -4.7783142e-01
  5.0541887e-05
 -4.5700032e-02
 -7.5612098e-02
 -5.1935194e-06
 -6.7366712e-02
  3.0705294e-05
  2.7940761e-05
 -2.4208195e-05
  2.7807710e-05
 -1.0889582e-01
  4.8162983e-05
 -4.3229275e-06
 -5.7549305e-06
  6.9300991e-06
 -6.0163654e-04
  8.9613277e-05
  3.9658850e-01
  4.1394827e-01
  1.4527820e+00
  6.6925907e-01
  4.2061332e-01
  2.7445930e-01
  3.6842056e-02
 -3.7051675e-01
  6.1767751e-01
  3.5691655e-01
  8.4661394e-03
 -2.0362947e-02
  9.7968674e-05
 -6.1660910e-01
 -9.0560251e-01
 -3.3392259e-03
  5.7484818e-01
  1.5938951e-01
 -9.9625193e-02
 -1.6838056e-01
 -1.9322546e-01
  4.3606237e-06
 -5.1048678e-01
 -2.9253410e-02
 -6.7887729e-01
  6.9182492e-03
  7.8503206e-02
 -2.1392932e-05
  3.8755956e-01
  8.2506776e-06
 -1.6277971e-06
  1.9541608e-06
 -6.6380476e-06
 -3.2073967e-07
  1.0635231e-05
  2.8600112e-05
 -2.0886750e-06
  5.3559561e-05
  1.2179321e-05
  8.8702109e-06
  7.3729307e-06
 -1.3395893e-05
  2.1533995e-06
  5.6644581e-07
 -1.1190074e-05
  6.5171607e-06
  8.7555403e-05
 -1.0563881e-05
 -1.1014567e-05
  1.4836434e-05
 -1.9786896e-05
  2.8507161e-06
  5.6181700e-05
 -9.3876515e-09
 -4.9336900e-06
 -2.3323153e-05
 -8.3239784e-06
 -2.7103065e-06
  1.5397687e-06
 -2.8395664e-06
  9.5427151e-07
 -1.3356374e-01
 -8.0228987e-05
  3.1937954e-05
 -5.6133547e-05
  6.3350184e-05
  1.2045211e-02
  3.1041455e-01
  1.7652765e-05
  4.8039681e-05
  4.5514407e-06
  4.4256474e-05
 -6.2630781e-05
  7.4123433e-03
 -6.6967951e-03
 -9.3987728e-06
  2.1266835e-05
 -3.1804389e-04
 -5.2246502e-05
 -2.6373048e-03
 -2.4739679e-06
  8.4373329e-05
 -1.1915535e-05
  6.9243200e-03
 -1.0299790e-03
  5.9241956e-06
 -1.4363293e-04
  5.2441123e-05
  4.1353568e-02
  1.3577769e-05
 -7.1440488e-01
 -3.8150972e-01
  1.0941788e+00
 -1.7384409e-05
  3.9629242e-01
 -7.2746289e-01
  3.6697292e-01
  4.0811899e-01
  2.1021758e-01
 -1.0059607e+00
 -3.6830497e-01
  9.6778011e-01
  3.9061284e-05
 -8.0220491e-02
 -1.0802433e+00
 -1.3289200e-04
  2.7332897e-05
  8.7567560e-02
  1.3995381e-01
  3.7189597e-01
 -9.4409959e-05
  5.7358080e-05
 -3.4635720e-01
 -1.4402829e-04
 -6.2500352e-05
  9.0930805e-02
 -3.3345971e-01
 -1.6171609e-06
  3.4878787e-02
  4.6191020e-05
  4.1277740e-06
 -3.4220575e-05
 -5.2175833e-06
  6.5422419e-08
  7.8769955e-07
  4.5308529e-06
  8.2635861e-06
 -2.1563281e-05
  8.6606509e-05
 -1.8778675e-05
  2.1323660e-05
 -6.6694688e-06
  4.1878934e-06
  1.2795103e-04
 -1.7577382e-05
 -1.5516835e-06
  4.1976978e-06
  9.3658040e-05
  6.6988264e-06
 -3.3793293e-07
 -1.2934132e-05
  2.9629826e-05
 -2.8389723e-06
 -9.3419221e-06
 -2.3313298e-06
 -8.2830320e-06
  4.5929141e-06
  1.3297416e-05
  2.3590271e-06
  4.2380261e-06
  2.7790568e-06
 -4.9542050e-06
 -5.9938284e-05
  3.1731121e-05
 -3.1745156e-05
  2.4146484e-06
  8.1273124e-02
  2.3690422e-05
 -7.2638031e-06
  1.7730162e-06
 -1.3652211e-06
  5.2172877e-06
 -8.5678249e-07
  3.8221756e-06
  2.2781011e-05
  2.6758050e-06
  4.1748317e-06
 -2.7749986e-05
  1.2096234e-05
  4.9893251e-06
  7.2031500e-05
 -3.9335231e-05
 -3.2920900e-05
 -9.2214832e-06
 -6.9917478e-06
 -1.9727162e-05
  8.0691389e-05
 -4.4424862e-05
  5.2474516e-06
 -6.3840184e-06
  9.9863899e-01
  2.4848979e+00
 -8.8802451e-01
 -1.4581614e+00
  1.7220060e+00
 -2.6440561e-01
 -1.2413610e-02
 -4.2442331e-01
  4.2915601e-01
 -1.1715281e-01
  5.7712752e-01
 -2.6334509e-01
  1.0779217e-01
  7.2961181e-01
  1.4532436e-01
 -5.9852246e-03
 -1.4565037e+00
 -1.8936157e-02
  6.9888252e-01
  8.1046659e-01
  1.0583420e-01
 -4.4445610e-01
  1.7036006e-01
  1.2960710e-01
 -1.0832850e-05
 -1.4887356e-03
 -1.6512445e-01
  1.5968373e-01
 -2.0340519e-01
 -3.6414560e-06
 -7.3272049e-01
 -1.4944830e+00
 -3.6314946e-01
  8.9076918e-01
 -1.0713266e+00
 -1.5265353e-01
 -2.4912950e-01
 -1.3570690e-01
  1.3269463e+00
 -4.8432210e-01
 -3.3998165e-01
  1.2089796e+00
 -5.9320128e-01
  9.7837812e-01
 -5.5668342e-01
  5.8015871e-01
 -3.0935353e-02
  5.3270888e-01
 -4.4179708e-01
  5.0249160e-05
 -3.6380851e-01
  1.3300712e+00
 -1.4351410e+00
 -1.4794368e+00
 -7.0537591e-01
  1.1713390e+00
  1.1545660e-01
  1.6918324e-05
 -2.9301026e-01
  4.4845849e-01
  1.0795221e+00
  3.4670725e-01
 -2.0324677e-01
  2.6279804e-01
  9.5185256e-01
 -8.1350645e-03
  2.2450866e-02
 -3.1254426e-01
 -2.8077608e-01
  3.7964147e-01
  1.0596255e-01
  4.9280480e-01
 -1.4254437e-03
 -4.0266997e-01
 -1.9449119e-01
 -6.4471775e-01
 -3.4418485e-01
  1.2254207e+00
 -1.2592105e+00
  1.1915373e+00
  1.7112555e-01
 -7.0908105e-01
  8.2817197e-01
  6.1724007e-01
  1.1308249e+00
 -1.9504745e-01
  5.3522002e-04
  2.0233638e-04
  3.0305123e-01
 -3.4412236e-03
  2.8949621e-01
 -7.1689171e-01
  4.3206075e-01
  9.5626026e-01
  1.5802836e+00
 -4.7752269e-02
 -2.9371843e-01
  2.3711590e-01
  7.2353762e-01
 -9.1599412e-02
  9.5047808e-01
 -1.4024064e-01
  1.4152053e-01
  2.1095870e+00
 -7.3302400e-01
  4.7113839e-01
  1.5269370e+00
 -3.1043796e-02
  7.5619632e-01
  1.6077902e+00
 -1.0490307e-05
 -5.6709931e-05
  1.4534909e-01
 -1.1205461e-01
  5.4012585e-01
  3.7755337e-02
  1.3814765e-01
 -7.5105704e-02
 -4.8320625e-02
  1.7672488e-01
 -2.5920690e-05
  7.3523748e-05
 -7.0183887e-06
  1.0749271e-05
 -1.3223248e-06
  2.1588517e-05
 -2.1512531e-05
 -1.2113483e-05
 -5.5929923e-01
 -2.1329402e-06
 -9.8442397e-06
  5.0620306e-06
 -4.2022184e-06
 -1.1062592e-05
 -1.0051056e-05
 -1.2567672e-06
 -4.4477503e-07
 -1.2246794e-04
  4.0724939e-05
 -4.6402133e-06
 -6.3450375e-06
 -4.5728651e-05
 -3.2950731e-05
  1.9870375e-04
 -7.1932645e-06
 -2.1057972e-06
 -3.6408939e-05
  8.1750804e-05
  3.6847057e-05
 -8.0522994e-04
  1.8104925e-05
  2.8398663e-06
 -2.1018919e-03
  3.2000458e-05
  7.3666430e-05
 -2.5357931e-05
  2.6964663e-06
  3.0674678e-06
  5.4927152e-02
  7.7986724e-06
 -1.6825840e-04
 -4.3547632e-05
 -4.2951587e-04
 -4.6383533e-01
  1.8775361e-05
 -6.9476067e-05
  1.3296725e-04
  1.7236753e-06
 -2.2649836e-05
  4.6547961e-05
 -2.0994667e-06
 -7.5344833e-05
  5.9065956e-06
  9.1496571e-07
  7.2404000e-06
 -7.8515317e-05
  7.7517048e-05
  1.9535435e-06
 -2.3557108e-07
  7.0621070e-07
  3.5503197e-01
  9.3043327e-02
 -7.1717548e-01
  3.9932990e-01
 -1.0162009e+00
  9.5510542e-02
 -2.6647195e-01
 -9.8852128e-01
  3.1679901e-01
 -2.6324168e-01
  1.1473907e+00
  1.3841912e-01
 -1.3685501e-01
  2.0466423e-01
  6.9030508e-02
 -4.7035892e-02
 -8.5907263e-01
  2.4818105e-04
  6.6603380e-01
 -1.6242640e+00
  5.2664742e-05
 -4.4528615e-02
  3.2892683e-01
  1.8440551e-05
 -2.8363768e-06
 -4.3675001e-03
  1.7470509e-01
  9.3423092e-05
 -1.4003713e-01
 -1.9892607e-02
  4.2858094e-01
  2.9699993e-01
 -5.2143741e-02
 -8.8549602e-01
  4.4533383e-05
 -2.2220767e-01
 -4.1048482e-02
 -4.9989272e-02
 -2.4329859e-01
  4.2394480e-01
 -6.8473546e-06
 -2.3623933e-01
 -7.5718284e-02
 -9.6304417e-01
 -5.3688185e-03
 -3.1475306e-06
 -4.2322678e-03
 -1.1937956e-04
  2.6150158e-01
  3.3709363e-04
 -3.4973848e-06
 -1.9675026e-06
  2.3086017e-04
  8.8388933e-06
  1.3720926e-03
 -2.4690256e-05
 -1.3379256e-05
  2.6116004e-06
 -3.5893431e-04
  2.6430571e-06
 -2.5517006e-06
 -3.9910506e-06
 -1.5815547e-06
  4.9747079e-05
  3.9864567e-06
 -1.1800127e-05
  1.5000967e-04
 -7.3697420e-06
  2.3960849e-06
 -2.6355099e-06
 -1.2614367e-04
  6.4955998e-07
  3.1588322e-06
  1.2270419e-06
  5.6704575e-06
 -1.8496026e-05
 -4.4914696e-06
  1.7796937e-08
 -1.9076297e-06
 -2.9959654e-05
  8.8164052e-06
 -4.2233860e-06
 -4.1417734e-05
 -1.1032536e-06
  9.3038070e-06
 -5.3136605e-06
 -6.2550052e-06
 -5.1216779e-07
 -4.5954662e-06
 -4.4280333e-07
  1.3354827e-05
  1.1758838e-04
 -2.2557379e-06
  7.3370376e-07
  1.7424760e-05
  1.5822916e-06
 -2.0903692e-05
 -5.2718478e-05
 -3.9712872e-06
  2.0780099e-05
  1.2356019e-05
 -1.2589344e-05
  9.5476826e-06
 -8.5709937e-05
  4.4470862e-04
  1.8509866e-06
 -3.3995908e-05
 -5.6154304e-06
 -2.1082462e-05
  8.6335567e-06
  5.2457563e-06
  1.4269751e-05
 -1.7867077e-07
  6.1287446e-06
 -1.5797374e-04
  2.5595709e-05
  2.2762738e-06
  4.6486217e-05
  9.1366874e-06
 -1.3879012e-05
  1.2084972e-04
 -2.4945566e-05
 -4.3092739e-05
  3.4884612e-05
  2.8578823e-05
 -2.4178189e-05
  2.8903805e-05
 -1.9286730e-05
 -5.9768372e-05
  2.5502953e-04
 -5.9830836e-07
 -9.0001377e-06
  2.8227310e-05
  2.6058689e-05
 -1.3036827e+00
  2.2924449e-05
 -2.0550428e-05
 -3.9247068e-05
 -1.0916617e-05
 -8.4289539e-05
 -3.8503589e-05
  5.9857493e-06
 -1.3633588e-04
  2.9562812e-06
 -5.4846802e-05
  4.8045633e-05
 -4.2880409e-05
  2.1695379e-05
  4.7229150e-06
  6.4480491e-07
  2.6551126e-07
  5.2814626e-06
 -1.7306784e-05
  7.2105249e-06
 -2.1466828e-06
 -2.3660958e-05
 -1.1027923e-06
 -1.8247488e-06
  2.8029270e-05
 -3.6662861e-06
  6.1874289e-07
 -1.4135628e-05
 -3.9954625e-06
  2.5935185e-06
  1.7242912e-06
 -4.4797089e-06
  1.0435776e-06
  7.6459173e-06
  2.2979788e-05
 -1.0528756e-05
  2.1077758e-06
 -9.5473547e-07
  6.1049986e-06
  3.5285262e-05
  6.1913152e-06
 -9.3384733e-06
  5.5787928e-06
  2.3492088e-05
  2.0468082e-04
  1.7943302e-06
  9.1975235e-06
  5.2973646e-01
  1.7096965e-05
 -2.2924560e-05
  8.8864952e-05
  2.0089663e-05
 -6.3655822e-04
 -4.5545356e-05
 -3.1198299e-05
 -2.1990585e-01
  2.2025138e-06
  1.5503692e-05
  6.8286054e-06
 -1.0054605e-06
  1.8937985e-04
  6.6411790e-06
 -1.4075474e-05
  7.0381473e-05
 -3.0221307e-05
  3.2106313e-05
  1.0939472e-05
 -3.3366301e-05
 -5.8668297e-06
 -4.6280961e-06
  2.4500298e-06
 -7.4530260e-05
 -1.0471584e-06
 -1.0762959e-05
 -6.9446495e-04
  7.6420030e-05
 -4.2956118e-03
 -8.0351293e-01
 -7.4248421e-01
 -5.3659552e-01
  2.0664731e-04
  7.0003900e-03
 -8.0879629e-01
 -1.8514174e-01
  1.3065249e-01
  8.4940851e-01
  3.4980952e-05
 -8.5428655e-02
 -2.4026944e-04
  9.5396535e-03
  2.1043649e-02
 -5.8005544e-06
 -1.1419336e-05
  4.2190299e-05
 -4.3922544e-02
  4.0674304e-06
  5.2030202e-05
 -5.7906967e-05
  1.3621115e-05
 -2.9181696e-05
  1.0967198e-03
  1.0795363e-04
  1.1841072e-05
 -9.9200979e-06
 -2.8592084e-02
 -2.3459263e-06
  1.8655516e+00
 -1.8509075e-01
 -5.2592474e-01
  4.2573583e-07
 -3.5143279e-02
 -1.3657589e-01
 -1.0091982e+00
  5.6150949e-01
 -2.2789836e-03
 -1.8743666e-02
  3.5437527e-01
 -2.9977743e-02
 -3.6884472e-04
 -1.0470804e+00
 -1.0394181e-02
  1.3624120e-04
  3.1135336e-05
  4.5609411e-02
  3.4954515e-01
  4.4431734e-01
  4.2726992e-07
 -6.8269610e-02
  1.9977863e-06
 -2.0201950e+00
  3.5634363e-01
 -9.3099929e-02
  3.1214131e-02
 -8.6520140e-06
 -4.0537277e-03
 -3.2668058e-03
 -1.2624271e-04
 -1.1695117e+00
 -3.6444113e-01
  2.6427102e+00
  1.1981346e-04
  3.8183440e-02
 -3.7855563e-01
 -2.5066152e-01
 -3.0277669e-01
  1.9885714e-01
 -8.9133167e-01
  1.0014597e+00
  3.8605133e-01
  2.1602914e+00
 -8.0646873e-01
 -1.3686835e-05
 -2.2938268e-02
 -4.0684463e-04
  4.3301138e-01
  1.5731750e-04
 -4.3471600e-04
  1.0047495e-01
 -2.8168276e-01
  3.6066830e-01
 -2.9574314e-01
  7.1976501e-05
 -1.1179325e-01
 -5.3432610e-02
  2.1652215e-05
 -4.3485556e-02
 -5.5375636e-01
 -2.2994413e-04
 -1.1828514e-04
  8.9162735e-05
 -8.4725187e-05
  4.6892441e-05
  1.3327359e-02
 -1.1258491e+00
 -3.8702422e-01
 -3.2918554e-02
 -3.8584996e-05
  1.8740629e-06
  2.5378617e-05
  1.2810190e-01
 -7.5197639e-03
 -2.6769767e-06
 -1.8187729e-04
  1.9176030e-05
 -3.2528003e-03
 -8.4131612e-03
 -3.9652846e-04
  1.9734032e-05
 -1.7727583e-04
  5.8915216e-06
 -1.9014873e-04
 -8.3797676e-07
 -7.9544952e-05
  6.5693334e-06
  1.5127434e-03
 -1.4724503e-05
 -1.2071153e-05
  3.4469151e-04
 -1.9090591e-02
 -3.0598734e-03
  1.0937265e-05
  4.2933732e-01
 -8.2444854e-02
 -3.0005199e-01
 -2.2854383e-01
  6.3121080e-01
  3.5799762e-06
 -7.1451432e-06
  4.9668135e-05
  3.8689971e-01
  6.8590348e-03
  3.8835869e-06
 -9.3024164e-06
  2.6344951e-05
 -9.8384783e-02
  9.1285710e-06
  6.3401382e-07
 -1.6096554e-05
 -1.8392831e-05
 -1.9006322e-01
  1.0522425e-05
 -3.0174493e-04
  9.3284280e-06
  8.2962484e-05
  2.0046133e-04
 -2.9381188e-06
  3.8732173e-07
  1.0091716e-05
  4.1025582e-05
  9.8454375e-06
 -2.3705911e-06
  2.8160534e-06
  1.3635245e-05
  1.2584026e-04
 -5.0064977e-05
 -4.2656952e-06
 -1.0385135e-05
  3.4583445e-05
 -1.6268810e-05
  6.4363476e-06
  6.3282996e-06
  4.8299653e-06
 -2.1210703e-06
  7.4760219e-06
  1.7423520e-06
 -5.7383882e-06
 -1.1307515e-06
 -5.3289645e-05
  3.1572622e-06
 -2.6886089e-06
  6.8118752e-05
 -2.0736583e-05
 -7.2345056e-06
  1.1881526e-05
 -1.3187283e-05
  5.5329278e-06
 -3.1591814e-03
 -4.8364881e-02
  7.5068909e-01
  1.1826978e+00
  3.2541808e-03
 -4.2673966e-01
  2.7701342e-01
 -6.4945738e-03
  1.0153457e+00
  4.8615944e-01
 -1.6232908e-01
  1.9547364e+00
  2.5205436e-01
 -6.0078317e-01
  3.2452472e-02
  4.2628402e-01
  1.2403220e-01
 -7.0619786e-01
  5.9312993e-01
  3.0045646e-01
  8.7833523e-06
  4.7983390e-01
 -1.1646552e-01
  1.3013134e+00
  1.7282404e-05
  6.3188738e-05
 -3.4402668e-01
  4.8234270e-04
 -4.8627323e-01
  2.4428932e-04
  2.1097896e-05
  3.1891537e-05
  1.3222209e-05
 -1.7052977e-05
 -1.7154095e-04
  2.5071628e-05
 -5.6568808e-07
  6.2035901e-09
  6.4831279e-06
 -7.3058578e-07
  5.5003486e-05
  4.2963820e-06
  4.7774902e-06
 -9.8438268e-06
 -9.9885199e-07
 -4.2491101e-06
 -5.0942003e-07
 -1.8224635e-05
  2.4489518e-06
  9.7986907e-05
  2.1944665e-05
  2.9750415e-06
 -7.0109877e-06
 -2.0205750e-06
 -1.3703660e-05
  2.1031999e-05
  1.4105217e-05
  4.0656199e-05
  2.6592682e-04
  2.0834775e-06
 -8.1121561e-06
 -3.2155373e-04
 -6.8378918e-02
 -5.6808294e-05
 -1.0485399e-05
  5.4854195e-06
 -2.1232597e-06
  5.0794144e-05
 -2.0789433e-01
  6.4850792e-02
  2.2012950e-08
  5.9640974e-01
 -5.5050390e-05
  7.0303882e-05
  9.4365045e-05
  4.2101096e-06
 -6.0157697e-07
 -1.6405773e-05
  3.1585820e-05
 -7.4639620e-06
 -4.9656201e-06
  1.8024635e-05
 -9.8091179e-05
  8.6425480e-06
 -1.4208848e-04
  6.1522055e-06
 -3.7411257e-05
 -6.2571715e-05
  1.0845179e-04
  2.5851038e-04
 -6.4924651e-01
 -5.5646926e-01
 -2.8640383e-01
 -3.7954795e-01
  3.8836011e-01
  3.4924650e-01
  6.3236237e-02
 -2.7522495e-01
  4.2876297e-01
  7.6718062e-01
 -3.1991261e-05
  5.2092528e-05
  1.9225462e-04
 -1.3204139e-03
 -8.5003984e-01
  1.2073061e-05
  5.6500130e-06
 -5.9105051e-01
 -5.8937812e-04
  3.2929587e-05
 -1.0890308e-06
  7.6491924e-05
 -2.1718207e-03
  3.7735084e-04
 -2.5353188e-04
  5.2975709e-05
 -3.8881237e-05
  1.8722772e-04
  6.6627465e-02
  1.8467737e-04
  4.2465585e-01
  1.4595120e+00
 -5.7858571e-05
  2.8634597e-02
 -4.9657741e-01
 -2.2262868e-06
  2.2886579e-05
 -8.0468291e-01
  3.6986481e-02
  3.5797673e-01
  1.6369808e+00
 -3.0386514e-05
 -5.2926229e-05
  8.6891443e-01
  7.7131945e-01
  3.8090354e-07
  4.5984621e-06
  3.6595189e-05
 -8.6554992e-06
 -4.1815933e-06
 -7.7067816e-01
 -5.2483302e-01
 -4.4286722e-01
  1.7426358e-04
 -6.6322224e-05
 -2.0467005e-04
 -3.6813738e-03
  4.0747450e-06
 -3.7185421e-06
  7.4335098e-01
  5.0132322e-01
 -2.0934758e+00
  1.3346683e-05
 -3.9279085e-01
 -1.0857525e+00
 -3.8073479e-06
  4.1136478e-05
  2.5685303e+00
 -1.7206297e+00
  1.5453312e+00
  1.4957114e+00
 -2.5614917e-01
  1.3442105e-01
  1.7071557e+00
  7.9186487e-01
  7.4863992e-06
  4.0784507e-06
 -2.0170395e-01
 -8.4349776e-05
  2.8891030e-01
  4.5881110e-01
  9.5862311e-01
 -1.3689066e+00
 -4.3382609e-01
  3.7534058e-01
  1.3774597e-04
 -1.1567367e+00
 -2.0045182e-08
 -2.0902164e-01
 -9.0641534e-01
 -2.0965528e+00
  7.3041481e-01
  3.7020329e-01
 -5.9729803e-01
 -2.4337271e-02
  1.7407157e-02
 -4.9968013e-01
 -9.7983247e-01
  1.5741516e+00
  3.8304675e-01
  2.4923596e-01
  9.3647473e-02
 -6.3243550e-01
 -9.5549774e-05
 -2.0187461e-05
  3.1337366e-01
 -1.3131975e-05
  1.4403749e-05
  1.3492225e+00
 -9.8130387e-01
 -6.3367325e-01
  8.3977777e-01
  8.7833554e-01
  6.0806209e-01
 -1.0554512e+00
  5.3903663e-01
  4.6165049e-01
 -9.1708511e-01
 -1.7165561e-01
  9.8004647e-02
 -2.4116747e+00
  4.1327780e-01
  1.8643968e-01
 -1.1004658e+00
  1.5055696e+00
  2.8721958e-02
  3.7006471e-02
  3.1804803e-01
  9.6661079e-01
  5.9475434e-01
 -2.3043544e-03
 -5.5376697e-01
  1.3436311e+00
 -1.5285472e-05
  1.6648482e-01
  1.5567355e+00
 -1.3096970e+00
 -1.8167751e+00
  1.8141062e+00
  1.0022415e+00
  1.6501893e-01
  1.6700324e+00
 -7.7588475e-01
  1.1237328e+00
  6.5137583e-01
  2.3878038e-02
 -1.2844069e-01
  1.9393270e-01
 -4.1397498e-03
  2.1031559e-01
 -5.0322074e-01
  6.5224349e-01
 -1.7099643e-01
 -1.6589586e+00
  1.0414020e+00
 -7.0505661e-01
 -1.7440453e+00
  9.1114715e-02
 -1.0485702e+00
 -1.1929507e-01
 -4.6618325e-01
  7.7432267e-02
 -1.2631825e+00
  2.8992113e-01
  5.8979118e-01
 -6.5918291e-01
  5.6629401e-01
  1.4671890e-01
  1.8176572e+00
 -3.0364525e-03
  1.2800716e+00
  9.8861116e-01
 -9.7282702e-01
 -1.3285756e+00
  1.1232818e-01
  3.9541817e-01
 -3.4866242e+00
 -1.5037465e-01
 -2.0989845e+00
 -2.5166416e-01
  1.0468551e+00
 -7.0005597e-04
 -9.0213411e-02
  1.7054241e-05
  3.2498399e-05
 -2.5603578e-03
  1.3663043e+00
 -1.0063668e+00
 -3.8619390e-05
  8.0786496e-01
 -7.5641364e-02
  2.4231769e-05
  4.4900009e-01
 -2.3559991e-01
 -4.7951317e-01
  5.5556726e-01
  5.0941509e-01
  1.1396618e-01
 -9.1461307e-01
 -5.5052763e-01
 -1.4826095e+00
  6.5101546e-01
 -1.1638114e+00
 -2.6425574e+00
  4.8658490e-01
 -1.0335202e+00
 -8.3088303e-01
  3.8702545e-01
 -1.1404525e-01
 -3.3871216e-01
 -9.5430797e-01
  2.4486282e-03
  4.1826337e-05
  2.7532032e+00
 -7.2654420e-01
  4.2168576e-02
  1.2537953e+00
 -8.6467244e-02
  1.2521596e-04
  9.6197003e-01
 -9.6623339e-03
 -4.4544557e-01
  1.2777225e+00
  6.3101880e-02
  4.4876990e-01
  7.1702339e-02
 -7.4395269e-01
 -1.4863418e+00
 -9.2706475e-03
 -2.3786354e-01
 -2.8738012e+00
 -5.4769778e-01
  1.2903666e-01
 -4.6461794e-01
 -3.4038970e-01
 -9.9912614e-02
 -5.6396973e-01
  7.4542367e-01
  2.8969155e-04
  2.9760969e-01
 -9.8362312e-02
 -8.7113118e-01
 -1.6697995e-02
  1.3872403e+00
 -2.1858038e-01
  3.2039479e-04
  6.7764908e-01
 -1.2515919e-05
 -2.0960112e+00
  2.1164591e+00
  8.3412153e-01
  4.1424203e-01
  1.2404470e+00
  5.8550388e-01
  7.3683411e-01
 -7.9899704e-01
  1.1123098e-01
  1.3492161e+00
  1.2190183e+00
  1.4617485e-01
 -9.1216825e-02
 -1.7874216e-01
 -1.2379697e-05
  6.5666434e-05
  7.5495052e-03
 -2.4608928e-05
  3.3455475e-05
  6.4743555e-01
  2.1290740e-01
  8.7114977e-06
 -4.8524603e-02
  6.8957794e-01
  1.0663015e-01
 -4.0363947e-01
  1.4282992e+00
 -9.4417042e-01
 -8.1974614e-01
 -1.8440381e-01
  7.3282645e-06
  8.6430854e-01
  2.4835335e-01
  3.9224291e-01
 -2.5538498e-01
 -1.7900729e-01
 -2.5091712e+00
 -1.1814947e+00
  2.0625758e-01
  3.3358967e-01
  1.2785501e+00
 -4.9370461e-05
 -3.0647466e-06
  2.2106848e+00
  3.4501460e-01
 -6.5658021e-01
  1.8995095e+00
  1.0458361e+00
  3.9703562e-05
 -1.8593373e+00
  8.2223874e-01
  7.7361408e-05
 -6.2244087e-01
  1.2183753e+00
  6.7517191e-01
  1.1721392e+00
 -1.8013325e-04
  1.6214047e-03
 -2.0733509e-02
  7.3641229e-01
  3.7392822e-01
  1.0375527e-01
  1.8232933e+00
  1.1342852e+00
  3.1077978e-01
 -2.1069314e-01
  2.3584367e-01
  7.2643805e-01
  3.4781048e-04
  1.7848735e-01
 -1.0131129e+00
 -1.9240183e+00
 -1.9655507e+00
  2.4315734e-01
  8.4234887e-01
  3.8400824e-05
  1.1667204e+00
 -5.0550830e-01
  7.0501205e-06
 -8.4432918e-01
  4.4115049e-01
 -6.3538551e-02
  9.4705313e-01
  3.0684802e-01
  1.8123473e-01
  1.0282445e+00
  1.4570265e+00
  6.2066201e-02
 -9.4642872e-01
  4.5024928e-01
  4.1737625e-01
 -1.0282778e+00
 -5.6785822e-01
  1.6867003e+00
  1.4798242e+00
  2.1115736e-07
  5.1675147e-06
  4.2674802e-07
  2.1179585e+00
  3.2267071e-02
 -3.5546868e+00
  6.0384160e-01
  6.4112939e-04
 -6.1759645e-01
  6.0921329e-01
  6.0020678e-02
 -3.1932205e-02
 -2.1359355e+00
  1.1962692e-01
 -1.6873477e-01
 -9.6551114e-01
  1.7333262e-01
  6.5667063e-01
  5.1921349e-02
 -4.2176156e-04
  6.8796277e-02
  2.7316263e+00
  1.9202001e+00
 -6.4195937e-01
  1.6679708e+00
  1.0000254e+00
 -1.5866642e+00
 -5.3165047e-07
 -2.0746309e-05
  4.0021792e-02
  5.1468813e-01
  9.7160393e-01
 -1.1618155e+00
  1.6103609e+00
  9.6312848e-05
 -1.4236166e+00
  8.1942135e-01
  6.0571278e-05
 -3.5051573e-02
 -6.7326838e-01
 -2.9772803e-01
 -1.8473092e+00
 -1.2291087e+00
  8.1456935e-01
 -7.6651158e-05
  5.5998236e-01
  3.6326540e-03
 -9.3930365e-05
  3.3157653e-01
  1.7378745e+00
 -5.4138247e-02
 -5.5707181e-01
  2.5744036e-01
 -2.9876083e-01
 -5.9663267e-05
  7.8990437e-02
 -8.9951825e-01
  1.3163679e+00
 -7.3691577e-01
  6.2176287e-01
  3.6682183e-01
  2.2186475e-01
 -1.2532057e+00
 -1.0785185e-02
  1.0227510e-05
 -2.4745186e-01
  1.4006246e+00
  5.4690772e-01
  1.5674610e+00
  1.9190763e-01
  4.5765522e-01
  2.4036841e-01
 -7.4111843e-01
 -9.0221781e-01
  1.4656260e+00
 -2.4641702e+00
 -9.5391917e-01
 -5.6327236e-01
 -1.4771430e+00
  4.5746389e-01
 -3.5617584e-01
 -2.6952422e-01
 -4.8311055e-01
  1.0780153e+00
 -4.1985983e-01
 -7.3647301e-04
  1.3448313e+00
  3.0166790e-05
  1.7824315e-05
  6.0600116e-05
  1.3685767e-02
  3.8491645e-01
 -2.9912577e-03
  8.8472636e-03
 -4.0985745e-01
 -1.0316553e+00
  5.4835577e-02
  9.6410649e-06
 -1.2319623e+00
 -1.9858005e+00
 -1.8775762e+00
  8.9026886e-01
 -9.9445447e-02
 -1.6147220e+00
  1.4132255e+00
 -3.9320574e-03
 -1.0123210e+00
  1.4739934e+00
 -7.5013906e-01
 -1.4647136e+00
  3.0241996e-01
  5.3194106e-01
 -3.2538128e-01
  7.9952317e-01
  2.5960931e-01
  2.9791075e-01
  5.8928814e-02
  3.2974139e-01
  1.3521113e+00
 -8.1260008e-01
  1.1285772e-05
 -4.7118157e-01
 -1.4913044e+00
 -5.4810699e-02
  3.3032790e-02
  8.2617623e-01
 -7.9571205e-01
 -3.4768343e-02
 -1.2181530e+00
 -1.3607695e+00
 -1.6058698e+00
 -9.5465016e-01
 -5.4985261e-01
 -3.5245758e-02
  1.4740034e+00
 -1.3030936e+00
 -1.4913193e+00
 -7.0388293e-01
 -7.7542233e-01
  1.0532829e-01
 -1.7081236e+00
  1.2520485e+00
  1.3442321e-01
 -8.3801699e-01
 -5.2487439e-01
 -1.8795151e+00
  1.1629198e+00
 -1.5851604e+00
 -9.6602583e-01
  6.1617661e-01
  1.7675650e+00
  1.4334245e+00
 -1.3931421e+00
  6.0425027e-06
  4.7983479e-02
  1.2617110e-01
 -1.4444594e-01
 -5.9623394e-06
 -2.9789671e-01
 -2.2843561e-01
 -1.3284158e+00
 -3.4985077e-01
 -1.7732229e-06
 -1.0302917e-05
  6.8779089e-05
  1.6048238e-05
 -1.3527784e-05
  1.2212218e+00
  2.1663302e-06
 -7.1450031e-01
  5.3547710e-06
  7.7191553e-06
  8.7041566e-03
  1.3501829e+00
 -1.3759907e-01
  2.4406763e-06
 -4.9223682e-01
  6.7309397e-01
  4.6952069e-01
 -1.3088574e+00
 -1.8022240e-06
  7.9073016e-06
 -4.2787352e-01
  1.4569300e-06
 -1.2071117e-05
  1.8975424e+00
 -6.9046986e-01
  3.8656735e-01
 -4.0867051e-01
  3.2193500e-06
  6.4631136e-06
  6.7996365e-01
 -8.8777626e-03
 -8.0778031e-05
 -6.2441862e-01
  1.3824730e+00
  7.1706407e-02
 -1.2027421e+00
 -7.1151985e-06
  5.0118438e-04
  7.4166155e-01
 -4.2468582e-06
 -4.2515538e-05
 -1.2301726e+00
  7.6492649e-01
  8.6555243e-01
 -6.1044598e-01
  3.0568550e-05
 -6.7652018e-06
  3.7234843e-01
 -2.0953325e-05
 -8.9064761e-06
 -2.2152552e-01
  3.0606240e-01
 -1.6843829e+00
 -3.4814150e-04
 -4.9225665e-03
  5.3428556e-03
  4.1732517e-01
  2.4663109e-06
  5.0957497e-05
  1.2568969e-01
 -2.1065052e-01
  2.6017031e-01
  1.3157488e-02
  9.7191318e-05
 -1.3155642e-05
  7.4272579e-01
 -8.4048343e-06
 -5.1340116e-06
  6.6040598e-02
  9.3695424e-02
  7.4702609e-01
 -5.1064652e-01
 -1.8616556e-05
  6.0044908e-07
  1.1286044e-06
  5.5258725e-02
 -5.4937559e-06
  4.2394146e-01
 -6.8761629e-01
  1.1197708e+00
  3.8885459e-01
  1.1391784e-05
  6.4373000e-07
  2.5922693e-05
 -1.5893855e-05
 -1.2310465e-05
  1.0519901e-05
  1.0898287e-04
 -5.4943142e-05
  4.6534689e-05
 -1.8966045e-06
  1.6064052e-05
  2.4018285e-05
  1.6116184e-01
 -9.5948744e-06
  8.2664382e-01
 -1.5244462e+00
  1.1085044e+00
  3.4527026e-02
  1.5238673e-05
  1.0056741e-05
  4.8066750e-06
 -1.4737335e-06
  5.3348863e-06
  8.3045441e-01
  4.6291023e-01
 -1.2651342e+00
 -2.7166378e-01
 -1.2884160e-05
  1.0056342e-05
  5.7404559e-06
  9.8960392e-02
  2.0952933e-05
  1.5567309e+00
 -2.5165671e-01
  8.7036082e-05
  1.2286495e+00
 -1.7891771e-05
 -1.4449597e-05
 -1.4922908e-05
  2.2681356e-06
  4.1689919e-04
  2.9029191e-01
  6.0250789e-01
  2.3824692e+00
 -3.8501620e-01
 -3.2469966e-06
  9.7494185e-06
  5.4866960e-06
  2.7036166e-03
  5.3989775e-06
 -2.1388839e-01
 -5.7157259e-02
  3.3374426e-01
  6.3953787e-02
 -1.4251077e-05
  1.9664689e-05
  5.3966492e-06
  1.0957387e-05
  1.6029417e-06
  1.7497044e+00
 -4.3111685e-01
  7.2428113e-01
  1.1052772e+00
  6.4986598e-06
 -2.3738137e-05
  7.0766791e-06
  3.0830692e-05
 -1.7609385e-05
  5.4446023e-02
 -1.5913014e-01
 -5.4109842e-01
  6.8382519e-01
 -2.0304575e-05
  2.8472841e-06
 -4.0158402e-06
 -1.1148467e+00
  1.6282504e-05
  9.6886528e-01
  1.9038883e-01
  5.4078883e-01
 -1.2488470e+00
 -2.7794372e-06
 -7.1754344e-05
 -7.2718962e-05
 -1.6595696e-06
  1.5273547e-05
  3.2978389e+00
  1.2229577e-04
  1.2567107e-04
 -4.9401137e-06
  3.9796605e-06
  4.2193195e-05
 -7.6371507e-06
 -6.4113009e-01
 -5.8775662e-05
  1.8954875e-01
 -3.7169229e-05
 -2.0613259e-01
 -1.5689220e-01
 -1.0649662e-05
 -5.2661953e-06
 -5.1472448e-06
 -1.9483078e-01
 -5.8552255e-06
 -5.9136611e-01
 -2.7324477e-02
  6.1285067e-01
 -1.0181829e+00
  6.1844858e-06
  6.4997512e-05
 -5.7049019e-06
 -9.5104665e-02
 -2.5320383e-06
  5.0216377e-01
 -2.0095237e-01
  1.6823579e-07
 -1.3461050e+00
 -9.8132487e-06
 -4.3541918e-06
 -2.3454038e-06
 -6.8230546e-01
  4.3080781e-06
  2.7606389e-01
 -3.1678244e-02
  8.8249469e-01
 -1.1473337e+00
  2.9331721e-05
  1.7836755e-06
 -3.7248030e-06
 -1.4520576e-04
 -2.8468935e-06
  1.2940366e+00
  7.0455201e-02
 -4.1073370e-01
 -1.6698060e+00
  8.8370789e-06
  1.6998686e-06
  6.2890867e-06
 -1.1029172e+00
  3.0035369e-05
  5.1284474e-01
 -3.3348363e-03
 -5.7567811e-01
 -9.7301924e-01
  1.1784809e-05
 -4.0512332e-06
  2.3507875e-04
 -3.0673561e-01
  7.2509515e-06
 -3.4018964e-01
  7.4286028e-05
  3.7671116e-01
 -4.5491794e-01
  1.0492114e-01
  5.5375642e-01
 -5.8776206e-01
 -1.4940351e-01
  2.4378502e-05
  3.4372723e-01
  6.5731043e-01
  8.5567993e-01
 -7.1453661e-01
  2.7876242e-05
 -2.1572849e-05
 -4.7503648e-04
  1.3479981e-05
  3.1504226e-06
 -1.0941270e-01
 -1.6807262e-05
  4.7861099e-01
  1.9306694e-05
  1.0792401e-01
  4.6165743e-01
 -1.0272925e+00
 -1.4721672e-04
  3.5906101e-05
 -9.5051318e-01
  5.7441980e-01
  1.7630026e-01
 -9.9297756e-01
 -1.2464968e-06
 -2.7371932e-05
 -5.3422123e-01
 -4.2310614e-05
 -1.7123516e-06
  1.0171475e+00
 -2.3492837e-01
  1.0407535e+00
  1.1045214e+00
  7.7400014e-02
  2.6244152e-01
  4.7822562e-01
 -1.5373636e-05
  8.0594727e-06
  2.2103657e-05
  9.4585896e-01
 -5.5168130e-02
  3.8118762e-01
 -4.6700262e-07
  4.7092256e-03
 -9.9736666e-03
 -5.1717897e-04
 -4.3486416e-06
 -1.7081383e+00
 -2.5507501e-01
  1.7823374e+00
 -3.6389673e-01
  1.2232774e-02
  2.2823298e-03
 -2.4971908e-01
 -4.0154744e-05
 -1.0234900e-04
 -1.8612759e+00
  2.4705936e-01
  1.4457012e+00
 -2.3858526e-01
 -2.1559563e-05
  2.3876874e-01
 -8.9825356e-01
 -1.6746686e-03
 -5.4666848e-06
 -7.0804620e-01
  6.0317081e-01
 -2.4297246e-01
  2.0021020e-01
  1.3517292e-04
  1.3821228e-05
 -5.4161674e-01
  4.3692662e-06
 -5.9958053e-05
 -6.7911166e-01
  6.4436418e-01
 -4.1305342e-01
 -2.4063021e-01
  2.3025483e-05
  1.2039162e-05
 -5.8488226e-01
  1.7470229e-05
  9.1005750e-06
 -3.4053406e-01
  9.6399778e-01
  6.2363660e-01
 -4.2652896e-01
  9.5629457e-06
  1.4604247e-04
 -9.5452633e-05
  1.9336207e-05
  6.0084567e-06
 -2.4122944e-04
  8.5236812e-01
 -2.1796203e+00
  4.3972941e-06
 -2.6485279e-06
 -4.3220930e-06
 -4.5286137e-01
 -1.1220345e-05
 -1.1814426e-05
 -4.0016300e-07
  4.9969263e-02
  1.2444241e-01
  5.9080231e-01
  1.7753253e-05
 -1.4331274e-06
 -7.5825322e-01
  2.2885299e-06
 -7.4821406e-07
 -3.4491399e-01
  1.3448014e+00
 -3.5873434e-01
 -6.4895704e-04
 -6.3728135e-06
  3.4376142e-05
 -7.3958233e-02
  1.2142469e-05
  6.6444472e-06
 -3.9923495e-01
 -2.8821389e-05
 -9.3902595e-02
 -6.5082486e-06
 -6.7932224e-06
  3.4604946e-06
 -4.8902839e-01
 -2.3787052e-05
 -2.9735591e-05
  6.5566099e-01
  3.2867789e-01
  3.9433837e-01
 -3.9717931e-02
 -1.4622598e-06
  4.7502122e-06
 -8.5448414e-01
 -6.6799510e-07
 -9.0767944e-06
 -4.8970637e-01
  1.9833169e+00
 -1.7568927e+00
  4.0714011e-01
 -4.8033036e-07
  3.6749263e-06
 -1.6124911e+00
 -2.9236855e-05
 -1.2613967e-05
  1.2030261e-05
  1.3651629e-02
  5.1740724e-01
 -5.5029577e-01
  1.5233573e-05
  1.3651368e-05
 -4.6085998e-01
  1.4820129e-04
 -1.6967004e-05
  4.2331317e-01
  1.8767931e-01
 -6.4696771e-01
 -2.6438010e-01
  1.2413758e-02
  1.2413758e-02
  1.2413758e-02
  1.2413758e-02
  1.2413758e-02
  6.7241365e-01
  6.7241365e-01
  6.7241365e-01
  6.7241365e-01
  6.7241365e-01
  1.4738771e-01
  1.4738771e-01
  1.4738771e-01
  1.4738771e-01
  1.4738771e-01
  1.0924964e-01
  1.0924964e-01
  1.0924964e-01
  1.0924964e-01
  1.0924964e-01
  1.6452778e-02
  1.6452778e-02
  1.6452778e-02
  1.6452778e-02
  1.6452778e-02
  1.8038879e-01
  1.8038879e-01
  1.8038879e-01
  1.8038879e-01
  1.8038879e-01
