nep4 3 Ba Zr S 
cutoff 8 4 150 20
n_max 4 4
basis_size 8 8
l_max 4 2 0
ANN 30 0
 -2.8662223e-01
 -8.8024963e-06
 -2.2393569e-05
 -1.7152744e-05
 -1.7686900e-01
  4.8814644e-07
 -9.8940060e-02
 -5.1754487e-05
  7.5410339e-06
  1.4690728e-02
 -4.9293260e-07
 -1.0263620e-05
  1.9483357e-06
  8.5557895e-06
 -6.0116713e-07
 -1.0132999e-05
  1.3093256e-06
 -7.8703385e-07
  9.9270710e-07
 -3.9228829e-04
 -3.2436790e-05
 -3.2212583e-06
  7.5082784e-07
  1.0515493e-04
  3.7209279e-07
  5.4102870e-06
 -1.8224422e-06
 -2.0342100e-06
  2.2849952e-05
  9.8110331e-07
  8.6638933e-01
 -2.7672347e-06
 -9.7429313e-02
  7.2515744e-05
 -8.0456191e-01
 -7.6186693e-06
  4.8250958e-02
  1.0899047e-03
 -4.4537704e-02
 -2.9736999e-02
 -2.4022511e-04
 -6.9308899e-06
  2.5792044e-05
 -5.5104196e-05
  1.4646910e-05
 -5.7481957e-05
 -7.3715011e-05
 -1.8770543e-06
  2.5599742e-05
  8.6440233e-04
  3.4915249e-07
  9.8367373e-06
  6.3365231e-05
  3.3222398e-06
  1.6494729e-01
 -1.7856682e-06
  1.8896724e-04
  1.4707995e-05
 -1.4660421e-06
 -4.0171560e-07
  1.0499532e-05
  7.3007599e-05
  4.5626052e-06
 -6.3566171e-07
 -2.5275152e-05
  1.0351362e-05
  1.7275318e-06
 -3.6454103e-06
 -3.9519804e-05
 -3.7439797e-06
  6.2598505e-05
 -1.8784937e-06
 -3.2220323e-06
 -4.1949620e-06
 -7.9617848e-06
  4.0996933e-06
  1.9300616e-04
  6.1014434e-06
  4.2409383e-06
  1.1092103e-05
  1.4200255e-06
 -1.7786306e-06
  2.2040319e-06
 -9.5991709e-06
 -1.3527023e-06
 -1.3796902e-05
  5.1167176e-06
  5.2633299e-05
 -2.7327328e-06
 -3.5937887e-08
  1.3776917e+00
  5.2482878e-06
 -2.1515091e-01
  7.6709784e-07
 -5.5226531e-02
 -5.0597664e-05
  3.9128255e-04
  5.9177443e-02
 -6.0956863e-05
 -6.5858692e-01
 -2.3611170e-05
 -9.5707888e-05
  1.6215179e-06
  4.4087442e-06
  2.2176469e-06
 -3.1784826e-04
 -1.4040194e-04
 -6.5652159e-05
  6.7089029e-05
  9.9614608e-06
  1.8475971e-08
  2.1264992e-05
  2.8417397e-05
 -2.2976947e-06
  1.5055387e-01
 -3.8600729e-06
 -5.1606924e-07
  2.4691428e-06
 -1.2693436e-06
 -1.1233308e-05
 -2.3836854e-03
  4.3348001e-07
  3.6096724e-05
  5.0469644e-06
  2.6585290e-06
 -4.8768038e-06
  7.3474251e-07
  1.5537963e-06
  5.1781708e-06
 -1.7280521e-05
 -7.0007223e-07
 -7.5543890e-06
 -1.0673007e-05
  4.6487457e-06
  1.3693016e-06
 -8.8476017e-06
  5.0884714e-06
  8.6780228e-06
  3.3042882e-06
 -1.4846432e-05
  3.8405538e-08
  1.6748428e-06
 -1.1734595e-05
 -4.6845066e-06
  9.2505630e-05
 -6.3279572e-06
  7.4412965e-06
 -1.3648279e-05
  7.4244292e-07
 -7.2849498e-06
  3.3871593e-06
 -1.1583502e-06
  1.5035041e-06
  9.0872264e-04
 -6.8832436e-05
  4.1868651e-07
 -3.5669975e-06
 -1.8700530e-05
 -5.8746700e-05
 -4.3181814e-07
 -1.7842509e-06
 -2.1653698e-06
 -2.3886521e-06
 -5.6361077e-06
 -1.3910228e-06
 -4.1119347e-06
 -8.1759954e-06
 -9.8643555e-05
 -6.7592214e-07
 -4.2231176e-07
 -1.5159727e-05
  3.3271929e-06
  1.6563488e-05
 -1.3401098e-05
 -1.6349983e-05
 -1.1760738e-05
 -1.8604029e-06
 -4.0894301e-06
  1.9898916e-06
 -2.0767545e-06
 -1.7619606e+00
 -2.2616612e-06
  2.3264168e-01
 -8.9806283e-01
  1.4834208e+00
  5.4672021e-02
  1.2767834e-03
  7.0201949e-04
  1.9734664e-01
  4.8029676e-02
 -2.8837842e-06
 -1.2739634e-03
 -1.3411067e-04
 -7.4282440e-07
 -2.9045981e-04
  5.6436129e-02
  1.3202247e-01
  4.3735103e-04
  2.4068927e-04
  1.1840316e-01
 -4.1126068e-06
 -2.4151148e-05
 -4.3115651e-06
 -3.1874621e-05
 -1.3429959e-01
 -4.2057468e-06
  6.1862130e-07
 -9.3898961e-06
  9.4996016e-05
  4.2620199e-05
 -1.6561325e+00
  9.4563402e-06
  2.1469808e+00
 -1.6969215e+00
  1.3057508e+00
  1.5510260e-01
  2.5321135e-01
  3.3480063e-01
  5.8935297e-01
 -5.6216770e-01
 -1.7009725e-05
 -2.4655024e-02
 -1.9750720e-05
 -5.4918855e-06
 -1.5284508e-05
  2.4900541e-01
  2.0220429e-01
  1.1558463e-02
  5.9582551e-05
  2.5254300e-02
 -1.9960818e-04
 -3.8461527e-05
 -2.0149153e-02
  2.2466796e-07
 -2.6611373e-01
 -5.8844336e-07
  3.9281287e-05
  2.7030284e-05
  1.0685847e-04
  4.6553095e-07
  1.1952988e-01
 -2.5535599e-04
 -2.5027571e-06
  2.6730090e-06
 -1.7696623e-04
 -4.2282594e-05
  7.1959978e-05
  1.0286776e-03
  1.8837321e-05
  1.9575693e-02
 -4.5081356e-06
  1.7373810e-06
  4.9175269e-06
 -7.8385083e-06
 -2.4909977e-04
 -1.2759543e-04
 -1.7980248e-04
  2.0450832e-05
  1.1733246e-04
  8.4875468e-03
  3.3887829e-07
  4.4202944e-04
  1.8180732e-04
 -6.9636786e-05
  1.8636858e-02
  3.0567602e-07
 -9.3583303e-06
  9.2293903e-06
  1.5446276e-05
  4.8694448e-05
  4.8193619e-02
  1.1333313e-05
 -2.7535707e-06
 -7.5575270e-05
 -1.8120261e-02
 -4.1348170e-04
  2.5206347e-07
  8.7396611e-06
  2.4608244e-06
 -1.0924761e-03
 -7.6695687e-06
 -1.2888848e-05
  2.5453905e-05
 -7.1042932e-06
 -7.8474841e-06
 -5.6552398e-04
 -3.7812563e-06
  1.0739337e-05
  1.1899951e-05
 -6.0081029e-06
 -8.9525412e-07
  1.8972502e-06
 -5.8657411e-06
  4.8868918e-05
  1.7701725e-03
 -6.7680521e-06
 -6.2415988e-06
  3.6170502e-06
 -2.1490210e-05
 -1.5385192e-05
  6.0539619e-06
 -7.5650141e-06
  1.2316470e-05
  3.9069391e-06
  7.4182208e-06
  6.1382175e-06
  3.2559688e-05
 -6.3080211e-06
 -2.4104394e-05
  1.3659960e-05
  1.5996377e-05
 -3.5333985e-06
 -1.5930381e-06
  3.3834782e-05
 -5.5624087e-06
 -2.9861451e-06
  2.3863140e-05
 -1.7799359e-05
  6.9550504e-07
  1.3181113e-05
  7.2328538e-07
 -3.4601226e-06
 -1.1786996e-05
 -5.4224060e-05
 -1.0960664e-05
  7.0014116e-06
  2.1394603e-06
 -8.8869028e-06
 -2.2998382e-05
 -6.1196583e-06
 -8.4863922e-07
  8.3377330e-07
  5.0279948e-07
  1.7086495e-05
  4.0311486e-05
  3.3005988e-05
  3.0861333e-06
  2.2195411e-06
 -3.7238685e-06
 -3.3691522e-05
  1.1416905e-02
 -2.3778628e-06
 -3.6671897e-06
  4.4977105e-06
 -1.2214535e-06
  1.7357694e-05
  9.7458787e-06
 -3.1661653e-05
  2.5986687e-06
 -1.3403224e-05
  5.2149471e-06
  6.8684068e-07
  5.6767844e-06
  9.6087751e-05
  6.6697459e-05
  8.1325270e-05
  1.7975856e-06
 -1.3271262e-04
  2.3030592e-05
 -1.1769998e-05
 -1.7997729e-05
  2.4127359e-05
  4.8972226e-05
 -2.4473065e-06
  4.6984051e-06
  1.3187092e-06
  8.9384929e-07
  7.2908318e-07
 -5.8421797e-06
  1.2033058e-05
 -6.9578005e-06
 -4.2748452e-06
 -6.4514270e-06
 -5.0243943e-06
 -1.5388436e-05
 -6.2114890e-07
 -1.6247994e-07
  3.6964535e-05
 -2.8859449e-07
  1.5327288e-04
 -6.3543253e-06
 -2.3539756e-06
 -1.5780213e-05
  1.4142836e-04
 -3.5858892e-07
 -1.7031458e-06
 -1.1096681e-04
 -2.4366120e-06
 -1.4800981e-04
  2.2067712e-05
  5.4396805e-05
 -4.6443179e-06
  6.9075817e-05
 -6.3144953e-06
 -1.0146443e-06
  3.0500079e-05
  1.0179844e-05
 -2.7135102e-06
  6.3787093e-07
 -3.5328983e-06
 -1.6384156e-05
  6.3898355e-05
 -5.6781959e-05
  2.3978553e-06
 -2.5598652e-05
  2.2031031e-06
 -1.0065123e-05
  7.6968599e-06
  5.5430673e-06
 -9.4295046e-06
 -4.0286172e-06
 -6.0680272e-06
 -9.5351397e-06
  7.8417524e-06
  3.7359940e-05
 -2.2129319e-05
 -1.7828231e-04
  4.0229806e-06
 -1.7463606e-05
  1.1473151e-05
  5.2276349e-01
  3.0019292e-01
 -1.1578668e-01
 -8.8736612e-01
 -6.5672612e-01
 -1.4838066e-02
  9.2200255e-01
  5.7380211e-01
 -3.5091272e-01
 -5.1089250e-02
 -2.8572521e-01
  1.1632392e-01
  1.5811716e-01
 -2.8261909e-01
  2.9734105e-01
 -6.6845036e-01
 -3.0921274e-01
  2.1328825e-01
 -1.4946049e-06
  4.6327943e-01
  2.6577130e-02
  1.8228406e-01
  4.0904909e-01
  1.8655288e-03
  1.0953883e+00
  3.1953999e-07
 -4.6532555e-04
  2.1982498e-06
 -4.1384445e-07
 -6.6007979e-02
  1.0616382e-05
 -5.1432140e-05
  1.3267429e-05
 -7.2109797e-06
  1.5549656e-05
 -5.2194960e-06
 -1.0176947e-05
 -2.9251637e-06
 -2.9167246e-05
 -3.4583697e-06
 -1.5159911e-05
 -1.8732771e-05
 -2.9681181e-05
 -8.7698418e-06
 -8.3926447e-05
  4.5751985e-05
  4.1098017e-05
  2.7533210e-05
  1.7102926e-04
  1.7264711e-04
 -9.1961683e-06
  9.0167996e-06
  8.4074600e-07
 -1.4400948e-05
  3.5608484e-06
 -1.0167420e-04
  3.5211553e-06
 -7.5596176e-06
 -3.0921967e-06
  6.3383377e-05
  2.7933314e-05
 -1.0868032e-06
 -4.3751999e-05
 -1.4430316e-05
 -5.5516796e-07
 -4.9408577e-06
  2.2291611e-05
 -1.2920141e-05
  1.1524821e-05
 -5.8152132e-06
 -1.4308547e-06
 -3.0228963e-05
  1.4360437e-05
 -4.8357074e-06
  8.9795940e-06
 -1.9319826e-04
 -4.6630984e-07
  6.7606578e-07
 -3.2965012e-08
  4.6564583e-05
  3.0237813e-06
 -1.4442497e-05
 -1.9392268e-04
  2.5310612e-06
  2.7649659e-07
 -1.9319616e-05
 -1.7853047e-06
  2.4824374e-04
 -1.0061344e-06
  2.3696143e-03
  3.4433097e-02
  1.2380081e-05
 -6.8940551e-07
 -2.1783219e-06
 -4.2561038e-05
 -1.7630231e-05
  1.3239165e-06
  3.4336161e-05
 -1.3388595e-05
  1.7531667e-04
  3.3217389e-06
  3.1637899e-06
 -5.7769925e-05
 -3.3169767e-04
 -7.2478672e-04
  4.3688206e-06
 -9.2921473e-06
 -2.1983304e-05
  7.0171387e-05
  1.5076138e-02
 -7.7286973e-07
 -7.7219984e-06
  5.5476841e-05
  1.3478781e-04
  1.0198353e-05
  1.0938091e-06
  7.8204425e-07
 -3.3742861e-05
  8.0573551e-07
 -5.4773450e-06
  3.1311428e-03
 -6.9596404e-06
 -9.4164483e-05
 -2.1888167e-05
 -1.5350367e-04
  2.8299030e-05
 -4.0660002e-06
 -8.9127407e-06
 -5.3961526e-06
  2.8516465e-06
  2.2940549e-06
  5.6935714e-06
  8.9144351e-06
  1.4282414e-05
 -7.2563103e-06
 -5.1604447e-06
 -1.6302346e-06
 -4.7469384e-06
 -1.0486461e-06
 -3.8473792e-07
 -1.4383940e-04
 -5.0903791e-06
 -1.9031935e-07
  4.1043681e-06
  9.1294069e-06
  3.2487973e-05
  3.4980528e-06
 -1.1609009e-05
 -4.2626771e-06
 -3.9319270e-06
 -2.4078460e+00
  6.9565675e-07
  1.2845887e+00
  2.7058520e+00
  6.7733690e-02
  5.9502659e-04
 -3.7024733e-01
 -5.3521749e-03
  9.2986244e-04
  7.4330550e-01
  1.0931732e-01
 -3.2503265e-01
 -8.0107443e-02
  1.2555191e-05
 -1.0348465e-01
  1.1705435e-02
  7.0883781e-02
 -6.8643510e-02
  9.9988511e-06
 -2.6236755e-01
 -4.2956026e-06
 -2.1187864e-02
 -7.7851169e-02
 -2.2689594e-04
 -4.9605024e-01
 -1.4644555e-05
  3.3387603e-06
 -1.7430648e-06
  1.8216567e-06
  4.3811669e-04
  8.1705890e-05
 -6.6722801e-05
 -9.6592830e-06
  2.7803558e-06
  1.5625517e-05
 -9.4455181e-06
 -7.9816382e-06
 -5.1953712e-06
  2.9020941e-06
  1.4620936e-06
 -1.3652486e-05
  2.6514167e-06
  9.0199421e-09
  1.9226829e-07
  3.1541105e-05
  9.6698104e-06
 -1.3901841e-06
  7.7145751e-06
 -5.0966851e-06
 -2.9629352e-06
 -2.6722728e-05
  1.1659168e-06
  1.7081934e-04
  4.1695080e-06
  1.0307039e-05
  1.2978055e-05
  8.8428891e-08
 -7.4457107e-06
 -1.3324734e-06
  1.1822271e-05
 -1.4039455e-04
  8.5101756e-06
  7.3987172e-07
 -1.0393300e-06
 -1.1480415e-05
  5.2343048e-06
  1.0773239e-05
  2.0586174e-06
  2.6801831e-06
  2.0279260e-05
  1.4579909e-05
 -2.9175143e-07
  3.0406436e-06
  2.4989835e-05
 -7.6339864e-05
 -6.3871644e-06
  4.0828936e-06
 -1.0035779e-07
 -1.4248172e-05
  1.4636901e-08
  2.3599796e-06
 -2.7505253e-05
  1.4868706e-07
 -1.3771843e-05
 -1.0588091e-06
  3.1637321e-06
  1.7301726e-06
 -2.4853305e-05
  1.2698677e-06
  4.7295816e-06
  5.0116964e-06
 -1.6649079e-06
  2.1461625e-05
  1.7151460e-05
  5.7247639e-06
 -3.1028874e-06
 -8.6491673e-06
  1.9390514e-03
 -2.4579014e-04
  2.6717801e-06
 -4.1182636e-07
  2.0060323e-05
  2.8828506e-05
 -5.3391818e-06
  6.8177701e-06
  1.1824890e-05
 -2.4518822e-06
  5.4533593e-06
  2.6223568e-06
 -3.3044391e-06
  2.5611886e-05
  5.3509134e-06
 -2.1948754e-06
 -6.0033722e-06
  1.2849583e-05
  3.4192151e-06
 -7.2296984e-06
 -1.5831583e-06
 -1.5864324e-06
 -3.5010387e-06
 -7.8916147e-02
  2.5610541e-06
  3.7554276e-04
 -1.0076402e-06
  9.3939940e-05
 -8.3774048e-06
 -7.2902396e-05
 -1.0893682e-04
  9.2523136e-05
  3.8501665e-05
  1.6739244e-04
 -1.7731521e-05
  1.4430750e-04
 -1.2942598e-06
  4.1064977e-06
 -1.5881411e-05
 -1.0816597e-04
  6.3224056e-06
 -1.3876448e-06
  5.6226818e-06
  1.3291329e-05
 -4.1085846e-06
  6.0012717e-06
  3.0442482e-06
 -1.1698359e-05
 -1.5532500e-04
  1.5485923e-05
  7.0919223e-06
  2.6220261e-05
 -2.8960013e-08
  2.0520930e-04
  2.8664741e-05
 -2.2580728e-08
  8.0237902e-07
 -9.0803396e-06
  3.7099144e-06
 -2.8248735e-06
  1.0388243e-04
 -5.2748113e-05
 -1.6816290e-05
 -2.8734032e-06
  3.8481160e-04
 -1.1191446e-04
  2.3169137e-06
  4.3955165e-06
  2.1996635e-05
 -1.9192616e-06
 -5.7142838e-06
 -5.0007220e-06
  7.6725555e-04
  4.0890922e-05
 -2.2418169e-06
  1.7930704e-07
  2.7779354e-06
 -7.9978709e-06
 -1.9160984e-06
  4.6676778e-06
  1.0573705e-05
 -1.3735397e-04
  6.2025024e-06
  1.5796531e-05
 -2.6364027e-05
 -3.4994678e-06
 -1.8284501e-06
  1.3640801e-05
 -4.8797187e-06
  2.3801958e-06
  2.1987983e-06
  3.2080059e-06
  7.2458226e-07
 -1.4515728e-05
 -1.1811238e-05
 -2.1748288e-06
 -8.1154329e-05
  3.8619728e-06
  1.1104257e-05
 -9.1433567e-06
  1.3727181e-06
  3.6213189e-06
 -2.4392086e-06
  1.0923191e-05
 -1.6872569e-05
  1.4137675e-05
  1.1577460e-05
 -1.8510145e-05
 -1.9688565e-04
  1.2746108e-05
  1.0965427e-05
 -1.3645365e-05
 -7.6125662e-06
  1.9021875e-03
 -2.3335060e-06
  7.3669499e-01
 -1.7293260e+00
  3.5151717e-01
 -1.3066671e-04
  8.6346728e-04
 -1.8664046e-05
  1.3160682e-05
  7.2209254e-02
 -6.3848667e-05
  4.0614268e-05
  8.9132212e-05
 -1.7157881e-05
 -2.1517060e-05
  3.6185950e-06
 -6.1054970e-04
  7.1187467e-05
  4.7881836e-06
  1.4686094e-01
 -3.7261407e-06
  3.1470449e-04
  7.1294664e-05
 -1.0128460e-05
  1.7489029e-06
  3.7023340e-06
  3.6210122e-06
 -1.0473710e-04
 -1.7959621e-06
  3.4541708e-07
 -1.6353386e-04
 -9.9723693e-06
  7.5656226e-06
 -2.8012489e-04
 -4.9391656e-06
  1.7218440e-06
 -6.4068092e-03
  6.9802363e-06
  1.1718594e-05
  1.7121880e-06
  1.5765213e-06
  1.8833553e-06
 -5.1500024e-06
  1.2379423e-05
 -1.1705258e-05
  6.8063182e-06
 -1.3783864e-05
 -1.2352320e-05
  4.4055482e-06
  3.7009718e-06
  1.5936814e-06
  1.2250412e-05
 -9.4105089e-06
 -1.3679699e-05
 -2.8993996e-05
 -1.0264934e-06
  3.8982885e-06
  6.7508568e-06
 -6.6129559e-07
 -9.5967123e-05
 -1.7715957e-04
  3.0111651e-06
  1.3032784e-04
  5.9312140e-05
  3.1858286e-05
 -1.3826657e-06
  5.0099552e-06
  1.9292570e-06
 -6.4657638e-06
  1.1054229e-01
  5.1451393e-04
 -2.2606213e-05
 -2.3683755e-05
 -1.1588512e-06
 -9.6507456e-06
 -1.2708406e-04
  2.0898501e-06
 -1.2066968e-05
 -4.1718780e-05
 -8.2032038e-06
 -1.2779095e-04
  6.6100506e-06
  1.6671909e-05
 -8.6096879e-06
 -1.1306099e-05
 -1.6588414e-06
 -4.6066675e-06
 -2.1257433e-06
 -1.8919691e-06
  6.1306819e-05
  6.4126983e-02
 -1.9715478e-04
  3.3730753e-06
  4.5326084e-05
 -4.5671703e-05
 -1.5443933e-05
 -7.8661396e-06
  1.2916870e-05
  8.4956361e-07
 -4.4654884e-05
 -9.8638895e-07
  2.1945262e-04
 -1.1038137e-05
 -1.1449459e-05
 -4.0064169e-05
  1.1885162e-06
 -1.1219870e-05
 -2.8662457e-06
  7.9618026e-08
  3.8864650e-04
 -2.4857065e-06
 -3.6110770e-05
  5.2987189e-06
  9.0622292e-05
 -8.9044249e-07
  1.4269562e-05
 -3.6665398e-07
  6.7532805e-05
 -1.4191596e-06
  1.3399776e-06
  8.2800978e-01
  8.7326251e-02
  2.2403722e-06
 -2.5549881e-02
 -8.6001401e-06
 -7.3148826e-06
  4.9307670e-02
 -4.8018461e-01
  6.6429369e-02
  1.1568705e+00
  3.7796540e-06
  4.9843067e-07
 -5.2741425e-06
 -1.5645910e-05
 -1.1749838e-01
  1.1105244e-05
 -1.5220312e-06
  4.2575973e-01
  4.5165472e-04
 -1.4900935e-01
 -1.7429555e-04
 -2.6849161e-06
 -1.7078535e-01
 -4.9955094e-01
  1.7568995e-05
  1.4527825e-05
  6.6341639e-01
 -5.2627468e-01
 -1.0970588e-02
  6.0045880e-01
 -4.6252054e-01
  1.2061555e+00
  3.2298532e-05
  1.2983890e+00
 -3.2069118e-05
 -5.6410076e-06
 -1.6412593e+00
 -2.5658889e+00
  1.4752287e+00
  1.2962577e+00
 -2.5626471e-06
 -3.2727030e-07
  1.9077615e-05
  6.1864186e-02
  2.8167567e+00
 -8.4963585e-06
  3.7995287e-06
  7.0289952e-01
  1.4513331e-04
 -3.1652219e+00
 -1.6281747e-04
  5.0622280e-06
 -2.4110243e-05
 -7.3373830e-01
 -2.1573647e-05
  4.8520327e-05
  1.2506559e+00
 -4.9719664e-01
 -4.6731552e-01
  8.1104696e-01
  3.8698831e-06
 -2.8778479e-06
  1.0998373e-05
  1.0480064e-05
 -6.2668395e-01
  1.0730926e-06
  4.4280698e-04
 -1.7099874e-05
  1.2698712e-05
 -5.1968946e-06
 -5.2637952e-06
  3.4691466e-06
  1.3991704e-05
 -8.7246252e-04
  1.4943210e-05
  2.2856473e-06
 -5.7807556e-06
  2.0522446e-06
  3.2408577e-06
  1.4356575e-05
  6.9277718e-07
 -2.0270110e-05
 -4.6834994e-06
  1.2978983e-04
 -3.6022988e-07
 -1.1229940e-05
  4.3297656e-05
  2.7401418e-05
 -7.2510411e-05
 -5.5590310e-05
 -1.8326947e-01
  1.7499331e+00
  2.2640736e+00
 -5.3739657e+00
  2.5500879e+00
  3.2971904e-02
 -1.2872367e-02
  2.8265106e-02
 -1.5377882e-01
 -1.8470360e-01
 -2.4466814e-01
  1.1145956e-01
  1.0115833e+00
  6.6380703e-01
  4.7302583e-05
 -1.3041213e-01
 -3.8994398e-04
 -3.6301419e-01
  9.3731716e-02
 -1.8092827e-01
  6.1950073e-02
  1.1757506e-05
 -2.8940791e-03
  6.1733439e-04
  1.7648639e-01
  2.3159725e-04
 -1.0969993e-04
 -1.0044401e-04
  7.3694554e-04
  2.9594533e-04
  1.2881564e+00
 -7.7363884e-01
  9.2069678e-02
 -4.6831933e-01
 -5.6725265e-05
 -3.5289985e-01
  3.9095132e-05
  2.3260184e-01
 -6.4109150e-07
 -1.0729295e-05
  2.9978405e-06
 -5.4302491e-06
 -7.5936964e-04
  1.5500201e-06
 -5.2772560e-07
  1.4366667e-06
 -1.0064160e-01
  3.9115348e-01
  7.9037651e-02
 -2.9362512e-01
  1.1754681e-03
  1.1780411e-05
  8.1276303e-06
  4.3561790e-06
 -2.3619622e-02
 -3.5217317e-06
  1.6711829e-05
 -1.4704916e-06
  1.4632622e-04
  1.8238783e-05
 -7.8433914e-06
  1.0954317e-01
 -2.4744284e-05
  3.0318290e-04
 -9.4038714e-06
 -2.9398103e-05
  2.5049376e-06
 -7.7820960e-06
  8.2149985e-05
  3.3441245e-06
  1.2105914e-07
  2.9149815e-06
  5.2388700e-06
  4.1138838e-04
 -8.3669847e-06
  4.3874094e-05
  1.2436709e-05
 -1.1094325e-02
 -2.8426518e-06
 -4.9685888e-05
 -6.8490572e-06
  2.1841768e-06
  2.9743464e-06
  2.8820756e-01
  2.8632771e-02
  1.4483771e-05
  2.9481245e-05
 -3.8832459e-06
  5.5416231e-06
  4.6772573e-05
 -6.7566052e-06
 -6.4283746e-01
 -1.2968549e-04
 -7.5193428e-02
  2.0130710e-01
 -2.0889199e-01
  2.7228737e-06
  3.6350876e-02
  2.2867216e-05
  8.5450383e-04
 -9.1109840e-05
 -5.7693338e-05
 -4.1734093e-04
 -1.1115500e-05
 -1.0038910e-04
  8.5434847e-05
 -3.9135970e-04
  5.3473638e-04
  1.0774704e+00
  2.4738660e-02
 -5.2544023e-05
  9.1638294e-06
 -9.5881134e-02
 -1.2698081e-01
 -2.2751707e-01
  1.4274949e-04
 -3.9506627e-05
 -3.9733695e-05
  5.2727833e-06
 -6.5049484e-05
  4.7321155e-04
  2.3181338e+00
 -1.6416915e-01
 -3.3179736e-01
  3.2823002e-01
 -3.3636203e-01
  1.9557754e-02
 -9.1883382e-03
 -2.3971624e-03
  5.9694999e-01
  4.7996449e-01
  7.7421844e-02
  7.4147701e-02
 -2.4651494e-04
  5.4348302e-01
  2.4128599e-01
  2.5790545e-01
 -3.8080451e-01
 -3.6471531e-01
  5.0276303e-01
 -8.1596337e-02
 -1.6325337e-05
  1.0000013e+00
 -8.8493498e-03
  9.1628766e-01
  6.0824855e-06
  6.7882734e-06
 -3.6409692e-06
  1.7734283e-06
 -1.7680881e-06
  7.5725106e-06
  2.2515542e-06
 -3.8066858e-06
 -1.5843261e-06
  5.3759795e-05
  4.6818977e-06
 -1.0694417e-06
 -4.8110328e-06
  4.6521080e-05
  5.7133661e-06
 -8.2049828e-06
 -9.7543489e-07
  1.3885507e-05
  4.1261115e-05
 -2.8907996e-06
  3.8677140e-06
  1.6791812e-05
 -2.0458103e-06
 -8.2570268e-06
 -1.9430563e-06
  5.7019447e-06
 -4.2463096e-05
  1.2160696e-04
  8.2361557e-06
  1.0117371e-06
 -1.4533574e-05
 -1.0861876e-06
 -1.5499416e-05
  5.2304483e-08
  2.0016773e-06
  1.2078561e+00
 -1.1276125e+00
  6.1062735e-01
 -7.6961631e-01
  7.8689140e-01
 -7.8928713e-03
 -6.7957938e-03
  1.0831567e-01
 -3.5791379e-01
 -7.5498897e-01
 -6.9076914e-01
 -1.7222035e-05
 -1.8807517e-01
 -6.1239652e-02
 -2.0917131e-01
 -6.3766348e-01
 -2.8967285e-01
 -1.1251017e+00
 -2.3950500e-02
 -3.2166356e-01
  4.4175547e-01
  1.8636989e-05
 -4.4223824e-01
  1.6837665e-03
  4.9219269e-02
  1.8302833e-05
  4.5077832e-06
 -1.7941124e-05
  2.5860645e-05
  2.2973371e-05
 -6.5845097e-06
 -2.5606259e-05
  1.3739954e-06
 -5.9846576e-07
  4.8700269e-04
  7.9885194e-06
  1.1582565e-05
  1.4758615e-04
  2.0230725e-06
  1.0006553e-04
 -1.0092850e-04
  7.0219953e-06
  3.2500895e-06
 -3.9112667e-05
 -1.4899312e-05
 -5.3673853e-06
 -1.9124893e-06
  7.0499795e-05
  4.6354198e-06
 -1.1232207e-05
  5.1895946e-05
  2.9507885e-06
  1.9033579e-06
  5.5765727e-06
  1.0559670e-06
  1.5870171e-05
  2.3588675e-06
 -3.5180362e-06
  5.2094038e-05
 -1.4461704e-05
  1.0085661e-05
  2.6738413e-05
  1.7206878e-05
 -1.2392362e-05
 -1.9361312e-06
 -2.9342652e-06
 -1.4564201e-06
  1.5901219e-06
 -1.9206153e-05
 -3.6262156e-06
 -6.2589797e-06
  4.7743033e-06
  4.2883366e-06
 -5.5174628e-06
 -1.0878963e-05
  1.5555343e-05
  1.8155282e-05
  1.0505714e-05
  1.2936899e-06
  2.4370379e-06
 -1.9624920e-05
  4.3526520e-06
  1.3590242e-05
  1.1362549e-04
  7.2660816e-07
 -1.3453823e-05
  1.9170175e-04
 -1.0055088e-06
  5.7679777e-06
  2.2685476e-06
 -8.3242136e-01
  2.6851990e+00
  5.8048266e-01
  9.9213094e-06
 -3.7890535e-02
  5.0941765e-01
  5.5669691e-02
 -3.0165268e-03
 -4.7840929e-01
 -2.5697511e-03
  6.2938011e-07
  5.8403780e-06
  2.5634328e-04
 -2.8423241e-05
 -1.6197540e-05
 -2.8721968e-06
  2.7814108e-01
  3.0408791e-01
  4.8542587e-04
  7.4620032e-01
 -1.8103196e-05
 -3.2394280e-07
  6.5854424e-01
 -7.0352757e-01
  1.6231754e-01
 -5.1817401e-06
 -2.1325680e-04
  2.6660866e-06
  5.6572566e-07
 -6.8465197e-05
 -1.2728347e-05
  3.2201306e-06
 -5.0820800e-06
  5.5853627e-05
  1.0241400e-06
 -2.9486392e-07
 -5.1476316e-05
 -1.4175301e-05
 -8.5274223e-07
  1.4213995e-05
  4.0832697e-06
  2.2739991e-06
  7.1452405e-06
  1.5123404e-04
 -4.6211499e-06
 -2.4099615e-04
  7.3493965e-07
 -3.1123570e-06
  4.1628305e-06
 -8.5189995e-06
  9.9456629e-06
 -2.5587784e-05
  1.5590223e-05
  4.5869114e-05
  6.0806627e-07
 -3.9771876e-06
 -9.0296919e-07
  1.1382474e-05
  1.3160105e-05
 -3.6904196e-06
 -1.2516658e-06
  2.6989705e-06
 -1.2013998e-05
 -2.1613630e-05
 -5.8544369e-06
  3.2930013e-06
 -3.5415065e-05
 -1.1312187e-05
  9.4941424e-06
  7.9998699e-06
  7.8309898e-07
  1.4147597e-05
 -1.4101729e-06
 -1.3864874e-05
  3.9593539e-05
 -6.7687633e-06
 -2.8902661e-05
  1.1140134e-05
 -5.8340731e-07
  4.0889637e-07
  4.1805547e-06
  6.3593994e-05
 -3.4209104e-05
 -4.3587547e-06
  3.7777132e-05
 -2.9004825e-05
 -1.3350559e-04
 -5.0975827e-06
  2.5390537e-04
  1.9445836e-06
 -4.7530173e-07
  3.5333792e-06
 -6.7446858e-06
  7.5039039e-05
  7.4397467e-06
  4.1541537e-07
  8.5641450e-06
  1.2219913e-06
  6.6348425e-06
 -7.6669448e-06
 -7.5516368e-07
  1.5322772e-04
  7.0326573e-06
  1.1102294e-05
  3.6478275e-05
 -3.8798116e-06
 -3.0825937e-05
 -5.8210157e-06
 -1.3749712e-05
  3.2039947e-07
  1.3061640e-05
 -4.3982882e-06
  2.9033724e-06
  1.2324243e-05
  6.4488104e-06
  5.2272936e-04
  1.0208985e-05
  2.4049450e-06
 -4.9939654e-08
 -1.4502376e-05
  4.8266149e-01
 -8.8380747e-02
 -1.3144213e-02
 -6.7215682e-05
 -5.1944204e-02
  7.6504053e-05
 -4.7982189e-06
  1.5149069e-05
 -2.5471891e-04
  4.3143141e-06
  5.7789184e-06
  1.6503893e-06
 -5.0864656e-07
 -6.1620012e-06
  1.2177932e-05
 -5.4790180e-06
 -3.3920995e-05
  1.3397788e-04
 -3.8552938e-05
 -9.3190999e-07
  7.0509363e-06
  4.4633776e-07
 -5.6462643e-05
  1.0190796e-05
 -1.6693810e-04
  5.7390575e-06
 -7.4778800e-06
 -3.6203532e-05
  1.2440676e-05
  2.2886654e-05
  9.3664019e-04
  7.2292414e-06
 -1.2970633e-05
  1.1762102e-05
  3.2581447e-05
  1.0704229e-04
  1.7036600e-05
  2.3265007e-05
  1.5044078e-07
  8.4319463e-06
  5.5803057e-06
 -1.0758363e-04
 -1.9302159e-05
  1.3279061e-05
  4.7496014e-06
 -8.8610495e-06
 -3.4579174e-05
  2.0222999e-06
 -7.9821002e-06
  2.1000427e-05
 -1.9563444e-05
 -1.6934937e-05
 -1.5440453e-06
  6.2105296e-06
 -8.1412927e-06
  8.6253385e-06
 -3.7108661e-05
 -2.7320712e-04
 -9.2425071e-06
  7.9937450e-07
  4.9803433e-01
 -1.6838430e+00
 -3.3376392e-02
  5.3242403e-01
 -6.0924757e-01
 -3.4163001e-01
  1.0685151e-01
 -2.4190786e-01
 -7.1084701e-02
 -1.3515596e-01
 -7.2833967e-01
 -7.1089671e-05
 -1.0886279e-04
 -8.9663854e-07
 -4.7308454e-01
 -1.6955791e-02
 -1.8071458e-01
  2.7115068e-01
  1.2030289e+00
 -1.1316354e-01
  1.2030337e-01
  2.2276190e-05
 -5.9393227e-02
  7.2848849e-04
 -3.2324135e-01
  8.5019623e-05
  2.4623403e-06
 -5.0125277e-06
  2.9132369e-03
  3.8420019e-04
 -7.5818301e-05
  2.5343022e-07
 -4.1398730e-06
  5.8919159e-06
 -1.4431394e-06
 -7.7960445e-05
  4.9538889e-06
  1.5969715e-06
 -5.8166293e-06
 -5.7251873e-05
 -1.2983542e-04
  7.9982719e-06
  3.5214653e-05
 -7.0030177e-07
 -7.0960459e-06
 -1.3829133e-04
 -2.2661902e-06
  9.8119890e-06
 -6.7592937e-06
  2.2255617e-05
 -1.0151394e-06
  2.6332355e-05
  1.0127308e-05
 -1.7472763e-04
 -7.4126465e-06
 -2.2431528e-05
  2.2655263e-06
  5.1840975e-06
  8.3694395e-05
 -7.2938142e-06
  6.0856805e-06
 -5.2812597e-06
 -2.6855518e-05
  1.8722752e-05
 -1.6769580e-05
 -7.3925206e-05
 -9.6008068e-07
  2.1513706e-05
  4.8104164e-07
  4.2551023e-06
  4.2840502e-06
 -3.5291021e-05
  2.1055087e-06
 -5.3176450e-06
  1.1196178e-04
  2.1408514e-06
  1.4323539e-05
 -3.6785611e-06
 -1.5153742e-06
 -1.0211840e-05
  1.5916812e-05
 -2.9242130e-05
  9.5894375e-06
 -4.3421014e-06
  3.5849741e-06
 -1.8329994e-05
  1.3117915e-06
 -5.2929258e-06
 -1.3558676e-05
  2.5799386e-06
  3.7200407e-05
 -4.3404552e-06
 -4.9412139e-02
 -1.0650024e-06
  1.5356671e-05
  2.4789622e-05
  6.0436587e-06
 -1.3440131e-05
  5.7574995e-05
 -5.7760408e-06
  7.9521065e-05
 -1.2078893e-05
 -5.5078806e-05
  3.8658241e-06
  2.0632490e-06
  2.6479925e-04
  4.0406107e-05
 -9.3519320e-06
 -1.0522550e-05
 -5.2135161e-05
 -5.0365456e-06
 -4.3734553e-06
  4.2905810e-04
  1.4858617e-05
 -7.5355899e-07
  7.0020242e-06
  9.9848032e-05
 -8.8687248e-06
 -3.2445905e-04
  3.1492407e-05
  1.7227736e-06
 -2.7989072e-06
 -6.0990433e-06
 -6.4468084e-05
  1.6381084e-05
 -3.5736139e-06
 -1.1566597e-05
 -2.2702399e-05
  1.2488503e-06
 -1.1897616e-05
  1.4874890e-06
  1.1182125e-05
 -4.7624885e-06
  3.1617346e-06
 -7.8010999e-05
  1.0038699e-05
  6.5694403e-05
  7.0887395e-06
 -9.5599251e-05
  9.9212059e-07
 -1.0877106e-05
 -4.7140547e-06
 -2.6001113e-05
 -1.7336244e-05
 -8.9963702e-05
 -2.4553556e-05
 -7.3412643e-06
  3.2405228e-06
 -2.3126124e-05
 -1.8290746e-06
 -1.0287671e-01
  4.0482107e-01
  4.4278063e-06
 -1.2079705e-05
 -2.7915809e-01
 -3.4388920e-06
  7.8194216e-04
  1.5727488e-05
  1.1137749e-05
 -8.6775681e-06
 -7.7193317e-06
  4.6543038e-05
  1.2571856e-04
 -1.0805039e-05
  9.3955250e-06
 -3.0026882e-05
  1.7608385e-05
 -1.5133501e-06
  1.8823031e-05
  2.1231058e-06
  1.9472689e-06
  2.0711057e-04
  7.0327241e-07
 -2.6336309e-06
 -1.0067311e-05
  1.7968823e-05
  1.0335822e-04
  1.1610676e-06
 -1.3563755e-05
 -5.5492856e-06
 -2.0016512e-05
  6.4265159e-06
 -1.2468011e-07
 -7.7246295e-05
  1.5462301e-05
 -1.1005042e-05
  8.9965570e-06
 -7.3056785e-06
  2.7535125e-04
 -7.7418608e-06
  2.5988500e-05
 -2.4210997e-06
 -5.7926259e-06
 -4.4222253e-07
 -3.2023252e-06
 -1.2024465e-05
 -1.1270848e-05
  8.0966095e-07
 -1.0065723e-05
 -6.0258537e-07
 -4.1841381e-06
  6.6583120e-06
 -2.8644297e-06
  1.8894883e-06
  1.2336773e-06
 -5.9813112e-05
 -3.5048431e-06
 -3.7650600e-06
 -5.3046064e-05
  1.2203966e-05
  3.7949503e-06
 -3.8726062e-06
  3.4068107e-06
 -3.4822217e-05
  1.7977713e-04
 -5.7557645e-06
  6.8024384e-08
 -7.1179229e-06
 -4.3884011e-06
  1.7094161e-06
  7.1644257e-07
  7.8768098e-06
  3.7938295e-05
 -1.9166755e-05
 -3.6765434e-06
 -3.9953002e-06
  6.8446493e-06
 -1.4965602e-05
 -5.6326342e-05
  7.7658970e-06
  7.0279439e-06
 -3.6989775e-05
 -2.6831962e-04
 -8.7925337e-06
 -3.6983394e-05
 -8.2393214e-08
  1.0657443e-05
 -5.7137377e-06
 -2.2013880e-04
  8.0542331e-06
  6.4393513e-02
 -1.0005269e+00
 -4.3524645e-04
 -7.0482871e-04
 -8.2037342e-01
 -6.0897623e-04
 -5.2451451e-05
  2.8092644e-01
  1.6251579e-05
  4.8765939e-04
 -1.2402360e-04
 -4.0599891e-05
 -1.4855713e-04
 -1.5315176e-05
  3.1602394e-05
 -9.4006346e-06
 -4.6708290e-02
 -3.6331797e-01
 -9.1269720e-01
 -2.9673925e-02
  6.1663795e-06
 -4.0957229e-06
 -3.9219025e-01
 -1.5126572e-04
 -3.6823010e-01
  1.7824632e-05
  2.6962730e-06
 -1.5697940e-05
 -1.3034625e-06
  8.3644973e-06
  4.7234043e-06
 -1.1324824e-04
  3.9780916e-06
 -8.9642999e-06
 -1.5634207e-05
  1.9412699e-05
  1.1070613e-06
 -5.4139771e-05
 -1.8575391e-05
  7.1670546e-04
  1.3886590e-05
  1.3820987e-05
 -1.2612730e-05
  2.6131829e-06
  5.0956669e-06
 -4.2437547e-05
 -1.2272562e-05
  1.8419381e-05
  1.3833103e-07
 -6.9229536e-06
  6.0267826e-07
  4.4978088e-07
 -1.4696870e-05
  2.8064137e-04
 -1.3839303e-05
  3.5588814e-06
 -9.4200106e-05
  4.1803896e-06
  7.4808338e-07
  1.6535289e-04
  2.4420352e-04
  2.4798667e-04
 -5.5883588e-06
 -1.4541017e-06
  1.8747258e-05
 -8.4473950e-06
 -1.5636211e-05
  5.0236373e-05
 -1.0430643e-04
 -6.1234155e-06
  1.4883633e-06
 -9.2097264e-07
 -6.9832306e-05
  1.5079830e-05
  9.3936802e-07
  1.3939692e-05
  1.3183926e-04
 -7.7013074e-06
  5.8900547e-05
  2.0399253e-04
  3.8028547e-06
 -1.0128002e-06
 -1.7593655e-05
 -9.2625305e-07
 -3.4547188e-06
 -9.5634832e-06
  5.3539929e-06
 -1.6856003e-04
  1.7728682e-05
  2.5673602e-05
  1.5737866e+00
 -1.7657131e+00
  3.4952649e-01
  9.3187404e-01
 -8.7163337e-02
  3.2802412e-01
 -4.0031541e-02
  3.8106498e-01
 -1.8889477e-03
  5.2797321e-02
 -7.0973682e-01
  1.1484843e-05
 -5.3789884e-01
 -1.6147853e-01
 -9.4706511e-01
 -5.1579247e-03
 -5.6335843e-01
  2.5101195e-04
  1.3336499e-02
 -5.6556791e-02
  2.7026635e-01
 -7.2072203e-07
 -9.9577856e-01
 -1.3507614e-02
 -6.9197886e-02
  1.6463759e-04
  8.4401626e-07
 -6.0759168e-05
 -1.5398598e-06
  4.6655867e-04
  9.5130658e-01
  3.3932953e+00
  9.3216068e-01
 -2.8679156e+00
  3.6506884e+00
 -2.6579738e-01
 -4.5079002e-04
  1.2291020e+00
 -1.7104763e-01
 -4.6899939e-01
 -6.4675164e-01
  1.8313233e-03
 -3.8928726e-01
  4.7412589e-01
 -3.0212432e-01
 -3.5780120e-01
 -2.0663988e-02
  7.3682100e-01
  1.5868869e-01
  3.3653885e-01
 -1.0997926e+00
 -3.2191241e-05
 -2.3629628e-02
  1.9156076e+00
 -9.0559952e-02
  7.0224717e-02
  2.9916039e-06
 -8.8896595e-05
  3.8030291e-01
  2.1287487e-01
  1.0650067e-06
  8.0062409e-06
  2.2230864e-05
  2.1527796e-05
 -2.7510758e-05
  7.0117138e-05
 -2.1436220e-07
  9.8947339e-06
  3.3365466e-06
  7.3177182e-07
 -2.7995189e-05
 -3.1294880e-07
 -2.1468198e-04
  5.0316030e-06
  4.1267826e-06
 -1.3902478e-06
  7.0540232e-06
 -9.6137874e-06
 -1.8722549e-05
  9.3904242e-07
 -1.8445585e-06
  2.1679323e-06
  2.5805592e-04
 -8.1753651e-06
  1.8251303e-06
 -3.0155709e-06
 -9.4066427e-06
 -3.1058357e-07
  6.8021865e-05
 -8.9467807e-07
  6.4607930e-06
 -2.5233779e-02
  2.3573597e-01
 -9.3816382e-01
  3.3554992e-01
  5.6805557e-01
 -6.7063069e-05
  6.4394766e-01
 -3.8812998e-01
 -1.1580393e-05
  6.2986368e-01
 -9.3772979e-07
  5.9083263e-06
 -3.0858766e-06
  2.2724192e-01
  1.1816282e-05
 -3.6374521e-01
 -1.2208162e-06
  4.1583792e-04
 -5.5662280e-01
  7.8058118e-05
 -4.8598931e-03
  7.9455076e-06
 -8.2921451e-06
 -2.1069247e-01
 -2.2980817e-04
  2.8692086e-05
 -2.7111343e-01
 -3.2373539e-01
  1.2673605e-04
 -5.5382216e-06
 -3.0697386e+00
 -1.3293172e+00
  1.0255647e+00
 -1.0311195e+00
  2.0259306e+00
 -1.0682214e-05
 -2.0136385e+00
  2.2815768e-06
  8.2798666e-05
  1.5484844e+00
 -3.8940016e-07
  3.6150789e-06
  2.1159344e-06
 -5.0199568e-01
 -2.2811200e-02
 -2.2956436e+00
  1.1080431e-04
  2.0502953e-06
  6.7137825e-01
 -3.6163237e-05
 -7.2721541e-06
  1.4451513e-05
  5.9998119e-06
 -1.1532483e+00
  1.0494760e-04
  2.7948643e-05
 -3.1523452e+00
 -3.5245626e+00
  6.5048102e-05
 -4.0055642e-05
 -6.4262164e-01
 -3.7628230e-02
  1.0185939e-04
  9.6727687e-01
  1.2039580e-04
 -8.0015880e-06
  1.3891596e-01
 -4.6850484e-02
 -1.7484699e-01
  2.2979327e-06
 -5.4413371e-04
  1.3377683e-06
 -8.0192834e-01
 -1.0907464e-01
 -5.6205573e-07
  4.9253134e-03
 -8.1863895e-05
  1.2237173e+00
 -5.7542264e-05
 -9.0572831e-07
 -4.7815283e-05
  7.4065379e-06
 -8.4639277e-04
  1.1603432e-04
  8.4209125e-07
  9.3642302e-05
  2.3464308e-06
 -2.2168189e-05
  1.0757767e-04
 -1.0879728e-04
 -1.0683099e-05
 -1.4827716e-05
  2.1387728e-05
 -1.1613337e-06
 -7.6480082e-06
 -1.2512419e-06
  8.2645738e-06
  1.9857462e-05
 -7.7446412e-06
  1.4574927e-05
 -3.6162392e-06
 -9.9845411e-06
  6.6300840e-06
 -3.9255074e-06
  3.5590341e-07
 -6.9152566e-06
 -7.0053534e-06
 -4.4578937e-06
 -1.4682448e-05
  2.9694629e-05
 -6.8272434e-06
 -2.1665791e-04
 -1.4030642e-05
  3.0542135e-06
  6.7793758e-06
  2.7581656e-05
 -2.4604364e-04
  1.4291304e-04
 -1.1459586e-05
  8.3209989e-06
  1.0830492e-04
  1.8069810e-04
  1.3133408e-06
  3.3486647e-06
 -2.5388244e-01
 -1.7051341e-01
 -1.2354362e-02
 -9.6110678e-05
 -2.3488336e-05
 -1.2727496e-02
  8.4630383e-06
 -6.3546329e-05
  3.3263799e-02
  1.3927747e-07
 -3.7366739e-05
  3.4970122e-05
 -3.5225483e-05
 -7.4372688e-06
  1.4987918e-05
  1.7387260e-04
  6.3643492e-06
 -5.1121377e-05
 -6.3659586e-06
  4.6452993e-04
  7.6051227e-05
  2.1483438e-06
 -4.7268627e-06
 -6.6877401e-05
  2.7481139e-05
 -1.1210393e-06
  6.7909062e-01
  5.1020235e-01
 -2.8378463e-01
 -2.3590040e-01
 -3.5411063e-01
 -2.2812803e-01
 -4.9397629e-04
  3.8826022e-02
  1.1239572e+00
  5.3067792e-02
  9.4488414e-06
 -1.2616074e-04
  7.6354921e-01
  1.0346770e+00
 -7.3239629e-05
  2.6208611e-04
 -2.2302844e-04
 -1.4860387e-01
  1.0030276e+00
 -3.9899651e-06
  1.0748203e-06
 -1.0370118e-05
  5.0216568e-06
  4.8095509e-02
  1.9171534e-01
 -3.3796616e-07
  2.0525158e-04
 -2.1226003e-06
  2.9771045e-01
 -4.2060518e-01
  4.0905631e-01
 -4.9759270e-05
  5.8371413e-01
  5.5473839e-04
 -4.2570031e-01
  8.2446605e-01
  2.1838485e-01
  6.8955725e-01
 -1.0759506e+00
 -5.1819754e-01
  2.2900917e-01
 -5.9195472e-06
  3.3010945e-01
 -6.1919195e-06
 -3.1998294e-04
 -1.3053352e-04
  7.2213607e-03
 -5.4639179e-01
  3.3296573e-01
 -1.6549522e-05
 -6.2922902e-07
  2.7799222e-05
 -7.1876520e-06
 -2.7111019e-03
  6.1257192e-06
 -1.2155680e-01
 -1.2862011e-05
  3.7993872e-05
 -3.7903560e-04
 -1.1786098e-05
 -8.1821145e-07
 -2.0257403e-05
 -7.4612967e-06
  5.7669627e-06
  9.3699346e-05
 -3.1774183e-05
  7.1051619e-07
 -1.3285105e-06
  4.0244304e-06
  2.6623813e-05
  6.5670673e-07
  3.8503760e-05
  1.4312806e-05
  7.3497499e-06
  2.0540094e-05
 -8.2166998e-06
  3.1225562e-07
 -9.4673640e-05
 -1.9829360e-05
 -7.5749718e-05
  3.6395613e-05
 -8.3050945e-06
  1.2490823e-06
 -2.6902785e-06
 -1.2870661e-05
 -5.7147404e-06
  2.4119019e-05
 -1.0446346e-04
 -1.1435707e-05
 -4.6402922e-01
 -3.5018918e-01
 -1.7023784e-05
 -4.1498415e-06
  2.6608324e-01
  1.6394529e-01
 -6.9835365e-01
 -6.4608741e-01
  6.7138851e-01
  3.9733682e-02
  7.6678378e-05
 -1.6210838e-06
 -4.1918834e-06
 -3.0200440e-02
 -1.0846401e-02
 -2.9884468e-06
  2.0678735e-06
  1.9982565e-04
 -1.8625423e-01
  4.2581942e-06
 -8.8647161e-05
 -3.2896316e-06
  2.4197905e-05
 -2.5053125e-05
 -1.7783494e-06
 -1.3548138e-06
 -1.1460729e-05
  1.3188415e-04
  1.9826424e-05
 -2.0859232e-05
  2.3502588e+00
  6.1730587e-01
 -6.4467663e-01
 -1.7595968e+00
  3.6198182e+00
 -4.0662900e-01
 -8.3588727e-02
 -5.5351704e-02
  3.6772648e-01
  2.1615601e-01
  2.0019968e-01
  4.3122432e-01
 -2.7236974e-01
  9.2571902e-01
  6.6061831e-01
  2.5583446e-01
 -3.1627927e+00
 -5.0913680e-01
  3.3979160e-01
  3.6638445e-01
  3.0273107e-01
 -5.1006056e-05
  3.6845994e-01
  9.3081492e-01
  3.4360317e-04
 -1.1359750e-05
 -6.5388739e-02
 -2.2369719e-01
 -8.3338016e-01
  1.8759130e-06
 -4.6253812e-01
 -1.4033625e+00
 -5.3177631e-01
  1.0642848e+00
 -5.7314306e-02
 -6.0388930e-03
 -2.5398307e-02
 -4.6748158e-02
  1.3555773e+00
 -4.0953782e-01
 -5.0990325e-01
  2.3401225e+00
 -3.7068218e-01
  4.1054276e-01
 -3.6874142e-01
  4.0095951e-02
 -4.9285907e-01
 -2.1091954e-01
  6.7324705e-02
 -6.6412401e-01
 -1.7939728e+00
  4.7987610e-01
 -1.3488996e+00
 -1.3614548e+00
 -1.1347283e+00
 -2.0833451e-05
 -4.0108019e-01
  1.5332653e-02
 -8.8700294e-01
  3.9387003e-01
  1.1856604e+00
  1.7228922e-02
  1.5146456e-02
  1.4096305e+00
  1.2843950e+00
 -6.3423193e-01
  3.0360889e-01
  2.4774326e-01
 -4.0771329e-01
  2.9608490e-02
 -4.9510259e-02
  1.0736721e+00
  3.1054908e-01
 -1.2835457e+00
  1.9958995e-01
 -1.8333533e-01
  6.2509096e-01
 -7.8824535e-02
 -7.9053569e-01
  9.2333180e-01
  1.4225245e-01
 -3.4360111e-01
  1.1421513e-02
  1.3950467e-01
  8.7114179e-01
 -3.0549090e-05
  5.7713300e-01
 -8.7338313e-02
  9.0924546e-02
  2.9938260e-06
  1.0413983e-04
 -2.0106493e-06
 -3.8036160e-06
 -6.5093132e-05
 -2.4832891e-06
 -1.3565657e-06
 -5.6130702e-05
  5.3809104e-06
 -1.4904957e-05
  1.7393930e-05
 -8.4884276e-05
  2.6062733e-06
 -3.6144735e-05
 -6.1168083e-07
 -1.1835679e-05
  1.8191223e-03
  2.3595316e-05
 -2.2649363e-05
 -5.7195430e-06
  4.1782505e-07
  1.7361792e-07
  1.3039828e-05
 -2.6946386e-06
  8.1413282e-06
  8.3909072e-06
 -1.7854705e-05
 -8.0332384e-06
  5.3947573e-05
 -6.1148721e-06
  1.7468682e-04
  4.2903080e-06
 -3.8100029e-06
  2.8134394e-07
 -2.1624863e-05
  4.1926269e-06
 -5.1989437e-06
 -6.6763005e-06
  6.7050540e-05
  2.9260832e-06
  2.1865499e-06
  5.5280252e-06
  3.7206541e-06
 -2.3615883e-06
 -8.5981337e-05
 -4.0091858e-05
  3.7215830e-07
 -1.7330203e-05
 -6.0485627e-06
 -2.6742799e-05
 -4.6241089e-06
  1.6984708e-05
 -1.5255595e-05
  2.5161017e-07
  2.9010791e-05
  8.2878523e-06
  4.8826919e-06
  5.6028830e-06
 -1.7470771e-05
 -3.4449335e-05
 -1.4434652e-05
  8.6016268e-02
  9.0299904e-01
  2.2083153e-04
 -3.8233387e-01
  2.5087711e-05
 -3.3950952e-03
  4.9091079e-05
  3.5059191e-05
  1.7008193e-04
 -8.3904924e-05
 -7.6793395e-02
 -1.0221022e-04
  8.5903332e-02
 -3.9106598e-01
  1.7775024e-01
  2.1898171e-05
  3.2616827e-05
 -1.6559211e-03
  6.7924345e-01
  1.8014340e-04
  4.2047950e-06
  7.2991446e-05
 -1.2457689e-05
 -1.6006758e-05
  1.0881467e-04
  6.8312993e-06
  1.3998653e-05
 -1.7679391e-05
 -8.6024220e-06
  2.6345457e-05
  2.4554802e-01
 -7.5069201e-01
  6.2580228e-01
  2.2865152e+00
  1.4231724e-01
  1.0594536e-01
  5.8816951e-02
 -9.4057417e-01
  7.8719801e-01
 -5.0301071e-02
  1.4615282e+00
  1.9451354e-01
 -7.7640390e-01
  1.6636934e+00
 -5.9175920e-02
 -3.4503353e-01
 -1.2357047e-01
  4.6943223e-01
  7.5438523e-01
 -1.3336759e+00
  4.8920330e-01
  7.1186751e-06
  1.7941165e-01
  5.3130407e-02
 -2.0233158e-06
 -5.0729138e-01
  2.9167226e-01
 -6.7831755e-01
  2.9370351e-02
 -3.0931327e-01
 -4.3842673e-02
 -3.9646766e-01
  1.8814585e-08
 -6.0413289e-01
  2.4816544e-01
 -4.5499229e-01
 -3.1694174e-01
  9.0376788e-01
  3.0122191e-02
  2.0772509e-02
  5.5868765e-03
 -1.1772550e-04
  3.3448981e-03
 -4.4313318e-01
  9.3273548e-03
  3.3384517e-01
  7.6081906e-03
 -1.8964198e-05
  1.5213447e+00
  8.5951877e-01
  3.2829678e-06
 -5.0113635e-04
  9.2581489e-05
  2.2760391e-06
  1.0924268e-01
  2.6348902e-02
  1.1965011e-04
  1.1979182e-05
 -3.7680374e-04
  1.3367673e-02
 -2.4494466e-05
  3.9833930e-01
  8.1689090e-02
 -4.9484929e-01
 -1.7949332e-01
 -6.6485612e-05
 -3.0967919e-02
 -1.7360978e-02
  1.8250774e-05
  7.2786385e-01
  2.1168622e-01
 -3.1549680e-05
  8.1432945e-06
  5.3452432e-01
  1.0496087e+00
 -1.1647209e-06
  5.5861550e-05
 -5.7265795e-05
 -5.1325929e-01
  7.6580048e-02
 -2.1513988e-04
  2.8924728e-06
  1.3277316e-04
  3.5457026e-07
  4.3444063e-05
  2.7139706e-05
  8.8295754e-05
 -1.4705727e-05
  3.5755620e-05
  1.0730405e-05
  6.0917496e-06
 -2.5125746e-05
 -2.0012053e-06
  2.5547743e-05
 -4.5761888e-05
 -1.3995661e-05
 -2.1931673e-05
 -3.1395466e-06
  4.2033849e-07
  1.8032042e-05
 -3.7566897e-06
 -8.8349007e-06
 -5.5775905e-05
  4.9338164e-06
  6.2777021e-06
  6.4689855e-05
  2.2847635e-05
  2.9665674e-05
 -1.7149042e-06
  8.8211627e-06
 -9.7582179e-06
  1.7475890e-06
 -1.5133494e-06
 -9.4438601e-06
 -3.3817571e-05
  6.8632003e-06
 -3.5151061e-06
  1.2604924e-05
 -4.3694818e-05
  2.7822089e-06
  6.0650724e-05
 -2.4585950e-05
 -2.1027985e-05
 -1.1679182e-06
  1.7017088e-05
 -1.5108218e-06
 -1.7478818e-05
  4.6324107e-04
  2.6912694e-05
  9.7269231e-06
  8.9101896e-08
  2.1637892e-05
  1.6224732e-05
 -1.2045717e-04
 -9.1255661e-06
  2.1856855e-05
  1.3706275e-05
  1.1414511e-05
  2.3393330e-05
 -1.2348690e-03
  1.8224326e-06
  3.4755574e-06
 -1.4172774e-05
 -3.9760715e-05
 -1.3635692e-04
  7.2698595e-06
  3.4775642e-06
  9.1546844e-06
 -8.7340952e-05
  2.3100603e-05
  3.4455603e-01
 -6.8274528e-01
 -9.7776979e-01
  2.7163336e-01
  6.7083591e-01
  1.7357969e-01
  1.8148898e-01
 -4.4893602e-01
 -1.7403679e+00
 -4.4769518e-02
 -9.4603086e-03
 -6.5552306e-01
  2.2288623e-05
 -1.4038320e+00
 -2.7576912e-02
 -6.2565702e-01
 -2.5110265e-05
 -3.7828806e-06
 -3.6389422e-01
 -8.6127239e-01
  4.9971386e-06
 -5.8859197e-05
 -1.4451888e-06
 -1.2996592e-02
 -1.0999831e-01
 -2.0765536e-01
 -3.5893411e-04
 -2.3067871e-05
  1.3730225e-01
 -2.6333940e-01
 -1.4578660e-05
  2.2000751e-01
 -4.2058527e-05
  5.3956510e-06
  3.3019464e-06
  1.7563622e-04
  2.1266310e-06
 -4.7351805e-05
  1.2646860e-01
  2.0663500e-04
  5.4916950e-06
 -1.1516768e-05
 -8.4936064e-06
  5.0461656e-01
  1.4498461e-05
 -3.0811434e-06
 -1.8125002e-05
  3.8253591e-05
 -1.3889787e-06
  6.4436445e-06
 -1.8209528e-05
 -7.0845308e-05
 -1.5248114e-05
 -2.2274171e-05
 -5.6955741e-06
 -1.0290024e-04
 -2.6220107e-06
 -6.5620284e-06
  1.0304389e-05
 -3.1900607e-05
  7.0827099e-07
 -1.3301607e-06
  6.2676590e-06
 -2.9334484e-05
  6.2150148e-06
 -3.9347233e-06
  1.6584754e-05
 -7.1633409e-04
  6.9314792e-06
 -1.4808433e-06
  4.1955314e-05
  4.0501704e-06
  1.0451175e-05
  1.7523293e-05
  1.1007710e-05
 -2.8684330e-05
 -1.6779744e-06
 -2.4821302e-05
  1.0183437e-05
 -2.3086895e-05
  1.7379364e-04
  3.9630604e-06
 -4.0677783e-06
 -6.9691405e-06
 -1.0337761e-06
 -9.4031662e-07
  1.8739846e-04
  3.2858635e-04
  2.5984080e-04
  2.6172896e-05
  2.5970163e+00
  6.1341375e-02
  9.7262794e-01
 -7.0178199e-01
  2.6452133e-01
  2.4848317e-01
  9.5050409e-02
 -7.2267175e-01
  4.0990415e-01
 -5.0939894e-01
 -4.0872474e-03
  1.3402742e-01
  1.5815215e-01
 -8.2947671e-01
  1.2574632e-01
  1.0894708e-01
  1.1940149e-01
 -1.9497557e-01
  9.8902129e-02
  4.0571588e-01
  3.9679639e-06
 -3.2681289e-06
 -7.2113148e-06
 -9.5387620e-01
  9.1138989e-02
  7.5648459e-05
  5.8544364e-02
  1.0931576e-01
  1.1616645e-01
 -5.5445598e-05
 -2.9353694e-06
 -9.2046452e-01
 -5.4476117e-05
  4.4459251e-01
  4.5726779e-07
  4.2376236e-05
  2.6283616e-01
 -2.0718729e-01
 -3.3982861e-04
 -9.0195797e-03
 -1.0741313e+00
 -7.1832101e-06
 -2.2387758e-05
  4.9251437e-01
 -1.0970967e+00
 -2.6654967e-05
 -2.1163252e-05
  4.0746198e-04
  4.8146921e-01
 -2.3277512e-01
  1.9686522e-05
 -1.5533809e-05
 -9.7615281e-05
 -1.0433798e-05
 -1.3471900e-04
 -1.1684018e-01
 -1.3175814e-03
  1.1890214e-04
  7.2736962e-05
 -1.9707477e-01
 -2.2359173e+00
  1.5403000e+00
  2.7030969e+00
  2.9738448e+00
 -8.7476856e-01
  3.1959403e-02
  4.4331542e-01
  1.1950770e-01
  7.3296171e-01
 -7.1853466e-02
 -3.3363119e-01
  2.9957550e+00
  2.0917399e-01
  2.4447641e+00
 -4.9149680e-01
  7.3498994e-01
  1.2187620e+00
 -3.4236944e-01
  1.0571026e+00
  1.1999094e+00
 -1.4483108e-01
  1.2848309e-01
 -3.4629503e-01
  1.3103421e-06
  3.7513950e-04
 -2.3464110e-05
 -2.3260236e-01
  4.2096266e-01
 -4.4930094e-01
 -1.0255056e-02
 -6.7425295e-05
  1.6860684e-05
 -1.8532681e-05
  3.2786811e-05
 -1.5744473e-06
 -4.4961442e-05
  1.2682448e-05
  6.4254193e-05
 -3.1450658e-05
 -1.5644434e-06
 -7.7416362e-06
  5.1306224e-06
 -5.5802225e-06
 -1.1992022e-05
 -1.7294249e-05
  2.9775054e-05
  3.2705651e-05
  1.4204763e-06
  5.7794268e-06
  8.9352716e-06
  2.9736857e-05
  2.3198777e-06
 -2.4573062e-06
 -1.1213832e-05
 -2.6334785e-06
 -2.4214887e-05
 -3.2240491e-06
  1.4278445e-04
 -2.6247324e-05
  1.5945263e-05
 -4.4137659e-04
 -6.4996057e-05
  1.1271906e-04
 -1.2526927e+00
  5.5097759e-01
 -9.7190447e-02
 -1.0451697e+00
  6.6410418e-04
  3.0407551e-04
 -1.5571472e-05
  1.1789857e-06
  1.2314466e-01
 -1.8634146e-01
  1.7047891e-01
 -7.4277312e-07
 -6.3004759e-06
  1.6850058e-04
 -1.5425334e-03
 -7.3950952e-01
  8.7094195e-02
  7.0069650e-06
  2.7116889e-04
 -3.3923695e-06
  1.2609940e-05
  9.3950232e-04
  9.9622484e-05
  3.2121854e-05
 -6.0513707e-06
 -3.5401866e-01
  6.7571609e-06
 -1.6550831e-01
 -1.0498063e-01
 -9.9245049e-02
 -7.0168358e-01
 -3.1632148e-02
 -1.2676908e+00
 -3.7453149e-02
  1.7980535e-01
  6.8144035e-01
  6.2606883e-01
  3.3004862e-01
  7.2170544e-01
  7.6444156e-02
 -7.3716098e-01
  3.8588715e-01
 -6.4627347e-05
 -9.0269513e-02
 -1.0313989e+00
 -1.8366338e-01
 -4.2959034e-01
 -1.1476845e-02
  3.3488053e-05
 -2.1133189e-01
  2.5578856e-01
 -1.9832902e-01
 -4.8798406e-01
 -3.1710738e-01
  7.5889722e-05
  1.2897344e+00
 -3.5595314e-03
  4.7824091e-05
  2.1826050e-01
 -7.5572556e-05
 -8.7213608e-05
 -2.0077527e-05
 -2.4754381e-01
  3.9060619e-06
  5.3136504e-05
 -6.2347317e-05
 -1.1487066e-05
 -6.4262531e-05
  2.0102863e-05
  2.7613276e-05
 -3.3541617e-01
 -1.7374578e-05
 -2.6426933e-06
 -1.0403187e-04
  6.1555176e-05
  9.9523239e-02
 -2.9408464e-05
 -4.3073414e-06
 -9.6828408e-06
 -5.0027174e-06
 -1.0724651e-04
 -1.3361298e-05
 -5.1915754e-06
 -1.6674694e-05
 -6.5218978e-06
  2.2681459e-05
 -1.6471135e-05
  3.1458433e-06
  4.2725460e-06
 -4.6753493e-04
  5.8636183e-06
 -1.5788386e-05
  6.3551175e-05
 -3.2860385e-06
  3.4646660e-01
 -3.1600212e-05
  6.1184137e-06
 -8.3867008e-06
 -1.4390282e-06
 -4.7482608e-05
 -7.5594906e-04
  3.7091024e-06
 -3.0049391e-06
 -1.3135946e-05
  2.0935517e-05
  9.1590291e-06
 -2.5912770e-05
  1.4759035e-05
  5.4151510e-06
 -5.0087087e-06
 -6.4027132e-05
 -1.0811228e-04
 -1.7543232e-05
 -2.5768098e-04
 -1.2568787e-05
 -2.7244224e-04
  8.1481712e-06
  3.4104836e-01
  2.5460484e-02
  3.6565509e-06
 -4.9988091e-01
  8.1478884e-06
 -1.9739419e-02
  3.2023010e-01
 -7.7497941e-01
  2.9864945e-02
  5.5077100e-01
  2.2257656e-01
  3.8732015e-04
 -1.0157045e-05
 -4.3583032e-01
  1.9797389e-03
 -1.7726669e-01
 -3.2739024e-04
 -2.6787552e-01
  1.5968436e+00
 -3.4443092e-01
 -1.5673028e-05
 -2.6291170e-06
 -3.8933656e-05
  3.0214057e-06
 -2.9745614e-03
 -7.1166112e-04
 -4.7269516e-02
 -1.1895674e-05
  6.2724121e-02
 -2.9287421e-05
  7.0519871e-01
  1.1228762e-05
 -9.6895114e-05
  1.5064582e+00
 -3.6972281e-01
 -1.9111965e-05
  6.2464374e-01
 -8.1044245e-01
 -8.2415836e-03
  4.0940675e-01
  1.7072158e-05
  7.1169370e-06
 -2.7361831e-01
  5.4660374e-01
  6.8705648e-01
  1.2363549e+00
 -2.1788455e-03
 -7.6859569e-06
 -1.7102989e+00
  6.4190892e-05
  1.6394553e-05
 -6.5702122e-01
 -1.1318752e+00
  1.4513282e-01
  1.4156583e-05
 -3.7716690e-01
 -3.2385063e-01
 -1.1152789e-06
  1.4508150e-06
  5.1597661e-01
  9.7112727e-01
 -3.4797136e-05
  3.4412318e-01
  7.2370106e-01
 -6.7750221e-01
  9.0385001e-06
 -7.0317370e-01
  2.0802231e+00
 -2.0644085e+00
  1.7218769e+00
  4.9839213e-02
  1.0980644e-04
  5.5171782e-01
  1.8739941e+00
  7.1886563e-01
  4.9175623e-01
 -3.3092263e-04
 -8.7866101e-06
 -7.8358281e-01
 -2.8376755e-01
 -2.2538110e-05
  1.0573432e+00
 -5.1371580e-01
 -2.0189581e+00
  2.1491422e-05
  5.5413699e-01
 -9.4695622e-01
 -1.9955383e-01
 -2.2464852e-01
 -6.2479901e-01
 -3.2486210e+00
  8.5943151e-01
  1.0410088e+00
 -6.6019106e-01
  2.7867132e-01
  6.3447027e-05
 -7.8656220e-01
 -1.5524430e+00
  7.2153699e-01
  8.3185101e-01
  6.6990703e-01
  1.6002329e-01
  8.1132275e-05
  8.4334533e-06
 -3.8341772e-05
  2.4668167e-05
 -2.9749069e-01
 -3.0672096e-04
  1.4409966e+00
 -1.7924813e+00
 -7.9952723e-01
  5.7361484e-01
  1.0944934e+00
  7.5902320e-02
 -3.2649148e-01
  7.0576733e-01
  3.1190780e-01
 -1.1499605e+00
 -2.0814156e-02
  5.2998352e-01
 -2.3854334e+00
  5.7974574e-04
  7.7800542e-01
 -1.6160659e+00
  1.0000838e+00
 -5.2750558e-01
  3.2207727e-01
  1.1280658e+00
  1.3720605e+00
  4.1235739e-01
 -4.1420761e-01
 -4.0380487e-01
  1.3590779e+00
 -2.2475939e+00
 -4.0641907e-03
  2.2720671e+00
 -1.0930229e+00
 -3.4368973e+00
  1.8349589e+00
  2.4770324e-01
 -8.1337768e-01
  1.3965795e+00
 -6.1057794e-01
  2.4881651e-01
  8.1448293e-01
 -2.5640467e-01
 -3.3438763e-01
  1.7493364e-01
  2.0344430e-01
  1.1689639e+00
 -9.3122512e-01
 -6.5943986e-01
 -2.6076017e-02
 -2.0000761e+00
  1.1952519e+00
 -8.4675509e-01
 -1.6872796e+00
 -1.8554288e-01
 -6.7406154e-01
  3.9615962e-01
 -1.1390626e+00
  2.5595361e-01
 -1.3185771e+00
  2.2603717e-01
  7.5684857e-01
 -6.6968656e-01
 -6.0823690e-02
  3.9530584e-01
  2.8009934e+00
  4.3724802e-01
  7.8447914e-01
  9.2543709e-01
 -1.0540438e-06
 -3.2880560e-06
  1.3109723e-06
 -3.8397154e-01
 -3.4691072e+00
 -1.5144774e-01
  1.5444672e-01
  2.6483342e-01
  9.5214921e-01
  1.2774650e-06
 -1.2283894e-05
  1.0370424e-07
  1.3731352e-04
 -4.5102122e-03
  1.3152391e+00
  7.4397907e-02
 -5.1874636e-06
 -2.8394145e-01
 -3.1998454e-06
  2.2878623e-04
  3.2320622e-04
 -3.1159714e-01
 -3.0852440e-01
  1.6951844e-02
 -3.7954753e-05
  2.9874322e-01
 -1.6914466e-01
 -1.1914863e-06
 -1.8798015e-06
 -8.5205524e-05
 -9.7378463e-01
 -2.6002145e+00
  6.0519224e-01
  5.7194517e-03
  5.8929449e-01
  2.5437728e-01
  4.8226815e-05
 -8.4495622e-07
  1.3736333e-05
  5.7559002e-02
 -2.2965065e-05
  2.1876764e+00
  1.4750057e+00
  4.5879006e-01
 -3.8658777e-01
  9.5461248e-05
  6.5599015e-05
  6.3893431e-06
 -2.9003313e-01
 -9.1417032e-01
  1.2263776e+00
 -8.9528965e-07
  4.5851398e-01
  1.2912855e-01
 -1.1512454e-05
 -9.0999737e-07
  5.9096466e-05
 -6.9392663e-01
 -3.3135171e+00
 -3.0773142e-01
 -7.0686698e-02
  1.4316120e-04
 -7.7057219e-01
  2.5428305e-04
 -2.0469257e-05
  2.2208260e-06
 -6.6172420e-06
  9.6105456e-02
  3.9304978e-01
  6.6337705e-01
  5.3353095e-01
  5.0033510e-01
  2.5406934e-04
  1.1666495e-04
 -3.3036254e-06
 -1.1465502e+00
 -2.2100558e+00
  1.6593459e+00
  8.2186288e-01
  1.7895349e+00
 -1.7157447e-01
 -1.4874446e+00
 -1.0512275e-01
 -9.4520175e-01
 -5.8292872e-01
 -1.4493284e-01
  1.1026754e+00
  9.5109716e-02
 -3.3901945e-01
 -8.9426261e-01
 -5.2571360e-02
 -8.9821737e-04
  2.8520139e-05
 -4.9305335e-04
 -4.7908006e-06
  2.3360391e-01
  4.1348484e-01
  2.4801563e-01
 -5.8143139e-01
  2.8123510e-05
  7.4264057e-02
 -7.2111446e-01
  3.9553693e-01
 -2.1308451e-05
 -5.6739163e-01
 -7.0298016e-01
  1.6198856e-01
 -1.0110879e+00
 -4.1762689e-01
 -7.7149101e-02
 -6.9675291e-01
 -1.3220615e+00
 -1.0499372e+00
 -6.7549163e-01
  1.4659137e-02
  7.9278958e-01
  1.4853904e+00
 -3.3885542e-01
 -5.6598318e-01
  1.0220323e+00
 -4.4703642e-03
 -1.7422909e-01
  2.1123817e+00
  1.4286751e+00
  8.1404710e-01
 -1.4516294e+00
  3.9398644e-02
  6.2908024e-02
  7.6154119e-01
  9.5569193e-01
  2.1836664e-01
  1.2873274e+00
 -2.6286295e-01
  1.4298530e+00
 -5.3054863e-01
 -7.3571622e-01
 -2.6520374e-05
 -3.8998502e-01
  1.4634639e+00
 -1.4374170e-02
  8.7168443e-01
 -1.0968013e-03
  1.5627978e-03
 -7.3888332e-02
 -2.8893012e-01
 -3.2639563e-01
  3.5022673e-01
 -7.5537890e-01
 -1.2139927e-01
  1.4329819e-01
  7.1524882e-01
  8.6897951e-01
  2.3891118e-01
 -1.0036010e+00
 -1.8931007e-01
  7.5888437e-01
 -1.2643893e-01
 -1.5809598e-04
  2.6517534e-01
  5.0148839e-01
  1.4658550e+00
 -6.7607671e-01
  1.3321466e+00
  2.0705729e+00
 -1.9007483e+00
  1.6435144e+00
  3.2624438e-01
 -1.5725024e+00
 -7.8002757e-01
  1.0879215e+00
  1.0467273e+00
 -4.9137902e-06
  1.0122248e-04
 -2.0477485e-02
  2.3699453e+00
 -9.7992415e-06
 -2.6870286e+00
  2.7446833e-01
  1.5343927e-01
 -7.2620440e-01
  3.9668387e-01
  3.7689444e-01
 -5.8636326e-02
 -2.2142549e+00
  1.9789106e-01
  3.0098656e-01
 -1.3359464e+00
 -4.5482782e-05
  3.8963920e-01
  1.2108814e-01
  7.0057207e-01
  3.1805899e-02
  2.1329255e+00
  1.9758855e+00
 -1.7285579e-01
  3.6774185e-01
  7.6900047e-01
 -7.3637229e-01
 -2.7739793e-06
  1.6210692e-02
  9.8658003e-02
  4.7979489e-01
  1.8068578e+00
 -1.1468357e+00
  1.9641440e+00
  2.9288328e-01
 -2.1543252e+00
  5.7998878e-01
 -6.6965371e-03
 -2.1436334e-01
 -3.8168725e-01
 -2.9347718e-01
 -1.7483941e+00
 -6.3999903e-01
  3.8168997e-05
 -5.9845781e-01
  7.5617987e-01
  2.7142549e+00
  7.0485938e-01
  7.8235254e-02
  9.7339767e-01
 -3.6811653e-01
 -2.1093211e+00
  7.0456856e-01
 -2.6754927e-02
  6.0863736e-06
  3.2296360e-01
 -7.8103405e-01
  1.3159533e+00
 -2.7095354e-01
  3.9843607e-01
 -2.2902633e-01
  1.5450662e-01
 -2.0641980e+00
 -1.3992177e-01
 -6.8172896e-01
 -1.4920979e+00
  1.1374112e+00
  1.4273317e+00
  1.2767776e+00
  8.5645437e-01
 -7.3014486e-01
  5.5879217e-01
 -1.1389956e+00
 -4.2579177e-01
  7.6101267e-01
 -1.5340892e+00
 -7.8851885e-01
 -2.5457969e-01
 -3.0746408e+00
 -6.6917139e-01
 -2.2468860e-01
 -2.4376509e-03
 -1.0350797e-01
 -6.4810360e-05
 -4.7409818e-01
 -1.2998960e-04
  1.2253798e+00
 -8.6882132e-01
 -2.5379546e-03
  1.5470053e+00
  1.1263627e-01
  9.6565299e-02
 -3.7914142e-01
  6.0187209e-01
  2.1603931e-01
 -7.1420217e-01
  2.1111777e+00
 -2.1081853e-01
 -1.2610272e+00
 -1.6196002e+00
 -2.8973243e-01
  1.1871929e+00
 -2.2695516e-03
 -1.8933390e+00
  1.4462812e+00
 -8.1573123e-01
 -3.3220508e+00
  1.1753365e+00
 -3.1568766e-01
 -4.0081155e-01
  2.1306227e-05
  3.0312425e-01
 -4.5214692e-01
  1.2365079e+00
  1.4488547e-01
  8.1212200e-02
  9.0507197e-01
 -5.2691642e-02
  1.2367616e-01
  3.6130187e-01
  6.4031744e-01
 -4.0079431e-06
 -1.4851751e+00
 -3.1415218e-01
 -6.3828498e-01
  3.1440929e-02
 -7.1440083e-01
 -1.1044855e-01
 -1.0064113e+00
 -1.3457683e+00
 -2.1603153e+00
 -1.2744403e+00
 -1.1511109e+00
 -4.3180132e-01
  1.7279285e+00
 -1.2707302e-01
 -7.1556926e-01
 -7.1434957e-01
 -1.4440742e+00
 -5.0434208e-01
 -1.3412567e+00
  7.4123651e-01
  4.3542159e-01
 -6.3200212e-01
 -3.1933771e-03
 -7.5410300e-01
  1.4143687e+00
 -9.9009776e-01
 -4.1270480e-01
  5.7500321e-01
  9.7900295e-01
  4.6944112e-01
 -7.3473424e-01
  1.0534611e-05
  9.8127362e-07
  1.9519548e-01
 -2.6130021e-01
 -1.0923559e-05
 -2.5065553e+00
 -3.1938714e-01
 -1.3716822e+00
 -7.0189583e-01
 -6.8470887e-05
  1.4191826e-05
 -4.4207736e-06
 -1.1452461e-04
  6.9697715e-05
 -6.4276160e-06
  1.7889381e-06
 -1.0283439e+00
 -1.5350965e-04
  2.5851868e-05
 -2.9095067e-04
  7.9786003e-01
 -3.3770615e-04
  1.7911165e-05
 -6.4442450e-01
  6.7784172e-01
  5.8107996e-01
 -1.3949460e+00
  3.2125062e-08
  2.3976647e-05
  1.3766432e-05
  5.5568222e-07
 -1.0064737e-04
  2.0562117e+00
 -9.6538812e-01
  6.5463996e-01
 -1.1564484e+00
 -7.6964534e-06
  2.7429502e-05
  3.4142214e-01
 -2.3474252e-02
 -3.0663330e-07
 -1.1256523e+00
  1.4242411e+00
 -3.4209404e-02
 -9.1660273e-01
 -9.6846395e-07
 -2.8487619e-05
  8.5618101e-02
 -1.8890902e-06
  4.4768899e-06
 -1.2246070e+00
  7.5501394e-01
  9.4456947e-01
 -9.4203281e-01
  2.7015702e-08
  2.9567896e-05
  7.2336835e-01
  2.8962745e-06
  5.0868121e-06
  3.7330660e-01
  1.9251683e-01
 -1.5604414e+00
 -1.2376504e+00
  7.5436418e-07
 -5.8730311e-05
  2.2738406e-01
 -3.6222038e-05
 -2.2026625e-06
 -7.2868663e-01
  2.5983013e-02
 -3.7921745e-01
 -4.7716338e-02
  5.5183473e-06
 -8.4520934e-06
  5.7614434e-01
  5.6906612e-07
 -6.8808122e-06
  2.3192672e-01
  5.8891720e-01
  8.1413859e-01
 -3.9397261e-01
 -2.0714053e-06
 -8.8808018e-01
 -1.6490645e+00
 -7.4230146e-04
  1.7808648e-05
 -2.7843958e-03
 -8.9952493e-01
  1.4194367e+00
  2.4974641e-01
 -1.5750721e-04
  5.3891970e-08
 -4.2699776e-06
  2.7002245e-06
  2.4334162e-05
  5.5356618e-06
 -3.1249721e-05
  1.0704623e-01
  4.3666085e-05
 -1.3544974e-04
 -6.7919832e-01
 -1.0235720e+00
 -2.2347356e-05
  2.0654717e-05
 -4.1714397e-05
 -8.0384862e-01
  5.9814966e-01
 -1.2779707e+00
  1.9875849e-06
 -3.4714110e-02
 -3.9112137e-04
 -1.9961733e-05
 -7.8941666e-06
 -6.5066695e-02
  2.9390514e-01
 -9.6928585e-01
 -1.2411010e+00
 -2.7402026e-05
 -2.2682181e-01
 -6.8649091e-02
 -1.2347492e-05
 -2.7378933e-06
  1.0004242e-05
  1.0747746e-01
  4.2015842e-01
  1.5580705e+00
 -2.5333344e-05
 -4.1121221e-01
 -1.1642822e-01
 -2.2238923e-05
 -2.7300428e-05
  5.5468027e-02
  5.8664179e-01
  2.3721535e+00
 -2.4596547e-01
 -7.1034570e-05
 -1.9307094e-04
  3.5319522e-01
 -6.4855212e-06
  7.2662160e-06
 -4.1240603e-01
  1.0776721e-01
  1.0132775e-01
 -8.0353516e-01
 -1.5545282e-05
 -4.6044371e-01
  4.5081019e-01
 -2.3549792e-06
 -2.5073953e-06
  1.2135117e+00
 -4.6407047e-01
  3.7150735e-01
  4.9612296e-01
 -2.1460344e-05
 -9.5545813e-02
 -3.9845530e-02
 -6.6967077e-06
 -1.0162755e-06
 -3.5570890e-01
 -1.1466386e-01
 -5.4176128e-01
  5.9698957e-01
 -3.3363474e-06
  1.8860144e-06
 -1.4933649e+00
 -5.0385261e-01
  4.2742573e-05
  1.0449657e+00
  2.0960091e-01
 -9.3240738e-01
 -7.0062745e-01
  1.3270499e-06
  4.1978785e-07
 -6.9540415e-06
 -5.1188443e-05
 -1.3021347e-06
  1.8604386e+00
 -3.9024371e-06
  1.9953035e-05
  4.6719430e-05
 -9.6908543e-06
 -3.6077996e-05
 -3.5920048e-01
 -3.3268344e-01
  1.3047652e-04
  3.2947335e-01
  1.1738420e-01
 -1.9239852e+00
 -6.3850570e-01
 -9.3800644e-08
  7.5888379e-06
 -3.9806753e-01
 -4.6572674e-02
 -1.2442166e-06
 -3.2091260e-01
 -1.5759279e-01
  5.7355535e-01
 -7.8497654e-01
  9.9199974e-07
 -1.1375261e-05
  1.6640965e-04
 -6.2824506e-06
 -2.1064684e-06
 -9.8980033e-01
  4.4707003e-01
 -1.3402691e-01
 -1.6271507e+00
  2.7446520e-06
 -9.0373855e-04
 -1.9139411e-01
 -5.8373767e-01
 -1.0516984e-05
  1.3925093e-01
 -1.9937821e-01
  2.9093453e-01
 -1.0262177e+00
 -3.8192386e-05
 -1.0770994e-04
  1.6060051e-01
  4.8623806e-06
  1.6692336e-05
  1.4338074e+00
  2.2231072e-01
 -4.3412250e-02
 -1.3732662e+00
 -7.0123565e-06
  1.6457224e-06
 -3.1932226e-01
 -5.3237629e-01
 -1.2667908e-06
  3.5337129e-01
  4.8269939e-01
 -1.7492912e+00
 -1.1602585e+00
 -3.3623048e-06
 -7.0405036e-07
  3.4194121e-01
 -1.7540324e-05
 -6.4966166e-06
 -2.2221799e-01
  2.8798109e-01
  7.6802629e-01
 -5.4358757e-01
  9.4191519e-06
  9.9969462e-02
 -7.9974931e-01
 -1.0372071e-04
  2.9591814e-07
  6.0444891e-01
  8.1151867e-01
  8.9629722e-01
 -7.1471596e-01
 -3.1127252e-05
  7.4827358e-07
 -8.7511053e-06
 -5.6092399e-06
  6.3998137e-05
 -2.2108610e-01
 -3.2044072e-06
  3.7760097e-01
 -7.6255426e-05
  3.2162196e-05
  9.4366916e-02
 -2.7071002e-01
 -4.5780180e-06
  4.0660336e-05
 -1.5522796e+00
  5.7300013e-01
 -4.0944573e-01
 -9.9524224e-01
 -2.3355797e-07
  1.6398162e-05
 -3.2423446e-01
 -7.2627074e-05
  3.1414399e-06
  1.0328325e+00
 -1.5311831e-01
  7.1466386e-01
  8.3247429e-01
 -1.8194941e-06
  6.4162705e-05
  3.0482615e-06
  4.7087478e-06
 -2.0373791e-05
  2.4090852e-05
  3.7953815e-01
  6.7073482e-01
  4.5110089e-01
  1.3791401e-06
  4.8637095e-05
 -1.0491192e-02
 -1.1442985e-05
  1.2808111e-05
 -1.8507571e+00
 -2.3805486e-01
  2.0725543e+00
 -7.2515704e-02
  9.9868394e-06
  1.2529871e-02
 -3.3394417e-01
 -1.6499184e-04
  3.3483477e-05
 -1.9084290e+00
  3.6699817e-01
  1.4469219e+00
 -5.1364146e-02
  2.5063468e-04
  1.0823131e-05
 -3.7505645e-01
  1.6816101e-06
  1.3578489e-05
 -4.5821507e-02
  2.5309628e-01
 -1.2620263e-01
 -6.4441790e-03
  2.4910949e-05
  4.5659985e-05
 -3.9187980e-01
 -7.2512858e-06
  1.8388497e-06
 -5.2398199e-01
  3.7826243e-01
 -3.7921661e-01
 -4.4544166e-01
 -1.1080485e-05
  2.6164508e-01
 -8.7235612e-01
  8.0419230e-01
 -2.1018236e-06
 -1.3991960e+00
  1.0790716e+00
  7.6604015e-01
 -8.8577992e-01
 -7.4063792e-05
  2.5505304e-05
 -4.8333815e-05
  9.4552102e-05
 -3.7549009e-06
 -7.4657047e-01
  6.8749720e-01
 -1.4692141e+00
  9.9798917e-06
  3.3840491e-04
  1.8389422e-01
 -8.0072379e-01
  7.3660737e-01
  7.0621654e-06
 -2.0056589e+00
 -1.4032985e-01
 -1.7910184e-02
  6.1285716e-01
  3.0876599e-05
  1.2905563e-06
 -8.8116831e-01
  3.5217521e-01
  9.6397234e-06
 -7.0788795e-01
  1.5529991e+00
 -3.6773574e-01
 -5.6651193e-01
  7.0337184e-05
  6.7325169e-04
  2.2324126e-05
  1.8409452e-05
 -1.1037095e-05
 -1.0564293e+00
 -6.3401567e-05
 -9.7832274e-01
  3.9608717e-01
  1.6898688e-05
  3.0108673e-05
 -3.9412817e-01
  8.6686999e-01
 -9.3516992e-06
  2.2242367e-01
  1.1350554e-01
  5.3690428e-01
 -5.0422311e-02
  1.1452934e-04
 -2.3486223e-06
 -2.6841173e-01
  4.1432372e-06
  1.6677167e-06
 -1.9484615e-01
  2.1633108e+00
 -1.8471491e+00
  6.3960880e-01
  3.2579508e-05
  1.4204554e-03
 -7.9864538e-01
  4.2254296e-01
 -2.0585559e-05
 -1.0866085e-01
  1.1954227e-02
 -7.6742746e-02
 -3.3299753e-01
  1.2623898e-05
  8.7367538e-05
 -2.3245068e-01
  5.2735996e-01
 -4.0247443e-07
  6.5725529e-01
  4.3447906e-01
 -5.6443053e-01
 -3.8344586e-01
  1.2413758e-02
  1.2413758e-02
  1.2413758e-02
  1.2413758e-02
  1.2413758e-02
  6.7241365e-01
  6.7241365e-01
  6.7241365e-01
  6.7241365e-01
  6.7241365e-01
  1.4738771e-01
  1.4738771e-01
  1.4738771e-01
  1.4738771e-01
  1.4738771e-01
  1.0924964e-01
  1.0924964e-01
  1.0924964e-01
  1.0924964e-01
  1.0924964e-01
  1.6452778e-02
  1.6452778e-02
  1.6452778e-02
  1.6452778e-02
  1.6452778e-02
  1.8038879e-01
  1.8038879e-01
  1.8038879e-01
  1.8038879e-01
  1.8038879e-01
