nep4 3 Ba Zr S 
cutoff 8 4 150 20
n_max 4 4
basis_size 8 8
l_max 4 2 0
ANN 30 0
 -2.8662276e-01
  1.2144374e-05
 -2.0393005e-05
 -2.2848855e-05
 -1.7686957e-01
  8.7867757e-06
 -9.8939896e-02
 -5.1838368e-05
  1.2181154e-06
  1.4695052e-02
 -1.0090283e-05
 -4.5131201e-06
 -8.6586288e-06
  4.3446089e-06
  5.4512719e-07
 -2.5017305e-06
 -5.4275552e-07
 -1.3603186e-07
 -2.3552905e-06
 -3.9110210e-04
 -3.3018972e-05
 -6.2525596e-06
  1.6339854e-05
  8.1281127e-05
 -5.4819469e-07
 -3.6582190e-07
 -2.0848486e-06
  1.3600293e-05
  1.1021708e-05
  5.2645095e-07
  8.6638933e-01
 -8.1146854e-06
 -9.7428970e-02
  7.2479008e-05
 -8.0456471e-01
 -1.1435271e-05
  4.8250947e-02
  1.0870276e-03
 -4.4540063e-02
 -2.9737424e-02
 -2.4021871e-04
 -6.0356670e-06
  2.4808742e-05
 -5.4413995e-05
  1.2498179e-05
 -3.1131844e-05
 -7.2446222e-05
 -4.6863042e-07
  2.6379879e-05
  8.6542370e-04
 -1.3901082e-05
  7.5021535e-06
  6.3806176e-05
 -8.6874172e-07
  1.6496322e-01
 -9.7615193e-06
  1.7988116e-04
  4.6274145e-06
 -2.7657416e-06
 -9.4294792e-06
  6.6955622e-06
  6.1943916e-05
 -1.2860467e-05
 -1.5607097e-06
 -5.5503501e-06
  1.2190288e-05
  1.2022071e-05
 -5.8688515e-06
 -1.6618571e-05
  1.1400558e-06
  6.0899256e-05
 -3.6434644e-06
 -1.9193769e-05
 -2.1980613e-06
  1.8165250e-07
  5.3724320e-06
 -2.5887764e-06
 -2.7852875e-06
 -1.6984801e-06
  1.2465342e-05
 -3.6232186e-06
  1.9917250e-05
  1.4812599e-06
 -1.2034688e-05
  1.0826181e-05
 -8.4071326e-06
  1.9673444e-06
  2.3940761e-06
 -5.2173950e-06
  1.9373331e-06
  1.3776917e+00
  2.5769257e-06
 -2.1515074e-01
  6.3662151e-07
 -5.5226665e-02
 -5.1216506e-05
  3.9281629e-04
  5.9174776e-02
 -5.9734302e-05
 -6.5858918e-01
 -3.5967853e-06
 -9.6603711e-05
  1.1690620e-06
  2.3667433e-06
  1.5450747e-06
 -3.1544801e-04
 -1.3285915e-04
 -6.1497660e-05
  6.5681634e-05
  8.1722983e-06
  1.0645774e-05
  1.9194424e-05
  2.2262560e-05
  7.4921095e-06
  1.5055345e-01
  2.9707799e-06
 -4.9991959e-06
  6.0063817e-06
 -1.2331539e-05
  2.5185143e-06
 -2.2089037e-03
  2.1314445e-06
  2.5446217e-05
  1.2501268e-06
  1.0661652e-05
 -3.6429039e-06
  1.4103816e-06
 -5.9600870e-06
  2.3073073e-07
 -1.5259213e-05
 -3.0149604e-07
  9.3826520e-07
  3.8162223e-05
  5.5006996e-05
  3.9510719e-06
  1.6593789e-06
  6.2336862e-06
  4.6580877e-07
 -6.4476567e-06
  1.6782444e-06
  2.1061327e-05
 -6.8806244e-06
 -5.1991638e-06
 -4.7239969e-06
  9.2565417e-05
  2.5309669e-06
  4.7071781e-06
 -2.5018939e-05
 -3.5327316e-06
  7.6779122e-07
  3.8526473e-06
 -2.0641929e-07
  1.9013277e-06
  9.0835220e-04
 -6.6744167e-07
 -6.6457625e-07
  2.2131667e-06
 -1.8806848e-05
  1.0268708e-05
  6.1607579e-06
  2.9441085e-06
 -3.9676488e-05
 -4.0436753e-06
 -9.8152104e-06
 -1.1485836e-05
 -3.2446982e-07
  5.7880534e-06
 -1.4188851e-05
  9.0492495e-06
 -1.3607324e-06
 -1.0863536e-05
 -7.7509012e-06
 -1.1891171e-05
  2.6157948e-06
 -3.3318461e-06
 -1.4558557e-06
 -3.2811564e-05
 -2.9050703e-05
 -5.9493027e-06
 -1.1565228e-05
 -1.7619606e+00
 -9.8599967e-06
  2.3264149e-01
 -8.9806402e-01
  1.4834208e+00
  5.4673593e-02
  1.2767883e-03
  7.0493401e-04
  1.9734162e-01
  4.8029602e-02
 -4.6886921e-06
 -1.2707353e-03
 -1.3030729e-04
 -3.9405631e-06
 -2.9063845e-04
  5.6436010e-02
  1.3202986e-01
  4.3903245e-04
  2.3942928e-04
  1.1840302e-01
 -4.3389509e-06
 -1.6044176e-05
 -3.9235833e-06
 -3.1468990e-05
 -1.3429880e-01
 -3.5629415e-07
  2.7434214e-06
 -2.9966403e-05
 -3.5128374e-05
  4.1844614e-05
 -1.6561325e+00
  2.7671499e-06
  2.1469808e+00
 -1.6969215e+00
  1.3057508e+00
  1.5510224e-01
  2.5321260e-01
  3.3479971e-01
  5.8935565e-01
 -5.6216770e-01
 -1.9096988e-05
 -2.4653446e-02
 -1.6366097e-05
 -2.9661051e-06
 -1.4503629e-05
  2.4900441e-01
  2.0220599e-01
  1.1563781e-02
  5.8107271e-05
  2.5254007e-02
 -2.0783712e-04
 -3.5839639e-05
 -2.0159023e-02
 -4.2546526e-06
 -2.6611352e-01
  2.0420032e-06
  1.4539423e-06
  1.2479016e-05
  9.2956063e-05
 -3.8346011e-06
  1.1952988e-01
  1.4117018e-05
 -2.5249115e-06
  2.4530727e-06
 -1.7692747e-04
 -4.2719374e-05
  6.9441870e-05
  1.0291105e-03
  1.9804314e-05
  1.9575765e-02
 -4.8449165e-06
  4.8903564e-07
  2.9848404e-06
 -7.7063105e-06
 -2.5016398e-04
 -1.2741004e-04
 -1.7984159e-04
  1.9358324e-05
  1.1730206e-04
  8.4888758e-03
 -2.3858381e-06
  4.4447728e-04
  1.8347264e-04
 -6.9871538e-05
  1.8635338e-02
  1.0513272e-05
 -5.2508717e-06
  6.3656771e-06
  1.4086623e-05
  2.2076285e-05
  4.8193030e-02
  1.4334533e-05
 -2.1354672e-06
 -7.5285803e-05
 -1.8118627e-02
 -4.2896130e-04
  3.2125544e-07
  9.0275535e-06
 -4.4507811e-07
 -1.0862448e-03
 -5.2507221e-06
  2.6389162e-07
  2.7965520e-05
 -5.1115162e-06
 -1.0271651e-05
 -5.6467619e-04
 -1.1142018e-05
  4.0461700e-06
  7.9032861e-06
 -8.7045100e-06
  1.0591799e-05
 -1.0959501e-06
  3.7542848e-06
  2.2119657e-06
  1.7698482e-03
  4.7290312e-05
 -5.5867422e-06
 -1.6435258e-06
 -1.6642496e-06
  2.9951123e-06
  1.2062766e-05
  8.1448352e-06
  1.1171939e-05
 -6.2782638e-06
 -1.2417048e-05
  9.8248120e-06
  4.4819077e-05
  9.7061557e-06
 -6.0049674e-06
 -1.6788750e-05
  8.8303767e-07
 -4.8286267e-07
  7.8536932e-06
  2.4466485e-06
  8.5426282e-06
 -2.0135265e-06
 -3.7778569e-05
 -1.4414411e-05
  4.4788521e-06
  1.4439198e-05
  9.3747558e-06
 -8.7714998e-06
 -1.1621077e-05
 -2.5264997e-06
 -1.7744414e-06
 -1.0547697e-05
 -1.1482244e-05
 -1.8417481e-05
 -2.6018861e-05
 -1.3083461e-05
 -3.2880923e-06
 -7.6137112e-06
  6.8174440e-06
 -1.7916869e-05
  7.1299262e-05
  5.0895869e-06
 -3.9182655e-06
 -4.0176310e-06
  6.1681607e-07
  2.5001766e-05
  1.1145140e-02
 -1.1699633e-06
  8.7193976e-06
 -4.6031778e-06
 -1.5622472e-05
  1.1782193e-05
 -1.9450288e-06
 -3.1758220e-05
 -2.2439594e-05
 -1.0094913e-06
 -7.3221725e-07
  1.3044316e-06
 -1.6384065e-05
 -8.6144491e-06
  6.6640670e-05
  8.1424223e-05
  6.4526380e-06
 -8.9198264e-05
 -5.6074118e-06
  4.1914968e-06
 -1.1203796e-05
 -5.9529020e-06
  4.8805410e-05
  8.4188277e-06
 -7.7366892e-08
 -2.5318068e-06
 -1.0637566e-05
 -1.0449879e-05
  8.6347336e-07
  2.2720005e-05
 -1.3123408e-06
 -2.9849023e-06
  1.7753991e-05
 -5.4557845e-06
  3.8304811e-06
 -5.2659134e-06
 -1.5432550e-05
 -6.8139339e-06
  2.9241587e-06
  1.5329743e-04
 -9.0404819e-06
  9.8546943e-06
 -8.4884437e-07
 -1.0368232e-05
 -6.2450579e-07
  7.1471304e-06
 -1.1094459e-04
  1.1640661e-06
 -1.4477459e-04
 -6.5188300e-07
  5.4855875e-05
  5.9495242e-06
  7.0130933e-05
  1.5613196e-06
  8.0533107e-07
  1.4585699e-05
  1.2879413e-05
  1.4434667e-06
 -7.2297967e-06
  1.6789381e-06
 -1.9311536e-05
  5.4858288e-06
 -5.8092446e-05
  1.6359256e-05
  3.5680853e-07
  1.1571973e-05
 -9.0159347e-06
  2.1870349e-06
 -7.4654554e-07
 -9.8725022e-06
 -6.4795422e-06
 -5.8505138e-06
  1.0525606e-05
 -6.2621903e-06
 -1.0920425e-05
  3.2910899e-05
  6.0477541e-06
 -1.1722743e-05
  4.6876917e-07
  1.1158271e-05
  5.2276349e-01
  2.9778793e-01
 -1.1578691e-01
 -8.8736612e-01
 -6.5672612e-01
 -1.4840293e-02
  9.2200184e-01
  5.7380217e-01
 -3.5091418e-01
 -5.1089507e-02
 -2.8572538e-01
  1.1632384e-01
  1.5811758e-01
 -2.8261906e-01
  2.9733884e-01
 -6.6846251e-01
 -3.0921081e-01
  2.1329267e-01
 -1.5956308e-06
  4.6327707e-01
  2.6576787e-02
  1.8227842e-01
  4.0905106e-01
  1.8587988e-03
  1.0953871e+00
  3.4994333e-05
 -4.6800525e-04
 -1.0035907e-05
 -4.9461840e-05
 -6.6001095e-02
  8.3044815e-06
 -5.8626265e-06
  9.6145677e-06
 -7.0731921e-06
  9.6221993e-06
 -1.1138910e-05
  7.7547593e-06
  1.2211414e-06
 -1.7306169e-05
 -3.3994240e-06
 -2.4345359e-06
 -7.7732800e-08
  7.9584715e-06
 -2.6557643e-06
 -4.7703754e-05
  2.8542952e-05
  3.4075823e-05
 -1.0111271e-05
  3.7996319e-06
  1.6147979e-04
 -3.1900690e-06
  2.2014541e-05
 -6.5770805e-06
  5.2954445e-05
  4.5091260e-06
 -4.9932787e-05
 -1.1926781e-05
 -1.4974249e-05
 -5.3877238e-06
  4.5933884e-05
  9.6904751e-06
 -7.7931900e-06
 -4.3905846e-05
 -3.0614992e-05
  3.4110828e-06
  7.7605655e-06
 -3.2434109e-06
 -1.5017137e-05
 -8.5359879e-06
  6.0366738e-06
 -2.0251621e-06
 -3.0030125e-05
 -4.2234224e-06
 -1.2263032e-05
  9.2903556e-06
  2.2426982e-06
  4.0813083e-07
 -6.2923996e-06
 -8.9816022e-06
  4.6542078e-05
  4.4334902e-06
 -1.3470652e-05
  4.0716304e-06
  8.6643792e-07
 -1.3398099e-05
  1.6163855e-05
  5.4824259e-06
  2.4824194e-04
 -8.6065279e-09
  2.3682546e-03
  3.4433205e-02
 -2.1571375e-06
 -6.0478555e-07
 -3.5190451e-06
 -4.2998570e-05
  4.6692008e-07
  1.3474393e-06
  3.0722684e-05
 -8.4068106e-06
  1.7531763e-04
 -1.9100762e-05
  9.8636838e-06
 -6.1627958e-05
 -3.3218783e-04
 -7.2479836e-04
  6.6809944e-06
 -7.9923184e-06
 -2.3007926e-05
  7.0919246e-05
  1.5074777e-02
  8.6847888e-07
  3.0141959e-07
  5.5960791e-05
  1.0522556e-04
  2.8085380e-05
 -2.2294893e-07
 -5.9692447e-06
 -3.3653145e-05
 -3.3737954e-06
 -2.9958965e-06
  3.1228103e-03
 -2.7202514e-05
 -7.6033917e-05
 -2.6263464e-05
 -1.5357122e-04
 -3.1422851e-06
  4.6788759e-06
 -8.1475828e-06
  2.0349528e-06
 -8.6202572e-06
 -1.4372960e-05
  1.7766504e-05
  8.6559896e-07
  4.5642790e-07
  6.4769534e-07
 -9.4899933e-06
  1.0316628e-05
 -1.5451075e-06
 -5.4368006e-06
 -2.2179032e-05
 -1.4424224e-04
 -6.1040673e-06
 -9.1801121e-06
 -7.5379903e-06
 -6.1855412e-06
 -3.4091947e-05
  7.6534907e-06
 -3.2363059e-05
 -1.7451445e-06
  1.4636973e-05
 -2.4078460e+00
  3.5737281e-07
  1.2845887e+00
  2.7058520e+00
  6.7732982e-02
  5.9378886e-04
 -3.7024748e-01
 -5.3527979e-03
  9.3036471e-04
  7.4330550e-01
  1.0931690e-01
 -3.2503179e-01
 -8.0107376e-02
  1.7141885e-05
 -1.0348450e-01
  1.1705975e-02
  7.0883639e-02
 -6.8642579e-02
  9.8141263e-06
 -2.6236793e-01
 -5.3314066e-06
 -2.1182969e-02
 -7.7851214e-02
 -2.2663892e-04
 -4.9604985e-01
 -3.8750063e-06
  1.4179401e-06
  1.7224038e-05
  8.1363878e-06
  4.3885276e-04
  7.2984789e-05
 -6.2115359e-05
  6.8882268e-06
 -2.5154732e-05
 -1.1961982e-06
  4.5534448e-06
 -2.6477492e-06
  4.5763113e-06
  2.1863939e-06
  5.5342144e-07
 -1.6572847e-05
 -4.5538004e-06
 -8.4540243e-06
  1.9476731e-05
  3.1356798e-05
  1.0484271e-05
 -1.4092680e-05
 -3.7941103e-05
  2.5781063e-05
 -3.3477130e-07
 -2.7908036e-05
 -1.2947793e-06
  1.7082726e-04
  2.1069368e-06
  1.0656125e-05
 -1.9796814e-06
 -7.0560641e-06
 -1.9260814e-07
 -2.8209849e-06
 -5.3919493e-06
 -1.4039005e-04
  8.4086732e-06
  2.0969557e-05
 -2.9913460e-06
 -7.7636296e-06
 -1.0277869e-06
 -1.2127342e-05
 -7.8922330e-06
 -8.9496161e-06
 -3.2443946e-05
 -1.0853133e-05
 -1.7338872e-06
 -5.1706814e-07
  2.5740763e-05
  1.7865017e-05
 -8.1607686e-06
 -1.4094251e-05
  1.3490389e-06
  3.4403890e-06
 -1.2545901e-05
 -2.0704751e-05
  5.2232940e-06
 -2.0945174e-05
  1.7171278e-05
 -5.7400430e-06
 -8.1389280e-06
 -8.6754089e-06
 -2.2974622e-05
  3.2780767e-06
 -1.6009806e-05
  1.0983204e-06
 -2.1563658e-06
  2.1844289e-05
  1.8699877e-05
 -8.6208092e-06
 -7.4137261e-06
 -6.4659145e-07
  1.4317509e-03
 -2.4068667e-04
  2.4259743e-06
  7.7084032e-06
  2.0051615e-05
 -1.6475571e-05
  3.5751249e-08
  1.0806677e-05
  4.7523836e-06
  1.7712990e-05
 -2.3967163e-05
  4.3473204e-07
 -7.9205320e-06
  2.5876274e-05
  8.5072334e-06
 -1.9904774e-05
 -5.2741789e-06
  5.3567902e-07
  1.3117475e-05
 -1.1246706e-05
  1.9105641e-05
 -1.5769390e-06
 -1.6396451e-05
 -7.8916274e-02
  3.6832173e-06
  3.7534564e-04
 -2.5493003e-07
  9.6220123e-05
  1.3258518e-06
 -7.3158546e-05
 -1.0933864e-04
  9.3433016e-05
  3.6618920e-05
  1.7881984e-04
 -1.8331883e-05
  1.4545153e-04
 -6.7693202e-07
  2.7965057e-06
 -7.3016636e-06
 -1.0810694e-04
  6.4704914e-06
  5.6221525e-06
  2.9698610e-06
  1.5148521e-05
 -9.4650013e-06
  3.8962908e-06
  5.1738657e-06
 -2.0027928e-05
  2.6851303e-06
  1.5350919e-05
 -8.2559400e-06
  2.5925860e-05
 -3.6640693e-06
  7.2046707e-05
 -1.4874669e-05
 -3.8872181e-06
  1.9473160e-05
 -3.1285640e-06
  1.6202557e-05
 -1.2879445e-05
  2.6009573e-05
 -1.8704583e-05
 -1.1656837e-05
 -1.6507752e-06
  1.2522013e-05
  2.4733390e-06
  4.3142627e-06
 -1.4318683e-05
 -2.6357005e-05
 -2.2009193e-05
 -6.2626043e-07
 -6.0080570e-06
  7.6619157e-04
 -7.6117396e-07
  1.4974605e-05
  3.7155888e-07
  3.6924305e-07
 -8.5993537e-07
  8.3907551e-08
 -5.0002463e-06
 -6.2881468e-06
 -1.3777451e-04
 -2.9451268e-05
  4.0892678e-06
  6.4239130e-06
 -6.1536775e-06
 -1.4569853e-05
  3.2210111e-05
  2.4779960e-05
 -1.1047439e-05
  1.1057164e-05
  2.5047899e-05
 -1.3858093e-05
  6.3315806e-06
 -7.4172436e-07
  4.4576286e-06
  3.8333937e-06
 -4.4300050e-05
  2.3141867e-05
 -9.2644456e-07
  6.0281474e-07
 -1.3986234e-05
  6.5254376e-06
  1.5216273e-05
  3.3110070e-06
  2.9236376e-06
 -1.1751888e-06
  5.9152721e-06
  2.4108149e-06
 -7.4066343e-06
 -9.6036285e-07
 -1.6118684e-05
  2.9150823e-07
  1.9021300e-03
  5.4702122e-07
  7.3669499e-01
 -1.7293260e+00
  3.5151798e-01
 -1.3121430e-04
  8.6559943e-04
 -1.5155988e-05
  5.4234333e-06
  7.2208881e-02
 -7.2691400e-05
  4.9835191e-05
  8.1192877e-05
 -1.7325807e-05
 -1.7477030e-05
 -2.6842877e-06
 -6.1114563e-04
  7.1051734e-05
  5.8019253e-07
  1.4686064e-01
 -6.4792853e-06
  3.1471602e-04
  5.7508711e-05
 -1.0606628e-05
  3.6667714e-06
 -2.6844311e-06
 -1.7152166e-06
 -1.0450951e-04
 -6.3678812e-07
  2.1136711e-06
 -1.6350672e-04
  1.9866579e-06
  7.3622600e-06
 -2.7976296e-04
 -4.7997469e-06
  9.5777332e-06
 -6.4092893e-03
  7.1800087e-06
  3.9531146e-06
  1.6422232e-06
 -7.9503116e-06
 -1.0444348e-06
  2.4466960e-06
  1.2669625e-06
 -3.8675462e-06
  2.2215132e-05
 -6.3071425e-06
 -1.5891288e-05
  4.4656167e-06
  3.8290468e-06
 -1.3909213e-05
 -1.8812538e-06
 -6.7445885e-06
 -9.5779251e-06
 -2.8997059e-05
  7.6879542e-07
  9.0670596e-07
 -2.9633491e-06
 -6.0206482e-08
 -8.2058228e-05
 -1.7718946e-04
 -3.7340330e-06
  1.3038171e-04
  5.9057144e-05
  3.1337222e-05
  1.0387750e-05
  3.7937082e-06
  3.4484799e-06
 -8.3939376e-06
  1.1054049e-01
  5.1452214e-04
 -2.8749946e-05
 -1.7557904e-05
 -1.0312246e-05
 -5.1513193e-06
 -1.2695894e-04
 -1.4525056e-05
 -1.0761514e-05
 -2.3969231e-05
 -6.4003948e-06
 -9.6818105e-05
  4.9617965e-06
  1.1748190e-05
 -1.6293154e-05
 -6.0885382e-06
 -1.4090876e-06
 -1.5786578e-07
  7.2302032e-07
  8.1998894e-07
  1.4389138e-05
  6.4126991e-02
  5.6065892e-06
  3.7247578e-06
  4.4131877e-05
 -4.5865982e-05
 -6.4550086e-06
 -5.7707134e-06
  1.1280222e-05
 -2.9198259e-06
 -4.4051492e-05
 -2.9723157e-07
  2.1433186e-04
 -5.8764704e-06
 -1.1451962e-05
 -3.8382215e-05
  9.0162013e-07
 -9.6273898e-06
 -6.3621151e-08
  9.5928599e-06
  3.8691444e-04
 -5.2430028e-06
 -3.6973644e-05
 -4.3955042e-06
  8.6506567e-05
 -2.8949232e-06
  8.5770589e-06
  3.8370704e-06
  7.6029421e-05
 -1.0383782e-06
  3.5253872e-06
  8.2800978e-01
  8.7326400e-02
  1.7622843e-06
 -2.5549917e-02
  9.9722740e-07
 -7.4785171e-06
  4.9307670e-02
 -4.8018461e-01
  6.6429369e-02
  1.1568705e+00
 -2.1060664e-06
 -5.5670876e-06
 -1.6648910e-06
 -1.5425669e-05
 -1.1749838e-01
 -8.6242544e-06
 -6.4747851e-06
  4.2575973e-01
  4.4648757e-04
 -1.4900935e-01
 -1.7372376e-04
 -1.4282414e-05
 -1.7078692e-01
 -4.9955094e-01
 -2.3974520e-05
 -2.8922257e-06
  6.6341639e-01
 -5.2627468e-01
 -1.0970587e-02
  6.0045880e-01
 -4.6252054e-01
  1.2061555e+00
 -8.8089664e-06
  1.2983890e+00
 -3.3645058e-05
  1.8202916e-05
 -1.6412593e+00
 -2.5658889e+00
  1.4752287e+00
  1.2962577e+00
 -6.0970683e-06
 -1.7704213e-05
  7.1683980e-06
  5.8442179e-02
  2.8167567e+00
 -1.5625046e-05
  1.8210191e-06
  7.0289952e-01
  1.4574641e-04
 -3.1652219e+00
 -1.2959079e-04
 -1.6584161e-05
 -2.3979168e-05
 -7.3373830e-01
  2.2050713e-06
  4.5362427e-05
  1.2506559e+00
 -4.9719664e-01
 -4.6731189e-01
  8.1104696e-01
  3.1364740e-05
  1.5452346e-05
 -2.0347725e-06
  1.1477749e-05
 -6.2668347e-01
 -2.7149269e-06
 -1.0341127e-05
  2.3420243e-06
 -1.1498294e-05
  2.2305046e-06
 -1.0897053e-05
 -1.6164318e-05
 -9.7899701e-06
 -1.8096462e-05
  4.6614932e-05
 -1.2810648e-05
  2.1903954e-06
  1.0722724e-06
  1.0692304e-06
 -1.8609387e-06
 -7.6480046e-06
  6.1577621e-06
 -4.2568049e-06
  1.1079747e-04
  1.5939856e-06
 -3.7460857e-05
  1.0926058e-05
  9.1388465e-06
 -2.7596946e-06
 -2.6535055e-05
 -1.8326947e-01
  1.7499331e+00
  2.2640736e+00
 -5.3739657e+00
  2.5500879e+00
  3.2970876e-02
 -1.2872741e-02
  2.8266100e-02
 -1.5377975e-01
 -1.8470360e-01
 -2.4466828e-01
  1.1146033e-01
  1.0115833e+00
  6.6380757e-01
  4.6476289e-05
 -1.3041280e-01
 -3.8985832e-04
 -3.6301419e-01
  9.3731254e-02
 -1.8092830e-01
  6.1950076e-02
  1.1995438e-05
 -2.8941133e-03
  6.1729748e-04
  1.7648640e-01
  1.6940701e-04
 -6.1496772e-05
 -1.2044733e-04
  7.5714383e-04
  3.0628665e-04
  1.2881564e+00
 -7.7363884e-01
  9.2070058e-02
 -4.6832073e-01
 -5.6944777e-05
 -3.5289726e-01
  3.8972441e-05
  2.3260187e-01
  4.3497785e-06
 -6.8284194e-06
  6.5479703e-06
 -7.8261974e-06
 -7.5077091e-04
  8.3319014e-07
  1.0522941e-06
  3.9144247e-06
 -1.0064435e-01
  3.9115193e-01
  7.9037048e-02
 -2.9362413e-01
  1.1731845e-03
  4.9854893e-06
  8.0557702e-06
  4.3556438e-06
 -2.3619618e-02
  1.5104311e-05
  1.7535291e-05
 -1.0694403e-05
  1.5836816e-04
  2.9001967e-05
 -7.1072773e-06
  1.0954545e-01
 -2.3840601e-05
  2.9937478e-04
 -9.4296392e-06
 -3.4654247e-05
  5.7423784e-07
 -2.4475391e-06
  5.8742127e-05
  1.9231829e-06
 -4.9989840e-06
  1.9061481e-06
  4.0211660e-07
  4.1139519e-04
 -7.9748624e-08
  4.4142325e-05
 -3.3979099e-06
 -1.1094510e-02
  1.3207185e-06
 -4.4895707e-05
 -2.7217020e-06
 -1.3885200e-06
  7.2014319e-07
  2.8820324e-01
  2.8632985e-02
  1.1428851e-06
 -2.9076642e-05
 -1.6083334e-06
 -5.4493898e-06
  5.4452063e-05
 -7.0204746e-06
 -6.4283597e-01
 -1.3013372e-04
 -7.5193197e-02
  2.0130692e-01
 -2.0889193e-01
  3.1868042e-06
  3.6353447e-02
  8.9538835e-06
  8.5316674e-04
 -1.0220141e-04
 -2.7822283e-05
 -4.1781258e-04
  4.4297935e-06
 -9.8381170e-05
  8.5669810e-05
 -3.9417628e-04
  5.3436193e-04
  1.0774705e+00
  2.4738397e-02
 -5.2337145e-05
  1.5481843e-06
 -9.5880054e-02
 -1.2698163e-01
 -2.2751795e-01
  1.3193239e-04
 -4.0107163e-05
 -3.6256843e-05
 -1.9440868e-05
 -8.4794237e-06
  4.7238430e-04
  2.3181338e+00
 -1.6416898e-01
 -3.3179703e-01
  3.2823002e-01
 -3.3636010e-01
  1.9558163e-02
 -9.1865920e-03
 -2.3957754e-03
  5.9695119e-01
  4.7995949e-01
  7.7423103e-02
  7.4150398e-02
 -2.4448251e-04
  5.4348558e-01
  2.4128191e-01
  2.5790787e-01
 -3.8080680e-01
 -3.6471561e-01
  5.0276303e-01
 -8.1595160e-02
 -1.6906455e-05
  1.0000014e+00
 -8.8492651e-03
  9.1628778e-01
 -8.4203666e-06
  1.5996347e-06
  5.5807677e-06
 -1.9453551e-05
 -4.9211990e-06
  8.7413837e-06
  1.0450604e-05
  5.2533651e-06
 -1.9566000e-06
  6.7009911e-05
  1.5378648e-05
  6.3593416e-07
 -1.2131050e-05
  2.2768706e-06
  9.2568644e-06
  1.8298313e-06
  5.0161822e-07
  1.3320519e-05
 -2.2681552e-05
 -5.8911532e-08
 -2.9053652e-07
  1.0698434e-06
 -1.8179408e-05
 -7.2294156e-06
 -5.4385619e-06
 -6.2148570e-07
 -4.2305946e-05
  6.0117500e-06
  1.8490406e-06
 -1.0146199e-05
  2.1045109e-06
 -6.1900332e-06
 -1.2180462e-05
  2.0018801e-06
  5.9447884e-06
  1.2078561e+00
 -1.1276125e+00
  6.1062735e-01
 -7.6961631e-01
  7.8689140e-01
 -7.8931479e-03
 -6.7956820e-03
  1.0831419e-01
 -3.5791534e-01
 -7.5498813e-01
 -6.9078040e-01
 -1.8782199e-05
 -1.8807451e-01
 -6.1233904e-02
 -2.0917861e-01
 -6.3766754e-01
 -2.8967220e-01
 -1.1251017e+00
 -2.3951311e-02
 -3.2166323e-01
  4.4175914e-01
  1.8907911e-05
 -4.4223827e-01
  1.6820404e-03
  4.9219467e-02
  7.3742531e-06
 -2.4931635e-06
 -3.2280752e-06
  3.3475724e-06
  2.8322573e-05
 -1.6554660e-06
 -2.4690453e-06
 -3.0536037e-06
  8.1229855e-06
 -5.1287834e-06
  2.9985227e-05
  4.4683397e-06
  1.1796783e-05
  6.7774602e-07
 -7.7713679e-07
  2.7651754e-07
  1.9630370e-06
 -3.4404584e-06
 -3.5135457e-05
 -8.7267642e-07
  1.7376924e-06
 -4.1091444e-05
  6.6068147e-05
 -1.6199991e-05
 -1.2159529e-05
  6.2169929e-06
 -3.8126086e-06
  8.9463656e-06
 -3.9428213e-07
  2.2621221e-06
 -1.3781305e-06
 -6.0450079e-06
  4.8903303e-06
  5.2183161e-05
  1.3702155e-06
 -1.2848167e-05
  1.7589340e-05
 -7.7470531e-06
 -5.7774778e-06
  1.4733348e-06
 -8.1753469e-06
  5.2441355e-06
  8.0992635e-07
 -1.2411102e-06
 -4.1937833e-06
 -3.5642236e-06
 -1.9611609e-07
 -9.5887833e-07
  4.9796954e-06
 -2.2427973e-06
  1.1623917e-05
 -2.3796028e-06
  7.2260950e-06
 -2.5346621e-06
  7.6737742e-06
  1.1746471e-07
  2.1037486e-05
  9.4935183e-07
  1.3707797e-05
 -2.2792845e-05
 -7.9008430e-07
  1.2694292e-04
  8.1929329e-07
  5.5686246e-06
 -3.2576094e-07
 -8.3242136e-01
  2.6851990e+00
  5.8048266e-01
  1.0025968e-05
 -3.7890159e-02
  5.0941771e-01
  5.5666998e-02
 -3.0206311e-03
 -4.7840875e-01
 -2.5693853e-03
 -1.4218695e-06
  8.2209717e-06
  2.5654360e-04
 -2.4190245e-05
 -1.7032136e-05
  7.6887420e-07
  2.7814668e-01
  3.0408680e-01
  4.8580547e-04
  7.4620014e-01
 -1.7330931e-05
  1.4651108e-06
  6.5854472e-01
 -7.0352781e-01
  1.6231680e-01
 -9.4866982e-06
 -1.1129838e-04
  2.4314934e-06
 -4.0510249e-06
 -6.4638662e-06
 -1.7643099e-05
  5.4966272e-06
  2.9353546e-07
  1.4535799e-06
 -7.4297168e-06
 -2.7615483e-06
 -5.1465213e-05
 -1.5384176e-05
  3.1195345e-06
 -3.7893657e-05
  1.3911119e-06
  2.4621231e-05
  2.3582381e-06
  2.3514907e-05
  8.7904809e-06
 -3.7184982e-06
 -1.3564015e-05
  7.2609678e-06
  3.4095146e-06
  6.2653421e-06
  3.0496462e-06
  9.9320014e-06
  6.3440548e-06
  3.9825321e-05
  5.7067082e-06
 -1.1003876e-05
  2.5126197e-05
  5.1098332e-06
  2.7266969e-06
  2.2149588e-05
  1.8822582e-05
 -6.4927985e-06
  1.1841109e-06
 -2.3158564e-05
 -3.6672227e-06
  7.7810028e-06
 -3.5810681e-05
 -5.0328081e-06
  1.1580662e-05
  7.6187512e-06
  1.0180423e-06
 -2.0120160e-05
 -1.0391054e-05
 -1.3930959e-05
 -8.1851213e-06
 -1.3444924e-06
 -2.0808349e-05
 -3.6011811e-06
 -5.0216418e-06
 -1.0178171e-06
 -2.0355019e-06
 -8.8997313e-06
  1.0789540e-06
  4.2847773e-06
  3.7903523e-05
 -3.0950909e-05
 -1.3347977e-04
  3.3541667e-06
  1.0066192e-05
 -1.2087524e-05
 -7.4831037e-06
  3.4565289e-06
 -1.1670075e-05
  7.5037977e-05
 -1.1912239e-05
  1.9315741e-05
 -1.1386487e-05
  1.0324267e-05
 -3.4562513e-06
 -8.8933875e-06
  6.2806025e-06
  6.9846209e-08
 -1.9197991e-05
  7.8174298e-06
  3.1865740e-05
  9.2499777e-06
 -2.9335235e-05
 -6.3998914e-07
 -7.1943841e-06
 -7.1467571e-06
  1.6467680e-05
 -1.1188043e-05
 -1.5929822e-06
  1.4416943e-05
  5.3577314e-06
  5.2270532e-04
  1.0038769e-05
 -7.7604585e-07
  4.7060698e-06
  2.9554042e-06
  4.8266259e-01
 -8.8380992e-02
 -1.3144823e-02
 -6.7534587e-05
 -5.1941413e-02
  7.2879760e-05
 -4.7202166e-06
  1.3748747e-05
 -2.3120346e-04
  1.5672360e-05
 -4.1311764e-06
 -1.2251462e-05
 -2.1260839e-06
  2.2339341e-06
 -4.4694452e-06
 -5.3189103e-07
 -4.0699913e-05
  1.3330883e-04
 -3.8072252e-05
 -3.1543830e-06
  7.6791548e-06
  2.4814765e-06
 -5.6664696e-05
  1.0245762e-05
 -1.6526358e-04
 -1.9625139e-05
 -6.1909673e-06
  1.3223324e-05
  9.8147029e-06
  2.4379562e-05
  9.3643082e-04
 -1.8989600e-06
 -1.0730801e-05
  6.1342621e-07
  3.1601932e-05
  1.0411516e-04
 -2.3788822e-05
 -9.9285508e-08
 -4.0929599e-06
 -1.2006205e-05
 -2.5755322e-05
 -1.1096946e-04
  2.4277366e-05
  5.7921261e-05
 -2.5507563e-06
  1.5873919e-06
 -1.2508398e-05
  7.1813033e-06
 -7.4654390e-06
  1.5376374e-05
 -7.2721436e-06
  1.0352607e-05
 -2.7351862e-06
  3.6542731e-06
 -5.9892989e-07
 -3.9131291e-06
  4.9927226e-06
 -2.3931160e-04
  8.8539809e-06
 -1.4668825e-05
  4.9803433e-01
 -1.6838430e+00
 -3.3376526e-02
  5.3242403e-01
 -6.0924757e-01
 -3.4162974e-01
  1.0684565e-01
 -2.4190609e-01
 -7.1082748e-02
 -1.3515714e-01
 -7.2832346e-01
 -7.4411204e-05
 -1.0876918e-04
 -5.9737181e-06
 -4.7308022e-01
 -1.6953543e-02
 -1.8071550e-01
  2.7115068e-01
  1.2030289e+00
 -1.1316356e-01
  1.2030347e-01
  1.0562956e-05
 -5.9393447e-02
  7.2843791e-04
 -3.2324132e-01
  7.4839569e-05
  3.6554143e-06
 -3.8123420e-05
  2.9155579e-03
  3.7294271e-04
 -6.7690635e-05
  4.1808871e-06
 -2.3981970e-06
  8.0133677e-06
  8.8705037e-06
  2.4504238e-06
 -1.3326415e-05
  1.0748081e-05
 -1.5744641e-05
  1.5506574e-05
 -1.2764310e-04
 -1.2616296e-05
  1.8618481e-05
 -6.7904321e-06
  1.0252159e-05
 -1.3814306e-04
  8.2380348e-07
  7.6950710e-06
  1.5660544e-05
  1.6731849e-05
  6.2225045e-06
  2.6303569e-05
  1.3644175e-06
 -1.3739409e-04
 -3.2652089e-05
 -1.6543443e-05
  3.0162396e-06
  8.9929345e-06
  7.5300835e-05
 -1.4419408e-05
 -1.1818006e-06
 -1.4185370e-06
  1.9855992e-05
  6.8065660e-06
 -3.4039913e-05
 -7.2647650e-05
  1.0955528e-06
 -1.1219036e-05
  6.9525049e-06
 -2.0187683e-05
 -2.3215341e-06
 -3.4847959e-05
  2.1598064e-05
 -7.6888728e-06
  1.6396483e-05
  1.1319750e-05
  1.4750777e-05
  8.8765233e-07
  6.6751963e-06
 -1.1966130e-05
  4.5330612e-06
 -3.3957203e-05
  9.1297788e-06
 -5.7968964e-06
  1.7566909e-07
  8.1708022e-06
 -3.0479200e-06
 -8.3272880e-06
  1.8552155e-05
 -3.7910280e-07
  3.7181784e-05
 -4.3910236e-06
 -4.9411651e-02
 -1.3720849e-06
  1.5199114e-05
  2.4931374e-05
  7.2731773e-06
 -3.9492606e-06
  6.1646060e-05
 -2.4781723e-06
  7.8508368e-05
 -2.5317577e-05
 -3.1441887e-05
 -8.7142007e-07
  6.1265661e-07
  2.6815446e-04
  4.1648022e-05
 -1.1344262e-05
 -8.1490462e-06
 -5.3855973e-05
 -5.5552391e-06
  3.1692457e-06
  4.2989236e-04
  1.5662121e-05
 -1.6171604e-06
  8.2129600e-06
  1.0150101e-04
 -1.7168453e-05
 -1.0385679e-04
 -4.5548018e-06
  1.3617396e-05
  1.8380506e-05
 -2.7645090e-05
 -3.9609054e-06
 -6.4999688e-07
  1.2387450e-05
 -1.2500886e-05
 -2.1635447e-05
 -1.9480114e-05
  1.0465262e-05
 -1.9960980e-05
  1.3349430e-06
 -2.7944920e-06
 -1.0194147e-05
 -6.6576729e-05
 -2.5177709e-05
  6.6298591e-05
  8.1583803e-06
 -8.9461420e-05
  5.7251341e-06
 -2.9557996e-06
  3.5462625e-05
 -1.5883346e-05
 -1.7399076e-05
 -9.0122310e-05
 -6.1226583e-06
 -6.2394420e-06
  3.5302701e-06
 -2.1282136e-05
 -9.9373165e-07
 -1.0019346e-01
  4.0481672e-01
  1.7974065e-05
 -5.5625251e-06
 -2.6958856e-01
 -3.6180165e-06
  7.7953009e-04
  3.0062256e-06
  1.3963565e-05
  3.0144774e-06
 -3.7521520e-05
  4.1688552e-05
  1.2343290e-04
 -8.6799291e-06
  3.9445322e-06
 -3.6879159e-05
  1.3292667e-05
 -9.3581247e-07
 -1.1924655e-05
 -1.5337064e-05
 -9.2139471e-06
  2.0873011e-04
  2.0258796e-05
  3.4689087e-06
  4.2524152e-05
  2.5157563e-06
 -1.1850232e-05
 -5.9516428e-06
 -2.3173307e-06
  1.5653437e-05
  4.6912351e-06
  6.0347120e-06
  3.1394266e-06
 -4.5715324e-06
 -7.0806004e-06
  1.3444640e-05
 -3.3074572e-05
 -6.3970751e-06
  2.7678342e-04
  7.8003604e-06
 -3.4002278e-06
  2.7780789e-06
 -1.9829506e-05
  8.5733063e-06
  1.6007080e-07
 -1.1963180e-05
 -1.5688411e-05
 -8.2885608e-06
 -8.9374225e-06
  1.8108050e-05
  2.9146343e-06
  1.1224101e-05
 -1.0404301e-05
 -2.2763425e-05
  2.1853029e-06
 -5.6316883e-05
  2.3072710e-06
 -7.9439824e-06
 -3.7688391e-05
  1.5816851e-05
 -1.2180531e-05
 -3.7790189e-05
 -1.0057608e-05
  3.4201988e-05
  1.8245296e-04
 -1.9274141e-06
 -1.1997749e-05
 -6.2764570e-06
  3.4680752e-06
 -3.3906019e-06
  3.6904228e-05
  3.1721131e-06
  4.8172329e-05
 -2.7862322e-06
  1.1764115e-05
 -6.3899906e-06
 -2.3116278e-05
 -1.4811033e-05
  4.5169118e-06
 -2.1547532e-05
  8.8061042e-06
 -3.7581649e-05
 -2.7760488e-04
 -2.4552608e-06
 -3.9405269e-05
  1.0491159e-05
 -1.0880631e-05
 -3.8342228e-06
 -1.5076557e-04
 -2.3977051e-05
  6.4393289e-02
 -1.0005267e+00
 -4.3508032e-04
 -7.0463360e-04
 -8.2037342e-01
 -6.0885365e-04
 -3.3319011e-05
  2.8092441e-01
  1.0355044e-05
  4.8659125e-04
 -1.2053431e-04
 -3.8565038e-05
 -1.5030534e-04
 -1.9580633e-05
  3.3666885e-05
 -1.2095129e-05
 -4.6706688e-02
 -3.6331996e-01
 -9.1269654e-01
 -2.9674800e-02
  5.5998030e-06
 -4.1406206e-06
 -3.9218774e-01
 -1.5177642e-04
 -3.6823079e-01
 -2.7764429e-06
 -2.0785992e-05
 -1.9756669e-06
  8.2718425e-06
  1.0958494e-05
  3.3097419e-06
 -4.1303745e-05
 -1.3306752e-06
 -2.2653407e-05
 -1.5623425e-05
 -2.3271257e-06
 -2.4164424e-06
 -5.3013082e-05
  1.2922344e-05
  7.1796321e-04
 -2.7122756e-05
  1.5176699e-05
 -6.2640356e-06
 -1.1262561e-05
  1.2620177e-05
 -4.1867424e-05
 -1.2818408e-06
  1.2799104e-05
 -9.0682070e-06
  9.0010308e-06
 -2.0130105e-07
  6.7357655e-07
 -1.4787060e-05
 -4.6439254e-07
  9.6281330e-09
 -3.5980313e-06
 -9.4192081e-05
  1.8900894e-06
 -5.0718008e-06
 -6.6765879e-06
  2.4420212e-04
 -2.7269568e-06
 -8.7807284e-06
  1.2653178e-05
  2.5190882e-06
 -4.6144673e-06
 -1.2921291e-05
  2.4620069e-05
 -6.5293539e-06
 -5.6597419e-06
  2.2907134e-06
 -2.0952991e-06
  1.2712283e-05
 -7.1983163e-06
 -1.1872516e-05
  1.7612078e-07
  1.3118763e-04
 -1.2813133e-05
  5.9675811e-05
  2.0465923e-05
  9.8617966e-06
  2.2593582e-05
 -2.2501061e-05
 -5.1910160e-07
  8.3428158e-06
  1.0457267e-05
 -3.2743412e-06
 -1.7084614e-04
 -5.1753534e-05
  1.3155508e-06
  1.5737866e+00
 -1.7657131e+00
  3.4952649e-01
  9.3187404e-01
 -8.7163337e-02
  3.2802409e-01
 -4.0031601e-02
  3.8106498e-01
 -1.8888961e-03
  5.2795805e-02
 -7.0974624e-01
  1.0887747e-05
 -5.3789884e-01
 -1.6147837e-01
 -9.4706470e-01
 -5.1576537e-03
 -5.6335843e-01
  2.5166120e-04
  1.3336099e-02
 -5.6556508e-02
  2.7026635e-01
  2.8272207e-06
 -9.9577856e-01
 -1.3507640e-02
 -6.9197856e-02
  1.6413134e-04
 -2.7976630e-06
 -4.8568185e-05
  1.2756417e-06
  4.5454441e-04
  9.5130658e-01
  3.3932953e+00
  9.3216068e-01
 -2.8679156e+00
  3.6506884e+00
 -2.6579738e-01
 -4.5157498e-04
  1.2291020e+00
 -1.7104763e-01
 -4.6899977e-01
 -6.4675176e-01
  1.8322141e-03
 -3.8928744e-01
  4.7412592e-01
 -3.0212384e-01
 -3.5780206e-01
 -2.0664304e-02
  7.3682117e-01
  1.5868932e-01
  3.3653882e-01
 -1.0997926e+00
 -3.0319701e-05
 -2.3629759e-02
  1.9156076e+00
 -9.0559907e-02
  7.0227124e-02
  2.5478657e-06
 -8.8528417e-05
  3.8031393e-01
  2.1288724e-01
  1.2716463e-06
  7.6894357e-06
  3.0979209e-05
 -2.0375992e-07
  7.4666796e-06
  1.2691230e-05
  1.0750321e-05
 -1.1692863e-06
  8.3248115e-06
 -1.4149465e-05
 -2.7169908e-05
 -2.7044675e-06
 -2.1592691e-04
 -4.9873154e-07
  4.1920780e-06
 -2.3121102e-06
  1.2937363e-05
 -9.7707753e-06
  5.9125573e-06
  2.4288502e-05
 -1.1132303e-05
  1.5082339e-05
 -3.9714864e-06
  8.8115230e-06
  9.0792300e-06
 -2.5500822e-06
  3.5633088e-06
 -2.4555960e-05
  1.1081243e-06
 -1.9896297e-05
  4.1640383e-06
 -2.5233779e-02
  2.3573598e-01
 -9.3816382e-01
  3.3554992e-01
  5.6805557e-01
 -6.7513269e-05
  6.4394766e-01
 -3.8812998e-01
 -1.1474118e-05
  6.2986368e-01
  6.4278656e-06
  4.0685832e-06
 -9.9182671e-07
  2.2724190e-01
  1.3000887e-05
 -3.6374521e-01
  2.4058940e-05
  2.4143143e-05
 -5.5662280e-01
  6.3263840e-05
 -1.2755648e-06
 -5.3702865e-05
 -5.3213339e-06
 -2.1069248e-01
 -2.2416831e-04
 -6.4094124e-06
 -2.7111343e-01
 -3.2373539e-01
 -1.4077798e-06
 -5.6216077e-06
 -3.0697386e+00
 -1.3293172e+00
  1.0255647e+00
 -1.0311195e+00
  2.0259306e+00
  4.6269395e-07
 -2.0136385e+00
  2.1693938e-06
 -1.0867718e-05
  1.5484844e+00
  1.4803149e-05
 -1.9559583e-07
  1.8738334e-06
 -5.0199562e-01
 -2.2633335e-02
 -2.2956436e+00
 -3.6811607e-06
 -4.7574845e-06
  6.7137825e-01
 -3.7883910e-05
 -7.2382045e-06
  1.4523918e-05
  4.2061210e-06
 -1.1532483e+00
  6.3204119e-05
  2.7962058e-05
 -3.1523452e+00
 -3.5245626e+00
 -1.5581511e-05
 -3.6215159e-05
 -6.4262176e-01
 -3.7633665e-02
  1.0196110e-04
  9.6727651e-01
  1.2074403e-04
 -8.5103839e-06
  1.3891715e-01
 -4.6850879e-02
 -1.7484780e-01
  6.2800564e-07
 -5.4342323e-04
  1.2885987e-06
 -8.0192852e-01
 -1.0907499e-01
 -4.3880345e-06
  4.9305963e-03
 -7.6987992e-05
  1.2237172e+00
 -5.8435729e-05
 -2.0280631e-05
 -4.8146747e-05
  7.7405383e-07
 -8.4608706e-04
  9.8926168e-05
 -1.1494227e-06
  9.1488924e-05
  1.8210193e-06
 -2.5814543e-05
  1.0484640e-04
 -1.5047120e-05
  1.4859896e-05
 -1.7918022e-05
  5.0601862e-05
 -3.3666027e-05
 -6.6013122e-06
 -1.5866872e-05
  7.4077197e-06
  2.6003980e-05
 -8.0388027e-06
 -3.9807936e-05
  4.0170002e-05
 -3.4196411e-05
 -1.2772244e-05
 -7.7560094e-07
 -1.6229284e-05
  2.8161610e-06
 -2.6351558e-05
  1.6264399e-05
  1.6489961e-05
  2.6389991e-05
  4.6134751e-06
 -2.1606714e-04
  2.3076109e-05
 -4.9330483e-06
 -7.9403026e-06
 -1.7994063e-05
 -2.4581261e-04
  2.2577919e-05
  9.6162366e-06
  9.5959031e-06
  1.0874608e-04
  1.8063624e-04
  1.7825137e-06
  4.4650474e-06
 -2.5388223e-01
 -1.7051277e-01
 -1.2354225e-02
 -9.6659249e-05
 -2.2891147e-05
 -1.2730027e-02
  9.8458922e-06
 -6.3672000e-05
  3.3263635e-02
  3.7143954e-07
 -3.7084534e-05
  3.0630421e-05
 -1.8865385e-05
 -8.5544580e-06
  1.3081155e-05
  1.7080604e-04
  7.0994715e-06
 -5.0371022e-05
 -6.4382368e-07
  4.2717878e-04
  8.3243052e-05
  4.9373875e-07
 -1.4710357e-05
 -6.9471811e-05
  2.6456637e-05
 -2.6379635e-06
  6.7909062e-01
  5.1020664e-01
 -2.8378439e-01
 -2.3589936e-01
 -3.5410944e-01
 -2.2812730e-01
 -4.9454713e-04
  3.8817439e-02
  1.1239572e+00
  5.3069428e-02
  9.2791215e-06
 -1.2545421e-04
  7.6354909e-01
  1.0346763e+00
 -7.1553943e-05
  2.6410111e-04
 -2.2274586e-04
 -1.4860444e-01
  1.0030276e+00
 -2.1659243e-06
  8.2670960e-07
  5.7863338e-07
  3.1233615e-06
  4.8101410e-02
  1.9172165e-01
 -4.4791616e-07
  2.0526478e-04
 -1.3222492e-06
  2.9770723e-01
 -4.2060611e-01
  4.0905631e-01
 -5.0918188e-05
  5.8371407e-01
  5.5440958e-04
 -4.2570105e-01
  8.2446504e-01
  2.1838605e-01
  6.8955731e-01
 -1.0759505e+00
 -5.1819462e-01
  2.2900872e-01
 -3.1656748e-06
  3.3011004e-01
 -6.1909977e-06
 -3.1963931e-04
 -1.2785844e-04
  7.2240713e-03
 -5.4639179e-01
  3.3296832e-01
 -1.6568883e-05
 -4.0908162e-07
  2.6368234e-05
 -8.1858298e-06
 -2.7101960e-03
  6.5619770e-06
 -1.2155387e-01
 -1.2354400e-05
  3.8307782e-05
 -3.9375838e-04
  3.8420647e-05
 -2.8080353e-06
 -2.9636781e-06
 -6.2611425e-06
  3.2008553e-05
  9.4168208e-05
 -3.2244145e-05
 -4.7080823e-05
  9.3761637e-06
 -1.9656700e-05
  1.4279163e-05
  8.3432593e-07
 -1.4890928e-06
  2.2524209e-05
 -1.5136617e-05
 -1.6633412e-05
  3.6594778e-05
  1.1063662e-05
 -7.4792761e-06
 -1.9265194e-06
  6.5749293e-07
 -2.5850115e-05
 -1.0998512e-05
 -1.6283467e-06
 -3.1045372e-06
 -6.1748997e-06
 -1.6607328e-05
  1.8483075e-05
 -1.0480212e-04
  9.6749036e-06
 -4.6402594e-01
 -3.5018948e-01
 -1.6617234e-05
 -4.3346540e-06
  2.6608247e-01
  1.6394922e-01
 -6.9835228e-01
 -6.4609152e-01
  6.7138851e-01
  3.9735023e-02
  7.6351760e-05
 -1.1105541e-06
 -1.5562157e-06
 -3.0201251e-02
 -1.0843268e-02
 -3.8595863e-06
  1.7414604e-06
  2.0066567e-04
 -1.8625480e-01
  8.5951779e-06
 -8.8550842e-05
 -2.7291128e-06
  2.7231587e-05
 -2.5152127e-05
  5.2508190e-06
  5.3947961e-06
 -1.2688580e-05
  1.3171542e-04
  2.0208643e-05
 -2.0839007e-05
  2.3502588e+00
  6.1730587e-01
 -6.4467669e-01
 -1.7595968e+00
  3.6198182e+00
 -4.0662870e-01
 -8.3588757e-02
 -5.5351291e-02
  3.6772645e-01
  2.1615666e-01
  2.0020109e-01
  4.3122432e-01
 -2.7236965e-01
  9.2571902e-01
  6.6061801e-01
  2.5583425e-01
 -3.1627927e+00
 -5.0913680e-01
  3.3979174e-01
  3.6638391e-01
  3.0273420e-01
 -5.1552328e-05
  3.6845881e-01
  9.3081516e-01
  3.4116762e-04
 -1.0240324e-05
 -6.5389946e-02
 -2.2369571e-01
 -8.3338016e-01
  2.2652891e-06
 -4.6253848e-01
 -1.4033625e+00
 -5.3177631e-01
  1.0642848e+00
 -5.7314318e-02
 -6.0386527e-03
 -2.5398307e-02
 -4.6748158e-02
  1.3555773e+00
 -4.0953782e-01
 -5.0990349e-01
  2.3401225e+00
 -3.7068197e-01
  4.1054276e-01
 -3.6874148e-01
  4.0096026e-02
 -4.9285969e-01
 -2.1091960e-01
  6.7324638e-02
 -6.6412401e-01
 -1.7939726e+00
  4.7987559e-01
 -1.3488990e+00
 -1.3614548e+00
 -1.1347268e+00
 -2.0828100e-05
 -4.0108016e-01
  1.5332942e-02
 -8.8700294e-01
  3.9386851e-01
  1.1856604e+00
  1.7229076e-02
  1.5146079e-02
  1.4096305e+00
  1.2843950e+00
 -6.3423193e-01
  3.0360925e-01
  2.4774328e-01
 -4.0771315e-01
  2.9608652e-02
 -4.9510282e-02
  1.0736721e+00
  3.1054908e-01
 -1.2835457e+00
  1.9958995e-01
 -1.8333514e-01
  6.2509000e-01
 -7.8825735e-02
 -7.9053569e-01
  9.2333186e-01
  1.4225492e-01
 -3.4360051e-01
  1.1426223e-02
  1.3950433e-01
  8.7114203e-01
 -2.9586365e-05
  5.7713300e-01
 -8.7341964e-02
  9.0924263e-02
  3.6360991e-06
  1.0464477e-04
 -2.2984063e-06
  4.7630324e-06
 -6.6171742e-05
 -7.4776731e-06
  5.9390313e-06
 -5.6426645e-05
 -5.9679246e-06
 -1.2073394e-05
  2.8190856e-05
 -8.6032793e-05
  7.8785088e-06
 -3.6900885e-05
 -3.5962610e-06
 -1.3188051e-05
  1.8191207e-03
  5.7495240e-06
 -5.4866400e-06
 -4.5238753e-06
 -1.8498731e-06
  2.3427727e-05
  5.0914701e-07
  4.1093249e-06
  7.2873581e-06
  5.9450640e-06
  2.7764252e-05
  6.0743882e-06
  1.0006659e-06
 -7.2825396e-06
  2.1559164e-04
  1.1785756e-05
  1.5925057e-06
 -6.0581024e-06
  7.7136692e-06
  4.8568691e-06
 -1.6915394e-05
  5.8760583e-07
  7.5806609e-05
 -5.5054638e-06
 -5.8546806e-07
 -1.1766234e-05
  3.3177466e-07
  3.3594482e-05
  1.5851230e-05
 -4.3652464e-05
  4.5582551e-06
 -1.2057213e-06
  2.8190420e-06
 -2.6103042e-05
 -1.9821189e-06
 -2.2952792e-05
 -1.2914306e-06
  7.8107023e-06
  2.2638999e-06
  1.5742760e-05
  3.6012734e-05
  2.0903904e-06
  6.4016035e-06
  1.9715403e-06
 -2.1807944e-06
  8.6015396e-02
  9.0299904e-01
  2.1723505e-04
 -3.8233370e-01
  2.5142301e-05
 -3.3957611e-03
  4.9066035e-05
  3.5024481e-05
  1.7147251e-04
 -8.3770166e-05
 -7.6792389e-02
 -1.0336556e-04
  8.5908212e-02
 -3.9106598e-01
  1.7775017e-01
  2.6657925e-05
  3.2288084e-05
 -1.6545422e-03
  6.7924392e-01
  1.8081203e-04
 -1.9479346e-07
  7.3851283e-05
 -7.9214178e-06
 -1.6556382e-05
  1.0883253e-04
  1.1479028e-05
  1.6473026e-05
 -1.7870681e-05
 -6.6216926e-06
  2.6526481e-05
  2.4554799e-01
 -7.5069201e-01
  6.2580234e-01
  2.2865152e+00
  1.4231713e-01
  1.0594530e-01
  5.8817245e-02
 -9.4057274e-01
  7.8719801e-01
 -5.0301068e-02
  1.4615282e+00
  1.9451350e-01
 -7.7640432e-01
  1.6636934e+00
 -5.9175942e-02
 -3.4503371e-01
 -1.2357072e-01
  4.6943223e-01
  7.5438523e-01
 -1.3336740e+00
  4.8920768e-01
  6.9602065e-06
  1.7941567e-01
  5.3130306e-02
  2.9771325e-06
 -5.0729662e-01
  2.9167232e-01
 -6.7831630e-01
  2.9371126e-02
 -3.0931330e-01
 -4.3842673e-02
 -3.9646772e-01
 -7.6262182e-07
 -6.0413295e-01
  2.4816492e-01
 -4.5499516e-01
 -3.1694284e-01
  9.0376741e-01
  3.0122198e-02
  2.0772090e-02
  5.5874386e-03
 -1.1759789e-04
  3.3451403e-03
 -4.4313374e-01
  9.3275569e-03
  3.3384511e-01
  7.6097897e-03
 -1.7115874e-05
  1.5213447e+00
  8.5951787e-01
 -3.5972666e-06
 -5.0148682e-04
  9.5430849e-05
  3.1986535e-06
  1.0927684e-01
  2.6343893e-02
  1.2007257e-04
  1.0675322e-05
 -3.7542643e-04
  1.3365847e-02
 -2.4532979e-05
  3.9833930e-01
  8.1690408e-02
 -4.9484926e-01
 -1.7949206e-01
 -6.6168606e-05
 -3.0969374e-02
 -1.7364107e-02
  1.8311108e-05
  7.2786427e-01
  2.1168886e-01
 -3.1287127e-05
  8.5468764e-06
  5.3452432e-01
  1.0496095e+00
 -3.2897256e-07
  5.5740100e-05
 -6.9617578e-05
 -5.1325715e-01
  7.6582782e-02
 -2.1621870e-04
  2.7865030e-06
  1.3261997e-04
 -4.5473308e-07
  5.2457355e-05
  2.6856058e-05
  8.8411347e-05
 -9.0816275e-06
  3.4518125e-05
  1.0858672e-05
  7.6890494e-05
 -6.1722963e-06
  2.1079068e-05
  3.2499807e-05
  2.6746122e-06
  7.6728838e-06
  7.3045462e-06
 -3.1669890e-06
  8.8063416e-06
 -7.7274780e-07
 -1.4774071e-05
  1.6271292e-07
 -5.5668115e-05
 -1.4853688e-05
 -4.2619622e-06
  6.4686312e-05
 -3.5319856e-06
  1.2323437e-05
 -3.0973042e-05
  8.6234259e-06
  1.6110263e-05
 -4.6815667e-06
 -3.2371854e-06
 -3.6055255e-06
 -3.7601167e-05
  1.0489281e-05
  4.0518976e-06
  4.8521990e-05
 -4.3840679e-05
 -3.6762456e-05
 -6.3917237e-06
 -2.9854893e-05
 -5.2791442e-05
 -8.5257288e-06
  6.9569378e-06
 -2.8063705e-05
  2.9553272e-05
  4.6366430e-04
 -5.0258122e-06
 -2.3179700e-06
  1.2172129e-05
  2.4636316e-05
 -8.4864187e-06
 -8.2605684e-06
 -5.3729600e-06
  2.4118699e-05
  2.6822468e-05
  1.9644913e-06
  3.6263737e-06
  2.8017639e-06
  2.9658379e-06
 -1.2226851e-05
 -5.3045202e-05
 -2.3648932e-05
 -3.1836727e-05
 -1.8910068e-05
  6.5035143e-05
  1.5878026e-05
  1.4747045e-05
  6.3569851e-06
  3.4455606e-01
 -6.8274534e-01
 -9.7777170e-01
  2.7163333e-01
  6.7083591e-01
  1.7358153e-01
  1.8148951e-01
 -4.4893512e-01
 -1.7403679e+00
 -4.4769213e-02
 -9.4614290e-03
 -6.5552306e-01
  2.0804460e-05
 -1.4038320e+00
 -2.7576767e-02
 -6.2565404e-01
 -2.3486857e-05
 -4.9739147e-06
 -3.6389422e-01
 -8.6127239e-01
  4.7595490e-06
 -5.9118240e-05
 -1.0538918e-06
 -1.2996784e-02
 -1.1000572e-01
 -2.0764735e-01
 -3.5984442e-04
 -2.4553887e-05
  1.3730200e-01
 -2.6333925e-01
 -1.5442401e-05
  2.2000715e-01
 -4.1002098e-05
  4.6749187e-06
  3.5175183e-06
  1.7410167e-04
  4.3021296e-06
 -4.7414531e-05
  1.2646805e-01
  2.0705389e-04
  5.3569961e-06
 -1.2623480e-05
 -8.0551372e-06
  5.0461656e-01
  1.3720992e-05
 -4.9533173e-07
 -1.9990126e-05
  3.7916569e-05
 -1.3478220e-06
  5.3828226e-06
 -1.6317745e-05
 -7.3129406e-05
  4.2911415e-06
 -2.2130253e-05
 -3.1517186e-05
 -1.0201010e-04
 -2.1059391e-06
  8.0200135e-07
  1.2892915e-05
 -1.9093372e-05
 -2.3247011e-07
  2.3209921e-05
  2.0187386e-05
 -1.1298004e-05
 -3.8952685e-06
 -2.4793142e-06
  6.1633668e-06
 -6.5337290e-04
 -1.0567616e-05
 -2.5275744e-05
  7.1865754e-05
  1.0919060e-05
 -4.2924574e-05
 -6.2237946e-06
 -6.2673830e-06
 -2.8754268e-05
 -5.3822649e-08
  2.7485934e-05
 -2.6427659e-05
  1.8080391e-05
  1.7378501e-04
  2.5203044e-05
  9.7318753e-06
 -1.2722671e-05
 -2.4591620e-05
 -4.2892483e-05
  2.9043318e-05
  1.5751768e-06
  2.5956391e-04
  7.1372588e-06
  2.5970163e+00
  6.1341435e-02
  9.7262824e-01
 -7.0178199e-01
  2.6452115e-01
  2.4848247e-01
  9.5050715e-02
 -7.2267139e-01
  4.0990639e-01
 -5.0939894e-01
 -4.0881908e-03
  1.3402721e-01
  1.5815169e-01
 -8.2947671e-01
  1.2574586e-01
  1.0894641e-01
  1.1940209e-01
 -1.9497485e-01
  9.8901741e-02
  4.0571639e-01
 -1.3396960e-06
 -4.0199761e-06
 -1.5754291e-05
 -9.5387620e-01
  9.1139629e-02
  7.5282820e-05
  5.8544189e-02
  1.0931901e-01
  1.1616705e-01
 -5.5039327e-05
 -2.9089638e-06
 -9.2046458e-01
 -5.4349588e-05
  4.4459242e-01
  1.5197435e-06
  4.1036419e-05
  2.6283738e-01
 -2.0718728e-01
 -3.3958230e-04
 -9.0216231e-03
 -1.0741316e+00
 -7.0716569e-06
 -2.3526178e-05
  4.9251440e-01
 -1.0970967e+00
 -3.2136119e-05
 -2.6577623e-05
  4.1497435e-04
  4.8146969e-01
 -2.3277508e-01
  1.1217941e-05
 -1.6466747e-05
 -9.9248391e-05
 -1.0527543e-05
 -1.5384072e-04
 -1.1683936e-01
 -1.3171296e-03
  1.2271179e-04
  6.9151254e-05
 -1.9707713e-01
 -2.2359173e+00
  1.5403000e+00
  2.7030969e+00
  2.9738448e+00
 -8.7476856e-01
  3.1959336e-02
  4.4331542e-01
  1.1950814e-01
  7.3296171e-01
 -7.1853176e-02
 -3.3363152e-01
  2.9957550e+00
  2.0917465e-01
  2.4447641e+00
 -4.9149832e-01
  7.3498982e-01
  1.2187620e+00
 -3.4236813e-01
  1.0571026e+00
  1.1999110e+00
 -1.4483087e-01
  1.2848294e-01
 -3.4629768e-01
  1.2579255e-06
  3.7518502e-04
 -2.3286890e-05
 -2.3260249e-01
  4.2096245e-01
 -4.4930094e-01
 -1.0256468e-02
  3.8524431e-05
  1.6309712e-05
 -5.9127437e-06
  2.9442992e-05
 -1.9524728e-06
 -4.4906457e-05
  4.2458141e-05
 -9.4215575e-06
  3.1234515e-06
 -1.9434561e-05
  1.1372039e-05
 -4.1417974e-07
  7.3626297e-06
 -2.4497493e-05
  2.1360462e-05
  1.0441461e-05
 -4.8238679e-05
  2.2344846e-05
  1.7814216e-05
  4.5252877e-05
 -7.6207448e-06
  1.1845829e-05
 -3.9000101e-06
 -1.1648783e-06
 -8.4475450e-06
  3.3738424e-06
 -7.8560179e-06
  6.5691247e-06
 -2.9815634e-05
 -1.3578159e-05
 -4.4137827e-04
 -6.5131630e-05
  1.1245254e-04
 -1.2526927e+00
  5.5097759e-01
 -9.7186863e-02
 -1.0451697e+00
  6.6355726e-04
  3.0406026e-04
 -1.4391006e-05
 -1.0146908e-07
  1.2314455e-01
 -1.8634133e-01
  1.7047891e-01
 -7.5417358e-07
 -2.9621904e-06
  1.6784375e-04
 -1.5469578e-03
 -7.3950988e-01
  8.7094784e-02
  5.9576487e-06
  2.7111868e-04
  1.1112566e-05
  1.1782771e-05
  9.4441965e-04
  9.9897065e-05
  3.1781277e-05
 -1.7162379e-06
 -3.5401845e-01
  6.9939824e-06
 -1.6550715e-01
 -1.0498071e-01
 -9.9244870e-02
 -7.0168358e-01
 -3.1632446e-02
 -1.2676908e+00
 -3.7454192e-02
  1.7980550e-01
  6.8144035e-01
  6.2606889e-01
  3.3004826e-01
  7.2170544e-01
  7.6444149e-02
 -7.3716098e-01
  3.8588727e-01
 -6.6188244e-05
 -9.0269171e-02
 -1.0313987e+00
 -1.8366338e-01
 -4.2959154e-01
 -1.1477027e-02
  3.3602453e-05
 -2.1133144e-01
  2.5578901e-01
 -1.9832534e-01
 -4.8797971e-01
 -3.1710750e-01
  7.8773359e-05
  1.2897344e+00
 -3.5578269e-03
  4.7851645e-05
  2.1826017e-01
 -7.6445540e-05
 -8.7209832e-05
 -2.0304060e-05
 -2.4754751e-01
  4.1949120e-06
  5.1712668e-05
 -6.1839484e-05
 -9.8619721e-06
 -6.4063657e-05
  2.0200927e-05
  3.0304149e-05
 -3.3541641e-01
 -1.7402419e-05
 -2.6096914e-06
 -1.0397249e-04
  6.1986706e-05
  9.9522695e-02
 -2.9624473e-05
  2.9541475e-06
 -7.9827651e-06
 -5.6290828e-06
 -1.0662851e-04
 -1.1565601e-05
 -1.9212954e-05
 -1.8141991e-05
 -1.3324728e-05
  2.4297382e-05
 -9.7449774e-06
  3.0622623e-06
  4.5065867e-06
 -4.6831745e-04
  5.8412002e-06
 -1.5900585e-05
  6.3580315e-05
 -2.8570305e-06
  3.4646884e-01
 -3.0547548e-05
  5.9859685e-06
 -8.7675517e-06
 -1.7539131e-06
 -4.7482408e-05
 -7.5601460e-04
  3.7079874e-06
  5.7483902e-07
 -1.6732152e-05
  1.0161748e-05
  9.1998472e-06
 -2.7024187e-05
  1.2814927e-05
  7.3116717e-06
 -4.3991936e-06
 -6.4674517e-05
 -9.5121584e-05
 -3.2538115e-05
 -2.5686677e-04
 -1.4566769e-05
 -2.7239858e-04
  9.0944586e-06
  3.4104842e-01
  2.5460407e-02
  4.8100792e-06
 -4.9988091e-01
  8.4434587e-06
 -1.9738557e-02
  3.2023001e-01
 -7.7497905e-01
  2.9864902e-02
  5.5077106e-01
  2.2257817e-01
  3.8718115e-04
 -1.0698561e-05
 -4.3583032e-01
  1.9800100e-03
 -1.7727077e-01
 -3.2725776e-04
 -2.6787564e-01
  1.5968436e+00
 -3.4443167e-01
 -1.6411957e-05
 -2.2134004e-06
 -3.8742644e-05
  1.7640166e-06
 -2.9760902e-03
 -7.1290875e-04
 -4.7269769e-02
 -8.2661791e-06
  6.2723786e-02
 -2.9272720e-05
  7.0519871e-01
 -9.4307125e-06
 -9.6753676e-05
  1.5064582e+00
 -3.6972281e-01
  5.0315912e-06
  6.2464374e-01
 -8.1044245e-01
 -8.2415808e-03
  4.0940675e-01
  1.6986027e-05
 -8.7407288e-06
 -2.7361831e-01
  5.4660374e-01
  6.8705648e-01
  1.2363549e+00
 -2.0111527e-03
 -4.0536656e-06
 -1.7102989e+00
  6.4098371e-05
 -4.6964806e-07
 -6.5702122e-01
 -1.1318752e+00
  1.4513282e-01
  3.5097964e-05
 -3.7716690e-01
 -3.2385063e-01
 -1.1114771e-06
  1.4014411e-06
  5.1597661e-01
  9.7112727e-01
  2.2625743e-05
  3.4412336e-01
  7.2370106e-01
 -6.7750221e-01
  8.9022724e-06
 -7.0317370e-01
  2.0802231e+00
 -2.0644085e+00
  1.7218769e+00
  4.9070939e-02
  7.5821619e-05
  5.5171782e-01
  1.8739941e+00
  7.1886563e-01
  4.9175623e-01
 -3.2911345e-04
  7.3111228e-06
 -7.8358281e-01
 -2.8376755e-01
 -6.4928963e-07
  1.0573432e+00
 -5.1371580e-01
 -2.0189581e+00
  8.3689629e-06
  5.5413699e-01
 -9.4695622e-01
 -1.9955373e-01
 -2.2465110e-01
 -6.2479901e-01
 -3.2486210e+00
  8.5943151e-01
  1.0410088e+00
 -6.6019106e-01
  2.7867132e-01
  6.3545296e-05
 -7.8656220e-01
 -1.5524430e+00
  7.2153699e-01
  8.3185101e-01
  6.6990703e-01
  1.6002324e-01
  8.1097671e-05
  8.4690982e-06
 -3.8554601e-05
  2.4727382e-05
 -2.9749069e-01
 -3.0665193e-04
  1.4409966e+00
 -1.7924813e+00
 -7.9952723e-01
  5.7361484e-01
  1.0944934e+00
  7.5902283e-02
 -3.2649148e-01
  7.0576733e-01
  3.1190777e-01
 -1.1499605e+00
 -2.0814156e-02
  5.2998352e-01
 -2.3854334e+00
  5.7979702e-04
  7.7800542e-01
 -1.6160659e+00
  1.0000838e+00
 -5.2750558e-01
  3.2207727e-01
  1.1280658e+00
  1.3720605e+00
  4.1235739e-01
 -4.1420761e-01
 -4.0380502e-01
  1.3590779e+00
 -2.2475939e+00
 -4.0638545e-03
  2.2720671e+00
 -1.0930229e+00
 -3.4368973e+00
  1.8349589e+00
  2.4770325e-01
 -8.1337768e-01
  1.3965795e+00
 -6.1057794e-01
  2.4881651e-01
  8.1448293e-01
 -2.5640467e-01
 -3.3438763e-01
  1.7493364e-01
  2.0344430e-01
  1.1689639e+00
 -9.3122512e-01
 -6.5943986e-01
 -2.6075933e-02
 -2.0000761e+00
  1.1952519e+00
 -8.4675509e-01
 -1.6872796e+00
 -1.8554288e-01
 -6.7406154e-01
  3.9615962e-01
 -1.1390626e+00
  2.5595361e-01
 -1.3185771e+00
  2.2603717e-01
  7.5684857e-01
 -6.6968656e-01
 -6.0823798e-02
  3.9530584e-01
  2.8009934e+00
  4.3724802e-01
  7.8447914e-01
  9.2543709e-01
 -1.6982941e-07
 -1.2777716e-06
  3.1869905e-07
 -3.8397154e-01
 -3.4691072e+00
 -1.5144774e-01
  1.5444766e-01
  2.6483345e-01
  9.5214921e-01
 -1.5998794e-06
 -1.4756531e-05
  3.1236032e-06
  1.3736170e-04
 -4.5101144e-03
  1.3152391e+00
  7.4397199e-02
 -4.6468249e-06
 -2.8394145e-01
 -1.2242731e-06
  2.2879821e-04
  3.1906145e-04
 -3.1159714e-01
 -3.0852440e-01
  1.6951844e-02
 -3.9235503e-05
  2.9874250e-01
 -1.6914465e-01
  7.6806473e-06
  9.2916343e-07
 -8.5157080e-05
 -9.7378463e-01
 -2.6002145e+00
  6.0519224e-01
  5.7187490e-03
  5.8929437e-01
  2.5437728e-01
  4.8090893e-05
 -6.9261182e-07
  1.3807147e-05
  5.7559032e-02
 -2.2985278e-05
  2.1876764e+00
  1.4750059e+00
  4.5878986e-01
 -3.8658777e-01
  9.6430958e-05
  6.6691951e-05
  2.5731119e-06
 -2.9003313e-01
 -9.1417032e-01
  1.2263776e+00
 -9.2582536e-07
  4.5851371e-01
  1.2912855e-01
 -1.7100456e-05
 -3.3788995e-06
  5.8876845e-05
 -6.9392663e-01
 -3.3135171e+00
 -3.0773142e-01
 -7.0686780e-02
  1.4354217e-04
 -7.7057219e-01
  2.5299305e-04
 -5.9696108e-06
  7.1637083e-07
 -6.7968508e-06
  9.6105456e-02
  3.9304978e-01
  6.6337705e-01
  5.3353131e-01
  5.0033510e-01
  2.5461093e-04
  1.1567910e-04
 -5.9020308e-06
 -1.1465502e+00
 -2.2100558e+00
  1.6593459e+00
  8.2186353e-01
  1.7895350e+00
 -1.7157447e-01
 -1.4874446e+00
 -1.0512279e-01
 -9.4520175e-01
 -5.8292872e-01
 -1.4493284e-01
  1.1026754e+00
  9.5109746e-02
 -3.3901942e-01
 -8.9426261e-01
 -5.2569974e-02
 -8.9820259e-04
  2.8524950e-05
 -4.9308437e-04
 -4.4862741e-06
  2.3360391e-01
  4.1348240e-01
  2.4801549e-01
 -5.8143127e-01
  2.7450489e-05
  7.4264474e-02
 -7.2111446e-01
  3.9553681e-01
 -2.1103699e-05
 -5.6739163e-01
 -7.0298028e-01
  1.6198835e-01
 -1.0110879e+00
 -4.1762704e-01
 -7.7148780e-02
 -6.9675291e-01
 -1.3220615e+00
 -1.0499372e+00
 -6.7549163e-01
  1.4660203e-02
  7.9278958e-01
  1.4853904e+00
 -3.3885443e-01
 -5.6598318e-01
  1.0220323e+00
 -4.4705234e-03
 -1.7422938e-01
  2.1123817e+00
  1.4286749e+00
  8.1404710e-01
 -1.4516294e+00
  3.9398491e-02
  6.2908009e-02
  7.6154119e-01
  9.5569193e-01
  2.1836662e-01
  1.2873274e+00
 -2.6286188e-01
  1.4298530e+00
 -5.3054821e-01
 -7.3571622e-01
 -2.6874959e-05
 -3.8998502e-01
  1.4634639e+00
 -1.4374278e-02
  8.7168443e-01
 -1.0968155e-03
  1.5617944e-03
 -7.3888391e-02
 -2.8893012e-01
 -3.2639563e-01
  3.5022673e-01
 -7.5537890e-01
 -1.2139928e-01
  1.4329819e-01
  7.1524882e-01
  8.6897951e-01
  2.3891059e-01
 -1.0036010e+00
 -1.8931009e-01
  7.5888437e-01
 -1.2643893e-01
 -1.5812746e-04
  2.6517534e-01
  5.0148851e-01
  1.4658550e+00
 -6.7607665e-01
  1.3321466e+00
  2.0705729e+00
 -1.9007483e+00
  1.6435144e+00
  3.2624438e-01
 -1.5725024e+00
 -7.8002757e-01
  1.0879215e+00
  1.0467273e+00
 -6.6443099e-06
  1.0126436e-04
 -2.0477388e-02
  2.3699453e+00
 -9.7945776e-06
 -2.6870286e+00
  2.7446833e-01
  1.5343925e-01
 -7.2620440e-01
  3.9668378e-01
  3.7689444e-01
 -5.8636278e-02
 -2.2142549e+00
  1.9789110e-01
  3.0098656e-01
 -1.3359464e+00
 -4.5330984e-05
  3.8963920e-01
  1.2108839e-01
  7.0057207e-01
  3.1805921e-02
  2.1329255e+00
  1.9758855e+00
 -1.7285579e-01
  3.6774185e-01
  7.6900047e-01
 -7.3637229e-01
 -2.3699442e-06
  1.6210733e-02
  9.8657884e-02
  4.7979489e-01
  1.8068578e+00
 -1.1468357e+00
  1.9641440e+00
  2.9288328e-01
 -2.1543252e+00
  5.7998878e-01
 -6.6966196e-03
 -2.1436334e-01
 -3.8168725e-01
 -2.9347718e-01
 -1.7483941e+00
 -6.3999903e-01
  3.8053528e-05
 -5.9845781e-01
  7.5617993e-01
  2.7142549e+00
  7.0485938e-01
  7.8235254e-02
  9.7339767e-01
 -3.6811653e-01
 -2.1093211e+00
  7.0456856e-01
 -2.6754886e-02
  5.6778763e-06
  3.2296371e-01
 -7.8103405e-01
  1.3159533e+00
 -2.7095354e-01
  3.9843607e-01
 -2.2902633e-01
  1.5450662e-01
 -2.0641980e+00
 -1.3992177e-01
 -6.8172896e-01
 -1.4920979e+00
  1.1374112e+00
  1.4273317e+00
  1.2767776e+00
  8.5645401e-01
 -7.3014486e-01
  5.5879217e-01
 -1.1389956e+00
 -4.2579177e-01
  7.6101267e-01
 -1.5340892e+00
 -7.8851885e-01
 -2.5457969e-01
 -3.0746408e+00
 -6.6917139e-01
 -2.2468860e-01
 -2.4376439e-03
 -1.0350952e-01
 -6.4777043e-05
 -4.7409818e-01
 -1.2987717e-04
  1.2253798e+00
 -8.6882138e-01
 -2.5378589e-03
  1.5470053e+00
  1.1263782e-01
  9.6564539e-02
 -3.7914142e-01
  6.0187209e-01
  2.1603931e-01
 -7.1420217e-01
  2.1111777e+00
 -2.1081853e-01
 -1.2610272e+00
 -1.6196002e+00
 -2.8973246e-01
  1.1871929e+00
 -2.2695509e-03
 -1.8933390e+00
  1.4462812e+00
 -8.1573123e-01
 -3.3220508e+00
  1.1753365e+00
 -3.1568682e-01
 -4.0081128e-01
  2.1184929e-05
  3.0312425e-01
 -4.5214692e-01
  1.2365079e+00
  1.4488548e-01
  8.1212200e-02
  9.0507197e-01
 -5.2693874e-02
  1.2367624e-01
  3.6130187e-01
  6.4031744e-01
 -4.0201385e-06
 -1.4851751e+00
 -3.1415218e-01
 -6.3828498e-01
  3.1440929e-02
 -7.1440011e-01
 -1.1044833e-01
 -1.0064113e+00
 -1.3457683e+00
 -2.1603153e+00
 -1.2744403e+00
 -1.1511109e+00
 -4.3180197e-01
  1.7279285e+00
 -1.2707315e-01
 -7.1556920e-01
 -7.1434957e-01
 -1.4440742e+00
 -5.0434208e-01
 -1.3412567e+00
  7.4123651e-01
  4.3542159e-01
 -6.3200212e-01
 -3.1938541e-03
 -7.5410300e-01
  1.4143687e+00
 -9.9009776e-01
 -4.1270480e-01
  5.7500321e-01
  9.7900295e-01
  4.6944112e-01
 -7.3473424e-01
  4.1612370e-06
  8.1437101e-06
  1.9519417e-01
 -2.6131016e-01
 -1.5226819e-05
 -2.5065553e+00
 -3.1938720e-01
 -1.3716822e+00
 -7.0189583e-01
 -6.8021254e-05
 -1.0764936e-05
 -8.2889301e-06
  5.8605701e-06
  7.4168471e-05
 -6.5782601e-06
  9.0356443e-06
 -1.0283439e+00
 -1.5357963e-04
  3.2366049e-06
 -2.6433344e-04
  7.9785210e-01
 -3.6081905e-04
 -9.7715574e-06
 -6.4442450e-01
  6.7784172e-01
  5.8107996e-01
 -1.3949460e+00
  1.1177785e-05
 -2.3454035e-07
  5.6664257e-06
 -5.9419467e-06
 -1.0064932e-04
  2.0562117e+00
 -9.6538979e-01
  6.5463996e-01
 -1.1564488e+00
 -3.2302605e-06
  4.7549793e-06
  3.4141120e-01
 -2.3477582e-02
 -5.7484540e-06
 -1.1256517e+00
  1.4242411e+00
 -3.4213547e-02
 -9.1660273e-01
 -1.4332666e-05
 -1.7767821e-06
  8.5620217e-02
 -2.8177758e-06
 -9.0694130e-06
 -1.2246070e+00
  7.5501335e-01
  9.4456947e-01
 -9.4203275e-01
 -3.5541291e-06
  2.9178442e-05
  7.2335297e-01
  9.0909097e-08
  8.4423291e-06
  3.7330663e-01
  1.9251704e-01
 -1.5604414e+00
 -1.2376504e+00
  2.2514962e-06
 -1.4432284e-05
  2.2738348e-01
 -6.1579769e-05
 -2.1554897e-07
 -7.2868663e-01
  2.5983308e-02
 -3.7921786e-01
 -4.7717217e-02
 -1.4164292e-06
 -2.1177552e-06
  5.7614434e-01
  7.9423216e-06
  1.4703459e-06
  2.3192672e-01
  5.8891654e-01
  8.1413859e-01
 -3.9397204e-01
 -8.2976643e-05
 -8.8809317e-01
 -1.6490645e+00
 -7.1016804e-04
 -6.2047766e-06
 -2.7842957e-03
 -8.9952493e-01
  1.4194367e+00
  2.4974638e-01
  2.3592813e-06
 -5.3565686e-06
  3.4929756e-06
 -8.2641827e-06
  1.4725924e-06
 -4.3660721e-06
 -3.0733703e-05
  1.0704622e-01
  4.3233824e-05
 -1.1815396e-04
 -6.7920542e-01
 -1.0235720e+00
 -1.5185388e-05
  1.2953609e-05
 -3.6333586e-05
 -8.0384862e-01
  5.9814966e-01
 -1.2779707e+00
  2.4740953e-06
 -3.4598045e-02
 -3.9226859e-04
 -3.5234792e-05
  2.8754264e-05
 -6.5066621e-02
  2.9390520e-01
 -9.6928585e-01
 -1.2411010e+00
 -3.3386419e-05
 -2.2685483e-01
 -6.8648525e-02
  1.3107993e-05
 -1.0699576e-05
  2.1085866e-06
  1.0747758e-01
  4.2015842e-01
  1.5580705e+00
 -2.5227608e-05
 -4.1122091e-01
 -1.1642976e-01
  1.7767047e-06
 -2.7298391e-05
  5.5469468e-02
  5.8664179e-01
  2.3721535e+00
 -2.4596563e-01
 -1.7332040e-05
 -1.5853655e-04
  3.5319722e-01
 -2.4468940e-05
 -6.6772105e-07
 -4.1240650e-01
  1.0776728e-01
  1.0132775e-01
 -8.0353510e-01
 -1.4968141e-05
 -4.6044371e-01
  4.5081019e-01
  4.8446786e-08
  9.4908063e-07
  1.2135112e+00
 -4.6407047e-01
  3.7150735e-01
  4.9612296e-01
 -2.5509984e-05
 -9.5550917e-02
 -3.9843846e-02
 -1.7767876e-06
 -2.9729068e-07
 -3.5570914e-01
 -1.1466388e-01
 -5.4176128e-01
  5.9698957e-01
 -1.5868088e-06
 -4.6570585e-06
 -1.4933649e+00
 -5.0385004e-01
  4.9400263e-05
  1.0449657e+00
  2.0959835e-01
 -9.3240738e-01
 -7.0062655e-01
 -3.1767058e-06
  6.3918895e-07
  1.8537493e-06
 -5.0154929e-05
  2.7971106e-05
  1.8604386e+00
 -1.7558235e-05
  1.9166739e-05
  3.7455284e-05
  7.0685610e-06
 -5.8402042e-05
 -3.5919943e-01
 -3.3267140e-01
  1.6645729e-06
  3.2947335e-01
  1.1738587e-01
 -1.9239852e+00
 -6.3850683e-01
  6.4485498e-08
 -8.9694413e-06
 -3.9807150e-01
 -4.6533238e-02
 -2.4323585e-05
 -3.2091260e-01
 -1.5758409e-01
  5.7355541e-01
 -7.8497678e-01
 -9.3621875e-06
 -2.1798100e-05
  1.6049779e-04
  5.6055558e-08
  4.6785658e-06
 -9.8980069e-01
  4.4707087e-01
 -1.3402601e-01
 -1.6271485e+00
  9.7936972e-06
 -8.5740408e-04
 -1.9139746e-01
 -5.8375782e-01
 -1.1285513e-05
  1.3925093e-01
 -1.9937585e-01
  2.9093456e-01
 -1.0262178e+00
 -1.9916641e-05
 -8.9774192e-05
  1.6061048e-01
  2.2358754e-06
  5.7138595e-07
  1.4338074e+00
  2.2231129e-01
 -4.3412305e-02
 -1.3732662e+00
 -7.2794614e-06
  7.4469035e-06
 -3.1932482e-01
 -5.3242135e-01
  1.5857988e-05
  3.5337129e-01
  4.8269409e-01
 -1.7492912e+00
 -1.1602585e+00
  5.6591757e-06
 -3.9431097e-06
  3.4193745e-01
 -5.8172031e-06
  3.7475950e-06
 -2.2221799e-01
  2.8798115e-01
  7.6802623e-01
 -5.4358304e-01
  1.6063479e-05
  9.9979155e-02
 -7.9974806e-01
 -1.0990051e-04
  1.5704125e-05
  6.0444891e-01
  8.1151867e-01
  8.9629722e-01
 -7.1471596e-01
  1.4916401e-06
  3.2273051e-06
 -2.0101931e-08
  3.7986210e-06
 -4.7468179e-06
 -2.2108610e-01
 -3.3723068e-06
  3.7760097e-01
 -7.6204466e-05
 -1.3027956e-06
  9.4315894e-02
 -2.7070719e-01
  9.8137514e-07
  4.3089662e-05
 -1.5522796e+00
  5.7300013e-01
 -4.0944573e-01
 -9.9524224e-01
  1.6070337e-05
 -1.6575743e-05
 -3.2423279e-01
 -2.7147842e-05
  6.7547817e-06
  1.0328325e+00
 -1.5311827e-01
  7.1466386e-01
  8.3247429e-01
 -1.3590175e-06
  3.4537246e-05
  1.1635212e-05
 -4.8740467e-06
 -2.0316209e-05
  2.4431140e-05
  3.7953815e-01
  6.7073542e-01
  4.5110089e-01
 -1.0930183e-06
 -6.2444764e-07
 -1.0495193e-02
 -1.3611691e-05
  1.2448886e-05
 -1.8507571e+00
 -2.3805502e-01
  2.0725543e+00
 -7.2515704e-02
  3.6101626e-06
  1.2572202e-02
 -3.3395061e-01
 -1.6565283e-04
 -9.8260762e-06
 -1.9084290e+00
  3.6699823e-01
  1.4469219e+00
 -5.1364131e-02
  2.5027330e-04
  3.5999008e-06
 -3.7505645e-01
 -6.1818582e-06
  8.3419018e-06
 -4.5821507e-02
  2.5309628e-01
 -1.2620263e-01
 -6.4441245e-03
 -2.7228186e-06
  3.7084083e-05
 -3.9187542e-01
 -1.8917515e-05
  5.8162987e-06
 -5.2398199e-01
  3.7826246e-01
 -3.7921661e-01
 -4.4544151e-01
  2.2449778e-05
  2.6164886e-01
 -8.7235671e-01
  8.0419493e-01
  9.5455307e-06
 -1.3991960e+00
  1.0790716e+00
  7.6604015e-01
 -8.8577992e-01
  4.3970017e-06
  1.3322277e-05
 -5.1898511e-05
  7.2310036e-06
  1.3370713e-05
 -7.4657047e-01
  6.8749762e-01
 -1.4692141e+00
  1.6054326e-05
  3.4003251e-04
  1.8388093e-01
 -8.0072182e-01
  7.3660737e-01
 -1.6554654e-06
 -2.0056589e+00
 -1.4032981e-01
 -1.7910404e-02
  6.1285567e-01
  1.2457568e-05
  6.9443549e-06
 -8.8116831e-01
  3.5218200e-01
  3.9092691e-05
 -7.0788795e-01
  1.5529991e+00
 -3.6773568e-01
 -5.6651199e-01
  4.5733457e-05
  7.1323197e-04
  2.1300653e-05
  1.4524438e-05
 -4.9453324e-06
 -1.0564293e+00
 -6.3484178e-05
 -9.7832274e-01
  3.9608732e-01
  1.2139594e-05
  5.1051207e-05
 -3.9412874e-01
  8.6686534e-01
  8.2089423e-07
  2.2242367e-01
  1.1350555e-01
  5.3690428e-01
 -5.0422501e-02
  3.4353155e-07
  9.9346898e-06
 -2.6841187e-01
 -2.9364574e-07
 -1.1600544e-06
 -1.9484615e-01
  2.1633108e+00
 -1.8471491e+00
  6.3960999e-01
  1.2255538e-05
  1.4306074e-03
 -7.9864538e-01
  4.2254636e-01
 -3.8236041e-07
 -1.0866090e-01
  1.1954763e-02
 -7.6742068e-02
 -3.3299616e-01
  2.1472049e-05
  8.9347162e-07
 -2.3245065e-01
  5.2735996e-01
 -1.3419520e-05
  6.5725529e-01
  4.3447906e-01
 -5.6443053e-01
 -3.8344586e-01
  1.2413758e-02
  1.2413758e-02
  1.2413758e-02
  1.2413758e-02
  1.2413758e-02
  6.7241365e-01
  6.7241365e-01
  6.7241365e-01
  6.7241365e-01
  6.7241365e-01
  1.4738771e-01
  1.4738771e-01
  1.4738771e-01
  1.4738771e-01
  1.4738771e-01
  1.0924964e-01
  1.0924964e-01
  1.0924964e-01
  1.0924964e-01
  1.0924964e-01
  1.6452778e-02
  1.6452778e-02
  1.6452778e-02
  1.6452778e-02
  1.6452778e-02
  1.8038879e-01
  1.8038879e-01
  1.8038879e-01
  1.8038879e-01
  1.8038879e-01
