nep4 3 Ba Zr S 
cutoff 8 4 150 20
n_max 4 4
basis_size 8 8
l_max 4 2 0
ANN 30 0
 -2.8662276e-01
  1.3713865e-05
 -2.0393160e-05
 -2.2849412e-05
 -1.7686951e-01
  8.7697254e-06
 -9.8939896e-02
 -5.1807085e-05
  1.0731849e-06
  1.4695052e-02
 -1.0121538e-05
 -4.5356674e-06
 -8.7469798e-06
  4.3387845e-06
  6.5538779e-07
 -2.8450438e-06
 -4.5277895e-07
  1.6688560e-06
 -2.1401836e-06
 -3.9110210e-04
 -3.3017997e-05
 -6.2448585e-06
  1.5550964e-05
  7.6019009e-05
 -5.4819418e-07
 -3.6252115e-07
 -2.6435289e-06
 -2.5917604e-06
  1.0924230e-05
 -7.5703551e-06
  8.6638933e-01
 -9.4438074e-06
 -9.7428970e-02
  7.2443108e-05
 -8.0456471e-01
 -1.1056400e-05
  4.8250947e-02
  1.0870276e-03
 -4.4540260e-02
 -2.9737424e-02
 -2.4021871e-04
 -6.0355505e-06
  2.4791416e-05
 -5.4421653e-05
  1.2778478e-05
 -3.1192314e-05
 -7.2441413e-05
 -6.0927789e-07
  2.6149832e-05
  8.6549739e-04
 -4.6387449e-06
  7.6411416e-06
  6.5204338e-05
  4.3498094e-09
  1.6496322e-01
  9.6774693e-06
  1.7988858e-04
 -2.2873114e-06
 -2.7657361e-06
 -1.0246818e-05
 -1.0912267e-05
  6.1934203e-05
 -1.2380155e-05
 -4.4267927e-06
  3.1305256e-06
 -2.7404019e-05
 -4.5133079e-06
 -5.8256205e-06
 -3.0852651e-05
  7.1551426e-07
  6.0899310e-05
 -3.6699130e-06
  4.0477248e-06
 -2.0494613e-06
  4.1871444e-06
  1.1504068e-05
  1.9405418e-04
 -1.6119497e-05
 -1.5228197e-06
  1.2455111e-05
  1.3753077e-05
  1.9965526e-05
 -4.1429844e-06
 -5.7120483e-06
  1.4384878e-05
 -8.4067760e-06
 -3.6827196e-06
 -1.1030418e-05
 -5.1541174e-06
  1.8611972e-06
  1.3776917e+00
 -4.2663805e-06
 -2.1515074e-01
  6.4311263e-07
 -5.5226665e-02
 -5.1217023e-05
  3.9281536e-04
  5.9174776e-02
 -6.1409432e-05
 -6.5858918e-01
 -3.5975033e-06
 -9.6218762e-05
  1.1662261e-06
  2.8828524e-06
  1.1653982e-06
 -3.1556786e-04
 -1.3283397e-04
 -6.1516759e-05
  6.5639309e-05
  8.1724538e-06
  1.0644661e-05
  1.9194908e-05
  2.2237055e-05
  7.4911441e-06
  1.5055346e-01
  9.7187949e-06
  4.0960549e-06
 -4.8632569e-06
  1.3760978e-05
  2.5304462e-06
 -2.2254148e-03
  2.3465798e-06
  3.5799610e-05
 -6.9306561e-06
  1.0684450e-05
  3.8030239e-06
  1.3737595e-06
 -5.9677523e-06
 -8.4747662e-06
 -1.1208228e-05
 -2.9822820e-07
  3.5266960e-06
  3.7743046e-06
 -3.3223425e-06
  4.8120037e-06
 -3.4198679e-06
  6.1971423e-06
  4.6816567e-07
 -6.4624874e-06
  1.4902945e-06
  7.2280859e-06
 -6.8773916e-06
 -8.9960076e-06
 -1.6912822e-05
  9.2565417e-05
 -6.9987479e-08
  3.5657076e-06
 -2.5247840e-05
 -2.1409029e-05
 -1.1662584e-05
 -1.4510909e-05
 -7.5063099e-06
  9.6146539e-07
  9.0800552e-04
 -3.0092696e-07
 -2.4482296e-07
  3.7277725e-06
 -1.8819943e-05
  3.4837981e-06
 -3.8607715e-05
  3.9467955e-06
 -3.0034633e-05
 -4.0192949e-06
 -3.5339199e-05
  3.1887528e-05
 -2.0682435e-07
  5.4215889e-06
 -1.4250109e-05
 -1.6690736e-06
 -2.2300017e-06
  3.9960928e-06
 -1.9681964e-05
 -1.0817027e-05
 -4.1578091e-06
 -6.2976153e-07
 -2.0956134e-07
 -3.2770247e-05
  4.7077124e-06
  7.9528645e-06
 -9.3481221e-06
 -1.7619606e+00
  4.9072895e-08
  2.3264149e-01
 -8.9806402e-01
  1.4834208e+00
  5.4672901e-02
  1.2767976e-03
  7.0493401e-04
  1.9734162e-01
  4.8029602e-02
 -4.6886921e-06
 -1.2707242e-03
 -1.3030661e-04
 -4.0182554e-06
 -2.9063845e-04
  5.6436010e-02
  1.3202986e-01
  4.3912776e-04
  2.3942928e-04
  1.1840302e-01
 -4.3383720e-06
 -1.6213151e-05
 -3.9185529e-06
 -3.1001699e-05
 -1.3429883e-01
 -2.5897825e-06
  2.5033364e-06
 -2.9966446e-05
 -3.5146160e-05
  4.1858315e-05
 -1.6561325e+00
  2.7544000e-05
  2.1469808e+00
 -1.6969215e+00
  1.3057508e+00
  1.5510224e-01
  2.5321254e-01
  3.3479968e-01
  5.8935565e-01
 -5.6216770e-01
 -1.8897053e-05
 -2.4653651e-02
 -1.6191045e-05
 -2.5504362e-06
 -1.4503962e-05
  2.4900441e-01
  2.0220599e-01
  1.1563781e-02
  5.8065001e-05
  2.5254007e-02
 -2.0956904e-04
 -3.6354933e-05
 -2.0159096e-02
 -1.0882062e-06
 -2.6611352e-01
  2.0496987e-06
  1.6330270e-06
  1.6051534e-05
  9.2955903e-05
 -3.8157114e-06
  1.1952988e-01
  1.9081197e-05
 -2.5276154e-06
  2.4528713e-06
 -1.7689628e-04
 -4.2719486e-05
  6.9441870e-05
  1.0291163e-03
  1.9888292e-05
  1.9576032e-02
 -4.8342604e-06
  6.2075833e-07
  2.9825651e-06
 -7.7061677e-06
 -2.5015679e-04
 -1.2741004e-04
 -1.7984083e-04
  1.9036774e-05
  1.1729759e-04
  8.4890211e-03
 -2.2154086e-06
  4.4424235e-04
  1.8347264e-04
 -6.9924805e-05
  1.8635338e-02
  1.1122046e-05
 -5.2193022e-06
  6.3656771e-06
  1.4091659e-05
  2.0944375e-05
  4.8193023e-02
  1.2485572e-05
 -2.0934863e-06
 -7.5251337e-05
 -1.8119030e-02
 -4.1877822e-04
  3.2103850e-07
  9.1588317e-06
 -7.3450155e-07
 -1.0862444e-03
 -5.2888149e-06
  2.6377006e-07
  2.9290379e-05
 -5.3221293e-06
 -1.1164071e-05
 -5.6478189e-04
 -1.1142505e-05
  3.5468036e-06
  8.0175714e-06
 -8.7109584e-06
  1.0853488e-05
 -1.0814339e-06
  3.7347081e-06
  1.1166399e-05
  1.7693535e-03
 -6.9467715e-06
 -5.2877795e-06
  1.6123517e-05
  2.0601337e-05
  9.2520768e-06
  1.2108244e-05
  2.4110730e-06
  1.1404331e-05
 -6.5705958e-06
  1.3691111e-06
 -1.2249400e-06
  1.5203085e-05
  6.3365314e-06
 -6.0259867e-06
 -1.7214597e-05
  5.0234325e-07
 -6.8755844e-07
  7.8493149e-06
  2.4521041e-06
  8.1191702e-06
 -1.6176572e-06
 -4.3652230e-06
 -1.6574468e-05
  4.5658276e-06
  1.0912202e-05
  9.3814087e-06
 -8.7719400e-06
 -1.1627425e-05
 -2.1349767e-06
 -2.3747609e-06
 -1.6132159e-05
  6.9885418e-06
 -2.2506914e-05
 -1.4712093e-05
 -1.3589342e-05
 -3.2256312e-06
  1.1808053e-05
  6.8139534e-06
 -2.2996057e-05
  7.0037386e-05
  5.2994037e-06
  2.0009722e-08
 -1.0443107e-04
 -9.0915537e-06
 -1.6750786e-05
  1.1250179e-02
 -7.4423915e-06
  2.0807181e-06
  2.4562939e-06
  8.1984317e-06
  1.1783965e-05
 -1.7869943e-06
 -3.1758220e-05
 -2.2408194e-05
 -6.2800285e-07
 -7.3225755e-07
  1.3044316e-06
 -1.1437895e-05
 -9.1429583e-06
  6.6640670e-05
  8.1536607e-05
  7.2438979e-06
 -9.3312701e-05
 -1.3678191e-06
  3.1134502e-06
 -5.9949434e-06
  1.3754840e-05
  4.8857506e-05
 -2.5598424e-06
 -4.1042972e-06
  7.8762478e-06
 -2.8403290e-06
 -1.0504350e-05
  2.5054596e-06
  2.7631218e-05
 -8.6447617e-06
 -1.4849522e-06
  1.6711720e-05
 -5.0121835e-06
  1.6013404e-06
 -2.1433555e-06
 -5.0170802e-06
 -5.0642570e-06
  2.9367723e-06
  1.5329743e-04
 -7.8380162e-06
  1.0593126e-05
 -3.8274004e-05
 -4.2179408e-06
  9.9745682e-07
  7.1459444e-06
 -1.1094459e-04
 -1.2401568e-05
 -1.4827411e-04
 -6.5248702e-07
  5.4854605e-05
  5.9803815e-06
  7.0130794e-05
  1.0838476e-06
 -2.9148455e-07
  1.4145625e-05
  1.2836365e-05
  1.4916919e-06
 -7.2233179e-06
  1.6759570e-06
 -1.9311599e-05
  2.5570248e-06
 -5.8085512e-05
 -2.2609072e-06
  1.9537073e-07
  1.3994229e-05
 -9.1806496e-06
  1.7037605e-06
 -8.8685857e-07
 -9.7450165e-06
  6.0852944e-05
 -6.5499935e-06
 -1.9817362e-06
 -5.3330541e-06
 -1.0957479e-05
  8.9812520e-06
  6.5738877e-06
 -1.3670050e-05
 -1.6683823e-06
  1.1166053e-05
  5.2276349e-01
  2.9803020e-01
 -1.1578691e-01
 -8.8736612e-01
 -6.5672612e-01
 -1.4840563e-02
  9.2200184e-01
  5.7380217e-01
 -3.5091418e-01
 -5.1089507e-02
 -2.8572538e-01
  1.1632382e-01
  1.5811758e-01
 -2.8261906e-01
  2.9733884e-01
 -6.6846234e-01
 -3.0921081e-01
  2.1329267e-01
 -1.4081537e-06
  4.6327707e-01
  2.6576787e-02
  1.8227866e-01
  4.0905106e-01
  1.8587873e-03
  1.0953871e+00
  3.4884844e-05
 -4.6432595e-04
 -1.0012824e-05
 -5.6200119e-05
 -6.6001706e-02
  8.1444323e-06
 -5.6700020e-07
 -1.1071784e-06
 -7.0675401e-06
  9.7533220e-06
 -1.1138730e-05
 -2.5437937e-06
  3.4219462e-07
  7.7877357e-06
 -2.8454458e-06
  1.2229692e-05
 -7.8567290e-08
  8.1376638e-06
 -3.0901099e-06
 -6.4912478e-05
  2.8543302e-05
  3.4076231e-05
 -6.1425526e-06
 -3.6540964e-06
  1.6198868e-04
 -3.2075156e-06
  1.9253026e-05
  2.1541702e-05
  1.2737044e-05
  4.5119846e-06
 -9.9600475e-05
 -9.1735810e-06
 -1.9043238e-05
 -4.4204353e-06
  4.5933986e-05
  1.1302085e-05
 -6.4180736e-06
 -4.3749824e-05
  4.6791047e-07
  4.4020271e-06
  1.3018574e-05
 -3.8093553e-06
 -1.5028611e-05
 -7.4820455e-06
  4.4217959e-06
 -2.0412479e-06
 -3.0082290e-05
 -6.6114796e-07
 -1.2240476e-05
  9.6831563e-06
 -7.3809844e-08
  4.4354582e-07
 -7.3668143e-06
  6.5785857e-06
  4.6545338e-05
  4.4077988e-06
 -1.3470773e-05
  1.2838935e-06
 -1.7871070e-06
 -1.4008461e-05
 -5.2796404e-06
  3.1481122e-06
  2.4824194e-04
  8.0609362e-07
  2.3682546e-03
  3.4433205e-02
  1.1334631e-05
 -6.2004523e-07
 -3.5741004e-06
 -4.2998894e-05
  4.8499487e-07
  1.3530932e-06
  3.0928342e-05
 -1.0744844e-05
  1.7531763e-04
 -1.9099976e-05
  9.9566241e-06
 -6.1446022e-05
 -3.3380976e-04
 -7.2479836e-04
  6.6810148e-06
 -7.9932415e-06
 -2.3000885e-05
  7.0941787e-05
  1.5075016e-02
  7.9741642e-07
  1.0311453e-06
  5.5587650e-05
  1.0542232e-04
  2.7659613e-05
 -6.0906252e-08
 -6.6453135e-06
 -3.3653730e-05
 -3.3226318e-06
 -3.0019180e-06
  3.1224294e-03
 -2.1424637e-05
 -9.4803843e-05
 -2.5785432e-05
 -1.5357032e-04
  2.8348661e-06
  3.2751686e-05
  2.2723214e-05
  2.0362170e-06
 -6.4399492e-06
 -3.8216776e-06
  2.2812355e-05
 -2.9101493e-06
  8.0913685e-07
  3.7898640e-06
 -9.2363562e-06
  4.5800762e-06
  1.0968767e-05
  4.5406273e-07
 -2.2318598e-05
 -1.4436984e-04
 -6.1040701e-06
 -9.1944858e-06
 -7.1881113e-06
  1.3797895e-06
 -1.8504217e-05
  7.5616035e-06
  1.1237760e-05
  1.3701439e-05
  1.4469355e-05
 -2.4078460e+00
  7.1289610e-06
  1.2845887e+00
  2.7058520e+00
  6.7732982e-02
  5.9394230e-04
 -3.7024748e-01
 -5.3520058e-03
  9.3073625e-04
  7.4330550e-01
  1.0931725e-01
 -3.2503179e-01
 -8.0107562e-02
  1.7105975e-05
 -1.0348450e-01
  1.1705975e-02
  7.0883639e-02
 -6.8642579e-02
  9.8224609e-06
 -2.6236793e-01
 -5.3334938e-06
 -2.1183183e-02
 -7.7851214e-02
 -2.2663714e-04
 -4.9604985e-01
 -1.0838833e-06
  1.1445763e-05
 -2.9764240e-07
  8.7142007e-06
  4.3885276e-04
  9.2165115e-05
 -5.7563149e-05
  3.6799270e-06
 -2.2946630e-05
 -3.2785581e-06
  5.8538185e-06
 -3.4401583e-07
 -2.7838058e-05
  2.7966100e-06
  1.6782609e-05
 -1.6510412e-05
  8.5797922e-07
 -8.4493231e-06
  1.9477397e-05
  3.1350664e-05
 -9.6986435e-07
  8.7022642e-07
  5.0404651e-06
 -6.8310648e-08
 -3.2253323e-07
 -2.7905544e-05
 -1.3073103e-06
  1.7082746e-04
  1.5170565e-06
  1.0843457e-05
 -6.1731276e-07
 -6.9470839e-06
 -1.1415545e-07
 -2.8194893e-06
 -5.1986399e-06
 -1.4039005e-04
 -4.3630293e-06
 -3.0487718e-06
 -2.9914017e-06
 -8.0764339e-06
 -9.9708279e-07
 -4.3744467e-06
 -7.8204403e-06
 -8.2696897e-06
 -3.3981472e-05
  1.7940532e-05
 -1.7324030e-06
 -1.1811876e-06
  2.4650006e-05
  1.8249921e-05
 -8.0961117e-06
 -1.4212453e-05
  1.3225663e-06
 -3.1556920e-06
 -1.6180957e-05
  4.1302951e-06
  5.1406896e-06
 -2.0987893e-05
 -6.2657982e-06
 -4.3556001e-06
 -1.4257395e-05
 -8.6527125e-06
 -2.2974462e-05
  3.6314577e-06
  5.6858244e-06
 -6.3425460e-07
 -5.8613309e-06
  2.1805979e-05
  1.8642724e-05
  1.1037145e-07
 -7.3979541e-06
  1.8742599e-05
  1.5320319e-03
 -2.4068869e-04
  2.5182717e-06
  4.5428933e-05
  2.0051632e-05
 -5.3773601e-07
  5.8840087e-08
  6.1323353e-06
  4.6877467e-06
  1.7125034e-05
 -2.7805705e-05
 -2.9282015e-07
 -5.7562323e-07
  2.6069893e-05
  8.3129880e-06
  3.3947254e-06
 -5.2746241e-06
 -8.6205828e-06
  1.3158275e-05
  1.3151100e-05
 -4.6434852e-06
 -1.5762083e-06
 -1.6294845e-05
 -7.8916274e-02
 -1.4662211e-06
  3.7534398e-04
 -2.5762347e-07
  9.6533942e-05
  1.7198685e-06
 -7.3158546e-05
 -1.0934550e-04
  9.3413175e-05
  3.6613117e-05
  1.6689207e-04
 -1.8806732e-05
  1.4493908e-04
  8.2567607e-07
  3.0824892e-06
 -7.5231151e-06
 -1.0818289e-04
  6.4250580e-06
  6.0456709e-06
  2.9695370e-06
  1.5172877e-05
 -9.4546467e-06
  4.4281715e-06
  2.1934384e-06
 -1.8853489e-05
 -1.1558795e-05
  1.5505140e-05
 -8.2583620e-06
  2.5700365e-05
  2.9937706e-05
  7.8658675e-05
 -1.4544222e-05
  1.0500696e-05
  2.2335074e-05
 -3.1610707e-06
  1.6202470e-05
 -1.2879076e-05
  2.6004567e-05
 -1.8702316e-05
 -1.0923486e-05
  3.2406845e-06
  1.2488339e-05
  3.3377419e-06
  5.7519251e-06
 -1.2262220e-05
 -3.4862516e-08
 -2.2009141e-05
 -3.8533194e-06
 -7.8868680e-08
  7.6628622e-04
 -8.2421525e-07
 -6.2299109e-06
  3.7169966e-07
 -9.0873340e-07
 -5.9150210e-07
  1.2024674e-05
  4.4213883e-07
 -3.7711543e-05
 -1.3777446e-04
 -3.4598528e-05
 -1.0016699e-06
  6.4308683e-06
 -6.1539095e-06
 -1.2759035e-05
  3.4617609e-05
  1.7752174e-05
 -1.0323336e-06
  1.1057085e-05
  2.4673054e-05
 -1.3846586e-05
  1.1721813e-06
  1.8717981e-05
  4.4590342e-06
  4.3152509e-06
 -6.5819768e-05
  1.4820292e-05
 -2.2121042e-06
  6.0163950e-07
 -1.3959705e-05
  1.0727402e-06
 -4.6399687e-06
  3.3103975e-06
  2.8591662e-06
 -1.1752751e-06
 -1.5115815e-05
  2.4782737e-06
  1.0758189e-05
  1.6895156e-05
 -1.5005854e-05
 -9.0946719e-07
  1.9021849e-03
  5.6134809e-07
  7.3669499e-01
 -1.7293260e+00
  3.5151798e-01
 -1.3121802e-04
  8.6734520e-04
 -1.5658110e-05
  5.4231668e-06
  7.2208881e-02
 -6.8023903e-05
  4.9841026e-05
  8.1184771e-05
 -1.7335316e-05
 -1.7515791e-05
 -3.0625006e-06
 -6.1046635e-04
  7.1415183e-05
  5.4610933e-07
  1.4686064e-01
 -6.5336831e-06
  3.1471744e-04
  5.6408804e-05
 -1.0606532e-05
  3.7486359e-06
 -3.3631802e-06
  4.9874570e-06
 -1.0450246e-04
 -4.4450403e-06
 -7.9751004e-07
 -1.6350861e-04
  3.3045039e-06
  7.5169773e-06
 -2.7975219e-04
 -4.8127422e-06
  3.6740535e-06
 -6.4095124e-03
  8.9428331e-06
  4.3333330e-06
  1.6422465e-06
 -1.1485193e-05
 -1.0772745e-06
  2.4554338e-06
  3.1219342e-06
 -3.8627518e-06
  2.2280232e-05
 -6.9257144e-06
 -1.5893724e-05
  4.4848321e-06
  2.6810803e-06
 -1.3840438e-05
 -1.6111461e-06
 -6.6681928e-06
 -9.5781597e-06
 -2.8963461e-05
 -7.7101477e-06
  9.0676809e-07
 -3.7070790e-06
  1.7051029e-07
 -8.1787955e-05
 -1.7717310e-04
 -3.7342625e-06
  1.3038167e-04
  5.9572889e-05
  3.2283984e-05
  1.0399378e-05
  4.0584164e-06
  3.1287129e-07
 -8.7366798e-06
  1.1054049e-01
  5.1451591e-04
 -2.6719894e-05
 -1.7050490e-05
 -9.0304611e-06
 -5.1535899e-06
 -1.2695941e-04
 -1.2782372e-05
 -1.0827065e-05
 -2.4372917e-05
 -6.4105452e-06
 -1.0557401e-04
  7.8822313e-06
  1.2687336e-05
 -9.8884739e-06
 -9.0705125e-06
  2.4885635e-06
 -1.5753608e-07
 -5.4100578e-06
 -7.6929555e-06
 -1.7905815e-06
  6.4126991e-02
 -1.8655379e-05
  3.7243592e-06
  4.4133729e-05
 -4.5869096e-05
 -5.0333379e-06
 -5.7047241e-06
  1.0246777e-05
 -2.9612052e-06
 -4.4051492e-05
 -3.8220378e-07
  2.1955166e-04
 -5.8292171e-06
 -1.1451895e-05
 -3.7842339e-05
  7.2220439e-07
 -9.6125450e-06
 -5.3665627e-08
  3.4464094e-07
  3.8691188e-04
 -5.2653290e-06
 -3.6972124e-05
 -3.6257527e-06
  8.9078014e-05
 -2.8550035e-06
  7.3400379e-06
  4.0928021e-06
  7.6029421e-05
 -1.1266706e-06
  3.5224216e-06
  8.2800978e-01
  8.7326400e-02
  2.2056643e-06
 -2.5549917e-02
 -7.2862673e-07
 -7.4828777e-06
  4.9307670e-02
 -4.8018461e-01
  6.6429369e-02
  1.1568705e+00
 -7.0087885e-06
 -8.2419456e-06
 -1.6648910e-06
 -1.5432570e-05
 -1.1749838e-01
 -6.6736793e-06
 -7.0108058e-06
  4.2575973e-01
  4.4524329e-04
 -1.4900935e-01
 -1.7372376e-04
  3.6543003e-07
 -1.7078692e-01
 -4.9955094e-01
 -2.6664839e-05
  6.3056636e-06
  6.6341639e-01
 -5.2627468e-01
 -1.0970587e-02
  6.0045880e-01
 -4.6252054e-01
  1.2061555e+00
  1.3654577e-06
  1.2983890e+00
 -3.3759909e-05
  1.9244022e-05
 -1.6412593e+00
 -2.5658889e+00
  1.4752287e+00
  1.2962577e+00
 -6.1788828e-06
 -1.4352637e-05
  8.7806875e-06
  5.8434833e-02
  2.8167567e+00
 -1.5975937e-05
  5.6497483e-06
  7.0289952e-01
  1.4574641e-04
 -3.1652219e+00
 -1.3165282e-04
 -1.6467426e-05
 -2.3979152e-05
 -7.3373830e-01
 -1.2775075e-05
  4.5361157e-05
  1.2506559e+00
 -4.9719664e-01
 -4.6731535e-01
  8.1104696e-01
  8.1913076e-06
  1.5387588e-05
 -1.8979212e-06
  1.3526483e-05
 -6.2668359e-01
 -2.7862925e-06
 -1.2809939e-05
  1.0096574e-05
 -1.1618480e-05
  1.5574053e-06
 -1.1622398e-05
 -2.6312768e-05
  1.0247246e-05
 -1.3842261e-05
  1.2915606e-05
 -1.2313629e-05
  2.2149159e-06
  1.9853369e-06
  3.0950259e-06
 -1.8469178e-06
 -7.5470116e-06
  6.1551204e-06
 -3.1313216e-06
  1.0187090e-04
  1.5918558e-06
 -2.1906952e-05
  1.1202768e-05
  1.0387852e-05
 -8.6681566e-06
 -5.4361117e-05
 -1.8326947e-01
  1.7499331e+00
  2.2640736e+00
 -5.3739657e+00
  2.5500879e+00
  3.2971099e-02
 -1.2872562e-02
  2.8266100e-02
 -1.5377975e-01
 -1.8470360e-01
 -2.4466828e-01
  1.1146033e-01
  1.0115833e+00
  6.6380757e-01
  4.6476689e-05
 -1.3041280e-01
 -3.8984220e-04
 -3.6301419e-01
  9.3731254e-02
 -1.8092830e-01
  6.1950076e-02
  1.1995438e-05
 -2.8941177e-03
  6.1729748e-04
  1.7648640e-01
  1.7353924e-04
 -7.0839531e-05
 -1.2031655e-04
  7.5647765e-04
  3.0687253e-04
  1.2881564e+00
 -7.7363884e-01
  9.2070043e-02
 -4.6832073e-01
 -5.6947931e-05
 -3.5289726e-01
  3.8983093e-05
  2.3260187e-01
  4.6607229e-06
 -6.8282880e-06
  6.5480176e-06
 -7.8262929e-06
 -7.5077091e-04
  8.3259209e-07
  1.0537137e-06
  3.9144247e-06
 -1.0064435e-01
  3.9115193e-01
  7.9037048e-02
 -2.9362413e-01
  1.1731845e-03
  5.6960198e-06
  8.0560958e-06
  4.3556111e-06
 -2.3619618e-02
  1.5104392e-05
  1.7544517e-05
 -1.6820391e-06
  1.5864731e-04
  2.9003859e-05
 -7.1213594e-06
  1.0954566e-01
 -2.3840610e-05
  2.9940682e-04
 -9.4845382e-06
 -3.4343393e-05
  5.8460785e-07
 -2.4608628e-06
  6.1297593e-05
  1.9232166e-06
 -4.9948158e-06
  2.1123440e-06
  4.0104518e-07
  4.1139519e-04
 -7.9750571e-08
  4.3954937e-05
 -5.2315281e-06
 -1.1094510e-02
  6.9763098e-07
 -4.4907061e-05
 -2.6149758e-06
  3.0094476e-08
  7.1991531e-07
  2.8820324e-01
  2.8632985e-02
  1.1428311e-06
 -2.5430461e-05
 -5.8687249e-07
 -5.7745970e-06
  4.9005077e-05
 -7.0127167e-06
 -6.4283597e-01
 -1.3013402e-04
 -7.5193197e-02
  2.0130692e-01
 -2.0889193e-01
  5.0934855e-06
  3.6353923e-02
  8.9858604e-06
  8.5316086e-04
 -1.0229693e-04
 -2.7617558e-05
 -4.1781340e-04
  4.1913640e-06
 -9.8381002e-05
  8.5660438e-05
 -3.9417963e-04
  5.3435582e-04
  1.0774705e+00
  2.4738397e-02
 -5.2444087e-05
  2.2999982e-06
 -9.5880054e-02
 -1.2698163e-01
 -2.2751795e-01
  1.4142018e-04
 -4.0110412e-05
 -3.6352027e-05
 -1.5940335e-05
 -8.5255297e-06
  4.7238430e-04
  2.3181338e+00
 -1.6416898e-01
 -3.3179703e-01
  3.2823002e-01
 -3.3636010e-01
  1.9558154e-02
 -9.1865929e-03
 -2.3958052e-03
  5.9695119e-01
  4.7995949e-01
  7.7423103e-02
  7.4150398e-02
 -2.4460195e-04
  5.4348558e-01
  2.4128191e-01
  2.5790751e-01
 -3.8080680e-01
 -3.6471561e-01
  5.0276303e-01
 -8.1595160e-02
 -1.6942338e-05
  1.0000014e+00
 -8.8492651e-03
  9.1628778e-01
 -1.3534984e-05
  3.9744205e-06
  5.5802107e-06
 -1.3928224e-05
 -4.9201130e-06
  8.7456337e-06
  1.0448710e-05
  5.2018813e-06
 -9.3491349e-07
  6.7119792e-05
  1.5251663e-05
  6.3588340e-07
 -3.1468014e-06
  2.2199495e-06
  9.2833243e-06
  1.5879957e-06
  1.3779365e-05
  1.3320538e-05
  4.1093267e-06
  6.5316299e-06
 -3.3563992e-07
 -1.1570754e-05
 -1.7328159e-05
  2.8935806e-06
 -5.4225479e-06
 -5.9006294e-07
 -4.2297735e-05
  6.1034143e-06
  1.6526508e-06
 -6.9463786e-06
  1.9548304e-06
 -6.0322977e-06
 -1.2186665e-05
  2.0013331e-06
  5.9454637e-06
  1.2078561e+00
 -1.1276125e+00
  6.1062735e-01
 -7.6961631e-01
  7.8689140e-01
 -7.8931479e-03
 -6.7959996e-03
  1.0831419e-01
 -3.5791522e-01
 -7.5498813e-01
 -6.9078040e-01
 -1.8727029e-05
 -1.8807465e-01
 -6.1233904e-02
 -2.0917861e-01
 -6.3766754e-01
 -2.8967220e-01
 -1.1251017e+00
 -2.3951279e-02
 -3.2166323e-01
  4.4175914e-01
  1.8620807e-05
 -4.4223827e-01
  1.6820114e-03
  4.9219467e-02
 -5.6960086e-08
 -2.4523886e-06
 -3.2296534e-06
  3.4124894e-06
  2.7944870e-05
  3.9562809e-05
 -4.2862839e-06
 -1.8993019e-06
  8.1235721e-06
 -1.3029318e-06
 -1.7688276e-06
  3.9539241e-06
  8.0500158e-06
 -1.0575772e-06
 -7.4255183e-07
  1.3246749e-05
  1.8506299e-06
 -1.3250169e-05
 -3.5157274e-05
 -8.6428219e-07
  1.1210171e-05
 -8.1023973e-06
  9.5489311e-05
 -1.6236667e-05
 -8.7375420e-06
  6.2199283e-06
 -3.4575544e-06
  4.5572268e-08
 -5.3773783e-06
  6.9563453e-07
  2.3599117e-05
 -6.0553202e-06
  7.0370479e-06
  5.2231146e-05
 -1.8857536e-05
 -1.2867338e-05
  2.0564823e-05
 -7.7985169e-06
 -5.7773113e-06
  1.4652292e-06
 -1.4025452e-05
  1.7964605e-06
 -4.8725911e-07
 -1.2068174e-06
 -4.6428262e-08
  2.1261139e-05
  2.1651185e-06
 -9.6400231e-07
  4.6745963e-06
 -2.2881486e-06
  6.1199398e-06
  5.0485401e-06
 -9.0129533e-06
 -5.2660616e-05
 -1.2928284e-05
  6.5182730e-06
  5.6174076e-06
  2.8044005e-06
 -7.9463462e-06
  4.5905931e-06
  2.3020013e-05
  1.8632735e-04
 -3.0482581e-05
  5.5616833e-06
  3.2681863e-05
 -8.3242136e-01
  2.6851990e+00
  5.8048266e-01
  1.0025981e-05
 -3.7890159e-02
  5.0941771e-01
  5.5666998e-02
 -3.0198509e-03
 -4.7840875e-01
 -2.5693353e-03
 -1.4218576e-06
  8.5887332e-06
  2.5654069e-04
 -2.4406865e-05
 -1.7032544e-05
  7.6803633e-07
  2.7814558e-01
  3.0408680e-01
  4.8580547e-04
  7.4620014e-01
 -1.7288748e-05
  1.3354916e-06
  6.5854472e-01
 -7.0352781e-01
  1.6231680e-01
 -9.4663801e-06
 -1.1129817e-04
  2.7998778e-06
 -3.6952952e-06
 -1.2743089e-05
 -1.8227685e-05
  5.4934449e-06
 -2.1340579e-06
  1.5233544e-06
 -5.5297010e-06
 -2.7628182e-06
 -5.1466708e-05
  1.1250585e-05
  3.4047368e-06
 -8.5346551e-07
  1.9604445e-06
  2.1629519e-05
  1.1730928e-07
  2.2942590e-05
 -4.7128428e-06
 -3.6679294e-06
 -3.3914291e-06
  6.8079935e-06
  7.5878893e-06
  2.5859092e-05
  3.0814604e-06
 -4.3078294e-06
  2.2374586e-06
  4.0976240e-05
  5.5882451e-06
 -3.7301256e-06
  2.7269083e-05
  5.1078059e-06
  5.2341893e-06
  2.2149501e-05
  1.9751385e-05
 -6.9568378e-06
 -7.2130711e-06
 -2.3224055e-05
 -3.6760798e-06
  7.7810573e-06
 -3.5726160e-05
 -7.4379773e-06
  1.1598402e-05
  7.6184733e-06
  1.9507493e-07
 -2.9602015e-05
  3.1474203e-06
 -1.3930959e-05
 -8.1820772e-06
 -3.0836654e-05
 -2.1227033e-05
 -3.6011854e-06
 -1.2232766e-05
 -9.8283749e-07
  9.9071474e-07
 -2.6256037e-05
  8.3591294e-07
  7.8010280e-06
  3.7903523e-05
 -3.0951614e-05
 -1.3348072e-04
 -2.0955094e-06
  1.1345061e-05
 -1.2087173e-05
  8.7306107e-06
  2.0277681e-05
 -1.1518041e-05
  7.5038035e-05
  8.1756025e-06
  1.9742485e-05
 -1.0657104e-05
  1.0359488e-05
 -3.3802212e-06
 -1.5720764e-06
  6.2523868e-06
  7.4167197e-06
 -6.7114814e-07
  9.4244820e-07
  3.1865751e-05
  9.4092347e-06
 -3.0456316e-05
 -6.4777282e-07
 -5.8078745e-06
 -7.1465347e-06
  1.6556967e-05
 -1.1971075e-05
 -1.2472407e-05
  1.0623185e-05
  5.0427793e-06
  5.2270532e-04
  1.0023536e-05
 -1.5101762e-07
 -3.6345716e-06
  3.1649881e-06
  4.8266259e-01
 -8.8380992e-02
 -1.3144823e-02
 -6.7534587e-05
 -5.1941413e-02
  7.2868592e-05
 -4.3117516e-06
  1.3827822e-05
 -2.3950613e-04
  1.5942478e-05
 -4.1932217e-06
 -9.1850998e-06
 -3.0253800e-06
  2.2438185e-06
 -4.4693238e-06
 -5.3223170e-07
 -4.0722691e-05
  1.3401346e-04
 -3.8428760e-05
 -3.1816592e-06
  7.6623237e-06
  2.4885667e-06
 -5.6954996e-05
  1.0248483e-05
 -1.6530938e-04
 -1.8109633e-05
 -6.2205659e-06
 -7.9640904e-06
  9.4554171e-06
  2.4257133e-05
  9.3643239e-04
  1.1382559e-06
 -1.0614592e-05
 -5.3796003e-07
  3.1601932e-05
  1.0690575e-04
 -2.3719505e-05
  2.5657841e-05
 -1.3397394e-05
  9.0236781e-06
 -1.7196455e-05
 -1.1146622e-04
  1.5056588e-05
  5.8441074e-05
 -2.5512379e-06
 -7.9985166e-06
 -3.6616896e-06
 -1.0290863e-05
 -7.5276357e-06
  2.8294614e-06
 -1.0784433e-05
  1.0322889e-05
 -2.4287431e-06
  3.6790907e-06
 -5.9042594e-07
 -3.6104680e-06
 -1.2595425e-05
 -2.3895063e-04
  8.8355700e-06
 -1.4211128e-05
  4.9803433e-01
 -1.6838430e+00
 -3.3376526e-02
  5.3242403e-01
 -6.0924757e-01
 -3.4162974e-01
  1.0684565e-01
 -2.4190637e-01
 -7.1082748e-02
 -1.3515714e-01
 -7.2832346e-01
 -7.4508265e-05
 -1.0872753e-04
 -5.9792933e-06
 -4.7308022e-01
 -1.6953561e-02
 -1.8071550e-01
  2.7115068e-01
  1.2030289e+00
 -1.1316356e-01
  1.2030347e-01
  1.0800512e-05
 -5.9393447e-02
  7.2843785e-04
 -3.2324132e-01
  7.0420021e-05
  8.0665623e-06
 -3.8123260e-05
  2.9155579e-03
  3.7295828e-04
 -6.7607049e-05
  3.9949764e-06
 -6.0088200e-07
  7.5842681e-06
  1.1712246e-05
  3.6019574e-05
  3.9507431e-06
  1.1773324e-05
 -1.9008039e-05
 -5.5306386e-06
 -1.2777900e-04
 -1.3697891e-05
  4.8113029e-06
 -6.7923211e-06
  1.0069120e-05
 -1.3816194e-04
 -2.8271786e-06
 -1.8152226e-05
  1.5684016e-05
  1.6734513e-05
 -1.3336089e-05
  2.6303631e-05
 -6.3908419e-06
 -1.7022128e-04
 -1.8392426e-05
 -1.6541131e-05
  1.7605230e-06
  8.9921441e-06
  7.5252814e-05
 -7.3584715e-06
  2.6926891e-06
 -1.4166980e-06
  1.9845711e-05
  6.8416257e-06
  4.3579666e-06
 -7.4068797e-05
  1.0512510e-06
 -9.4247998e-06
  5.1847978e-06
  5.3924712e-05
 -2.3365899e-06
 -3.4847959e-05
  2.0609670e-05
 -6.8075688e-06
  1.4798271e-05
  1.1319727e-05
  1.4550631e-05
  7.1682593e-06
  6.6855714e-06
 -1.0309752e-05
  4.5330680e-06
 -2.9192173e-05
  9.1316206e-06
 -6.1176506e-06
  1.7452172e-07
  5.9845620e-06
 -3.0728288e-06
 -8.3993809e-06
  2.0305670e-05
  2.2046041e-05
  3.7185455e-05
 -4.3910236e-06
 -4.9411651e-02
 -1.2863292e-06
  1.5199178e-05
  2.4926156e-05
  6.2901513e-06
 -3.9496108e-06
  6.1650899e-05
 -2.5013592e-06
  7.8052050e-05
 -1.9988571e-05
 -3.0807914e-05
 -3.8501520e-07
  5.9291449e-07
  2.6816709e-04
  4.2002564e-05
 -1.1348354e-05
 -8.0641603e-06
 -5.3583983e-05
 -5.5839027e-06
 -3.2519647e-06
  4.2983209e-04
  1.5662117e-05
 -1.6196416e-06
  8.2447577e-06
  1.0101315e-04
 -1.8102945e-05
 -1.0385640e-04
 -1.0655638e-06
 -1.5505047e-06
 -3.5569232e-05
 -2.7675815e-05
  2.0051024e-07
 -6.4684491e-07
 -2.4164347e-05
 -1.2498873e-05
 -2.1635453e-05
 -2.0645870e-05
  5.3904055e-06
 -1.9918869e-05
 -9.2386381e-06
  4.7229725e-05
 -1.0190533e-05
 -6.6586173e-05
  3.1848052e-05
  6.6298591e-05
  8.1588678e-06
 -9.6786745e-05
  5.7259072e-06
 -4.9144459e-05
  8.9998248e-06
 -1.0011704e-05
 -1.7414637e-05
 -9.0122310e-05
 -6.1218566e-06
 -2.8370414e-06
  2.8288741e-06
 -2.1279682e-05
  1.1087166e-05
 -1.0104846e-01
  4.0481672e-01
 -3.0390727e-06
 -5.5574255e-06
 -2.6965341e-01
 -3.7188468e-06
  7.7957794e-04
  4.1952580e-06
 -1.2280304e-06
 -5.9022682e-06
 -1.7563538e-05
  4.1828996e-05
  1.2316856e-04
  2.0898337e-05
  4.3602972e-06
 -3.6911701e-05
  1.1532358e-05
 -1.0772279e-06
 -1.2266182e-05
 -1.5344509e-05
  4.4524427e-06
  2.0877022e-04
  2.0353886e-05
  1.0870113e-05
  3.4010405e-05
  2.5206837e-06
 -4.9998507e-06
 -1.8689732e-05
 -5.3253843e-06
  2.6040245e-05
 -1.8297527e-05
  4.1946691e-06
  1.0439563e-06
 -4.4495355e-06
  6.9350708e-06
  6.7764681e-06
 -2.9791187e-05
 -6.3970824e-06
  2.7522122e-04
 -3.8662397e-06
 -3.3743470e-06
  2.7781518e-06
 -1.9821966e-05
  1.4485091e-05
 -9.0424501e-06
 -1.1963180e-05
 -7.6790047e-06
 -8.2283605e-06
 -8.9604309e-06
  1.8240398e-05
 -3.9231372e-06
  1.1278769e-05
  8.7797325e-06
 -2.2132288e-05
  3.7496420e-06
 -5.6316887e-05
  2.2984573e-06
 -2.4559956e-06
 -4.0381125e-05
  1.2955564e-05
 -6.5666832e-06
 -3.9882692e-05
 -9.2189030e-06
  3.4579956e-05
  1.8240228e-04
  1.5661710e-05
 -2.7268967e-05
 -6.0751427e-06
 -2.8380455e-05
 -4.1926692e-06
  2.2283290e-05
  2.8689578e-06
  4.8010075e-05
 -2.6149413e-05
  1.1764567e-05
 -2.2677048e-06
 -2.2110225e-05
 -9.3727085e-06
 -1.1852435e-06
 -2.2198245e-05
  1.0994018e-05
 -3.7565227e-05
 -2.6324819e-04
 -5.9422637e-06
 -3.9438542e-05
  1.2207935e-05
  1.4172590e-05
  1.7691219e-06
 -1.5149635e-04
 -2.5237990e-05
  6.4393282e-02
 -1.0005267e+00
 -4.3508853e-04
 -7.0463243e-04
 -8.2037342e-01
 -6.0885522e-04
 -3.3710992e-05
  2.8092644e-01
  1.0122655e-05
  4.8653301e-04
 -1.2053435e-04
 -3.8494927e-05
 -1.5030704e-04
 -1.9623638e-05
  3.2834760e-05
 -8.5020192e-06
 -4.6706688e-02
 -3.6331996e-01
 -9.1269654e-01
 -2.9674763e-02
  5.5998030e-06
 -4.1406165e-06
 -3.9218774e-01
 -1.5177636e-04
 -3.6823079e-01
 -4.0592859e-06
  1.2510575e-06
 -1.9758595e-06
  3.9979955e-06
  1.1096400e-05
  2.4428880e-06
 -2.4020599e-06
  7.0722340e-06
 -2.9963085e-05
 -1.4960159e-05
 -5.8015657e-06
  8.5642449e-07
 -5.3033564e-05
  1.2838887e-05
  7.1776647e-04
 -7.2884172e-06
  6.4275864e-06
 -4.2801330e-06
 -4.1573066e-06
 -3.0049569e-05
 -4.1887921e-05
  1.2238452e-06
  1.2799230e-05
 -9.3293529e-06
  1.2929934e-05
  6.5999548e-06
  5.9146373e-07
 -1.4787002e-05
  5.7737186e-08
  9.4297992e-09
 -3.5536757e-06
 -9.4192044e-05
  1.7615463e-05
 -7.7770328e-06
 -7.0716455e-06
  2.4420212e-04
  8.0676355e-06
 -1.0343672e-05
  1.3012233e-05
  2.5239815e-06
 -1.8212982e-05
 -1.2921291e-05
  3.9769366e-05
 -2.5260920e-07
 -5.1214101e-06
 -7.7683524e-08
 -5.0648964e-06
  7.8395196e-06
 -5.6841695e-06
 -2.3901322e-05
  5.3234685e-06
  1.3118672e-04
 -1.2813250e-05
  5.9681410e-05
  3.8490866e-06
  9.8776072e-06
 -1.0341474e-05
 -3.2613079e-05
  4.1695662e-06
  7.1909262e-06
  9.3002373e-06
 -9.0727673e-07
 -1.7084643e-04
  1.0833386e-06
  1.2962801e-06
  1.5737866e+00
 -1.7657131e+00
  3.4952649e-01
  9.3187404e-01
 -8.7163337e-02
  3.2802409e-01
 -4.0031601e-02
  3.8106501e-01
 -1.8889008e-03
  5.2795805e-02
 -7.0974624e-01
  1.0885814e-05
 -5.3789890e-01
 -1.6147837e-01
 -9.4706470e-01
 -5.1576374e-03
 -5.6335843e-01
  2.5159770e-04
  1.3336101e-02
 -5.6556508e-02
  2.7026635e-01
  2.3652617e-06
 -9.9577856e-01
 -1.3507640e-02
 -6.9197856e-02
  1.6413134e-04
 -2.9812705e-07
 -4.7010119e-05
  1.4050810e-06
  4.5454135e-04
  9.5130658e-01
  3.3932953e+00
  9.3216068e-01
 -2.8679156e+00
  3.6506884e+00
 -2.6579738e-01
 -4.5263625e-04
  1.2291020e+00
 -1.7104763e-01
 -4.6899977e-01
 -6.4675176e-01
  1.8322347e-03
 -3.8928744e-01
  4.7412592e-01
 -3.0212384e-01
 -3.5780206e-01
 -2.0663807e-02
  7.3682117e-01
  1.5868932e-01
  3.3653882e-01
 -1.0997926e+00
 -3.0313315e-05
 -2.3629759e-02
  1.9156076e+00
 -9.0559907e-02
  7.0227124e-02
  4.6027621e-06
 -8.9051915e-05
  3.8031331e-01
  2.1288705e-01
 -4.0237378e-06
  7.6387032e-06
  3.1007272e-05
 -1.1719906e-05
  2.1201331e-05
 -5.9579557e-05
 -1.6996456e-06
 -1.1230005e-06
  8.3246241e-06
 -1.4073014e-05
 -2.7137070e-05
 -1.7171275e-06
 -2.1595928e-04
 -4.6447875e-07
  4.1083140e-06
 -6.2541703e-06
  9.1457669e-06
 -1.2632046e-05
  5.5605187e-06
 -1.2670440e-05
 -1.1107111e-05
  1.2976766e-05
  1.5046637e-04
  8.7649951e-06
 -9.2078426e-06
  7.9070460e-06
 -5.3367908e-06
  1.9838448e-05
 -1.8055809e-05
 -6.0388370e-06
 -1.1279243e-05
 -2.5233779e-02
  2.3573598e-01
 -9.3816382e-01
  3.3554992e-01
  5.6805557e-01
 -6.7515284e-05
  6.4394766e-01
 -3.8812998e-01
 -1.2415709e-05
  6.2986368e-01
  1.3521305e-05
  4.0638779e-06
 -6.7357763e-07
  2.2724190e-01
  1.3003733e-05
 -3.6374521e-01
  2.4103028e-05
 -6.3937559e-06
 -5.5662280e-01
  6.3387350e-05
 -6.1047660e-07
 -5.3701737e-05
  1.4142485e-05
 -2.1069248e-01
 -2.2788899e-04
 -6.0791331e-06
 -2.7111343e-01
 -3.2373539e-01
 -1.2983740e-05
 -5.6188765e-06
 -3.0697386e+00
 -1.3293172e+00
  1.0255647e+00
 -1.0311195e+00
  2.0259306e+00
  7.7853229e-06
 -2.0136385e+00
  2.0705154e-06
 -1.0906298e-05
  1.5484844e+00
 -8.5891206e-06
 -1.2519993e-06
  1.6400637e-06
 -5.0199562e-01
 -2.2633325e-02
 -2.2956436e+00
  8.8836568e-06
 -4.7529143e-06
  6.7137825e-01
 -3.7883568e-05
 -7.3102651e-06
  1.4525584e-05
 -5.6140857e-06
 -1.1532483e+00
  6.3080479e-05
  2.7961918e-05
 -3.1523452e+00
 -3.5245626e+00
 -1.5581491e-05
 -3.6215159e-05
 -6.4262176e-01
 -3.7633665e-02
  1.0196141e-04
  9.6727651e-01
  1.2074418e-04
 -8.5185666e-06
  1.3891734e-01
 -4.6850871e-02
 -1.7484780e-01
  6.2801081e-07
 -5.4342631e-04
  1.2949702e-06
 -8.0192852e-01
 -1.0907499e-01
 -4.6250407e-06
  4.9305963e-03
 -7.6988508e-05
  1.2237172e+00
 -5.8445916e-05
 -2.0282725e-05
 -4.8133847e-05
  8.6662095e-07
 -8.4608729e-04
  9.8926685e-05
 -1.2148714e-06
  9.1488924e-05
  1.8210192e-06
 -2.5816196e-05
  1.0459167e-04
 -9.9267621e-05
  1.4750673e-05
 -1.7918930e-05
  4.5876834e-05
 -2.4471547e-05
  3.7166253e-06
 -1.5848051e-05
  7.4072809e-06
  2.5992025e-05
 -8.0388254e-06
 -4.2195406e-05
  2.2939180e-06
 -3.4905668e-05
  4.2994011e-06
 -8.9941705e-07
 -1.3845282e-05
 -1.8110619e-05
 -2.7266133e-05
 -1.8453553e-05
 -7.2353168e-06
  2.7495196e-05
  4.6249343e-06
 -2.1605899e-04
  2.3047123e-05
 -1.9382336e-05
 -9.0239146e-06
 -2.5061829e-05
 -2.4583223e-04
 -1.3498610e-05
  9.6145513e-06
  9.6808371e-06
  1.0877009e-04
  1.8063614e-04
  1.7866765e-06
  4.4622293e-06
 -2.5388223e-01
 -1.7051277e-01
 -1.2354225e-02
 -9.6456242e-05
 -2.3382016e-05
 -1.2730025e-02
  9.8625724e-06
 -6.3632688e-05
  3.3263635e-02
  3.8185149e-07
 -3.7155096e-05
  3.0861956e-05
 -1.9445180e-05
 -8.5952797e-06
  1.3081290e-05
  1.7076390e-04
  6.0791867e-06
 -5.0371022e-05
 -1.0138300e-06
  4.3193821e-04
  8.3249492e-05
  4.3588452e-07
 -1.5802058e-05
 -6.9910006e-05
  2.6936392e-05
 -2.6213934e-06
  6.7909062e-01
  5.1020664e-01
 -2.8378439e-01
 -2.3589936e-01
 -3.5410944e-01
 -2.2812730e-01
 -4.9458654e-04
  3.8817383e-02
  1.1239572e+00
  5.3069495e-02
  9.2788950e-06
 -1.2552096e-04
  7.6354909e-01
  1.0346763e+00
 -7.1860341e-05
  2.6409910e-04
 -2.2274653e-04
 -1.4860444e-01
  1.0030276e+00
 -2.1965711e-06
  1.0801921e-06
  3.8028571e-07
  3.1234215e-06
  4.8103694e-02
  1.9172165e-01
 -4.3319139e-07
  2.0522006e-04
 -1.3238393e-06
  2.9770723e-01
 -4.2060611e-01
  4.0905631e-01
 -5.0918188e-05
  5.8371407e-01
  5.5440958e-04
 -4.2570105e-01
  8.2446504e-01
  2.1838605e-01
  6.8955731e-01
 -1.0759505e+00
 -5.1819462e-01
  2.2900872e-01
 -3.1656741e-06
  3.3011004e-01
 -6.1909195e-06
 -3.2041059e-04
 -1.2786349e-04
  7.2233761e-03
 -5.4639179e-01
  3.3296832e-01
 -1.6568905e-05
 -4.0771829e-07
  2.6855427e-05
 -8.1904072e-06
 -2.7101960e-03
  6.6204893e-06
 -1.2155387e-01
 -1.2343337e-05
  3.8307782e-05
 -3.9369555e-04
  3.8381095e-05
 -1.7031232e-06
 -2.4490382e-06
 -6.5547720e-06
  3.1554991e-05
  9.4168216e-05
 -3.2244145e-05
 -6.1584396e-06
  2.7272981e-06
 -4.9548758e-05
  1.4926762e-05
  8.3426914e-07
  1.2939536e-05
 -3.5565911e-06
 -3.0234367e-05
 -1.7335422e-05
  1.5732807e-05
  3.0328124e-06
  1.7607908e-05
 -1.9906704e-06
 -1.0177416e-04
 -2.5850510e-05
 -1.9231243e-06
 -5.0884323e-06
  3.9954107e-06
 -3.5772878e-06
 -1.6607321e-05
  2.3615296e-05
 -1.0388340e-04
 -6.0322782e-07
 -4.6402594e-01
 -3.5018948e-01
 -1.6652699e-05
 -4.3456648e-06
  2.6608256e-01
  1.6394922e-01
 -6.9835228e-01
 -6.4609152e-01
  6.7138851e-01
  3.9735019e-02
  7.6353455e-05
 -1.1105612e-06
 -1.6504621e-06
 -3.0201251e-02
 -1.0843268e-02
 -4.0457235e-06
  1.6743705e-06
  2.0134797e-04
 -1.8625480e-01
  8.5961537e-06
 -8.8544395e-05
 -2.6797604e-06
  2.7223139e-05
 -2.5152181e-05
  5.2507885e-06
  5.5184364e-06
 -1.2688577e-05
  1.3114675e-04
  2.0263184e-05
 -2.0858321e-05
  2.3502588e+00
  6.1730587e-01
 -6.4467669e-01
 -1.7595968e+00
  3.6198182e+00
 -4.0662870e-01
 -8.3588727e-02
 -5.5351291e-02
  3.6772645e-01
  2.1615666e-01
  2.0020109e-01
  4.3122432e-01
 -2.7236965e-01
  9.2571902e-01
  6.6061795e-01
  2.5583425e-01
 -3.1627927e+00
 -5.0913680e-01
  3.3979174e-01
  3.6638391e-01
  3.0273420e-01
 -5.1390300e-05
  3.6845881e-01
  9.3081516e-01
  3.4217504e-04
 -1.1353127e-05
 -6.5389946e-02
 -2.2369523e-01
 -8.3338016e-01
  2.2652584e-06
 -4.6253848e-01
 -1.4033625e+00
 -5.3177631e-01
  1.0642848e+00
 -5.7314318e-02
 -6.0385088e-03
 -2.5398307e-02
 -4.6748158e-02
  1.3555773e+00
 -4.0953782e-01
 -5.0990349e-01
  2.3401225e+00
 -3.7068197e-01
  4.1054276e-01
 -3.6874148e-01
  4.0096026e-02
 -4.9285969e-01
 -2.1091960e-01
  6.7324638e-02
 -6.6412401e-01
 -1.7939726e+00
  4.7987559e-01
 -1.3488990e+00
 -1.3614548e+00
 -1.1347268e+00
 -2.0828100e-05
 -4.0108016e-01
  1.5332942e-02
 -8.8700294e-01
  3.9386851e-01
  1.1856604e+00
  1.7229060e-02
  1.5146079e-02
  1.4096305e+00
  1.2843950e+00
 -6.3423193e-01
  3.0360925e-01
  2.4774328e-01
 -4.0771315e-01
  2.9608652e-02
 -4.9510282e-02
  1.0736721e+00
  3.1054908e-01
 -1.2835457e+00
  1.9958995e-01
 -1.8333514e-01
  6.2509000e-01
 -7.8825757e-02
 -7.9053569e-01
  9.2333186e-01
  1.4225492e-01
 -3.4360051e-01
  1.1426464e-02
  1.3950433e-01
  8.7114209e-01
 -2.9568180e-05
  5.7713300e-01
 -8.7341964e-02
  9.0924263e-02
  3.5099818e-06
  1.0462948e-04
 -2.2984259e-06
  4.7671633e-06
 -6.6159082e-05
 -7.3420829e-06
  5.4634602e-06
 -5.6426645e-05
 -5.5873725e-06
 -1.2073394e-05
  2.8191029e-05
 -8.5914049e-05
  8.0055470e-06
 -3.6901860e-05
 -3.2858941e-06
 -1.3188044e-05
  1.8191207e-03
  5.7499965e-06
 -1.3489682e-05
 -5.2160203e-06
  6.4877117e-06
  2.4488232e-05
  1.3491355e-06
  4.4607896e-06
  7.2874373e-06
  5.9077802e-06
  2.7631435e-05
  6.8625000e-06
  1.1058540e-05
 -7.2829280e-06
  2.0570685e-04
 -2.2968181e-06
 -1.1148877e-06
 -9.3428963e-07
  7.2024595e-05
  3.9373667e-06
 -5.3599570e-06
  1.1007559e-06
  7.5796990e-05
 -5.4433876e-06
 -8.5860174e-06
 -1.2446545e-05
  3.3403143e-07
  4.0002175e-05
 -2.4275665e-05
 -4.3102300e-05
  1.4915214e-06
  6.3837833e-06
  7.7666914e-07
 -2.6113599e-05
 -1.8974402e-05
  6.3169289e-05
  2.8226925e-06
  7.2936837e-06
  1.4596946e-05
  2.6658868e-06
  2.1593531e-05
  1.5219804e-05
  3.5379644e-06
  2.5384468e-06
  2.5921320e-06
  8.6015396e-02
  9.0299904e-01
  2.1722585e-04
 -3.8233370e-01
  2.5134692e-05
 -3.3957611e-03
  4.9087612e-05
  3.5023360e-05
  1.7147810e-04
 -8.3442814e-05
 -7.6792389e-02
 -1.0336577e-04
  8.5908212e-02
 -3.9106598e-01
  1.7775017e-01
  2.6639760e-05
  3.2287891e-05
 -1.6554227e-03
  6.7924392e-01
  1.8081472e-04
 -1.2946653e-06
  7.3640658e-05
 -7.9277233e-06
 -1.6515334e-05
  1.0883266e-04
  1.1517245e-05
  1.6478421e-05
 -1.7869748e-05
 -6.6155567e-06
  2.6526197e-05
  2.4554799e-01
 -7.5069201e-01
  6.2580234e-01
  2.2865152e+00
  1.4231713e-01
  1.0594524e-01
  5.8817193e-02
 -9.4057274e-01
  7.8719801e-01
 -5.0301068e-02
  1.4615282e+00
  1.9451350e-01
 -7.7640432e-01
  1.6636934e+00
 -5.9175942e-02
 -3.4503371e-01
 -1.2357072e-01
  4.6943223e-01
  7.5438523e-01
 -1.3336740e+00
  4.8920766e-01
  6.9602302e-06
  1.7941567e-01
  5.3130306e-02
  1.5123677e-06
 -5.0729662e-01
  2.9167232e-01
 -6.7831630e-01
  2.9371096e-02
 -3.0931330e-01
 -4.3842673e-02
 -3.9646772e-01
 -7.9226925e-07
 -6.0413295e-01
  2.4816492e-01
 -4.5499510e-01
 -3.1694284e-01
  9.0376741e-01
  3.0122198e-02
  2.0772090e-02
  5.5874307e-03
 -1.1759789e-04
  3.3450655e-03
 -4.4313374e-01
  9.3276156e-03
  3.3384433e-01
  7.6097897e-03
 -1.7105685e-05
  1.5213447e+00
  8.5951787e-01
 -3.6464830e-06
 -5.0148857e-04
  9.5627918e-05
  3.2344312e-06
  1.0927752e-01
  2.6343893e-02
  1.2007166e-04
  1.1527812e-05
 -3.7544512e-04
  1.3365959e-02
 -2.4533549e-05
  3.9833930e-01
  8.1690408e-02
 -4.9484926e-01
 -1.7949206e-01
 -6.6199202e-05
 -3.0969374e-02
 -1.7364107e-02
  1.8314722e-05
  7.2786427e-01
  2.1168886e-01
 -3.1289012e-05
  8.5495285e-06
  5.3452432e-01
  1.0496095e+00
 -4.7173381e-07
  5.5685741e-05
 -6.9565671e-05
 -5.1325715e-01
  7.6582782e-02
 -2.1586090e-04
  2.7560063e-06
  1.3262944e-04
 -4.5368787e-07
  5.2441454e-05
  2.6873629e-05
  8.8410728e-05
 -9.0869353e-06
  3.4642515e-05
  1.0851737e-05
  1.3671365e-05
 -6.7669584e-06
  2.2238841e-05
 -8.2856868e-06
  1.5279445e-06
  7.6191150e-06
 -2.8453805e-06
 -2.4886588e-06
  6.6283687e-06
  4.7328417e-06
  8.0447217e-06
  1.3521506e-07
 -5.5668494e-05
 -1.4685462e-05
 -5.0963799e-06
  6.4629145e-05
 -1.1189522e-05
 -1.9216493e-06
 -1.3855887e-05
 -2.1148010e-06
  1.6105963e-05
 -1.6782691e-06
 -2.9936550e-06
  6.9458674e-06
 -3.7595906e-05
  1.2350820e-05
  2.8459733e-06
  4.8229369e-05
 -4.2825770e-05
 -3.2794404e-05
 -6.3917205e-06
 -3.0089755e-05
 -5.5546927e-05
 -1.6124739e-05
  6.9565945e-06
 -2.8995906e-05
 -6.9424442e-07
  4.6366430e-04
 -2.7077253e-05
  5.3424878e-07
  1.2146528e-05
  2.4633138e-05
  2.6788644e-05
 -1.8988523e-05
 -5.5364353e-06
  2.5358273e-05
 -8.6772243e-06
  1.9721372e-06
  8.0478931e-06
  8.9488094e-06
 -2.4091748e-06
 -1.0599499e-05
 -3.8113485e-05
 -2.3543587e-05
 -9.5348405e-06
 -1.8882374e-05
  7.4985561e-05
  2.9319447e-06
  3.2369600e-05
  4.7608628e-06
  3.4455606e-01
 -6.8274534e-01
 -9.7777170e-01
  2.7163333e-01
  6.7083591e-01
  1.7358153e-01
  1.8148951e-01
 -4.4893512e-01
 -1.7403679e+00
 -4.4769213e-02
 -9.4614290e-03
 -6.5552306e-01
  2.0798634e-05
 -1.4038320e+00
 -2.7576765e-02
 -6.2565404e-01
 -2.3486857e-05
 -4.9702439e-06
 -3.6389425e-01
 -8.6127239e-01
  4.7664598e-06
 -5.9160338e-05
 -1.2818593e-06
 -1.2996784e-02
 -1.1000555e-01
 -2.0764893e-01
 -3.5989407e-04
 -2.4553887e-05
  1.3730200e-01
 -2.6333925e-01
 -1.5526513e-05
  2.2000715e-01
 -4.0977789e-05
  4.6776431e-06
  3.4390132e-06
  1.7416096e-04
  4.2949255e-06
 -4.7411992e-05
  1.2646805e-01
  2.0678448e-04
  5.3353915e-06
 -1.2788112e-05
 -8.1561793e-06
  5.0461656e-01
  1.3706847e-05
 -1.3151192e-06
 -2.0046218e-05
  3.8273418e-05
 -1.3478220e-06
  5.3843014e-06
 -1.6317634e-05
 -7.3125433e-05
  4.0504619e-06
 -2.2130293e-05
 -3.1517113e-05
 -1.0200657e-04
 -2.1054632e-06
 -6.3056302e-07
  1.2859069e-05
 -1.9843905e-05
 -1.7454422e-05
 -5.8137425e-06
  2.0213183e-05
 -1.1316675e-05
  6.6565949e-06
 -1.3198547e-06
 -1.3031218e-05
 -6.5391848e-04
 -1.0571986e-05
 -2.4950421e-05
  6.6904046e-05
  1.0918810e-05
 -1.9045798e-05
 -7.1169929e-06
 -6.2681402e-06
 -2.8754266e-05
 -5.4070686e-08
  5.1176910e-05
  1.0497591e-05
  1.8081962e-05
  1.7380225e-04
  1.3956817e-06
 -2.2984992e-05
 -5.5984369e-06
 -3.0405132e-05
 -4.2922744e-05
  3.1247491e-05
  3.3483871e-06
  2.5396195e-04
  6.9922876e-06
  2.5970163e+00
  6.1341435e-02
  9.7262824e-01
 -7.0178199e-01
  2.6452115e-01
  2.4848230e-01
  9.5050715e-02
 -7.2267139e-01
  4.0990639e-01
 -5.0939894e-01
 -4.0881908e-03
  1.3402721e-01
  1.5815169e-01
 -8.2947671e-01
  1.2574586e-01
  1.0894641e-01
  1.1940200e-01
 -1.9497485e-01
  9.8901741e-02
  4.0571642e-01
 -1.3642911e-06
 -4.0186337e-06
 -1.5734176e-05
 -9.5387620e-01
  9.1139629e-02
  7.5676857e-05
  5.8544189e-02
  1.0931901e-01
  1.1616705e-01
 -5.4868509e-05
 -2.9166970e-06
 -9.2046458e-01
 -5.4337295e-05
  4.4459242e-01
  1.5193726e-06
  4.0914925e-05
  2.6283738e-01
 -2.0718728e-01
 -3.3957840e-04
 -9.0216212e-03
 -1.0741316e+00
 -7.0715441e-06
 -2.3292569e-05
  4.9251440e-01
 -1.0970967e+00
 -3.2070373e-05
 -2.6835925e-05
  4.1495758e-04
  4.8146969e-01
 -2.3277508e-01
  1.1262600e-05
 -1.6460426e-05
 -9.9255660e-05
 -1.0592735e-05
 -1.5294972e-04
 -1.1683936e-01
 -1.3176865e-03
  1.2259485e-04
  6.9089889e-05
 -1.9707713e-01
 -2.2359173e+00
  1.5403000e+00
  2.7030969e+00
  2.9738448e+00
 -8.7476856e-01
  3.1959329e-02
  4.4331542e-01
  1.1950824e-01
  7.3296171e-01
 -7.1853176e-02
 -3.3363152e-01
  2.9957550e+00
  2.0917457e-01
  2.4447641e+00
 -4.9149832e-01
  7.3498982e-01
  1.2187620e+00
 -3.4236813e-01
  1.0571026e+00
  1.1999110e+00
 -1.4483097e-01
  1.2848294e-01
 -3.4629768e-01
  1.2676667e-06
  3.7518510e-04
 -2.3193663e-05
 -2.3260249e-01
  4.2096245e-01
 -4.4930094e-01
 -1.0256372e-02
  3.8393584e-05
  1.6309712e-05
 -1.5569723e-06
  2.9356703e-05
 -1.7711326e-06
 -4.4968230e-05
 -6.0927541e-06
 -9.4521411e-06
 -1.0695072e-06
 -1.6282407e-05
  1.4397893e-05
 -2.7569345e-06
 -3.8778949e-06
 -2.4981700e-05
  2.2276983e-05
  4.0708073e-06
 -5.6100314e-05
  1.8055429e-05
  1.7640814e-05
  4.5236706e-05
 -7.1838922e-06
  1.1788668e-05
 -3.9017723e-06
 -1.3695088e-06
  2.9960750e-06
  3.3725112e-06
 -7.7370933e-06
  1.7811984e-05
 -2.9815481e-05
  1.1506602e-06
 -4.4137827e-04
 -6.5131600e-05
  1.1247685e-04
 -1.2526927e+00
  5.5097759e-01
 -9.7186863e-02
 -1.0451697e+00
  6.6360552e-04
  3.0403933e-04
 -1.4366867e-05
  1.5659789e-07
  1.2314455e-01
 -1.8634133e-01
  1.7047891e-01
 -7.5649120e-07
 -3.6924700e-06
  1.6791282e-04
 -1.5469514e-03
 -7.3950988e-01
  8.7094784e-02
  5.9549857e-06
  2.7116938e-04
  1.1419020e-05
  1.1702542e-05
  9.4536575e-04
  9.9897756e-05
  3.1781346e-05
 -1.7166957e-06
 -3.5401845e-01
  7.4064851e-06
 -1.6550715e-01
 -1.0498071e-01
 -9.9244878e-02
 -7.0168358e-01
 -3.1632446e-02
 -1.2676908e+00
 -3.7454192e-02
  1.7980550e-01
  6.8144035e-01
  6.2606889e-01
  3.3004826e-01
  7.2170544e-01
  7.6444149e-02
 -7.3716098e-01
  3.8588727e-01
 -6.6162502e-05
 -9.0269171e-02
 -1.0313987e+00
 -1.8366338e-01
 -4.2959154e-01
 -1.1477011e-02
  3.3501732e-05
 -2.1133143e-01
  2.5578901e-01
 -1.9832534e-01
 -4.8797971e-01
 -3.1710750e-01
  7.8775221e-05
  1.2897344e+00
 -3.5577281e-03
  4.7851645e-05
  2.1826017e-01
 -7.6440469e-05
 -8.7210727e-05
 -2.0304084e-05
 -2.4754769e-01
  4.1975409e-06
  5.1712359e-05
 -6.1775747e-05
 -9.7805814e-06
 -6.4062900e-05
  2.0213936e-05
  3.0304403e-05
 -3.3541641e-01
 -1.7426015e-05
 -2.6043606e-06
 -1.0397602e-04
  6.1923696e-05
  9.9522695e-02
 -2.9657618e-05
  2.9421740e-06
 -8.0023556e-06
 -5.6368435e-06
 -1.0669395e-04
 -1.2653644e-05
 -1.9235604e-05
 -1.7296241e-05
 -1.3324869e-05
  2.3756917e-05
 -9.7320162e-06
  2.9523360e-06
  4.5635411e-06
 -4.6831559e-04
  5.8523983e-06
 -1.5891572e-05
  6.3006832e-05
 -2.8570630e-06
  3.4646884e-01
 -3.0547548e-05
  6.0380075e-06
 -8.7667231e-06
 -1.7675429e-06
 -4.7482408e-05
 -7.5606140e-04
  3.7067994e-06
  5.7518940e-07
 -1.6659977e-05
  1.0316559e-05
  9.1092143e-06
 -2.6597163e-05
  1.8084993e-05
  7.3080823e-06
 -4.4609419e-06
 -6.4631888e-05
 -9.4972725e-05
 -3.2547683e-05
 -2.5687236e-04
 -1.4569805e-05
 -2.7235653e-04
  9.0709063e-06
  3.4104842e-01
  2.5460407e-02
  4.8077150e-06
 -4.9988091e-01
  8.4439107e-06
 -1.9738982e-02
  3.2023001e-01
 -7.7497905e-01
  2.9864902e-02
  5.5077106e-01
  2.2257785e-01
  3.8718057e-04
 -1.0698561e-05
 -4.3583032e-01
  1.9800100e-03
 -1.7727064e-01
 -3.2735872e-04
 -2.6787564e-01
  1.5968436e+00
 -3.4443167e-01
 -1.6411957e-05
 -2.0465834e-06
 -3.8742121e-05
  1.7602008e-06
 -2.9760012e-03
 -7.1128219e-04
 -4.7269769e-02
 -7.7484292e-06
  6.2723786e-02
 -2.9272522e-05
  7.0519871e-01
  3.6108850e-06
 -9.6753676e-05
  1.5064582e+00
 -3.6972281e-01
 -3.8078310e-06
  6.2464374e-01
 -8.1044245e-01
 -8.2415808e-03
  4.0940675e-01
  1.6986431e-05
 -8.0124091e-06
 -2.7361831e-01
  5.4660374e-01
  6.8705648e-01
  1.2363549e+00
 -2.0110346e-03
 -1.4457888e-06
 -1.7102989e+00
  6.4098371e-05
 -4.6861692e-07
 -6.5702122e-01
 -1.1318752e+00
  1.4513282e-01
 -6.6589560e-06
 -3.7716690e-01
 -3.2385063e-01
 -1.1114754e-06
  1.3978928e-06
  5.1597661e-01
  9.7112727e-01
 -1.5146507e-05
  3.4412336e-01
  7.2370106e-01
 -6.7750221e-01
  8.9017012e-06
 -7.0317370e-01
  2.0802231e+00
 -2.0644085e+00
  1.7218769e+00
  4.9070165e-02
  7.5861812e-05
  5.5171782e-01
  1.8739941e+00
  7.1886563e-01
  4.9175623e-01
 -3.2912605e-04
 -6.6136108e-06
 -7.8358281e-01
 -2.8376755e-01
 -4.4245207e-06
  1.0573432e+00
 -5.1371580e-01
 -2.0189581e+00
 -7.0283959e-06
  5.5413699e-01
 -9.4695622e-01
 -1.9955373e-01
 -2.2465110e-01
 -6.2479901e-01
 -3.2486210e+00
  8.5943151e-01
  1.0410088e+00
 -6.6019106e-01
  2.7867132e-01
  6.3521424e-05
 -7.8656220e-01
 -1.5524430e+00
  7.2153699e-01
  8.3185101e-01
  6.6990703e-01
  1.6002324e-01
  8.1098107e-05
  8.4690073e-06
 -3.8488895e-05
  2.4727033e-05
 -2.9749069e-01
 -3.0665193e-04
  1.4409966e+00
 -1.7924813e+00
 -7.9952723e-01
  5.7361484e-01
  1.0944934e+00
  7.5902283e-02
 -3.2649148e-01
  7.0576733e-01
  3.1190777e-01
 -1.1499605e+00
 -2.0814156e-02
  5.2998352e-01
 -2.3854334e+00
  5.7979702e-04
  7.7800542e-01
 -1.6160659e+00
  1.0000838e+00
 -5.2750558e-01
  3.2207727e-01
  1.1280658e+00
  1.3720605e+00
  4.1235739e-01
 -4.1420761e-01
 -4.0380502e-01
  1.3590779e+00
 -2.2475939e+00
 -4.0638545e-03
  2.2720671e+00
 -1.0930229e+00
 -3.4368973e+00
  1.8349589e+00
  2.4770325e-01
 -8.1337768e-01
  1.3965795e+00
 -6.1057794e-01
  2.4881651e-01
  8.1448293e-01
 -2.5640467e-01
 -3.3438763e-01
  1.7493364e-01
  2.0344430e-01
  1.1689639e+00
 -9.3122512e-01
 -6.5943986e-01
 -2.6075933e-02
 -2.0000761e+00
  1.1952519e+00
 -8.4675509e-01
 -1.6872796e+00
 -1.8554288e-01
 -6.7406154e-01
  3.9615962e-01
 -1.1390626e+00
  2.5595361e-01
 -1.3185771e+00
  2.2603717e-01
  7.5684857e-01
 -6.6968656e-01
 -6.0823798e-02
  3.9530584e-01
  2.8009934e+00
  4.3724802e-01
  7.8447914e-01
  9.2543709e-01
 -1.4019324e-06
 -1.6342342e-06
  2.7249064e-07
 -3.8397154e-01
 -3.4691072e+00
 -1.5144774e-01
  1.5444766e-01
  2.6483345e-01
  9.5214921e-01
 -7.8760326e-07
 -1.4769486e-05
  3.1280472e-06
  1.3736168e-04
 -4.5101144e-03
  1.3152391e+00
  7.4397199e-02
 -4.8060119e-06
 -2.8394145e-01
 -1.2242143e-06
  2.2879842e-04
  3.1907592e-04
 -3.1159714e-01
 -3.0852440e-01
  1.6951844e-02
 -3.9239079e-05
  2.9874250e-01
 -1.6914465e-01
  7.7721861e-06
 -5.1460148e-07
 -8.5056796e-05
 -9.7378463e-01
 -2.6002145e+00
  6.0519224e-01
  5.7187490e-03
  5.8929437e-01
  2.5437728e-01
  4.8092770e-05
 -6.8638701e-07
  1.3530402e-05
  5.7559032e-02
 -2.2987902e-05
  2.1876764e+00
  1.4750059e+00
  4.5878986e-01
 -3.8658777e-01
  9.6762487e-05
  6.5965854e-05
  2.8588047e-06
 -2.9003313e-01
 -9.1417032e-01
  1.2263776e+00
 -9.2640437e-07
  4.5851371e-01
  1.2912855e-01
 -1.7092812e-05
 -3.2194953e-06
  5.9191450e-05
 -6.9392663e-01
 -3.3135171e+00
 -3.0773142e-01
 -7.0686780e-02
  1.4352903e-04
 -7.7057219e-01
  2.5299343e-04
 -6.1244746e-06
  6.9484793e-07
 -6.6685107e-06
  9.6105456e-02
  3.9304978e-01
  6.6337705e-01
  5.3353131e-01
  5.0033510e-01
  2.5437740e-04
  1.1570469e-04
 -5.9319409e-06
 -1.1465502e+00
 -2.2100558e+00
  1.6593459e+00
  8.2186353e-01
  1.7895350e+00
 -1.7157447e-01
 -1.4874446e+00
 -1.0512279e-01
 -9.4520175e-01
 -5.8292872e-01
 -1.4493284e-01
  1.1026754e+00
  9.5109746e-02
 -3.3901942e-01
 -8.9426261e-01
 -5.2569974e-02
 -8.9820259e-04
  2.8520819e-05
 -4.9308437e-04
 -4.3685527e-06
  2.3360391e-01
  4.1348240e-01
  2.4801549e-01
 -5.8143127e-01
  2.7449489e-05
  7.4264474e-02
 -7.2111446e-01
  3.9553681e-01
 -2.1093660e-05
 -5.6739163e-01
 -7.0298028e-01
  1.6198835e-01
 -1.0110879e+00
 -4.1762704e-01
 -7.7148780e-02
 -6.9675291e-01
 -1.3220615e+00
 -1.0499372e+00
 -6.7549163e-01
  1.4660203e-02
  7.9278958e-01
  1.4853904e+00
 -3.3885443e-01
 -5.6598318e-01
  1.0220323e+00
 -4.4705286e-03
 -1.7422938e-01
  2.1123817e+00
  1.4286749e+00
  8.1404710e-01
 -1.4516294e+00
  3.9398491e-02
  6.2907971e-02
  7.6154119e-01
  9.5569193e-01
  2.1836662e-01
  1.2873274e+00
 -2.6286188e-01
  1.4298530e+00
 -5.3054821e-01
 -7.3571622e-01
 -2.6884918e-05
 -3.8998502e-01
  1.4634639e+00
 -1.4374278e-02
  8.7168443e-01
 -1.0968155e-03
  1.5617911e-03
 -7.3888391e-02
 -2.8893012e-01
 -3.2639563e-01
  3.5022673e-01
 -7.5537890e-01
 -1.2139928e-01
  1.4329819e-01
  7.1524882e-01
  8.6897951e-01
  2.3891059e-01
 -1.0036010e+00
 -1.8931009e-01
  7.5888437e-01
 -1.2643893e-01
 -1.5811416e-04
  2.6517534e-01
  5.0148851e-01
  1.4658550e+00
 -6.7607665e-01
  1.3321466e+00
  2.0705729e+00
 -1.9007483e+00
  1.6435144e+00
  3.2624438e-01
 -1.5725024e+00
 -7.8002757e-01
  1.0879215e+00
  1.0467273e+00
 -6.6348211e-06
  1.0126414e-04
 -2.0477388e-02
  2.3699453e+00
 -9.7945776e-06
 -2.6870286e+00
  2.7446833e-01
  1.5343930e-01
 -7.2620440e-01
  3.9668378e-01
  3.7689444e-01
 -5.8636278e-02
 -2.2142549e+00
  1.9789110e-01
  3.0098656e-01
 -1.3359464e+00
 -4.5330984e-05
  3.8963920e-01
  1.2108839e-01
  7.0057207e-01
  3.1805921e-02
  2.1329255e+00
  1.9758855e+00
 -1.7285579e-01
  3.6774185e-01
  7.6900047e-01
 -7.3637229e-01
 -2.3700229e-06
  1.6210733e-02
  9.8657884e-02
  4.7979489e-01
  1.8068578e+00
 -1.1468357e+00
  1.9641440e+00
  2.9288328e-01
 -2.1543252e+00
  5.7998878e-01
 -6.6966210e-03
 -2.1436334e-01
 -3.8168725e-01
 -2.9347718e-01
 -1.7483941e+00
 -6.3999903e-01
  3.8053528e-05
 -5.9845781e-01
  7.5617993e-01
  2.7142549e+00
  7.0485938e-01
  7.8235254e-02
  9.7339767e-01
 -3.6811653e-01
 -2.1093211e+00
  7.0456856e-01
 -2.6754886e-02
  5.6778763e-06
  3.2296371e-01
 -7.8103405e-01
  1.3159533e+00
 -2.7095354e-01
  3.9843607e-01
 -2.2902633e-01
  1.5450662e-01
 -2.0641980e+00
 -1.3992177e-01
 -6.8172896e-01
 -1.4920979e+00
  1.1374112e+00
  1.4273317e+00
  1.2767776e+00
  8.5645401e-01
 -7.3014486e-01
  5.5879217e-01
 -1.1389956e+00
 -4.2579177e-01
  7.6101267e-01
 -1.5340892e+00
 -7.8851885e-01
 -2.5457969e-01
 -3.0746408e+00
 -6.6917139e-01
 -2.2468860e-01
 -2.4374868e-03
 -1.0350952e-01
 -6.4777043e-05
 -4.7409818e-01
 -1.2988249e-04
  1.2253798e+00
 -8.6882138e-01
 -2.5377898e-03
  1.5470053e+00
  1.1263782e-01
  9.6564539e-02
 -3.7914142e-01
  6.0187209e-01
  2.1603931e-01
 -7.1420217e-01
  2.1111777e+00
 -2.1081853e-01
 -1.2610272e+00
 -1.6196002e+00
 -2.8973246e-01
  1.1871929e+00
 -2.2695509e-03
 -1.8933390e+00
  1.4462812e+00
 -8.1573123e-01
 -3.3220508e+00
  1.1753365e+00
 -3.1568682e-01
 -4.0081128e-01
  2.1185209e-05
  3.0312425e-01
 -4.5214692e-01
  1.2365079e+00
  1.4488548e-01
  8.1212200e-02
  9.0507197e-01
 -5.2693874e-02
  1.2367624e-01
  3.6130187e-01
  6.4031744e-01
 -4.0201162e-06
 -1.4851751e+00
 -3.1415218e-01
 -6.3828498e-01
  3.1440929e-02
 -7.1440011e-01
 -1.1044833e-01
 -1.0064113e+00
 -1.3457683e+00
 -2.1603153e+00
 -1.2744403e+00
 -1.1511109e+00
 -4.3180197e-01
  1.7279285e+00
 -1.2707311e-01
 -7.1556920e-01
 -7.1434957e-01
 -1.4440742e+00
 -5.0434208e-01
 -1.3412567e+00
  7.4123651e-01
  4.3542159e-01
 -6.3200212e-01
 -3.1938481e-03
 -7.5410300e-01
  1.4143687e+00
 -9.9009776e-01
 -4.1270480e-01
  5.7500321e-01
  9.7900295e-01
  4.6944112e-01
 -7.3473424e-01
  8.3681771e-06
  8.1998724e-06
  1.9519417e-01
 -2.6131016e-01
 -2.4768492e-06
 -2.5065553e+00
 -3.1938720e-01
 -1.3716822e+00
 -7.0189583e-01
 -6.7927394e-05
 -1.0693122e-05
 -8.3189925e-06
  5.8430201e-06
  7.2463372e-05
 -6.5796003e-06
  9.0531921e-06
 -1.0283439e+00
 -1.5357652e-04
  3.2430728e-06
 -2.6433391e-04
  7.9785210e-01
 -3.6078424e-04
  2.4035885e-06
 -6.4442450e-01
  6.7784172e-01
  5.8107996e-01
 -1.3949460e+00
  1.1176758e-05
  1.0228749e-05
  5.6678141e-06
  7.7609536e-07
 -1.0064932e-04
  2.0562117e+00
 -9.6538979e-01
  6.5463996e-01
 -1.1564488e+00
 -3.2782177e-06
  4.5249553e-06
  3.4141120e-01
 -2.3477582e-02
 -7.3367692e-06
 -1.1256517e+00
  1.4242411e+00
 -3.4213547e-02
 -9.1660273e-01
 -5.2097062e-06
 -8.7542512e-06
  8.5620217e-02
 -2.8120605e-06
 -1.3125664e-05
 -1.2246070e+00
  7.5501335e-01
  9.4456947e-01
 -9.4203275e-01
  2.9269518e-06
  2.9185396e-05
  7.2335297e-01
 -1.1834697e-06
  8.3021505e-06
  3.7330663e-01
  1.9251704e-01
 -1.5604414e+00
 -1.2376504e+00
  2.3235907e-06
 -1.6340829e-05
  2.2738348e-01
 -6.0679897e-05
  1.0125234e-05
 -7.2868663e-01
  2.5983308e-02
 -3.7921786e-01
 -4.7717217e-02
  2.4401854e-05
 -2.8718619e-06
  5.7614434e-01
  5.6536455e-06
 -2.6882490e-06
  2.3192672e-01
  5.8891654e-01
  8.1413859e-01
 -3.9397204e-01
 -1.1247469e-04
 -8.8809317e-01
 -1.6490645e+00
 -7.0002541e-04
 -6.7656979e-06
 -2.7842859e-03
 -8.9952493e-01
  1.4194367e+00
  2.4974638e-01
  2.4422995e-06
 -1.2151333e-05
  3.4929756e-06
 -4.3096848e-06
  1.7504251e-06
 -4.3647660e-06
 -3.0308094e-05
  1.0704622e-01
  4.3181484e-05
 -1.1127721e-04
 -6.7920542e-01
 -1.0235720e+00
 -3.5190300e-05
  5.1783077e-06
 -3.6407971e-05
 -8.0384862e-01
  5.9814966e-01
 -1.2779707e+00
  2.0252239e-06
 -3.4598045e-02
 -3.9227426e-04
 -2.8359997e-05
  2.8042339e-05
 -6.5066621e-02
  2.9390520e-01
 -9.6928585e-01
 -1.2411010e+00
 -2.6460217e-05
 -2.2685614e-01
 -6.8648525e-02
 -3.9932670e-06
  2.5795946e-06
  7.0843532e-07
  1.0747758e-01
  4.2015842e-01
  1.5580705e+00
 -2.5208434e-05
 -4.1122177e-01
 -1.1642976e-01
  3.5693977e-06
 -2.7298189e-05
  5.5469468e-02
  5.8664179e-01
  2.3721535e+00
 -2.4596563e-01
 -1.7363043e-05
 -1.5853332e-04
  3.5319722e-01
 -3.2170788e-05
  2.0048954e-06
 -4.1240662e-01
  1.0776728e-01
  1.0132775e-01
 -8.0353510e-01
 -1.4967529e-05
 -4.6044371e-01
  4.5081019e-01
  1.2283797e-07
 -1.3653239e-06
  1.2135112e+00
 -4.6407047e-01
  3.7150735e-01
  4.9612296e-01
 -9.2471255e-06
 -9.5557883e-02
 -3.9843846e-02
 -6.7363458e-06
 -2.9732792e-07
 -3.5570914e-01
 -1.1466388e-01
 -5.4176128e-01
  5.9698957e-01
 -1.3945111e-06
 -4.8710031e-06
 -1.4933649e+00
 -5.0385004e-01
  4.9418453e-05
  1.0449657e+00
  2.0959835e-01
 -9.3240738e-01
 -7.0062655e-01
 -6.4276243e-08
  1.2187498e-06
  1.8524430e-06
 -5.0157796e-05
  2.7874070e-05
  1.8604386e+00
 -1.7558235e-05
  1.9167106e-05
  3.7405003e-05
  3.7566391e-05
 -5.9249182e-05
 -3.5919943e-01
 -3.3267140e-01
  8.4156127e-06
  3.2947335e-01
  1.1738587e-01
 -1.9239852e+00
 -6.3850683e-01
 -3.1426625e-06
 -9.0377898e-06
 -3.9807150e-01
 -4.6526078e-02
 -2.8596673e-07
 -3.2091260e-01
 -1.5758409e-01
  5.7355541e-01
 -7.8497678e-01
 -9.6212598e-06
 -2.1798480e-05
  1.6048938e-04
  5.7738955e-08
 -4.3509285e-06
 -9.8980069e-01
  4.4707087e-01
 -1.3402601e-01
 -1.6271485e+00
  9.7937473e-06
 -8.5637241e-04
 -1.9139746e-01
 -5.8375674e-01
 -1.1285510e-05
  1.3925093e-01
 -1.9937585e-01
  2.9093456e-01
 -1.0262178e+00
  1.1468101e-05
 -9.7969903e-05
  1.6061048e-01
  2.4461960e-06
 -5.7444381e-06
  1.4338074e+00
  2.2231129e-01
 -4.3412298e-02
 -1.3732662e+00
 -7.2734842e-06
  8.0070477e-06
 -3.1932482e-01
 -5.3242284e-01
  1.5836735e-05
  3.5337129e-01
  4.8269409e-01
 -1.7492912e+00
 -1.1602585e+00
 -7.2494680e-07
 -3.9859110e-06
  3.4193745e-01
 -5.8067117e-06
  2.7164840e-06
 -2.2221799e-01
  2.8798115e-01
  7.6802623e-01
 -5.4358304e-01
  1.5939891e-05
  9.9979050e-02
 -7.9974806e-01
 -1.0990092e-04
  2.1745103e-05
  6.0444891e-01
  8.1151867e-01
  8.9629722e-01
 -7.1471596e-01
 -2.1635815e-06
  1.6851121e-06
 -2.0164615e-07
 -9.2154642e-06
 -1.0920747e-06
 -2.2108610e-01
 -2.7228004e-06
  3.7760097e-01
 -7.6204466e-05
  1.7495902e-05
  9.4311677e-02
 -2.7070719e-01
  9.8138571e-07
  4.5197052e-05
 -1.5522796e+00
  5.7300013e-01
 -4.0944573e-01
 -9.9524224e-01
  1.6123146e-05
 -2.4987905e-05
 -3.2423279e-01
 -2.6587704e-05
  7.2433186e-06
  1.0328325e+00
 -1.5311827e-01
  7.1466386e-01
  8.3247429e-01
  4.1813946e-06
  3.3378896e-05
  1.1638085e-05
  7.8023322e-07
 -2.0217696e-05
  2.4427409e-05
  3.7953815e-01
  6.7073542e-01
  4.5110089e-01
 -9.0485364e-06
 -7.0196819e-07
 -1.0495100e-02
 -1.3679759e-05
  1.2495394e-05
 -1.8507571e+00
 -2.3805502e-01
  2.0725543e+00
 -7.2515704e-02
  6.3380012e-06
  1.2577939e-02
 -3.3395067e-01
 -1.6568584e-04
 -9.9802801e-06
 -1.9084290e+00
  3.6699823e-01
  1.4469219e+00
 -5.1364131e-02
  2.5027330e-04
  2.1170906e-06
 -3.7505645e-01
 -6.1819069e-06
 -9.5029891e-06
 -4.5821507e-02
  2.5309628e-01
 -1.2620263e-01
 -6.4441245e-03
 -2.1269441e-06
  3.8284285e-05
 -3.9187542e-01
 -2.1700573e-05
  2.4932458e-06
 -5.2398199e-01
  3.7826246e-01
 -3.7921661e-01
 -4.4544151e-01
 -7.7672667e-06
  2.6165059e-01
 -8.7235671e-01
  8.0419475e-01
  1.6877419e-05
 -1.3991960e+00
  1.0790716e+00
  7.6604015e-01
 -8.8577992e-01
  2.6259827e-06
  1.3315853e-05
 -5.1898201e-05
  7.2957773e-06
  1.3373603e-05
 -7.4657047e-01
  6.8749762e-01
 -1.4692141e+00
  1.4723044e-05
  3.4000518e-04
  1.8388093e-01
 -8.0072182e-01
  7.3660737e-01
 -1.4616536e-06
 -2.0056589e+00
 -1.4032985e-01
 -1.7910404e-02
  6.1285567e-01
  1.0676184e-05
  1.0284597e-05
 -8.8116831e-01
  3.5219836e-01
  3.8592152e-05
 -7.0788795e-01
  1.5529991e+00
 -3.6773568e-01
 -5.6651199e-01
  9.5557371e-05
  7.1323122e-04
  2.1300653e-05
  1.4517483e-05
 -4.9238638e-06
 -1.0564293e+00
 -6.3484178e-05
 -9.7832274e-01
  3.9608732e-01
  1.2139837e-05
  4.0481889e-05
 -3.9412874e-01
  8.6686534e-01
 -3.2611595e-06
  2.2242367e-01
  1.1350555e-01
  5.3690428e-01
 -5.0422501e-02
  3.1058484e-05
  9.0418407e-06
 -2.6841187e-01
 -2.9337357e-07
 -1.1914127e-06
 -1.9484615e-01
  2.1633108e+00
 -1.8471491e+00
  6.3960999e-01
  1.0479833e-05
  1.4203084e-03
 -7.9864538e-01
  4.2254820e-01
 -3.2243787e-07
 -1.0866090e-01
  1.1954763e-02
 -7.6742068e-02
 -3.3299616e-01
  7.5823887e-06
 -9.5363084e-06
 -2.3245065e-01
  5.2735996e-01
 -8.2410143e-06
  6.5725529e-01
  4.3447906e-01
 -5.6443053e-01
 -3.8344586e-01
  1.2413758e-02
  1.2413758e-02
  1.2413758e-02
  1.2413758e-02
  1.2413758e-02
  6.7241365e-01
  6.7241365e-01
  6.7241365e-01
  6.7241365e-01
  6.7241365e-01
  1.4738771e-01
  1.4738771e-01
  1.4738771e-01
  1.4738771e-01
  1.4738771e-01
  1.0924964e-01
  1.0924964e-01
  1.0924964e-01
  1.0924964e-01
  1.0924964e-01
  1.6452778e-02
  1.6452778e-02
  1.6452778e-02
  1.6452778e-02
  1.6452778e-02
  1.8038879e-01
  1.8038879e-01
  1.8038879e-01
  1.8038879e-01
  1.8038879e-01
