nep4 3 Ba Zr S 
cutoff 8 4 150 20
n_max 4 4
basis_size 8 8
l_max 4 2 0
ANN 30 0
 -2.8662276e-01
  1.9455348e-07
 -2.0361023e-05
 -2.2842760e-05
 -1.7686956e-01
  2.6646226e-06
 -9.8939896e-02
 -5.2114337e-05
  1.0587552e-06
  1.4695095e-02
 -8.1517028e-06
 -4.3491027e-06
 -9.6187196e-06
  4.2540887e-06
  1.4671340e-07
 -5.0473523e-06
 -2.0647761e-07
  1.5143564e-06
 -2.1521919e-06
 -3.9112382e-04
 -3.2965036e-05
 -6.5485669e-06
  8.7218186e-06
  9.0184585e-05
 -4.6714840e-07
 -2.9826768e-07
  1.4892365e-05
  2.6045818e-06
  9.4005230e-07
 -3.1980253e-06
  8.6638933e-01
 -1.0058300e-05
 -9.7428970e-02
  7.2608607e-05
 -8.0456471e-01
 -9.1189813e-06
  4.8250947e-02
  1.0870276e-03
 -4.4539902e-02
 -2.9737424e-02
 -2.4021871e-04
 -5.6761310e-06
  2.4794594e-05
 -5.4391690e-05
  1.3058482e-05
 -2.5818625e-05
 -7.2381728e-05
 -6.7481852e-07
  2.6168969e-05
  8.6446502e-04
 -1.0491266e-05
  1.0344693e-05
  6.5256616e-05
  1.1734895e-07
  1.6496322e-01
  9.5621172e-06
  1.7993747e-04
  2.0275704e-06
 -2.7656708e-06
 -1.6100995e-06
  3.1703216e-06
  6.2284373e-05
  1.2021264e-05
 -3.7187438e-06
 -3.0204728e-06
  9.2016562e-06
  5.5799624e-06
  6.4470200e-06
 -4.3968874e-05
 -7.2401799e-06
  6.0934970e-05
 -3.6867041e-06
  5.0448739e-06
 -1.5797148e-06
 -1.2186134e-05
  2.4026185e-05
  1.9349293e-04
 -4.6055902e-06
 -3.0661454e-06
  1.2455575e-05
  7.5208977e-06
  1.7906006e-05
 -5.7925200e-07
 -3.6365270e-06
 -8.6542639e-07
 -6.8527288e-06
  1.3628481e-05
  1.8047480e-05
 -4.9893538e-06
 -2.0705589e-05
  1.3776917e+00
 -1.1276771e-05
 -2.1515074e-01
 -4.3977548e-07
 -5.5226665e-02
 -5.0112165e-05
  3.9281638e-04
  5.9174776e-02
 -6.0729035e-05
 -6.5858918e-01
 -3.7629059e-06
 -9.5822666e-05
  1.0850633e-06
  2.8792374e-06
  1.7624799e-06
 -3.1458872e-04
 -1.3284100e-04
 -6.3381391e-05
  6.5453802e-05
  8.1649478e-06
  1.0657409e-05
  1.9193420e-05
  2.3912358e-05
  1.2277433e-06
  1.5055342e-01
 -1.1231715e-05
 -1.9121255e-06
 -9.3206500e-06
 -2.0658465e-06
  3.2634612e-06
 -2.3842023e-03
  4.3107952e-06
  3.5900786e-05
 -1.5570106e-06
  9.7907987e-06
 -4.7328919e-07
  1.6251777e-06
 -9.4646712e-06
 -1.1605083e-05
 -4.1177309e-06
 -8.7520505e-07
 -4.2878264e-06
 -1.3303929e-05
 -5.5990011e-05
 -1.1400731e-06
  6.5054104e-07
  8.0715608e-06
 -3.4601180e-07
 -8.4218918e-06
  1.7514898e-06
  2.7335007e-05
 -6.9705525e-06
 -8.6023483e-06
  3.6413808e-06
  9.2562710e-05
  3.2552157e-06
  3.7604611e-06
 -2.8107306e-06
 -2.8897712e-05
 -7.6232918e-06
 -6.5206568e-06
  3.8049238e-06
  6.0250186e-06
  9.0834982e-04
 -8.9100191e-05
 -3.2506134e-07
 -3.4007360e-06
 -1.8806290e-05
 -2.7471586e-05
  2.2467375e-05
 -5.3925942e-06
 -2.5217284e-06
 -4.4514422e-06
  1.1136419e-06
  3.3073190e-06
  8.4495900e-07
  5.0195763e-06
 -1.5871475e-06
  3.3854529e-05
 -1.9380755e-06
  1.3802737e-05
  3.0619362e-06
  2.1881556e-06
 -3.6701063e-06
 -6.0877210e-06
 -3.1410739e-06
 -3.2830303e-05
  1.2416992e-05
 -7.4331510e-06
 -5.1327884e-06
 -1.7619606e+00
 -3.0338117e-06
  2.3264149e-01
 -8.9806402e-01
  1.4834208e+00
  5.4673214e-02
  1.2767946e-03
  7.0492609e-04
  1.9734032e-01
  4.8029602e-02
 -4.6881560e-06
 -1.2706724e-03
 -1.3000303e-04
 -3.7975444e-06
 -2.9062357e-04
  5.6436010e-02
  1.3202986e-01
  4.3911478e-04
  2.3942889e-04
  1.1840294e-01
 -4.3421219e-06
 -1.7172977e-05
 -6.0976254e-06
 -2.9542325e-05
 -1.3429883e-01
  7.3970714e-06
  1.9488677e-06
 -3.3808061e-05
  1.3420685e-05
  4.1863368e-05
 -1.6561325e+00
  4.9863065e-06
  2.1469808e+00
 -1.6969215e+00
  1.3057508e+00
  1.5510224e-01
  2.5321254e-01
  3.3479968e-01
  5.8935565e-01
 -5.6216770e-01
 -1.7712220e-05
 -2.4653083e-02
 -1.6903841e-05
 -3.6962808e-06
 -1.4504206e-05
  2.4900441e-01
  2.0220599e-01
  1.1563840e-02
  5.8070633e-05
  2.5253993e-02
 -2.0644354e-04
 -3.5737372e-05
 -2.0159144e-02
 -1.9959484e-06
 -2.6611352e-01
 -1.0552173e-05
  4.0340421e-07
  2.6751937e-05
  9.2960559e-05
 -3.8680209e-06
  1.1952988e-01
  1.6861961e-05
 -2.5274783e-06
  2.3581331e-06
 -1.7702344e-04
 -4.2715394e-05
  6.9808331e-05
  1.0288205e-03
  1.9230341e-05
  1.9576330e-02
 -4.8383422e-06
  6.3380754e-09
  2.9686862e-06
 -7.6962215e-06
 -2.5007510e-04
 -1.2741132e-04
 -1.7871427e-04
  2.0410755e-05
  1.1729628e-04
  8.4880572e-03
 -2.5745078e-06
  4.4381397e-04
  1.8347264e-04
 -7.2371877e-05
  1.8635286e-02
  1.1174140e-05
 -1.9031514e-06
  6.3656457e-06
  1.4255076e-05
  2.0262245e-05
  4.8193023e-02
  1.3517619e-05
 -2.1653937e-06
 -7.5496471e-05
 -1.8119000e-02
 -4.2674455e-04
  2.7746788e-07
  9.1644833e-06
 -5.7893129e-07
 -1.0869987e-03
 -5.2794130e-06
  2.5621262e-07
  2.5516354e-05
 -5.4060329e-06
 -1.0158244e-05
 -5.6454993e-04
 -9.1306474e-06
  3.5637077e-06
  8.6658656e-06
 -9.1470683e-06
 -8.1821854e-06
 -7.7997493e-07
  3.7800830e-06
  4.0304289e-07
  1.7750025e-03
  1.7310484e-06
 -5.3934355e-06
 -7.2172588e-06
 -2.5472957e-05
 -1.1957723e-05
  1.2846131e-05
 -5.4094089e-06
  1.2975601e-05
 -5.5321548e-06
  8.2251718e-06
 -6.9015409e-06
 -5.2512728e-06
  5.1330961e-08
 -7.8719268e-06
 -5.8912542e-06
  7.4084860e-06
  1.3790808e-06
  7.2776975e-06
 -6.0465863e-06
  8.1881908e-06
 -2.0047371e-06
 -3.7568029e-06
 -1.7007742e-05
 -1.9828278e-06
  1.2488504e-05
  9.3333938e-06
 -8.7419094e-06
 -1.1636675e-05
  2.1684398e-06
 -1.6923719e-06
  1.0660800e-05
 -1.5224069e-05
  3.9826691e-06
 -7.0417418e-06
 -7.8830644e-06
  2.7938779e-06
 -1.5777919e-06
 -1.6175366e-06
  3.4189773e-06
  7.3566938e-05
 -3.5318558e-06
  7.9859083e-06
 -4.4423059e-06
 -8.6410682e-06
  8.1756043e-06
  1.1416472e-02
  5.4479819e-06
 -6.5628328e-06
  4.3615901e-06
  2.5917930e-06
  2.3639936e-05
 -1.5158509e-05
 -3.1917352e-05
 -1.3640496e-05
 -1.4845254e-05
 -7.9137214e-07
  1.3049316e-06
 -1.1040514e-05
  8.9128380e-06
  6.6640670e-05
  8.1501763e-05
  5.5257356e-06
 -1.3282757e-04
 -6.9926004e-06
 -6.9304183e-06
  2.8905848e-05
  3.6055582e-07
  4.8863509e-05
 -3.8185967e-06
  5.5612759e-06
  8.3869436e-06
 -5.2570822e-06
  3.9876190e-06
  2.7279930e-06
 -1.7636878e-06
 -6.8733734e-06
 -4.3795530e-06
 -5.2214832e-06
  5.2297901e-06
 -5.2573887e-06
 -9.3917146e-07
 -2.1125634e-06
  3.5292644e-05
 -3.4411795e-07
  1.5329747e-04
 -8.4979956e-07
  1.1465734e-05
 -4.0197682e-07
  1.0573994e-04
  1.4605696e-05
  7.1257382e-06
 -1.1094459e-04
  6.1784649e-06
 -1.4788486e-04
  1.9700610e-05
  5.4853601e-05
  7.2356488e-06
  7.0135953e-05
  7.6551680e-07
  3.8748487e-07
  1.7249420e-05
  1.2130416e-05
  1.4390533e-06
 -2.3751979e-06
  1.0199489e-07
 -1.9379613e-05
  3.6216112e-05
 -5.8506484e-05
  4.1964477e-06
  1.9931811e-07
 -6.9670941e-06
 -6.4369635e-07
  7.2191424e-06
 -3.3811289e-06
 -1.0033404e-05
  2.5779935e-05
 -5.5469786e-06
 -4.6609325e-06
  4.5233537e-06
 -5.5167525e-06
  9.8567834e-06
  1.3020157e-06
  2.5891848e-06
 -6.5677291e-08
  1.1162391e-05
  5.2276349e-01
  3.0016103e-01
 -1.1578691e-01
 -8.8736612e-01
 -6.5672612e-01
 -1.4839494e-02
  9.2200184e-01
  5.7380217e-01
 -3.5091412e-01
 -5.1089291e-02
 -2.8572538e-01
  1.1632270e-01
  1.5811758e-01
 -2.8261906e-01
  2.9733884e-01
 -6.6846174e-01
 -3.0921081e-01
  2.1329221e-01
 -1.5514194e-06
  4.6327707e-01
  2.6576787e-02
  1.8227862e-01
  4.0905106e-01
  1.8588664e-03
  1.0953871e+00
 -5.0920203e-06
 -4.6476716e-04
 -1.0048626e-05
 -4.7783582e-05
 -6.6001922e-02
  8.1247163e-06
 -2.1652431e-05
  9.7041930e-06
 -7.0682509e-06
  1.4633783e-05
 -1.1586463e-05
  1.1098751e-05
  8.7144335e-06
 -3.4702443e-05
 -5.1565253e-06
  1.1242286e-05
  2.6681892e-07
 -2.8911966e-06
 -3.3847691e-06
 -7.4849733e-05
  4.2264899e-05
  3.4037843e-05
 -7.1971053e-06
  4.4875133e-06
  1.7256489e-04
 -3.4073475e-06
  4.2661977e-06
 -3.4281081e-06
  1.9846562e-05
 -6.4883543e-06
 -9.9561265e-05
 -6.7154583e-06
 -1.3388121e-05
 -7.1690251e-06
  4.5931494e-05
 -8.6430282e-06
 -5.7408965e-06
 -4.3748114e-05
 -3.1669983e-06
  3.6148595e-07
 -3.5565638e-06
 -7.9295187e-06
 -1.4684502e-05
  3.3609033e-06
  1.5511719e-06
 -2.0258701e-06
 -2.9955594e-05
 -4.4538490e-07
 -1.2196789e-05
  1.2548066e-06
 -3.7321446e-05
  3.7722046e-07
 -9.1680004e-06
 -4.1416120e-06
  4.6540023e-05
  5.0286519e-07
 -1.3296512e-05
 -9.7732282e-06
  2.2031757e-06
 -1.3101558e-05
  7.6616952e-06
  8.7171838e-06
  2.4824194e-04
  6.7082686e-07
  2.3681687e-03
  3.4433201e-02
 -2.6655853e-06
 -6.3724082e-07
 -3.5833543e-06
 -4.2851287e-05
 -8.7557355e-06
  1.3559536e-06
  3.2438526e-05
 -1.1731341e-05
  1.7531725e-04
 -1.9219782e-05
  1.0350525e-05
 -5.7707141e-05
 -3.3537511e-04
 -7.2479836e-04
  6.7046954e-06
 -7.9653619e-06
 -2.3762950e-05
  7.0956914e-05
  1.5075430e-02
  3.5617691e-06
  6.6169001e-08
  5.5566517e-05
  1.0533442e-04
  2.5318022e-05
  1.2481474e-06
 -3.1429215e-06
 -3.3738292e-05
 -1.6941081e-05
 -1.4134705e-06
  3.1174477e-03
 -4.8312677e-06
 -9.5328716e-05
 -2.1535991e-05
 -1.5352030e-04
 -3.7542941e-05
  2.5636546e-06
 -3.2419753e-06
  1.8872022e-06
 -1.6551808e-06
  5.6688718e-06
  6.6880707e-06
  3.8447379e-06
  8.4270044e-07
 -3.2056803e-06
 -8.6150521e-06
 -7.8440777e-08
 -1.4328139e-06
  1.4521161e-06
 -2.2528049e-05
 -1.4412838e-04
 -6.0931702e-06
 -9.1874354e-06
 -1.6915312e-05
  9.5343130e-06
 -9.2971004e-06
  8.6265736e-06
  9.9726367e-06
  1.6932698e-05
  8.3805389e-06
 -2.4078460e+00
 -1.0622225e-05
  1.2845887e+00
  2.7058520e+00
  6.7733124e-02
  5.9339963e-04
 -3.7024748e-01
 -5.3521739e-03
  9.3082845e-04
  7.4330550e-01
  1.0931725e-01
 -3.2503179e-01
 -8.0107100e-02
  1.7074817e-05
 -1.0348450e-01
  1.1705903e-02
  7.0883639e-02
 -6.8642579e-02
  1.0744911e-05
 -2.6236793e-01
 -5.3327417e-06
 -2.1183183e-02
 -7.7850670e-02
 -2.2663706e-04
 -4.9605012e-01
 -1.3947343e-05
 -5.2643190e-07
  3.5398775e-06
  8.3855139e-06
  4.3885276e-04
  8.1976221e-05
 -5.6577410e-05
  6.9203852e-06
 -6.7844161e-07
  6.7061518e-07
  1.7569678e-07
  1.3242990e-06
  2.5694334e-07
 -9.2604756e-07
  9.6572294e-06
 -1.6285607e-05
 -3.0610329e-06
 -1.0030506e-05
  1.9393901e-05
  3.1350890e-05
  8.8506167e-06
 -4.6618746e-07
 -7.8814132e-08
  1.5518939e-05
 -2.4697698e-07
 -2.7897941e-05
  2.6170792e-05
  1.7082754e-04
  1.4046482e-06
  1.1410561e-05
 -1.4895674e-06
 -7.0080032e-06
  7.3744063e-06
 -1.4289074e-06
  4.2496308e-07
 -1.4039528e-04
 -4.8428296e-06
 -6.4955202e-06
 -2.9931909e-06
 -9.5588384e-06
 -3.5826997e-06
  9.3965161e-07
 -1.0518579e-05
 -9.9831677e-06
 -3.2081771e-06
  1.6077222e-05
 -7.4917634e-06
  8.5500687e-07
  2.4247740e-05
 -1.2193756e-05
 -6.4458391e-06
  1.6510745e-05
  1.2321091e-06
  2.4181156e-06
  5.6449126e-06
  1.3091337e-06
  7.5593832e-08
  9.4886735e-07
 -2.5938698e-06
  2.1336236e-05
 -1.6902570e-07
 -7.0593951e-06
 -2.3088136e-05
  3.8941912e-06
  2.9317428e-07
 -1.7821960e-05
 -6.0664106e-06
  2.1830949e-05
  1.8682284e-05
  3.2816956e-07
 -7.5408107e-06
  3.2935734e-06
  1.5311972e-03
 -2.4081818e-04
 -4.2290808e-06
 -7.0532582e-07
  2.0051371e-05
  1.1807882e-05
 -8.9058244e-07
  9.2104358e-07
  4.1329822e-06
  1.4976938e-05
 -1.3306230e-05
 -4.4936854e-08
  5.0813719e-07
  2.6047372e-05
  1.1391185e-05
 -1.9903443e-06
 -5.2746750e-06
  9.8125497e-07
  7.6820188e-06
 -3.5839118e-06
  1.5508974e-06
 -1.6435665e-06
 -1.1456778e-05
 -7.8916274e-02
  1.1426753e-06
  3.7554259e-04
 -2.5654467e-07
  9.6184798e-05
  3.2444370e-06
 -7.3106567e-05
 -1.0934743e-04
  9.3428658e-05
  3.6614085e-05
  1.6725629e-04
 -2.2201873e-05
  1.4349983e-04
  4.6888949e-06
  3.2620233e-06
 -2.7394753e-06
 -1.0757551e-04
  7.0333435e-06
  5.9948743e-06
  3.1472473e-06
  1.4108199e-05
 -9.6800341e-06
  3.8980379e-06
  2.5905024e-06
 -1.2688223e-05
 -4.0482715e-05
  1.5374340e-05
 -9.3561548e-06
  2.4890418e-05
  2.0113886e-05
  1.8815284e-04
  1.1205026e-05
  4.5117754e-06
  2.2853294e-06
 -8.9238813e-07
  3.1935047e-05
 -1.2879153e-05
  2.5528412e-05
 -1.4156048e-05
 -9.6015247e-06
  2.9429068e-06
  1.0204403e-05
  9.0144586e-06
  7.5668377e-06
  4.3398773e-06
  9.2634451e-07
  1.2576372e-05
 -2.9119246e-05
 -3.5806572e-06
  7.6632312e-04
  1.1091354e-06
 -5.9935960e-06
  3.7206954e-07
  1.3018239e-05
  1.6568540e-05
 -1.2619495e-05
  4.3177793e-06
 -1.3554316e-06
 -1.3776173e-04
  9.7988950e-06
  1.5821317e-05
 -1.2883900e-06
 -6.0808843e-06
  1.7838603e-06
  1.2825586e-05
  9.5167519e-07
  3.1158695e-06
  1.0857088e-05
  5.8987684e-06
 -1.3245807e-05
 -1.1651361e-05
 -6.8680961e-06
  7.7425454e-07
 -7.9220654e-06
  1.7103670e-06
 -1.0521950e-05
 -2.6816219e-06
  4.5944319e-07
  3.0239329e-05
  5.0173871e-06
 -4.5068632e-06
  2.0269226e-06
 -8.0838627e-06
 -1.8876104e-06
  9.1800723e-07
 -1.8031114e-06
 -1.1180423e-05
  2.6616387e-06
 -1.4065101e-05
  9.9457893e-06
  1.9022267e-03
 -4.8319652e-07
  7.3669499e-01
 -1.7293260e+00
  3.5151798e-01
 -1.3114509e-04
  8.6433010e-04
 -1.5714471e-05
  5.4234551e-06
  7.2209068e-02
 -6.4483058e-05
  5.2882682e-05
  8.1190949e-05
 -1.7331266e-05
 -1.8891391e-05
 -1.2499154e-06
 -6.0936873e-04
  7.0458766e-05
  5.4712086e-07
  1.4686066e-01
 -7.3049688e-07
  3.1463441e-04
  5.9547692e-05
 -1.0607340e-05
  4.3419645e-06
 -3.4990151e-07
  1.5455528e-06
 -1.0450343e-04
  2.8299263e-07
  1.1776466e-06
 -1.6350980e-04
  1.2550794e-05
  7.4283571e-06
 -2.7966459e-04
 -4.3985360e-06
  5.1761608e-06
 -6.4088325e-03
  8.4871972e-06
  6.2671920e-06
  1.6464639e-06
 -8.1459484e-07
  2.4205660e-06
 -6.2259539e-07
 -6.5358745e-06
 -3.8211706e-06
  2.2292515e-05
 -1.2766272e-05
 -1.5848456e-05
  4.4846229e-06
  2.4545454e-06
 -1.3924782e-05
 -5.8878038e-07
 -6.6850312e-06
 -1.0083503e-05
 -2.8179673e-05
 -1.7283576e-06
  9.0284931e-07
  8.0107102e-06
 -1.2883327e-06
 -7.9069563e-05
 -1.7715497e-04
 -3.7399886e-06
  1.3032513e-04
  5.9282051e-05
  3.1877502e-05
  1.0471496e-05
  2.4564711e-06
  3.6026120e-06
 -8.6133496e-06
  1.1054049e-01
  5.1451393e-04
 -2.6125826e-05
 -1.7106855e-05
 -3.3319800e-06
 -6.5041695e-06
 -1.2765024e-04
 -5.7021903e-06
 -1.1613045e-05
 -3.7737649e-05
 -6.5307877e-06
 -9.6628093e-05
  1.7508727e-06
 -1.3874741e-06
 -1.2145443e-05
 -5.6941108e-06
 -1.1716368e-05
 -1.5280703e-07
  2.4701083e-05
  5.6621711e-06
  5.9590020e-05
  6.4126991e-02
  2.1687260e-06
  3.6839151e-06
  4.4128719e-05
 -4.5424600e-05
 -5.1880024e-06
 -5.7107209e-06
  1.0808992e-05
  1.8648338e-06
 -4.4051696e-05
 -7.1429042e-07
  2.1956969e-04
 -9.9794979e-06
 -1.1451860e-05
 -3.7843827e-05
  2.7570666e-06
 -1.0477705e-05
  6.6452657e-07
  1.1279657e-06
  3.8639939e-04
 -7.3988303e-06
 -3.7173326e-05
 -2.0637929e-06
  8.8017645e-05
 -3.1200329e-06
  4.9677374e-06
 -5.2378905e-06
  7.5923839e-05
 -1.3379423e-06
  3.5659907e-06
  8.2800978e-01
  8.7326400e-02
  3.2160535e-06
 -2.5549917e-02
  6.3792268e-06
 -7.4665436e-06
  4.9307670e-02
 -4.8018461e-01
  6.6429369e-02
  1.1568705e+00
 -1.0835596e-06
 -4.0894388e-06
 -1.6628913e-06
 -1.5429394e-05
 -1.1749838e-01
 -4.5771167e-06
 -3.5955052e-06
  4.2575973e-01
  4.4810385e-04
 -1.4900935e-01
 -1.7360786e-04
 -4.0114523e-07
 -1.7078611e-01
 -4.9955094e-01
 -8.0492655e-06
 -5.5399227e-07
  6.6341639e-01
 -5.2627468e-01
 -1.0970587e-02
  6.0045880e-01
 -4.6252054e-01
  1.2061555e+00
 -5.5843038e-06
  1.2983890e+00
 -3.2858679e-05
  4.4359467e-06
 -1.6412593e+00
 -2.5658889e+00
  1.4752287e+00
  1.2962577e+00
  4.3645978e-06
  2.6064877e-06
  8.8511197e-06
  5.8459431e-02
  2.8167567e+00
 -1.1704367e-05
 -8.0668005e-06
  7.0289952e-01
  1.4559076e-04
 -3.1652219e+00
 -1.6371481e-04
 -1.7083792e-05
 -2.4173924e-05
 -7.3373830e-01
  3.1267213e-05
  4.5371238e-05
  1.2506559e+00
 -4.9719664e-01
 -4.6731523e-01
  8.1104696e-01
 -1.1759120e-06
  1.4883673e-05
 -5.5664182e-06
  1.7898439e-05
 -6.2668043e-01
 -3.0830433e-06
 -1.2730248e-06
 -7.9087539e-07
 -3.1272716e-06
  6.4602568e-06
 -7.2668004e-06
  1.3955962e-05
  9.7825966e-07
 -1.4317457e-05
  1.4729652e-05
  4.6913156e-06
  2.6868063e-05
  1.2421980e-06
 -1.0253950e-06
 -1.9680365e-06
 -1.6462940e-06
  6.0716088e-06
  1.5769243e-05
  1.2978983e-04
  1.5964679e-06
 -2.0888650e-05
  1.1503651e-05
 -3.9719916e-06
 -1.7092771e-05
 -5.5672808e-05
 -1.8326947e-01
  1.7499331e+00
  2.2640736e+00
 -5.3739657e+00
  2.5500879e+00
  3.2971099e-02
 -1.2872393e-02
  2.8266162e-02
 -1.5377805e-01
 -1.8470360e-01
 -2.4466816e-01
  1.1146033e-01
  1.0115833e+00
  6.6380757e-01
  4.6489622e-05
 -1.3041280e-01
 -3.8983580e-04
 -3.6301419e-01
  9.3731254e-02
 -1.8092830e-01
  6.1950076e-02
  1.1995414e-05
 -2.8941068e-03
  6.1729300e-04
  1.7648640e-01
  2.1345541e-04
 -1.0984625e-04
 -1.2016574e-04
  7.5529068e-04
  3.0920055e-04
  1.2881564e+00
 -7.7363884e-01
  9.2070043e-02
 -4.6832073e-01
 -5.6949699e-05
 -3.5289738e-01
  3.8984432e-05
  2.3260298e-01
  3.4692121e-06
 -8.4330522e-06
  6.5524086e-06
 -7.7367386e-06
 -7.5077114e-04
  8.3259312e-07
  1.0569910e-06
  3.9144165e-06
 -1.0064435e-01
  3.9115199e-01
  7.9037055e-02
 -2.9362416e-01
  1.1731803e-03
  9.3922472e-06
  8.0580458e-06
  4.3556147e-06
 -2.3619618e-02
  2.0351212e-05
  1.7454391e-05
 -1.8625617e-06
  1.5813217e-04
  2.1631340e-05
 -7.1409781e-06
  1.0954534e-01
 -2.3852888e-05
  2.9925106e-04
 -9.5210144e-06
 -3.4184850e-05
  1.7406203e-08
 -2.1116052e-06
  6.4517786e-05
  1.9214010e-06
 -4.9959253e-06
 -5.8576586e-07
 -8.8160512e-08
  4.1139519e-04
 -7.9684050e-08
  4.3737477e-05
 -9.8163928e-06
 -1.1094527e-02
  1.7159531e-06
 -4.4524379e-05
 -2.5688646e-06
 -1.0706575e-06
  6.1276592e-07
  2.8820324e-01
  2.8633127e-02
  1.3322734e-06
 -2.5052877e-06
 -4.1218701e-07
  8.7012277e-06
  4.6732381e-05
 -7.0020392e-06
 -6.4283597e-01
 -1.3013586e-04
 -7.5193241e-02
  2.0130692e-01
 -2.0889193e-01
  3.6223748e-06
  3.6354233e-02
  1.0081135e-05
  8.5297518e-04
 -9.8805984e-05
 -2.6629139e-05
 -4.1777163e-04
  6.9430889e-06
 -9.8405864e-05
  8.5662017e-05
 -3.9386359e-04
  5.3434586e-04
  1.0774705e+00
  2.4738397e-02
 -5.2624298e-05
  2.0222801e-06
 -9.5880054e-02
 -1.2698163e-01
 -2.2751795e-01
  1.4272155e-04
 -4.0103485e-05
 -3.7652429e-05
  1.0118545e-06
 -2.9749959e-05
  4.7238547e-04
  2.3181338e+00
 -1.6416898e-01
 -3.3179703e-01
  3.2823002e-01
 -3.3636010e-01
  1.9558130e-02
 -9.1865929e-03
 -2.3958052e-03
  5.9695053e-01
  4.7996044e-01
  7.7423163e-02
  7.4150383e-02
 -2.4458917e-04
  5.4348558e-01
  2.4128239e-01
  2.5791079e-01
 -3.8080680e-01
 -3.6471570e-01
  5.0276303e-01
 -8.1595160e-02
 -1.6728189e-05
  1.0000014e+00
 -8.8491682e-03
  9.1628778e-01
 -4.6524501e-06
  9.9154622e-06
  6.8001032e-06
 -1.4646219e-05
 -4.5821293e-06
  8.7472827e-06
  1.1561071e-05
  5.3585713e-06
 -5.2821670e-06
  6.6709064e-05
  6.0535358e-06
  6.3756147e-07
  1.2406952e-06
  2.0285490e-06
  6.3193202e-06
  9.6607641e-07
 -1.0662761e-05
  1.3319452e-05
  1.7672611e-06
  1.1773222e-05
 -2.0213223e-07
  1.1571216e-05
 -1.6828688e-05
  5.7668699e-06
  3.3440874e-06
 -6.6079616e-07
 -4.2300228e-05
  7.2846319e-06
  1.6415896e-06
  7.1995731e-07
 -2.5171671e-06
 -6.9381695e-06
 -1.0524191e-05
  1.8979516e-06
  6.4962978e-06
  1.2078561e+00
 -1.1276125e+00
  6.1062735e-01
 -7.6961631e-01
  7.8689140e-01
 -7.8931479e-03
 -6.7953942e-03
  1.0831417e-01
 -3.5791549e-01
 -7.5498813e-01
 -6.9077849e-01
 -1.8689088e-05
 -1.8807465e-01
 -6.1233945e-02
 -2.0917861e-01
 -6.3766754e-01
 -2.8967220e-01
 -1.1251017e+00
 -2.3951113e-02
 -3.2166323e-01
  4.4175914e-01
  1.8630375e-05
 -4.4223827e-01
  1.6820423e-03
  4.9219463e-02
  5.0845870e-07
 -2.5054223e-06
 -4.6109212e-06
  3.5351247e-06
  2.8012759e-05
 -1.2390144e-06
 -9.0908458e-08
 -3.6729657e-06
  8.4522107e-06
  2.4907860e-05
  2.2712661e-06
  3.6258486e-06
 -7.7512759e-06
 -1.1949467e-05
 -3.5508447e-06
 -8.7094289e-05
  2.1811416e-06
 -3.5391409e-07
 -3.5107874e-05
 -1.1121778e-06
 -1.4870289e-05
  3.7736929e-06
  7.1942937e-05
 -1.7097427e-05
 -8.6410591e-06
  6.3422731e-06
 -2.5242714e-05
 -1.3099910e-06
  7.5706880e-06
 -3.7946447e-06
  3.7847926e-06
 -3.5525852e-06
 -8.8844399e-06
  5.2524876e-05
  2.9961254e-06
 -1.2271629e-05
  2.0550762e-05
 -7.6804399e-06
 -5.8584915e-06
  1.4535050e-06
 -2.5069496e-06
  9.5284076e-06
  8.4264238e-06
 -1.6603419e-06
 -1.0271647e-05
  4.4047051e-06
  1.7474636e-05
  4.8613383e-06
  4.4367025e-06
 -2.1195806e-06
 -6.5120585e-06
 -1.5286883e-05
  1.2328051e-05
 -1.2419067e-05
  1.2425882e-05
  2.5046864e-05
  7.0005808e-06
 -5.3416288e-06
 -2.3048890e-06
  6.0878375e-07
  8.0751875e-07
  1.9492091e-04
 -2.1665661e-05
  4.8630022e-06
  3.1029281e-06
 -8.3242136e-01
  2.6851990e+00
  5.8048266e-01
  1.0025801e-05
 -3.7890159e-02
  5.0941771e-01
  5.5666927e-02
 -3.0181997e-03
 -4.7841060e-01
 -2.5695858e-03
 -1.4214185e-06
  8.8442675e-06
  2.5719716e-04
 -2.3455274e-05
 -1.7015451e-05
  7.3950241e-07
  2.7814645e-01
  3.0408671e-01
  4.8580641e-04
  7.4620026e-01
 -1.7286431e-05
  1.4008884e-06
  6.5854472e-01
 -7.0352781e-01
  1.6231680e-01
 -9.4164479e-06
 -1.1127783e-04
 -3.0459276e-07
 -4.9749037e-06
 -2.4002002e-05
 -7.1335430e-06
  2.8058184e-06
  3.1395414e-06
  3.5132664e-06
 -4.8662205e-06
 -3.7212556e-06
 -5.1466854e-05
  4.9798732e-06
 -1.1264423e-05
  1.0128232e-05
  2.3544382e-05
  5.9859194e-06
  1.2142683e-06
  2.6706106e-05
 -6.3831487e-07
 -4.5324432e-06
 -4.6645465e-07
  6.7436035e-06
 -2.1907676e-05
 -1.6543772e-06
 -8.9130381e-06
 -2.1481112e-05
  2.0888949e-05
  4.5936613e-05
  1.1050139e-06
 -1.8937416e-06
  8.3234618e-06
  4.4077992e-06
 -3.8378062e-06
 -6.2830709e-06
  6.7114802e-06
 -6.9570515e-06
  7.6345605e-06
 -2.3208579e-05
 -3.7175168e-06
  7.7785198e-06
 -3.5569486e-05
 -8.6882501e-06
  1.2217337e-05
  7.6312072e-06
  1.8330393e-05
  3.2413023e-09
  3.3958338e-06
 -1.3930921e-05
  1.5660939e-05
  2.7249538e-05
 -2.0805188e-05
 -3.6013214e-06
 -7.1097888e-06
 -9.5795008e-07
  1.4903597e-05
  2.4081751e-06
 -4.4837084e-06
 -2.2941699e-06
  3.7902289e-05
 -2.9839242e-05
 -1.3347939e-04
  1.8014689e-05
  9.7464308e-06
 -1.1710687e-05
  7.7854302e-06
  2.2843737e-05
 -7.3251617e-06
  7.5039068e-05
 -2.2988904e-06
  2.2299242e-05
 -2.2018461e-05
  1.8044252e-06
 -3.3244460e-06
 -1.7558262e-06
  5.1596412e-06
  1.4161189e-04
 -5.2563132e-06
 -8.7273902e-06
  3.1868651e-05
 -2.0249558e-06
 -3.1533615e-05
 -6.7814863e-06
 -9.2182117e-06
 -5.6126300e-06
  1.5693346e-05
 -9.7713491e-06
 -1.7734112e-05
 -1.6481561e-05
  3.9304036e-06
  5.2271440e-04
  1.0029389e-05
 -1.1847885e-06
  9.3246894e-07
  6.6226841e-07
  4.8266259e-01
 -8.8380896e-02
 -1.3144823e-02
 -6.7533503e-05
 -5.1941413e-02
  7.2929877e-05
 -6.6443076e-06
  1.3883891e-05
 -2.4368580e-04
  1.4712077e-05
 -3.5449734e-06
 -9.1779038e-06
 -3.0298720e-06
  1.3224176e-06
 -5.9670770e-06
 -1.2580425e-06
 -4.0524996e-05
  1.3289617e-04
 -3.8592043e-05
 -9.8860642e-07
  7.5594185e-06
  2.5874031e-06
 -5.6946596e-05
  1.0251178e-05
 -1.6525325e-04
 -3.0731971e-05
  3.3372913e-08
 -2.0170442e-05
 -1.0212484e-06
  2.4086054e-05
  9.3645439e-04
  9.0906019e-07
 -1.0538723e-05
  9.7837422e-08
  3.1591335e-05
  1.0708526e-04
 -2.5216888e-05
  1.9216086e-05
 -1.2897627e-05
  3.3916053e-06
 -9.2117580e-06
 -1.0867264e-04
 -3.2012892e-07
  2.6279404e-05
 -2.6586063e-06
 -8.0178179e-06
  1.5211322e-06
 -7.4252239e-06
 -6.9984726e-06
  2.2889931e-06
 -1.6863867e-05
  9.8537248e-06
 -2.1498295e-06
  1.7142688e-06
  1.1201546e-06
 -1.1780199e-05
 -1.0892371e-05
 -2.3887839e-04
  1.0344012e-05
 -1.3693815e-05
  4.9803433e-01
 -1.6838430e+00
 -3.3376526e-02
  5.3242403e-01
 -6.0924757e-01
 -3.4162974e-01
  1.0684645e-01
 -2.4190657e-01
 -7.1082748e-02
 -1.3515718e-01
 -7.2832346e-01
 -7.4437972e-05
 -1.0880952e-04
 -6.0870038e-06
 -4.7308022e-01
 -1.6954038e-02
 -1.8071550e-01
  2.7115068e-01
  1.2030289e+00
 -1.1316356e-01
  1.2030347e-01
  1.0569633e-05
 -5.9393447e-02
  7.2843826e-04
 -3.2324132e-01
  6.9019552e-05
  8.6216123e-06
 -3.8060738e-05
  2.9154625e-03
  3.7546837e-04
 -6.8225578e-05
 -2.5706806e-05
  1.7643781e-05
  5.7726029e-06
  6.2900926e-06
 -8.0027576e-06
 -9.6845451e-06
  1.1442437e-05
  1.1209048e-05
 -5.2367392e-05
 -1.2779802e-04
  2.8592397e-06
 -2.1458482e-06
 -6.8988020e-06
  9.1919019e-06
 -1.3815677e-04
 -9.1519250e-06
  5.0261137e-06
  9.4825255e-06
  1.6807109e-05
 -6.0484658e-06
  2.6303784e-05
  2.3225255e-06
 -1.7470580e-04
 -1.0929660e-05
 -2.0566278e-05
 -8.8493198e-06
  8.9994264e-06
  7.4965654e-05
 -2.1241906e-06
 -1.9968982e-06
 -9.8646376e-07
  1.9742616e-05
  6.6300681e-06
 -8.5066318e-07
 -7.4138814e-05
  1.0811016e-06
  2.2459086e-05
  6.0218412e-07
  1.1124546e-05
 -2.3271996e-06
 -3.4846798e-05
  5.6522458e-06
 -5.7382140e-06
 -7.8082849e-06
  1.1290342e-05
  1.4646440e-05
  1.6869039e-06
  6.6803764e-06
 -1.0310763e-05
  4.5293723e-06
 -2.9133584e-05
 -7.8303111e-07
 -8.8136185e-06
  4.4883825e-07
  3.3646745e-06
 -1.6919348e-05
 -9.3051212e-06
 -8.9162941e-06
 -3.2898856e-06
  3.7184283e-05
 -4.3910154e-06
 -4.9411647e-02
 -1.0079887e-06
  1.5235105e-05
  2.4922729e-05
  6.8194245e-06
 -3.8983435e-06
  6.2520936e-05
 -7.2186494e-06
  7.9971112e-05
 -2.3107845e-05
 -3.0563391e-05
 -2.4145324e-06
  7.8981873e-07
  2.6776988e-04
  3.5642661e-05
 -1.1433163e-05
 -9.1903494e-06
 -5.3617718e-05
 -5.0983808e-06
 -2.3322941e-07
  4.2983651e-04
  1.5779749e-05
 -1.5800623e-06
  8.2388242e-06
  9.9374469e-05
 -2.0023772e-05
 -1.0425541e-04
  1.3106941e-05
 -2.0831865e-06
 -1.8262789e-06
 -1.3607696e-05
 -6.2212297e-05
  3.0729236e-06
 -1.7764864e-05
 -1.2496462e-05
 -2.1635324e-05
 -2.0742062e-05
 -4.5972001e-06
 -2.0002066e-05
  8.0678828e-06
  1.3504724e-06
 -9.6423191e-06
 -6.6554472e-05
  8.9140958e-06
  6.6298460e-05
  8.1549015e-06
 -9.6210744e-05
  5.7504549e-06
 -3.6922623e-07
 -1.6518820e-07
 -2.9354519e-06
 -1.7450855e-05
 -9.0122441e-05
 -6.2394752e-06
 -3.0028293e-06
  3.3842575e-06
 -2.1605412e-05
 -1.4136062e-05
 -1.0175169e-01
  4.0481672e-01
  2.2270773e-05
  1.3479092e-06
 -2.7055964e-01
 -9.3422505e-06
  7.7951758e-04
 -3.6573816e-05
 -1.1653636e-05
  2.2462862e-05
  6.1518307e-07
  4.1537645e-05
  1.2301665e-04
  3.8542894e-05
  8.1529770e-06
 -3.1470914e-05
  7.8593957e-06
 -1.1238661e-06
  3.2208459e-07
 -8.9118912e-06
 -5.2563710e-06
  2.0785829e-04
  1.7729559e-05
 -1.2188908e-06
  1.1027631e-05
 -4.6241769e-07
 -1.2076859e-05
 -1.0300706e-05
 -3.8516596e-06
 -1.7220149e-05
  9.4392881e-08
 -3.6169151e-06
  1.4407233e-06
 -4.2178931e-06
  8.1298040e-06
  1.3153717e-05
 -1.6512884e-05
 -6.4037386e-06
  2.7537093e-04
  4.0841055e-06
 -9.4515315e-07
  2.7753970e-06
 -2.0004923e-05
  7.9182755e-06
 -6.7351948e-06
 -1.1963445e-05
 -2.0049417e-06
  3.9644769e-06
 -3.9987426e-06
  1.4691102e-05
  1.3374964e-05
  1.1225942e-05
  2.6281861e-05
 -2.2693588e-05
  5.1629809e-06
 -5.6301968e-05
  2.2279999e-06
 -1.9243875e-05
 -4.9730163e-05
  1.3067037e-05
  3.7510310e-06
 -9.3370354e-06
 -1.2080126e-06
 -1.0058243e-06
  1.7996476e-04
 -6.8610489e-06
 -1.4692060e-05
 -3.8182225e-06
 -1.3654402e-06
 -3.9374318e-06
  1.0786710e-05
  2.7353738e-06
  5.2886986e-05
  8.8016977e-06
  6.2781264e-06
  1.1844360e-06
 -2.4552310e-05
 -1.2050818e-05
  1.9351261e-05
 -2.1978940e-05
 -3.2388863e-07
 -3.6743386e-05
 -2.6831095e-04
  1.0756789e-05
 -3.7907292e-05
  6.4954365e-06
 -1.8496552e-06
 -8.2088955e-06
 -1.9912502e-04
  8.4421281e-06
  6.4393282e-02
 -1.0005267e+00
 -4.3509982e-04
 -7.0463790e-04
 -8.2037342e-01
 -6.0904707e-04
 -3.5969879e-05
  2.8092676e-01
  1.2437015e-05
  4.8720703e-04
 -1.2052029e-04
 -4.0186591e-05
 -1.5034499e-04
 -1.7440723e-05
  3.2390821e-05
 -8.7715889e-06
 -4.6706688e-02
 -3.6331999e-01
 -9.1269654e-01
 -2.9674836e-02
  5.5999089e-06
 -4.1421035e-06
 -3.9218774e-01
 -1.5177364e-04
 -3.6823079e-01
 -9.8549151e-07
  3.2424439e-06
 -2.0074660e-06
  2.3419884e-06
  6.4086462e-06
  2.1950611e-06
 -1.4303344e-05
 -1.3683133e-05
 -2.8197496e-06
 -1.4989033e-05
  3.8562198e-06
 -4.5433462e-06
 -5.3018804e-05
  1.3259582e-05
  7.1678171e-04
  1.6042697e-05
  7.4399072e-06
  8.0955479e-06
  1.9478446e-06
  1.5651563e-05
 -4.2148429e-05
 -2.1623055e-06
  1.2799181e-05
 -5.8272744e-06
 -1.1184216e-05
  1.6919917e-05
  1.4428756e-06
 -1.4733132e-05
  6.7602773e-06
  9.5304756e-08
 -3.8516041e-06
 -9.4192779e-05
  1.6019487e-05
 -3.7257694e-06
  1.6029600e-04
  2.4420596e-04
 -4.9167161e-06
  1.1319529e-06
  3.7207724e-06
  3.1209634e-06
  7.1926502e-07
 -1.2937490e-05
  4.9993865e-05
  1.1829554e-05
 -9.7611737e-06
  1.0804639e-07
 -1.2755567e-05
  4.7195463e-06
 -3.2086482e-05
 -1.7001639e-05
 -2.2365598e-06
  1.3118716e-04
 -1.3001678e-05
  5.9688100e-05
 -1.4173237e-06
  9.7152206e-06
 -2.6555963e-06
 -3.2850534e-05
  1.3557682e-06
 -1.9360909e-06
  9.1487591e-06
 -6.0020125e-06
 -1.7155730e-04
  9.0049507e-06
 -2.0787397e-06
  1.5737866e+00
 -1.7657131e+00
  3.4952649e-01
  9.3187404e-01
 -8.7163337e-02
  3.2802409e-01
 -4.0032338e-02
  3.8106474e-01
 -1.8888987e-03
  5.2795805e-02
 -7.0974624e-01
  1.0716257e-05
 -5.3789890e-01
 -1.6147837e-01
 -9.4706506e-01
 -5.1582637e-03
 -5.6335843e-01
  2.5169153e-04
  1.3336740e-02
 -5.6556616e-02
  2.7026635e-01
  1.5134768e-06
 -9.9577856e-01
 -1.3507640e-02
 -6.9197856e-02
  1.6421641e-04
  1.8458447e-06
 -6.0762377e-05
  4.7622693e-06
  4.5449872e-04
  9.5130658e-01
  3.3932953e+00
  9.3216068e-01
 -2.8679156e+00
  3.6506884e+00
 -2.6579738e-01
 -4.5243659e-04
  1.2291020e+00
 -1.7104763e-01
 -4.6899977e-01
 -6.4675176e-01
  1.8322442e-03
 -3.8928744e-01
  4.7412589e-01
 -3.0212381e-01
 -3.5780141e-01
 -2.0663718e-02
  7.3682117e-01
  1.5868932e-01
  3.3653882e-01
 -1.0997926e+00
 -3.0307221e-05
 -2.3629759e-02
  1.9156076e+00
 -9.0559907e-02
  7.0227124e-02
  2.2862559e-06
 -8.8984169e-05
  3.8030794e-01
  2.1287838e-01
  1.4573671e-05
  7.8639505e-06
  3.0577812e-05
 -8.9356936e-06
  2.0784482e-05
 -2.3621303e-06
  2.1013439e-05
 -1.0188394e-06
  8.3102423e-06
 -1.2868119e-05
 -2.7109794e-05
 -1.0487498e-05
 -2.1691373e-04
  7.9184438e-06
  4.1626258e-06
  2.7792300e-06
  5.0952040e-06
 -2.8274724e-06
  1.2077878e-05
  3.0167988e-07
 -9.0098065e-06
  3.3623641e-05
  2.3079837e-04
  2.1646001e-05
 -5.6461108e-06
  8.8264496e-06
 -1.3755143e-05
 -1.7293365e-05
  4.3014047e-06
  3.7655097e-06
  1.2319024e-05
 -2.5233779e-02
  2.3573598e-01
 -9.3816382e-01
  3.3554992e-01
  5.6805557e-01
 -6.7515073e-05
  6.4394766e-01
 -3.8812998e-01
 -1.0753103e-05
  6.2986368e-01
 -4.3099853e-06
  6.1131323e-06
 -6.0458669e-06
  2.2724190e-01
  1.3017845e-05
 -3.6374521e-01
 -2.2661212e-05
 -5.7672637e-06
 -5.5662280e-01
  8.4866413e-05
 -8.9606328e-06
 -5.3701995e-05
  1.4855656e-05
 -2.1069248e-01
 -2.3059228e-04
 -8.5948426e-07
 -2.7111343e-01
 -3.2373539e-01
  1.2912636e-04
 -5.7170964e-06
 -3.0697386e+00
 -1.3293172e+00
  1.0255647e+00
 -1.0311195e+00
  2.0259306e+00
  3.9760863e-07
 -2.0136385e+00
  2.0308146e-06
  5.0274471e-06
  1.5484844e+00
 -1.3358242e-06
  1.4937494e-06
  2.1492031e-06
 -5.0199562e-01
 -2.2648452e-02
 -2.2956436e+00
  1.2403571e-04
 -4.4116991e-06
  6.7137825e-01
 -3.7870599e-05
 -7.3139968e-06
  1.4501763e-05
 -4.0558493e-06
 -1.1532483e+00
  5.5148808e-05
  2.7954631e-05
 -3.1523452e+00
 -3.5245626e+00
 -1.5618571e-05
 -3.6215133e-05
 -6.4262176e-01
 -3.7633855e-02
  1.0196135e-04
  9.6727651e-01
  1.2069308e-04
 -8.5447073e-06
  1.3891737e-01
 -4.6850890e-02
 -1.7484780e-01
  6.2778122e-07
 -5.4344698e-04
  1.5341678e-06
 -8.0192852e-01
 -1.0907500e-01
 -4.6417304e-06
  4.9306070e-03
 -7.6687858e-05
  1.2237172e+00
 -5.8444526e-05
 -2.0380905e-05
 -4.5379744e-05
  7.7325160e-07
 -8.4608467e-04
  9.8849705e-05
 -1.2685050e-06
  9.1488924e-05
  1.8209670e-06
 -2.4902612e-05
  1.0453683e-04
 -1.0980887e-04
  1.4969432e-05
 -1.7176275e-05
  5.9653125e-06
 -1.0576733e-06
 -2.5769281e-05
 -1.9144265e-05
  7.2292755e-06
  2.5817808e-05
 -8.0348927e-06
 -4.1883904e-06
  1.9018403e-06
 -1.0987798e-05
  1.4187704e-05
  8.5487807e-07
 -4.0085374e-06
 -8.9120367e-06
 -2.7407254e-05
 -1.0023074e-05
  2.7148359e-05
  2.8926221e-05
  1.3337601e-06
 -2.2133722e-04
  2.1412627e-05
 -5.4870619e-05
 -8.5447864e-06
 -3.5969999e-06
 -2.4604390e-04
  1.4187925e-04
 -6.1459680e-08
  8.9839150e-06
  1.0844600e-04
  1.8063659e-04
  1.5794108e-06
  4.5794764e-06
 -2.5388223e-01
 -1.7051300e-01
 -1.2354225e-02
 -9.6403921e-05
 -2.3262668e-05
 -1.2728665e-02
  9.8563305e-06
 -6.3623767e-05
  3.3263765e-02
  3.8811203e-07
 -3.7413720e-05
  3.0840838e-05
 -1.6538177e-05
 -8.6155433e-06
  1.2987073e-05
  1.7357759e-04
  7.6283554e-06
 -5.0364069e-05
 -1.7592067e-06
  4.3826559e-04
  8.1161081e-05
 -3.4038521e-08
 -1.2567439e-05
 -6.9643538e-05
  2.5377974e-05
 -2.4348351e-06
  6.7909062e-01
  5.1020664e-01
 -2.8378439e-01
 -2.3589936e-01
 -3.5410944e-01
 -2.2812681e-01
 -4.9443304e-04
  3.8817421e-02
  1.1239572e+00
  5.3069372e-02
  9.2792916e-06
 -1.2560788e-04
  7.6354909e-01
  1.0346763e+00
 -7.1825634e-05
  2.6399855e-04
 -2.2277654e-04
 -1.4860444e-01
  1.0030276e+00
 -2.2702438e-06
  9.2433896e-07
  6.1741162e-07
  3.1370469e-06
  4.8100464e-02
  1.9172169e-01
 -4.4496062e-07
  2.0557179e-04
 -1.3179998e-06
  2.9770723e-01
 -4.2060611e-01
  4.0905631e-01
 -5.0918188e-05
  5.8371407e-01
  5.5440958e-04
 -4.2570105e-01
  8.2446492e-01
  2.1838614e-01
  6.8955731e-01
 -1.0759505e+00
 -5.1819468e-01
  2.2900873e-01
 -3.1529992e-06
  3.3011004e-01
 -6.1900018e-06
 -3.2025209e-04
 -1.2790976e-04
  7.2244904e-03
 -5.4639179e-01
  3.3296829e-01
 -1.6567948e-05
 -5.4664361e-07
  3.0034458e-05
 -8.0356222e-06
 -2.7100281e-03
  6.8129498e-06
 -1.2155388e-01
 -1.2288793e-05
  3.8307906e-05
 -3.9365640e-04
  4.1490461e-05
  9.8347493e-07
  2.4983412e-05
 -6.7067167e-06
 -2.2814393e-05
  9.4163261e-05
 -3.2243861e-05
  2.3482601e-06
 -4.4111199e-05
  1.4116487e-05
  6.3090556e-07
  8.3506706e-07
  1.2383625e-05
  1.4296894e-06
  9.2727851e-06
 -2.4132467e-05
 -3.5858995e-06
  4.1344947e-06
  2.2100678e-05
 -2.0243194e-06
 -7.5438809e-05
 -2.6015992e-05
 -2.8879717e-06
  7.8861422e-06
 -1.3533557e-05
 -8.2057664e-07
 -1.6625492e-05
  2.3241695e-05
 -1.0475459e-04
  3.3691911e-05
 -4.6402594e-01
 -3.5018948e-01
 -1.6643255e-05
 -4.3543114e-06
  2.6608256e-01
  1.6394928e-01
 -6.9835228e-01
 -6.4609152e-01
  6.7138851e-01
  3.9734960e-02
  7.5332631e-05
 -1.1138947e-06
 -1.3586333e-06
 -3.0201349e-02
 -1.0843268e-02
 -4.4051767e-06
  1.8646003e-06
  2.0096116e-04
 -1.8625481e-01
  8.5181528e-06
 -8.8550609e-05
 -2.6518967e-06
  2.7388165e-05
 -2.5126386e-05
  6.2473314e-06
  5.6569379e-06
 -1.2687183e-05
  1.3178062e-04
  1.9800329e-05
 -2.0857775e-05
  2.3502588e+00
  6.1730587e-01
 -6.4467669e-01
 -1.7595968e+00
  3.6198182e+00
 -4.0662870e-01
 -8.3588727e-02
 -5.5351295e-02
  3.6772645e-01
  2.1615666e-01
  2.0020109e-01
  4.3122432e-01
 -2.7236965e-01
  9.2571902e-01
  6.6061795e-01
  2.5583425e-01
 -3.1627927e+00
 -5.0913680e-01
  3.3979174e-01
  3.6638391e-01
  3.0273420e-01
 -5.1176317e-05
  3.6845884e-01
  9.3081516e-01
  3.4349467e-04
 -1.0763600e-05
 -6.5389946e-02
 -2.2369500e-01
 -8.3338016e-01
  2.2618685e-06
 -4.6253848e-01
 -1.4033625e+00
 -5.3177631e-01
  1.0642848e+00
 -5.7314318e-02
 -6.0386765e-03
 -2.5398307e-02
 -4.6748158e-02
  1.3555773e+00
 -4.0953782e-01
 -5.0990349e-01
  2.3401225e+00
 -3.7068197e-01
  4.1054276e-01
 -3.6874148e-01
  4.0096026e-02
 -4.9285969e-01
 -2.1091960e-01
  6.7324638e-02
 -6.6412401e-01
 -1.7939726e+00
  4.7987559e-01
 -1.3488990e+00
 -1.3614548e+00
 -1.1347268e+00
 -2.0828456e-05
 -4.0108016e-01
  1.5332942e-02
 -8.8700294e-01
  3.9386845e-01
  1.1856604e+00
  1.7229060e-02
  1.5146079e-02
  1.4096305e+00
  1.2843950e+00
 -6.3423193e-01
  3.0360925e-01
  2.4774328e-01
 -4.0771315e-01
  2.9608652e-02
 -4.9510282e-02
  1.0736721e+00
  3.1054908e-01
 -1.2835457e+00
  1.9958995e-01
 -1.8333493e-01
  6.2509000e-01
 -7.8825749e-02
 -7.9053569e-01
  9.2333186e-01
  1.4225376e-01
 -3.4360048e-01
  1.1426281e-02
  1.3950433e-01
  8.7114215e-01
 -2.9054492e-05
  5.7713300e-01
 -8.7341964e-02
  9.0924263e-02
  2.8953918e-06
  1.0460822e-04
 -2.2983750e-06
  4.2627362e-06
 -6.6090361e-05
 -7.1794466e-06
 -6.5304803e-06
 -5.6416971e-05
 -3.0781741e-06
 -1.2077537e-05
  2.8158940e-05
 -8.5921776e-05
  8.2816778e-06
 -3.5658555e-05
 -3.4071143e-06
 -1.3186873e-05
  1.8191207e-03
  5.7998391e-06
  5.3062136e-06
 -5.6552526e-06
  4.2732063e-06
  1.4330084e-05
 -5.2291307e-06
  1.0956509e-05
  7.2995094e-06
  4.8865122e-06
  2.7278222e-05
  8.3174946e-06
  2.4277644e-05
 -7.2688167e-06
  1.8212062e-04
  2.4956034e-06
  1.7037765e-06
 -6.8825229e-06
 -2.1624233e-05
  5.0630092e-06
 -4.9389823e-06
  3.0150918e-06
  6.6948021e-05
 -5.2350470e-06
  1.0135269e-05
 -5.9316803e-06
  3.5777558e-07
  4.5644952e-05
 -3.3634497e-06
  4.2723119e-07
  1.6732863e-06
  1.1966239e-05
 -6.2426684e-06
 -2.6038959e-05
 -8.5566016e-06
  9.5254272e-06
  1.0511755e-07
  5.3530644e-06
  6.2115910e-06
 -3.6609199e-05
  6.7528840e-06
  1.2507544e-05
 -8.3127386e-05
 -3.5205991e-05
  7.4230343e-06
  8.6015396e-02
  9.0299904e-01
  2.1711279e-04
 -3.8233370e-01
  2.5135676e-05
 -3.3959555e-03
  4.9116821e-05
  3.5032590e-05
  1.7147975e-04
 -8.3111983e-05
 -7.6793097e-02
 -1.0336577e-04
  8.5908212e-02
 -3.9106598e-01
  1.7775017e-01
  2.6638936e-05
  3.2413085e-05
 -1.6567567e-03
  6.7924392e-01
  1.8047227e-04
 -4.5131532e-07
  7.3096613e-05
 -6.6121761e-06
 -1.6413856e-05
  1.0883200e-04
  1.1391704e-05
  1.6368243e-05
 -1.7871685e-05
 -6.8657678e-06
  2.6524529e-05
  2.4554801e-01
 -7.5069201e-01
  6.2580234e-01
  2.2865152e+00
  1.4231713e-01
  1.0594521e-01
  5.8817115e-02
 -9.4057274e-01
  7.8719801e-01
 -5.0301068e-02
  1.4615282e+00
  1.9451350e-01
 -7.7640432e-01
  1.6636934e+00
 -5.9175942e-02
 -3.4503371e-01
 -1.2357072e-01
  4.6943223e-01
  7.5438523e-01
 -1.3336740e+00
  4.8920768e-01
  6.9584548e-06
  1.7941599e-01
  5.3130306e-02
  1.4615771e-06
 -5.0729662e-01
  2.9167232e-01
 -6.7831552e-01
  2.9371133e-02
 -3.0931330e-01
 -4.3842673e-02
 -3.9646772e-01
 -8.8427288e-07
 -6.0413295e-01
  2.4816492e-01
 -4.5499516e-01
 -3.1694284e-01
  9.0376735e-01
  3.0122198e-02
  2.0772111e-02
  5.5877282e-03
 -1.1760215e-04
  3.3451084e-03
 -4.4313377e-01
  9.3276100e-03
  3.3384442e-01
  7.6097897e-03
 -1.7267177e-05
  1.5213447e+00
  8.5951787e-01
 -2.0244020e-06
 -5.0181960e-04
  9.5608681e-05
  3.1956699e-06
  1.0927788e-01
  2.6343893e-02
  1.1998512e-04
  1.1606176e-05
 -3.7546654e-04
  1.3365491e-02
 -2.4534645e-05
  3.9833930e-01
  8.1690364e-02
 -4.9484926e-01
 -1.7949206e-01
 -6.6181310e-05
 -3.0969374e-02
 -1.7364107e-02
  1.8470389e-05
  7.2786427e-01
  2.1168886e-01
 -3.1286629e-05
  8.3735040e-06
  5.3452432e-01
  1.0496095e+00
 -5.3951180e-07
  5.5711302e-05
 -6.9677648e-05
 -5.1325715e-01
  7.6582782e-02
 -2.1593668e-04
  2.7757294e-06
  1.3276850e-04
 -4.5355006e-07
  5.2500374e-05
  2.6944144e-05
  8.8412620e-05
 -9.1017901e-06
  3.4715889e-05
  1.0854735e-05
  2.5393615e-06
  3.9151673e-06
  1.2217274e-06
  2.4878538e-05
  5.3766366e-06
  7.3592646e-06
  8.0396586e-07
 -2.4596941e-06
  2.0653613e-05
  2.4172864e-06
 -1.5434100e-05
  9.2153385e-08
 -5.5668228e-05
  3.0645713e-06
 -5.2544824e-06
  6.4631153e-05
 -9.8441551e-06
  3.7473354e-05
  5.2997784e-06
  5.8654919e-06
  1.5482821e-05
 -2.0823200e-05
 -3.4969491e-06
  1.3001801e-05
 -3.6937428e-05
  2.4200284e-05
  1.8687632e-06
  8.7207917e-07
 -4.0912812e-05
 -4.2525803e-06
 -6.3737766e-06
 -1.0142700e-05
  2.7006477e-05
 -9.7071479e-06
  8.3840305e-06
  1.9291931e-06
 -1.5038752e-06
  4.6366430e-04
  2.1876180e-05
  8.8029919e-06
  1.2147088e-05
  2.4874700e-05
  1.2688112e-05
 -1.0220653e-04
 -5.5908208e-06
  2.5234462e-05
 -1.8393634e-05
  2.0374221e-06
  2.1458203e-05
 -3.5652047e-04
 -3.0397172e-05
 -6.2365675e-06
 -2.6107988e-05
 -2.2840513e-05
  3.3570982e-06
  3.7789363e-05
  1.6860531e-05
  3.2532480e-05
  3.4613200e-05
  5.3449326e-06
  3.4455606e-01
 -6.8274534e-01
 -9.7777170e-01
  2.7163333e-01
  6.7083591e-01
  1.7358153e-01
  1.8148953e-01
 -4.4893512e-01
 -1.7403679e+00
 -4.4769213e-02
 -9.4609447e-03
 -6.5552306e-01
  2.0811236e-05
 -1.4038320e+00
 -2.7576350e-02
 -6.2565404e-01
 -2.3486873e-05
 -4.8030347e-06
 -3.6389425e-01
 -8.6127239e-01
  4.7571634e-06
 -5.8724239e-05
 -1.3477676e-06
 -1.2996784e-02
 -1.1000522e-01
 -2.0764866e-01
 -3.5985527e-04
 -2.4552270e-05
  1.3730200e-01
 -2.6333925e-01
 -1.5725131e-05
  2.2000715e-01
 -4.1030144e-05
  4.6721052e-06
  3.1022219e-06
  1.7383478e-04
  4.4192820e-06
 -4.7657602e-05
  1.2646762e-01
  2.0641786e-04
  5.5052865e-06
 -1.2791473e-05
 -7.7698814e-06
  5.0461656e-01
  1.3636999e-05
 -2.6195594e-06
 -2.0070473e-05
  3.9861843e-05
 -1.3477538e-06
  5.7206512e-06
 -1.8604887e-05
 -7.3160831e-05
  7.8217927e-06
 -2.2001837e-05
 -3.1517098e-05
 -1.0198879e-04
 -2.1025814e-06
 -1.5876833e-06
  1.2855266e-05
 -1.9832682e-05
 -1.2360182e-05
  1.5286603e-05
  1.8904779e-05
 -1.1140221e-05
  7.2219691e-06
 -4.0395330e-06
  5.2231912e-06
 -6.7668024e-04
 -6.2739909e-06
  1.8123626e-05
  4.2392308e-05
  1.1561915e-05
 -1.2103715e-06
 -8.8682855e-06
 -5.4066318e-06
 -2.8755159e-05
  2.3206756e-08
  4.6913501e-06
  2.3703713e-05
  3.4085829e-06
  1.7368076e-04
  5.2467167e-06
  2.4036049e-06
 -5.2348951e-06
 -6.8497143e-06
 -3.2741278e-05
 -1.4005263e-05
  2.4366230e-04
  2.6124637e-04
 -2.2236802e-05
  2.5970163e+00
  6.1341435e-02
  9.7262824e-01
 -7.0178199e-01
  2.6452115e-01
  2.4848223e-01
  9.5050715e-02
 -7.2267139e-01
  4.0990639e-01
 -5.0939894e-01
 -4.0881908e-03
  1.3402721e-01
  1.5815169e-01
 -8.2947671e-01
  1.2574588e-01
  1.0894641e-01
  1.1940200e-01
 -1.9497485e-01
  9.8901741e-02
  4.0571642e-01
 -1.3344589e-06
 -4.0192813e-06
 -1.5494859e-05
 -9.5387620e-01
  9.1140129e-02
  7.5671604e-05
  5.8544293e-02
  1.0931901e-01
  1.1616705e-01
 -5.4897326e-05
 -3.1925490e-06
 -9.2046458e-01
 -5.4332886e-05
  4.4459242e-01
  1.5173594e-06
  4.0665858e-05
  2.6283756e-01
 -2.0718728e-01
 -3.3956999e-04
 -9.0216324e-03
 -1.0741316e+00
 -7.0723422e-06
 -2.3243099e-05
  4.9251440e-01
 -1.0970967e+00
 -3.1332624e-05
 -2.6686763e-05
  4.1479131e-04
  4.8146954e-01
 -2.3277520e-01
  1.1101941e-05
 -1.6459364e-05
 -9.9284443e-05
 -1.0626180e-05
 -1.5111883e-04
 -1.1683924e-01
 -1.3173566e-03
  1.2097696e-04
  6.9109497e-05
 -1.9707713e-01
 -2.2359173e+00
  1.5403000e+00
  2.7030969e+00
  2.9738448e+00
 -8.7476856e-01
  3.1959321e-02
  4.4331539e-01
  1.1950801e-01
  7.3296171e-01
 -7.1853340e-02
 -3.3363152e-01
  2.9957550e+00
  2.0917460e-01
  2.4447641e+00
 -4.9149832e-01
  7.3498982e-01
  1.2187620e+00
 -3.4236813e-01
  1.0571026e+00
  1.1999110e+00
 -1.4483090e-01
  1.2848300e-01
 -3.4629771e-01
  1.2679303e-06
  3.7518522e-04
 -2.3341143e-05
 -2.3260249e-01
  4.2096245e-01
 -4.4930094e-01
 -1.0256762e-02
  8.1917469e-06
  1.6302325e-05
 -9.9633576e-07
  2.9379289e-05
 -2.2897223e-06
 -4.4962057e-05
  2.4432875e-06
 -1.3585667e-05
 -3.0983330e-05
  1.5499194e-05
  1.5854213e-06
 -5.8456044e-06
 -2.5146328e-06
 -6.3712898e-05
  3.5286962e-06
  3.8939597e-05
  1.9943654e-05
  2.2058233e-05
  1.6774156e-05
 -2.0041054e-05
 -1.0006611e-05
  9.8106584e-06
 -4.0647733e-06
  2.2338168e-06
  2.2502556e-05
  2.5323710e-05
  2.4402905e-05
  1.3616115e-04
 -2.8576340e-05
 -6.3066059e-06
 -4.4137659e-04
 -6.5130662e-05
  1.1238786e-04
 -1.2526927e+00
  5.5097759e-01
 -9.7186863e-02
 -1.0451697e+00
  6.6387624e-04
  3.0403939e-04
 -1.4367946e-05
  2.5553362e-07
  1.2314455e-01
 -1.8634133e-01
  1.7047891e-01
 -6.6805404e-07
 -3.5483092e-06
  1.6838255e-04
 -1.5467985e-03
 -7.3950988e-01
  8.7094165e-02
  5.3025838e-06
  2.7115733e-04
  7.1016648e-06
  1.1786822e-05
  9.4094616e-04
  9.9899240e-05
  3.1781743e-05
 -2.0710927e-06
 -3.5401845e-01
  7.6498645e-06
 -1.6550715e-01
 -1.0498071e-01
 -9.9244870e-02
 -7.0168358e-01
 -3.1632446e-02
 -1.2676908e+00
 -3.7454192e-02
  1.7980550e-01
  6.8144035e-01
  6.2606889e-01
  3.3004820e-01
  7.2170544e-01
  7.6444156e-02
 -7.3716098e-01
  3.8588727e-01
 -6.5814820e-05
 -9.0269171e-02
 -1.0313987e+00
 -1.8366338e-01
 -4.2959154e-01
 -1.1477010e-02
  3.3482935e-05
 -2.1133177e-01
  2.5578901e-01
 -1.9832534e-01
 -4.8798013e-01
 -3.1710750e-01
  7.8768870e-05
  1.2897344e+00
 -3.5587370e-03
  4.7884729e-05
  2.1826017e-01
 -7.6425131e-05
 -8.7191962e-05
 -2.0304085e-05
 -2.4754812e-01
  4.1867461e-06
  5.1711097e-05
 -6.2078296e-05
 -9.7814718e-06
 -6.4039297e-05
  2.0264079e-05
  3.0121759e-05
 -3.3541641e-01
 -1.7408140e-05
 -2.5959494e-06
 -1.0397175e-04
  6.2040119e-05
  9.9522695e-02
 -2.9502811e-05
  3.8759090e-06
 -7.7873829e-06
 -5.6474919e-06
 -1.0679758e-04
 -1.1971378e-05
 -1.8904988e-05
 -1.7900160e-05
 -1.3324642e-05
  2.3946937e-05
 -7.7019231e-06
  2.8377763e-06
  4.3858136e-06
 -4.6838063e-04
  5.8759142e-06
 -1.5891113e-05
  6.3817417e-05
 -2.9607158e-06
  3.4646884e-01
 -3.0539824e-05
  6.5269496e-06
 -9.1302609e-06
 -1.4267285e-06
 -4.7482048e-05
 -7.5606274e-04
  3.7143268e-06
  6.1792332e-07
 -1.6712042e-05
  9.6226913e-06
  9.0068497e-06
 -2.7181319e-05
  1.9284947e-05
  5.8463024e-06
 -4.7576718e-06
 -6.4503787e-05
 -9.4739720e-05
 -3.3055792e-05
 -2.5683167e-04
 -1.4545116e-05
 -2.7243132e-04
  7.4455520e-06
  3.4104842e-01
  2.5460411e-02
  4.8164870e-06
 -4.9988091e-01
  8.4439298e-06
 -1.9738389e-02
  3.2023001e-01
 -7.7497905e-01
  2.9864904e-02
  5.5077106e-01
  2.2257790e-01
  3.8718345e-04
 -1.0698361e-05
 -4.3583032e-01
  1.9800100e-03
 -1.7727064e-01
 -3.2744999e-04
 -2.6787585e-01
  1.5968436e+00
 -3.4443170e-01
 -1.6412076e-05
 -1.9774752e-06
 -3.8739152e-05
  1.8366910e-06
 -2.9758895e-03
 -7.1129302e-04
 -4.7269799e-02
 -7.5278581e-06
  6.2723786e-02
 -2.9271669e-05
  7.0519871e-01
  5.9087424e-06
 -9.6753422e-05
  1.5064582e+00
 -3.6972281e-01
  1.4104939e-05
  6.2464374e-01
 -8.1044245e-01
 -8.2415817e-03
  4.0940675e-01
  1.6979724e-05
 -8.1406160e-06
 -2.7361831e-01
  5.4660374e-01
  6.8705648e-01
  1.2363549e+00
 -2.0508140e-03
  8.2836891e-07
 -1.7102989e+00
  6.4098371e-05
 -6.5647555e-06
 -6.5702122e-01
 -1.1318752e+00
  1.4513282e-01
  1.9722902e-05
 -3.7716690e-01
 -3.2385063e-01
 -1.1121377e-06
  1.4003269e-06
  5.1597661e-01
  9.7112727e-01
 -1.4871438e-05
  3.4412318e-01
  7.2370106e-01
 -6.7750221e-01
  8.9219038e-06
 -7.0317370e-01
  2.0802231e+00
 -2.0644085e+00
  1.7218769e+00
  4.9068775e-02
  8.4119165e-05
  5.5171782e-01
  1.8739941e+00
  7.1886563e-01
  4.9175623e-01
 -3.2903353e-04
  1.0874592e-05
 -7.8358281e-01
 -2.8376755e-01
 -1.0758659e-05
  1.0573432e+00
 -5.1371580e-01
 -2.0189581e+00
  1.3862624e-05
  5.5413699e-01
 -9.4695622e-01
 -1.9955373e-01
 -2.2465150e-01
 -6.2479901e-01
 -3.2486210e+00
  8.5943151e-01
  1.0410088e+00
 -6.6019106e-01
  2.7867132e-01
  6.3465937e-05
 -7.8656220e-01
 -1.5524430e+00
  7.2153699e-01
  8.3185101e-01
  6.6990703e-01
  1.6002327e-01
  8.1100312e-05
  8.4697895e-06
 -3.8282895e-05
  2.4722063e-05
 -2.9749069e-01
 -3.0665004e-04
  1.4409966e+00
 -1.7924813e+00
 -7.9952723e-01
  5.7361484e-01
  1.0944934e+00
  7.5902283e-02
 -3.2649148e-01
  7.0576733e-01
  3.1190777e-01
 -1.1499605e+00
 -2.0814156e-02
  5.2998352e-01
 -2.3854334e+00
  5.7979702e-04
  7.7800542e-01
 -1.6160659e+00
  1.0000838e+00
 -5.2750558e-01
  3.2207727e-01
  1.1280658e+00
  1.3720605e+00
  4.1235739e-01
 -4.1420761e-01
 -4.0380487e-01
  1.3590779e+00
 -2.2475939e+00
 -4.0638545e-03
  2.2720671e+00
 -1.0930229e+00
 -3.4368973e+00
  1.8349589e+00
  2.4770325e-01
 -8.1337768e-01
  1.3965795e+00
 -6.1057794e-01
  2.4881651e-01
  8.1448293e-01
 -2.5640467e-01
 -3.3438763e-01
  1.7493364e-01
  2.0344430e-01
  1.1689639e+00
 -9.3122512e-01
 -6.5943986e-01
 -2.6075933e-02
 -2.0000761e+00
  1.1952519e+00
 -8.4675509e-01
 -1.6872796e+00
 -1.8554288e-01
 -6.7406154e-01
  3.9615962e-01
 -1.1390626e+00
  2.5595361e-01
 -1.3185771e+00
  2.2603717e-01
  7.5684857e-01
 -6.6968656e-01
 -6.0823798e-02
  3.9530584e-01
  2.8009934e+00
  4.3724802e-01
  7.8447914e-01
  9.2543709e-01
 -1.3125153e-06
 -2.1470892e-06
  3.1307599e-07
 -3.8397154e-01
 -3.4691072e+00
 -1.5144774e-01
  1.5444766e-01
  2.6483345e-01
  9.5214921e-01
 -5.3355188e-06
 -1.4814570e-05
  3.5391731e-06
  1.3737120e-04
 -4.5101144e-03
  1.3152391e+00
  7.4397199e-02
 -4.7222125e-06
 -2.8394145e-01
  2.8753237e-07
  2.2880355e-04
  3.1957845e-04
 -3.1159714e-01
 -3.0852440e-01
  1.6951844e-02
 -3.9174854e-05
  2.9874250e-01
 -1.6914465e-01
  7.7814975e-06
  3.2578529e-07
 -8.5173800e-05
 -9.7378463e-01
 -2.6002145e+00
  6.0519224e-01
  5.7187495e-03
  5.8929437e-01
  2.5437728e-01
  4.8093247e-05
 -2.1442286e-06
  1.3218345e-05
  5.7559032e-02
 -2.2980310e-05
  2.1876764e+00
  1.4750059e+00
  4.5878986e-01
 -3.8658777e-01
  9.2418755e-05
  6.4998741e-05
  2.7481708e-06
 -2.9003313e-01
 -9.1417032e-01
  1.2263776e+00
 -9.0319941e-07
  4.5851371e-01
  1.2912855e-01
 -1.7072647e-05
 -3.1515442e-06
  5.9228922e-05
 -6.9392663e-01
 -3.3135171e+00
 -3.0773142e-01
 -7.0686780e-02
  1.4352839e-04
 -7.7057219e-01
  2.5248472e-04
 -5.6423924e-06
  8.1989845e-07
 -6.6749158e-06
  9.6105456e-02
  3.9304978e-01
  6.6337705e-01
  5.3353131e-01
  5.0033510e-01
  2.5369867e-04
  1.1528443e-04
 -5.9322542e-06
 -1.1465502e+00
 -2.2100558e+00
  1.6593459e+00
  8.2186353e-01
  1.7895350e+00
 -1.7157447e-01
 -1.4874446e+00
 -1.0512279e-01
 -9.4520175e-01
 -5.8292872e-01
 -1.4493284e-01
  1.1026754e+00
  9.5109746e-02
 -3.3901942e-01
 -8.9426261e-01
 -5.2569974e-02
 -8.9823932e-04
  2.8505250e-05
 -4.9309171e-04
 -4.3787513e-06
  2.3360391e-01
  4.1348240e-01
  2.4801549e-01
 -5.8143127e-01
  2.7458087e-05
  7.4264601e-02
 -7.2111446e-01
  3.9553681e-01
 -2.1093996e-05
 -5.6739163e-01
 -7.0298028e-01
  1.6198835e-01
 -1.0110879e+00
 -4.1762704e-01
 -7.7148788e-02
 -6.9675291e-01
 -1.3220615e+00
 -1.0499372e+00
 -6.7549163e-01
  1.4660203e-02
  7.9278958e-01
  1.4853904e+00
 -3.3885443e-01
 -5.6598318e-01
  1.0220323e+00
 -4.4705905e-03
 -1.7422938e-01
  2.1123817e+00
  1.4286749e+00
  8.1404710e-01
 -1.4516294e+00
  3.9398491e-02
  6.2907979e-02
  7.6154119e-01
  9.5569193e-01
  2.1836662e-01
  1.2873274e+00
 -2.6286188e-01
  1.4298530e+00
 -5.3054821e-01
 -7.3571622e-01
 -2.6883034e-05
 -3.8998502e-01
  1.4634639e+00
 -1.4374278e-02
  8.7168443e-01
 -1.0968155e-03
  1.5616396e-03
 -7.3888391e-02
 -2.8893012e-01
 -3.2639563e-01
  3.5022673e-01
 -7.5537890e-01
 -1.2139928e-01
  1.4329819e-01
  7.1524882e-01
  8.6897951e-01
  2.3891059e-01
 -1.0036010e+00
 -1.8931009e-01
  7.5888437e-01
 -1.2643895e-01
 -1.5812361e-04
  2.6517534e-01
  5.0148851e-01
  1.4658550e+00
 -6.7607665e-01
  1.3321466e+00
  2.0705729e+00
 -1.9007483e+00
  1.6435144e+00
  3.2624438e-01
 -1.5725024e+00
 -7.8002757e-01
  1.0879215e+00
  1.0467273e+00
 -6.6547063e-06
  1.0124478e-04
 -2.0477386e-02
  2.3699453e+00
 -9.7945776e-06
 -2.6870286e+00
  2.7446833e-01
  1.5343930e-01
 -7.2620440e-01
  3.9668378e-01
  3.7689444e-01
 -5.8636278e-02
 -2.2142549e+00
  1.9789110e-01
  3.0098656e-01
 -1.3359464e+00
 -4.5330984e-05
  3.8963920e-01
  1.2108839e-01
  7.0057207e-01
  3.1805921e-02
  2.1329255e+00
  1.9758855e+00
 -1.7285579e-01
  3.6774185e-01
  7.6900047e-01
 -7.3637229e-01
 -2.4088401e-06
  1.6210763e-02
  9.8657884e-02
  4.7979489e-01
  1.8068578e+00
 -1.1468357e+00
  1.9641440e+00
  2.9288328e-01
 -2.1543252e+00
  5.7998878e-01
 -6.6966112e-03
 -2.1436334e-01
 -3.8168725e-01
 -2.9347718e-01
 -1.7483941e+00
 -6.3999903e-01
  3.8053528e-05
 -5.9845781e-01
  7.5617993e-01
  2.7142549e+00
  7.0485938e-01
  7.8235254e-02
  9.7339767e-01
 -3.6811653e-01
 -2.1093211e+00
  7.0456856e-01
 -2.6754886e-02
  5.6557346e-06
  3.2296371e-01
 -7.8103405e-01
  1.3159533e+00
 -2.7095354e-01
  3.9843607e-01
 -2.2902633e-01
  1.5450662e-01
 -2.0641980e+00
 -1.3992177e-01
 -6.8172896e-01
 -1.4920979e+00
  1.1374112e+00
  1.4273317e+00
  1.2767776e+00
  8.5645401e-01
 -7.3014486e-01
  5.5879217e-01
 -1.1389956e+00
 -4.2579177e-01
  7.6101267e-01
 -1.5340892e+00
 -7.8851885e-01
 -2.5457969e-01
 -3.0746408e+00
 -6.6917139e-01
 -2.2468860e-01
 -2.4375331e-03
 -1.0350952e-01
 -6.4781598e-05
 -4.7409818e-01
 -1.2988062e-04
  1.2253798e+00
 -8.6882138e-01
 -2.5377453e-03
  1.5470053e+00
  1.1263780e-01
  9.6564539e-02
 -3.7914142e-01
  6.0187209e-01
  2.1603931e-01
 -7.1420217e-01
  2.1111777e+00
 -2.1081853e-01
 -1.2610272e+00
 -1.6196002e+00
 -2.8973246e-01
  1.1871929e+00
 -2.2695391e-03
 -1.8933390e+00
  1.4462812e+00
 -8.1573123e-01
 -3.3220508e+00
  1.1753365e+00
 -3.1568685e-01
 -4.0081128e-01
  2.1185417e-05
  3.0312425e-01
 -4.5214692e-01
  1.2365079e+00
  1.4488548e-01
  8.1212200e-02
  9.0507197e-01
 -5.2693713e-02
  1.2367624e-01
  3.6130187e-01
  6.4031744e-01
 -4.0197260e-06
 -1.4851751e+00
 -3.1415218e-01
 -6.3828498e-01
  3.1440929e-02
 -7.1440011e-01
 -1.1044833e-01
 -1.0064113e+00
 -1.3457683e+00
 -2.1603153e+00
 -1.2744403e+00
 -1.1511109e+00
 -4.3180197e-01
  1.7279285e+00
 -1.2707324e-01
 -7.1556920e-01
 -7.1434957e-01
 -1.4440742e+00
 -5.0434208e-01
 -1.3412567e+00
  7.4123651e-01
  4.3542159e-01
 -6.3200212e-01
 -3.1938201e-03
 -7.5410300e-01
  1.4143687e+00
 -9.9009776e-01
 -4.1270480e-01
  5.7500321e-01
  9.7900295e-01
  4.6944112e-01
 -7.3473424e-01
 -3.1287336e-06
  9.3396038e-06
  1.9519417e-01
 -2.6131016e-01
 -9.1133834e-06
 -2.5065553e+00
 -3.1938720e-01
 -1.3716822e+00
 -7.0189583e-01
 -6.7902809e-05
 -1.1449378e-06
 -8.4720223e-06
  5.4315278e-06
  6.9624824e-05
 -6.5827116e-06
  9.0282110e-06
 -1.0283439e+00
 -1.5357652e-04
  3.2651187e-05
 -2.9615118e-04
  7.9785210e-01
 -3.6085016e-04
  7.3249635e-07
 -6.4442450e-01
  6.7784172e-01
  5.8107996e-01
 -1.3949460e+00
  1.1267900e-05
 -2.2137290e-06
  5.5910396e-06
  1.7387441e-05
 -1.0064932e-04
  2.0562117e+00
 -9.6538979e-01
  6.5463996e-01
 -1.1564488e+00
 -1.6909455e-06
 -1.8661747e-06
  3.4141120e-01
 -2.3476977e-02
 -6.5464803e-07
 -1.1256517e+00
  1.4242411e+00
 -3.4213547e-02
 -9.1660273e-01
  5.0408471e-07
 -8.7242670e-06
  8.5620217e-02
 -2.8120496e-06
 -1.2606250e-05
 -1.2246070e+00
  7.5501335e-01
  9.4456947e-01
 -9.4203275e-01
  8.2330207e-06
  2.6839236e-05
  7.2335309e-01
  3.8398812e-06
  2.1940748e-06
  3.7330663e-01
  1.9251698e-01
 -1.5604414e+00
 -1.2376504e+00
 -6.3772363e-06
  6.8307054e-06
  2.2738348e-01
 -5.9933365e-05
 -5.8596752e-06
 -7.2868663e-01
  2.5983308e-02
 -3.7921786e-01
 -4.7717217e-02
  5.3543104e-06
 -3.0966432e-06
  5.7614434e-01
  1.0560813e-05
 -3.0034787e-06
  2.3192672e-01
  5.8891654e-01
  8.1413859e-01
 -3.9397204e-01
 -8.6292966e-05
 -8.8809317e-01
 -1.6490645e+00
 -7.0457213e-04
 -4.9123669e-06
 -2.7842070e-03
 -8.9952493e-01
  1.4194367e+00
  2.4974638e-01
  1.1141748e-06
  7.0035876e-06
  3.4977375e-06
 -1.6742522e-05
  1.7185770e-05
 -3.1805162e-06
 -3.0496263e-05
  1.0704622e-01
  4.3525371e-05
 -1.1272028e-04
 -6.7920542e-01
 -1.0235720e+00
 -2.1798947e-05
  2.2861237e-05
 -3.6046018e-05
 -8.0384862e-01
  5.9814966e-01
 -1.2779707e+00
  2.0200844e-06
 -3.4608629e-02
 -3.9227979e-04
  4.0487025e-06
  2.6296557e-05
 -6.5066621e-02
  2.9390520e-01
 -9.6928585e-01
 -1.2411010e+00
 -7.1539343e-06
 -2.2685190e-01
 -6.8648636e-02
 -3.6208075e-06
  1.1452946e-05
  8.5942074e-06
  1.0747758e-01
  4.2015842e-01
  1.5580705e+00
 -2.5179303e-05
 -4.1123253e-01
 -1.1642975e-01
  1.8675175e-05
 -2.7299073e-05
  5.5469610e-02
  5.8664179e-01
  2.3721535e+00
 -2.4596561e-01
 -1.7812772e-05
 -1.5843968e-04
  3.5319734e-01
 -2.8333893e-06
 -4.7603552e-07
 -4.1240636e-01
  1.0776728e-01
  1.0132775e-01
 -8.0353510e-01
 -1.4894853e-05
 -4.6044371e-01
  4.5081019e-01
 -5.9204592e-07
  1.2169604e-05
  1.2135112e+00
 -4.6407047e-01
  3.7150735e-01
  4.9612296e-01
 -1.2079158e-05
 -9.5562100e-02
 -3.9843846e-02
 -2.2405638e-05
 -2.9743995e-07
 -3.5570890e-01
 -1.1466386e-01
 -5.4176128e-01
  5.9698957e-01
 -7.3731144e-07
 -7.8602188e-06
 -1.4933649e+00
 -5.0385004e-01
  4.9164490e-05
  1.0449657e+00
  2.0959835e-01
 -9.3240738e-01
 -7.0062655e-01
 -5.8341088e-06
 -4.7287190e-07
  1.8458909e-06
 -5.0230206e-05
 -5.4416591e-06
  1.8604386e+00
 -1.7560504e-05
  1.9182726e-05
  3.7930247e-05
 -1.4360500e-06
 -5.8162339e-05
 -3.5919943e-01
 -3.3267140e-01
  3.3958440e-05
  3.2947335e-01
  1.1738587e-01
 -1.9239852e+00
 -6.3850683e-01
  1.0747568e-05
  5.3754493e-06
 -3.9807150e-01
 -4.6545621e-02
  9.5843870e-06
 -3.2091260e-01
 -1.5758409e-01
  5.7355541e-01
 -7.8497678e-01
 -8.3072418e-06
 -2.1802121e-05
  1.6032025e-04
  1.2658755e-07
 -3.9367936e-07
 -9.8980069e-01
  4.4707087e-01
 -1.3402601e-01
 -1.6271485e+00
  7.1961458e-06
 -9.0374221e-04
 -1.9139746e-01
 -5.8375674e-01
 -1.1289576e-05
  1.3925093e-01
 -1.9937585e-01
  2.9093456e-01
 -1.0262178e+00
 -3.2092501e-06
 -9.6980883e-05
  1.6061048e-01
 -5.1884292e-08
  1.9006136e-05
  1.4338074e+00
  2.2231129e-01
 -4.3412298e-02
 -1.3732662e+00
  5.3990093e-06
 -2.7185192e-06
 -3.1932482e-01
 -5.3242391e-01
 -8.7146208e-07
  3.5337129e-01
  4.8269409e-01
 -1.7492912e+00
 -1.1602585e+00
 -2.4854731e-05
 -3.9976908e-06
  3.4193745e-01
 -7.3995448e-06
  4.7520025e-06
 -2.2221799e-01
  2.8798115e-01
  7.6802623e-01
 -5.4358304e-01
  1.7574008e-05
  9.9946067e-02
 -7.9974836e-01
 -1.1134027e-04
 -8.6395676e-06
  6.0444891e-01
  8.1151867e-01
  8.9629722e-01
 -7.1471596e-01
 -1.0359706e-05
 -3.2796285e-07
  1.7819375e-06
  1.0823303e-05
 -7.0684769e-06
 -2.2108610e-01
 -3.0205110e-06
  3.7760097e-01
 -7.6204662e-05
  5.0751801e-06
  9.4306357e-02
 -2.7070716e-01
  9.6919655e-07
  4.0955965e-05
 -1.5522796e+00
  5.7300013e-01
 -4.0944573e-01
 -9.9524224e-01
  1.6032074e-05
 -1.5436801e-05
 -3.2423264e-01
 -1.4931710e-05
  5.2104015e-06
  1.0328325e+00
 -1.5311827e-01
  7.1466386e-01
  8.3247429e-01
  2.4663850e-05
  3.4687593e-05
  7.0554061e-06
 -2.4461926e-06
 -1.9353256e-05
  2.4535231e-05
  3.7953815e-01
  6.7073542e-01
  4.5110089e-01
  1.8844894e-05
 -6.3469935e-07
 -1.0495543e-02
 -1.2316855e-05
  1.4253549e-05
 -1.8507571e+00
 -2.3805502e-01
  2.0725543e+00
 -7.2515704e-02
  1.0278180e-05
  1.2577771e-02
 -3.3394840e-01
 -1.6442085e-04
  8.8625311e-06
 -1.9084290e+00
  3.6699823e-01
  1.4469219e+00
 -5.1364131e-02
  2.5027330e-04
  1.4122259e-06
 -3.7505645e-01
 -6.5294707e-06
  1.3325388e-06
 -4.5821507e-02
  2.5309628e-01
 -1.2620263e-01
 -6.4441245e-03
  3.3931177e-05
  3.9537998e-05
 -3.9187804e-01
 -2.3155737e-05
  1.1240352e-06
 -5.2398199e-01
  3.7826246e-01
 -3.7921661e-01
 -4.4544151e-01
 -1.0722032e-05
  2.6165059e-01
 -8.7235671e-01
  8.0419475e-01
 -9.2716191e-06
 -1.3991960e+00
  1.0790716e+00
  7.6604015e-01
 -8.8577992e-01
  3.0544570e-07
  1.3893153e-05
 -5.1897856e-05
  8.0759219e-06
  1.2981433e-05
 -7.4657047e-01
  6.8749762e-01
 -1.4692141e+00
  1.4674915e-05
  3.3998425e-04
  1.8387493e-01
 -8.0072182e-01
  7.3660707e-01
 -3.0190993e-06
 -2.0056589e+00
 -1.4032985e-01
 -1.7910404e-02
  6.1285567e-01
 -1.8041393e-06
 -8.0237469e-06
 -8.8116831e-01
  3.5220462e-01
  4.0612113e-06
 -7.0788795e-01
  1.5529991e+00
 -3.6773568e-01
 -5.6651199e-01
  8.0552854e-05
  7.1318343e-04
  2.1300750e-05
  1.4552394e-05
 -4.7655626e-06
 -1.0564293e+00
 -6.3484971e-05
 -9.7832274e-01
  3.9608732e-01
  4.1082449e-06
  5.5426975e-05
 -3.9412874e-01
  8.6686468e-01
 -2.0655179e-06
  2.2242367e-01
  1.1350555e-01
  5.3690428e-01
 -5.0422501e-02
  1.1443540e-04
  6.6632592e-06
 -2.6841193e-01
 -2.7140680e-07
  9.0042449e-06
 -1.9484615e-01
  2.1633108e+00
 -1.8471491e+00
  6.3960999e-01
  1.6484415e-05
  1.4198830e-03
 -7.9864538e-01
  4.2254785e-01
 -6.1571382e-06
 -1.0866090e-01
  1.1954772e-02
 -7.6742068e-02
 -3.3299616e-01
  6.0971947e-06
 -2.1761391e-05
 -2.3245065e-01
  5.2735996e-01
 -2.1359041e-05
  6.5725529e-01
  4.3447906e-01
 -5.6443053e-01
 -3.8344586e-01
  1.2413758e-02
  1.2413758e-02
  1.2413758e-02
  1.2413758e-02
  1.2413758e-02
  6.7241365e-01
  6.7241365e-01
  6.7241365e-01
  6.7241365e-01
  6.7241365e-01
  1.4738771e-01
  1.4738771e-01
  1.4738771e-01
  1.4738771e-01
  1.4738771e-01
  1.0924964e-01
  1.0924964e-01
  1.0924964e-01
  1.0924964e-01
  1.0924964e-01
  1.6452778e-02
  1.6452778e-02
  1.6452778e-02
  1.6452778e-02
  1.6452778e-02
  1.8038879e-01
  1.8038879e-01
  1.8038879e-01
  1.8038879e-01
  1.8038879e-01
