nep4 3 Ba Zr S 
cutoff 8 4 150 20
n_max 4 4
basis_size 8 8
l_max 4 2 0
ANN 30 0
 -2.8662276e-01
 -7.8244575e-06
 -2.0386484e-05
 -2.2849412e-05
 -1.7686900e-01
  8.5965339e-06
 -9.8939896e-02
 -5.2196581e-05
  1.7989430e-06
  1.4695052e-02
 -1.0136037e-05
 -3.6320127e-06
 -8.8123434e-06
  4.3611044e-06
  1.8502164e-06
 -2.4991755e-06
 -1.8197917e-07
 -1.3706766e-07
 -3.4733221e-06
 -3.9110210e-04
 -3.3027696e-05
 -6.2544891e-06
  1.6241636e-05
  8.1622122e-05
 -5.4819679e-07
 -4.9817424e-07
 -6.5142819e-07
 -6.1211887e-07
  1.0856165e-05
 -7.1564023e-06
  8.6638933e-01
 -7.9891443e-06
 -9.7428970e-02
  7.2486371e-05
 -8.0456471e-01
 -1.1508158e-05
  4.8250947e-02
  1.0870276e-03
 -4.4540036e-02
 -2.9737465e-02
 -2.4021871e-04
 -6.0355947e-06
  2.4807283e-05
 -5.4407603e-05
  1.2482501e-05
 -3.1169035e-05
 -7.2384188e-05
 -4.6858796e-07
  2.6388179e-05
  8.6562376e-04
 -1.3937180e-05
  7.1746063e-06
  6.3584288e-05
 -4.2550482e-06
  1.6496322e-01
 -1.2577822e-05
  1.7988126e-04
  1.9435658e-06
 -2.7659330e-06
 -9.7002567e-06
  1.1532507e-07
  6.1963787e-05
 -1.2904628e-05
  5.8367050e-06
 -8.7672443e-06
  1.0717780e-05
 -1.1805588e-05
 -5.9884269e-06
 -1.3320419e-05
  1.1433626e-06
  6.0902883e-05
 -3.6839167e-06
 -4.1335068e-07
 -2.1965307e-06
  2.0979660e-05
 -5.8325336e-06
 -5.1382322e-06
  4.8836864e-05
 -1.3084617e-06
  1.2436605e-05
  2.4818924e-05
  2.0534409e-05
  8.7844052e-07
 -1.4013915e-05
  1.0831237e-05
 -8.4532458e-06
 -8.6811506e-06
 -1.1780589e-05
 -4.9699256e-06
 -7.4676050e-06
  1.3776917e+00
 -4.1699063e-06
 -2.1515074e-01
  6.4071014e-07
 -5.5226665e-02
 -5.1215447e-05
  3.9281629e-04
  5.9174776e-02
 -5.9906364e-05
 -6.5858918e-01
 -3.5967012e-06
 -9.6606396e-05
  1.1676913e-06
  2.5831757e-06
  1.5464882e-06
 -3.1568194e-04
 -1.3232853e-04
 -6.1463768e-05
  6.5555017e-05
  8.1772241e-06
  1.0646060e-05
  1.9194460e-05
  2.2262961e-05
  7.4921591e-06
  1.5055346e-01
 -6.8962231e-07
 -3.7246059e-06
 -1.6665203e-06
 -2.6655634e-05
  2.5497163e-06
 -2.2107433e-03
  1.8585896e-06
  8.2260090e-07
  4.4770081e-06
  1.0686116e-05
  1.9141829e-05
 -4.0833006e-06
 -6.0660868e-06
  1.9527010e-06
 -1.5178885e-05
 -3.1065204e-07
  2.7751166e-05
 -8.9664827e-06
  4.1018830e-05
 -1.3498361e-05
  2.5919135e-05
  6.2325862e-06
  4.6287388e-07
 -6.4485812e-06
  1.9251017e-06
  7.6728538e-06
 -6.8845548e-06
 -1.7440308e-07
  5.4257066e-06
  9.2565417e-05
 -8.6989867e-06
  4.4822777e-06
 -2.4998633e-05
 -1.0433506e-05
  3.0997955e-05
  1.1783014e-05
 -1.0301122e-06
  2.7978824e-06
  9.0814766e-04
 -1.1609014e-05
  1.6813840e-06
 -9.1373140e-06
 -1.8804078e-05
 -9.0803969e-06
 -1.1399004e-05
  4.6739847e-06
  7.3850142e-06
 -4.0467798e-06
 -7.8176828e-07
 -1.0305444e-05
 -3.3477463e-07
  5.7868469e-06
 -1.4191399e-05
 -8.5486217e-06
 -2.1014921e-06
 -1.1085815e-05
 -1.4099443e-05
 -1.8487780e-06
 -1.3061816e-05
  5.8853884e-06
 -8.6147029e-06
 -3.2773289e-05
 -2.5286794e-05
 -6.0325319e-06
 -1.4632586e-05
 -1.7619606e+00
 -8.9929845e-06
  2.3264149e-01
 -8.9806402e-01
  1.4834208e+00
  5.4675352e-02
  1.2765224e-03
  7.0493401e-04
  1.9734198e-01
  4.8029602e-02
 -4.6886921e-06
 -1.2705766e-03
 -1.3030751e-04
 -4.7838193e-06
 -2.9063752e-04
  5.6436010e-02
  1.3202986e-01
  4.3923251e-04
  2.3942928e-04
  1.1840302e-01
 -4.3430823e-06
 -1.7586030e-05
 -3.9340784e-06
 -3.1217074e-05
 -1.3429879e-01
  2.1413389e-05
 -1.0160680e-05
 -2.9963161e-05
 -3.3707514e-05
  4.1844029e-05
 -1.6561325e+00
  4.2632419e-06
  2.1469808e+00
 -1.6969215e+00
  1.3057508e+00
  1.5510224e-01
  2.5321260e-01
  3.3479971e-01
  5.8935565e-01
 -5.6216770e-01
 -2.0596968e-05
 -2.4653815e-02
 -1.7369290e-05
 -2.9653506e-06
 -1.4502507e-05
  2.4900441e-01
  2.0220599e-01
  1.1563781e-02
  5.8285739e-05
  2.5253898e-02
 -2.0764678e-04
 -3.5739002e-05
 -2.0159023e-02
 -4.2830075e-06
 -2.6611355e-01
  2.0478813e-06
  9.6927886e-07
  1.2798138e-05
  9.2956063e-05
 -3.8549874e-06
  1.1952988e-01
  3.3111710e-06
 -2.5255761e-06
  2.4530837e-06
 -1.7696674e-04
 -4.2719199e-05
  6.9441870e-05
  1.0291105e-03
  1.9758123e-05
  1.9575763e-02
 -4.1114845e-06
 -4.4075659e-07
  3.0918875e-06
 -7.7048890e-06
 -2.4964058e-04
 -1.2741004e-04
 -1.7984289e-04
  1.9333045e-05
  1.1729482e-04
  8.4888702e-03
 -2.4080114e-06
  4.4447379e-04
  1.8347408e-04
 -6.9915433e-05
  1.8635338e-02
 -6.6796219e-06
 -5.3023696e-06
  6.3656771e-06
  1.4086988e-05
  2.0810974e-05
  4.8193030e-02
 -1.8384137e-06
 -2.1363646e-06
 -7.5294964e-05
 -1.8118627e-02
 -4.1583250e-04
  3.2105919e-07
  6.9171406e-06
 -6.2895680e-07
 -1.0862448e-03
 -5.4472048e-06
 -4.4497517e-07
  2.7792903e-05
 -8.1709823e-06
 -1.0090603e-05
 -5.6467619e-04
 -1.1142101e-05
  4.6943901e-06
  7.8426347e-06
 -8.7028830e-06
  1.0996579e-05
 -1.0964118e-06
  3.8275120e-06
  2.1068690e-06
  1.7698333e-03
 -2.6561456e-06
 -5.5793512e-06
  1.8263066e-06
 -2.1904495e-06
  1.2058739e-06
  1.0519774e-05
  5.1500074e-06
  2.5234498e-05
 -6.2765012e-06
 -1.7982557e-05
 -8.2672950e-06
 -1.9496874e-06
  8.9795558e-06
 -6.0053621e-06
 -1.6493281e-05
  1.3361777e-07
 -4.2345380e-07
  7.8750572e-06
  3.6987544e-06
  6.4815176e-06
 -2.0444859e-06
  3.6268079e-06
  6.8359254e-06
  3.1293682e-06
  1.3910920e-05
  8.8981560e-06
 -8.7714980e-06
 -1.1680834e-05
 -2.2940139e-06
 -3.2833066e-06
 -4.2651624e-05
  4.1776830e-06
 -1.8307213e-05
 -2.6042189e-05
 -1.3068587e-05
  1.2355767e-06
 -1.4625335e-05
  6.8181093e-06
 -2.5753419e-05
  7.2511466e-05
  4.3038681e-06
 -1.6641407e-07
 -7.0812275e-06
  6.5198805e-07
 -9.1424754e-06
  1.1140646e-02
  2.3295768e-05
  4.9104424e-06
  7.0999504e-06
 -2.8116326e-06
  1.1755881e-05
 -2.7718704e-06
 -3.1758220e-05
 -2.0627613e-05
  4.8738193e-06
 -7.3221651e-07
  1.3044316e-06
 -4.8518305e-06
 -8.5871407e-06
  6.6640670e-05
  8.0914935e-05
 -8.7950893e-06
 -8.5313986e-05
 -1.2691480e-05
 -1.6786279e-06
 -1.2436236e-05
  7.5261969e-06
  4.8857582e-05
  1.7252461e-05
 -5.4989238e-07
 -2.1108366e-05
  7.4998488e-06
 -1.0449275e-05
 -5.6056497e-06
  5.5817327e-06
 -9.6005178e-06
  8.9886817e-06
 -4.9645278e-05
 -5.4443267e-06
  4.6238320e-06
 -3.8113762e-06
 -6.0846958e-07
 -6.6260213e-06
  2.9241594e-06
  1.5329747e-04
 -1.3645466e-05
 -1.6585718e-05
 -7.4433210e-06
 -1.0446692e-05
  4.7928752e-06
  7.1663449e-06
 -1.1094459e-04
  9.9067347e-06
  2.5325923e-07
 -5.9630446e-07
  5.4855562e-05
  5.9451168e-06
  7.0130933e-05
  1.5648998e-06
 -3.3909998e-08
  1.1402197e-05
  1.2879242e-05
  1.9251918e-06
 -7.2178232e-06
  1.6744094e-06
 -1.9311283e-05
  5.4908710e-06
 -5.8093334e-05
  2.4523259e-05
  3.6278871e-07
  2.6615951e-05
 -8.9687328e-06
  1.9864246e-06
 -4.1988328e-06
 -9.9360177e-06
 -8.4588346e-06
  6.2923414e-07
  7.9749725e-06
 -5.2290529e-06
 -1.0927281e-05
  3.6719895e-05
 -1.8040695e-05
 -7.2609955e-06
  5.2001278e-06
  1.1152268e-05
  5.2276349e-01
  2.9771772e-01
 -1.1578691e-01
 -8.8736612e-01
 -6.5672612e-01
 -1.4840303e-02
  9.2200184e-01
  5.7380217e-01
 -3.5091418e-01
 -5.1089507e-02
 -2.8572538e-01
  1.1632374e-01
  1.5811758e-01
 -2.8261906e-01
  2.9733884e-01
 -6.6846251e-01
 -3.0921081e-01
  2.1329267e-01
 -1.5499863e-06
  4.6327710e-01
  2.6576787e-02
  1.8227841e-01
  4.0905106e-01
  1.8587840e-03
  1.0953871e+00
  3.5235487e-05
 -4.7009005e-04
 -9.9353456e-06
 -4.1004194e-05
 -6.5999620e-02
  8.3206014e-06
 -3.2838259e-05
  5.4483899e-06
 -7.0707247e-06
  9.8151741e-06
 -1.1138902e-05
 -3.9864912e-07
  1.2270619e-06
  6.0583479e-06
 -2.9642322e-06
  4.7531184e-08
 -6.9766273e-08
  8.2968545e-06
 -2.7507754e-06
 -7.7865561e-06
  2.8542947e-05
  3.4075914e-05
 -5.5970059e-08
  3.6725289e-06
  1.6096809e-04
 -3.1900561e-06
 -4.9992121e-07
 -3.6745978e-06
 -5.0160056e-06
  1.5899566e-05
 -1.0979857e-05
  1.4703936e-05
  7.2218031e-06
 -5.5538781e-06
  4.6147808e-05
  8.2719062e-06
 -1.0578006e-05
 -4.1958774e-05
 -2.4321716e-05
  3.3824972e-06
  1.4472642e-05
 -3.1769789e-06
 -1.5589734e-05
 -1.3569847e-05
  6.0989432e-06
 -2.0151015e-06
 -2.9848105e-05
  1.3663941e-07
 -1.2263354e-05
  1.5805172e-05
  4.5122101e-06
  4.3019278e-07
 -6.2506897e-06
 -7.5357216e-06
  4.6542216e-05
  6.9567504e-06
 -1.3470698e-05
  2.3090246e-05
  4.8883296e-05
 -2.0089472e-05
 -3.0823967e-06
 -2.3110033e-06
  2.4824194e-04
  3.8340964e-08
  2.3682599e-03
  3.4433205e-02
 -2.1769156e-06
 -6.0782463e-07
 -3.5192745e-06
 -4.2998447e-05
  4.6717702e-07
  1.3658480e-06
  3.0576441e-05
 -9.4162206e-06
  1.7531814e-04
 -1.9099665e-05
  9.8760811e-06
 -6.1663319e-05
 -3.3218187e-04
 -7.2479836e-04
  6.6809835e-06
 -7.9923830e-06
 -2.3005005e-05
  7.0916889e-05
  1.5075002e-02
  1.6280836e-06
  1.6460939e-07
  5.8017842e-05
  1.0529295e-04
  2.6810574e-05
 -5.3887442e-07
 -5.7815719e-06
 -3.3653134e-05
 -2.5231041e-06
 -2.9876157e-06
  3.1229642e-03
 -2.7992766e-05
 -6.8716938e-05
 -2.4146799e-05
 -1.5356849e-04
 -2.6178985e-05
  1.1443323e-05
  3.8484654e-06
  2.0351154e-06
 -4.4732210e-06
  3.9995789e-06
  1.7789782e-05
  3.7010161e-06
 -1.3629661e-06
 -7.5512266e-06
 -9.4816232e-06
  1.1980906e-05
 -1.7991339e-05
 -6.7656047e-06
 -2.2336995e-05
 -1.4584546e-04
 -6.1037904e-06
 -1.0725496e-05
 -7.6883916e-06
 -8.1262669e-06
 -3.3711371e-05
  7.5824491e-06
 -6.7444319e-07
 -7.0469486e-07
  1.8233110e-05
 -2.4078460e+00
  9.3602000e-07
  1.2845887e+00
  2.7058520e+00
  6.7732982e-02
  5.9364928e-04
 -3.7024748e-01
 -5.3527970e-03
  9.3033264e-04
  7.4330550e-01
  1.0931610e-01
 -3.2503179e-01
 -8.0107376e-02
  1.7072529e-05
 -1.0348450e-01
  1.1705975e-02
  7.0883639e-02
 -6.8642579e-02
  9.7228449e-06
 -2.6236793e-01
 -5.3328413e-06
 -2.1182969e-02
 -7.7850960e-02
 -2.2663783e-04
 -4.9604985e-01
 -3.7472601e-06
  1.2946288e-05
  1.4479352e-05
  8.2175302e-06
  4.3885276e-04
  1.2544208e-05
 -6.2090228e-05
  6.8319109e-06
 -2.2848215e-05
  4.6591413e-06
  9.2606961e-06
 -2.6892816e-05
  1.1365954e-05
 -5.5336277e-06
 -2.0206817e-06
 -1.6571645e-05
  2.1797339e-05
 -8.4541134e-06
  1.9476627e-05
  3.1357129e-05
  4.9380592e-06
  2.9372356e-06
 -2.2743909e-05
  2.9621464e-05
 -3.2752831e-07
 -2.7908198e-05
 -8.1605242e-07
  1.7083749e-04
  2.1013172e-06
  1.0060438e-05
 -2.0290900e-06
 -6.8087961e-06
 -1.9291330e-07
 -2.8207282e-06
 -7.4421519e-06
 -1.4042614e-04
  9.6851090e-06
  2.0823113e-06
 -2.9732214e-06
 -7.7958894e-06
 -3.9980887e-07
 -5.5177561e-06
 -7.8921512e-06
 -8.6609889e-06
 -3.2583841e-05
 -2.2700086e-05
 -1.7476327e-06
 -5.0201061e-07
  2.5772270e-05
  1.7644443e-05
 -5.4509123e-06
 -1.5121075e-05
  1.3404822e-06
 -1.3309214e-05
 -1.3858235e-05
 -1.7850207e-05
  5.1906486e-06
 -2.0927384e-05
  1.7879534e-05
 -4.8093875e-07
 -3.5049188e-06
 -7.3054075e-08
 -2.2977751e-05
  3.8797793e-06
 -1.4783838e-05
  6.4001174e-06
  7.2440230e-06
  2.1839331e-05
  1.8700332e-05
  8.7355293e-06
 -7.4110812e-06
 -1.1374947e-06
  3.4698934e-07
 -2.4105389e-04
  2.3462871e-06
 -1.3713968e-05
  2.0051615e-05
 -1.6665766e-05
  3.9407823e-08
  1.5829166e-05
  4.6881792e-06
  1.7481016e-05
  9.0028889e-06
 -1.8997329e-06
  1.4011338e-06
  3.1763077e-05
  8.5821566e-06
 -1.8039935e-05
 -5.3964422e-06
 -2.1274242e-05
  1.3115740e-05
 -2.0537684e-05
  1.3837927e-05
 -1.5764293e-06
 -1.6413456e-05
 -7.8916274e-02
 -3.8762287e-06
  3.7532757e-04
 -1.3882111e-07
  9.6181837e-05
  1.3017038e-06
 -7.3158546e-05
 -1.0932571e-04
  9.3433227e-05
  3.6613303e-05
  1.7305155e-04
 -1.8295797e-05
  1.5056827e-04
 -8.7268307e-07
  2.3844868e-06
 -8.6404689e-06
 -1.0812459e-04
  6.6280286e-06
  5.6466010e-06
  2.9692242e-06
  1.5367890e-05
 -9.4570005e-06
  9.1820366e-06
  5.2702007e-06
 -2.0136640e-05
 -5.3295589e-06
  1.6521928e-05
 -8.2559600e-06
  2.5924905e-05
  3.7563611e-06
  7.3476163e-05
 -1.4760953e-05
 -5.2267719e-06
  2.9779936e-05
 -3.1332736e-06
  1.6206954e-05
 -1.2880100e-05
  2.6007265e-05
 -1.8703746e-05
 -1.1649335e-05
  1.7094090e-06
  1.2607186e-05
  1.0393570e-05
  4.5733736e-06
  1.4646621e-06
 -9.8599060e-07
 -2.2009210e-05
  1.7734779e-06
  8.2029746e-06
  7.6751487e-04
 -7.6435776e-07
  1.0933826e-05
  3.7138631e-07
  8.6094187e-06
  1.8602757e-05
  9.9187773e-06
 -1.6632688e-06
 -7.7901805e-06
 -1.3777440e-04
  1.1313565e-05
  4.3292516e-06
  6.4243472e-06
 -6.1205492e-06
 -1.8173736e-05
  3.2163134e-05
 -5.7829652e-06
  3.8124988e-06
  1.1055194e-05
  2.5031239e-05
 -1.3888616e-05
  7.8945122e-06
 -2.7939103e-07
  4.4575027e-06
  1.8401486e-05
 -5.3385425e-05
  2.5734684e-05
 -9.4204739e-07
  6.0279541e-07
 -1.3981715e-05
 -1.0386336e-05
  6.6984403e-06
  3.3507833e-06
  2.9240882e-06
 -1.1751777e-06
 -5.9935169e-06
  2.5452327e-06
 -7.0307915e-06
 -2.6769405e-06
 -1.6118538e-05
 -2.2118080e-05
  1.9021335e-03
  1.4034961e-06
  7.3669499e-01
 -1.7293260e+00
  3.5151798e-01
 -1.3121430e-04
  8.6561451e-04
 -1.6791682e-05
  5.4233087e-06
  7.2208956e-02
 -7.2598894e-05
  4.9971171e-05
  8.1241007e-05
 -1.7333956e-05
 -1.6771950e-05
 -3.8065714e-06
 -6.1127637e-04
  7.1028648e-05
  5.8070583e-07
  1.4686064e-01
 -3.6598115e-06
  3.1471730e-04
  5.7415516e-05
 -1.0604919e-05
  3.6667986e-06
  8.6507844e-06
 -5.3912677e-06
 -1.0450876e-04
 -2.6070180e-05
  6.0413981e-07
 -1.6351236e-04
 -8.2626542e-07
  7.4266213e-06
 -2.8003377e-04
 -4.4325343e-06
  4.3305117e-06
 -6.4095352e-03
  7.1427662e-06
  3.8204585e-06
  1.6422204e-06
 -8.9607702e-06
 -1.0453984e-06
 -1.8081212e-06
  1.3699686e-06
 -3.8617441e-06
  2.2207514e-05
 -5.5668843e-06
 -1.5896985e-05
  4.4926128e-06
  3.7096022e-06
 -1.3896813e-05
 -1.8251420e-06
 -6.6130692e-06
 -9.5865389e-06
 -2.8776027e-05
  1.3829195e-05
  9.0684142e-07
 -4.2210777e-06
 -3.8789263e-08
 -8.2058228e-05
 -1.7718990e-04
 -3.7343682e-06
  1.3038158e-04
  5.9221777e-05
  3.1409523e-05
  1.0466278e-05
  3.0445208e-06
  4.8569295e-06
 -8.1673306e-06
  1.1054049e-01
  5.1446178e-04
 -2.4862953e-05
 -1.7796076e-05
 -1.1767832e-05
 -5.1528791e-06
 -1.2696123e-04
 -1.0274064e-05
 -1.0796239e-05
 -2.4175260e-05
 -6.5916001e-06
 -9.5484495e-05
  5.9302374e-06
  1.0344483e-05
 -1.8499333e-05
 -1.4569943e-05
 -2.6221547e-05
 -1.5785913e-07
  4.3062691e-06
 -5.2238522e-07
  2.7350055e-05
  6.4126991e-02
  5.3704069e-05
  3.7247539e-06
  4.4131808e-05
 -4.5989898e-05
 -4.6519845e-06
 -5.7424309e-06
  1.1545677e-05
 -2.9312621e-06
 -4.4051492e-05
  6.7608102e-07
  2.1296742e-04
 -5.8771516e-06
 -1.1451923e-05
 -4.1792839e-05
  8.5187526e-07
 -7.3159422e-06
 -6.3657161e-08
  1.0410250e-05
  3.8691444e-04
 -5.2413529e-06
 -3.6973644e-05
 -4.3955092e-06
  8.7107328e-05
 -2.9286623e-06
 -1.7791242e-05
  6.7433216e-06
  7.6029421e-05
 -1.9976055e-06
  3.5256689e-06
  8.2800978e-01
  8.7326400e-02
 -7.9988263e-07
 -2.5549917e-02
  7.0224871e-08
 -7.8326784e-06
  4.9307670e-02
 -4.8018461e-01
  6.6429369e-02
  1.1568705e+00
 -6.6599233e-07
 -5.6206154e-06
 -1.6648910e-06
 -1.5429270e-05
 -1.1749838e-01
 -9.9920007e-06
 -6.0973625e-06
  4.2575973e-01
  4.4512778e-04
 -1.4900935e-01
 -1.7372363e-04
 -2.1644570e-05
 -1.7078692e-01
 -4.9955094e-01
 -2.4017269e-05
 -6.0938223e-06
  6.6341639e-01
 -5.2627468e-01
 -1.0970587e-02
  6.0045880e-01
 -4.6252054e-01
  1.2061555e+00
  5.4961865e-06
  1.2983890e+00
 -3.3731154e-05
  1.9335514e-05
 -1.6412593e+00
 -2.5658889e+00
  1.4752287e+00
  1.2962577e+00
  5.5987844e-06
 -1.9372130e-06
 -1.0195116e-05
  5.8442172e-02
  2.8167567e+00
 -1.5648706e-05
 -4.1822756e-07
  7.0289952e-01
  1.4574641e-04
 -3.1652219e+00
 -1.2975276e-04
 -1.6400561e-05
 -2.3979168e-05
 -7.3373830e-01
  9.7620705e-06
  4.5363118e-05
  1.2506559e+00
 -4.9719664e-01
 -4.6731037e-01
  8.1104696e-01
  3.1197007e-05
  1.5448810e-05
 -2.0363959e-06
 -2.1508276e-06
 -6.2668300e-01
 -2.9567457e-06
 -1.0335903e-05
  8.6023283e-06
 -1.0778983e-05
  4.6066193e-06
 -1.1454436e-05
  1.4655363e-06
 -6.2605818e-07
  1.5644431e-05
  4.2536212e-05
 -9.7329948e-06
  2.1581391e-06
  1.0746137e-06
  6.7205872e-07
 -1.8585409e-06
 -5.4738421e-06
  6.1580968e-06
 -6.4587207e-06
  1.1202000e-04
  1.6077322e-06
  1.3160163e-05
  1.0813611e-05
  9.2785458e-06
 -4.1842977e-08
 -2.5632533e-05
 -1.8326947e-01
  1.7499331e+00
  2.2640736e+00
 -5.3739657e+00
  2.5500879e+00
  3.2970853e-02
 -1.2874564e-02
  2.8266098e-02
 -1.5377976e-01
 -1.8470360e-01
 -2.4466828e-01
  1.1146033e-01
  1.0115833e+00
  6.6380757e-01
  4.6477202e-05
 -1.3041280e-01
 -3.8987893e-04
 -3.6301419e-01
  9.3731254e-02
 -1.8092830e-01
  6.1950076e-02
  1.1995438e-05
 -2.8941133e-03
  6.1729748e-04
  1.7648640e-01
  1.6827368e-04
 -6.2160128e-05
 -1.2063354e-04
  7.5714721e-04
  3.0483378e-04
  1.2881564e+00
 -7.7363884e-01
  9.2070058e-02
 -4.6832073e-01
 -5.6942892e-05
 -3.5289726e-01
  3.8938375e-05
  2.3260187e-01
  4.6602313e-06
 -6.8538925e-06
  6.5480599e-06
 -7.8261501e-06
 -7.5077091e-04
  8.3434776e-07
  1.0090633e-06
  3.9144584e-06
 -1.0064435e-01
  3.9115193e-01
  7.9037040e-02
 -2.9362413e-01
  1.1731845e-03
  5.0899712e-06
  8.0557702e-06
  4.3556324e-06
 -2.3619618e-02
  1.5104310e-05
  1.7532993e-05
 -8.2042361e-06
  1.5573717e-04
  2.2659346e-05
 -7.1068926e-06
  1.0954569e-01
 -2.3824108e-05
  2.9938066e-04
 -9.4129118e-06
 -3.6357349e-05
  3.4993934e-07
 -2.4479696e-06
  6.0347487e-05
  1.9231829e-06
 -4.9882583e-06
  1.9134159e-06
  4.0203528e-07
  4.1139519e-04
 -7.9762756e-08
  4.4084270e-05
 -2.5599118e-06
 -1.1094510e-02
  3.3166040e-07
 -4.4895773e-05
 -2.7377284e-06
 -1.3899756e-06
  7.2013819e-07
  2.8820324e-01
  2.8632985e-02
  1.1428895e-06
 -2.9224058e-05
 -1.6964677e-06
 -3.6733034e-06
  5.3762091e-05
 -7.0203923e-06
 -6.4283597e-01
 -1.3013372e-04
 -7.5193197e-02
  2.0130692e-01
 -2.0889193e-01
  3.2516389e-06
  3.6352903e-02
  8.9519426e-06
  8.5316697e-04
 -1.0278389e-04
 -2.7759042e-05
 -4.1781258e-04
  4.4649919e-06
 -9.8381170e-05
  8.5656473e-05
 -3.9417628e-04
  5.3437264e-04
  1.0774705e+00
  2.4738397e-02
 -5.2336480e-05
 -2.8748329e-07
 -9.5880054e-02
 -1.2698165e-01
 -2.2751795e-01
  1.4023398e-04
 -4.0107163e-05
 -3.6289246e-05
 -1.8015042e-05
 -8.4861986e-06
  4.7238430e-04
  2.3181338e+00
 -1.6416898e-01
 -3.3179703e-01
  3.2823002e-01
 -3.3636010e-01
  1.9558163e-02
 -9.1865920e-03
 -2.3957754e-03
  5.9695119e-01
  4.7995949e-01
  7.7422924e-02
  7.4150398e-02
 -2.4445649e-04
  5.4348558e-01
  2.4128191e-01
  2.5790787e-01
 -3.8080680e-01
 -3.6471561e-01
  5.0276303e-01
 -8.1595160e-02
 -1.6479618e-05
  1.0000014e+00
 -8.8492418e-03
  9.1628778e-01
  1.7409096e-06
  4.1081671e-06
  5.5827295e-06
 -2.2055683e-05
 -4.9071677e-06
  8.7418939e-06
  1.0448000e-05
  5.2449195e-06
 -9.6641838e-07
  6.7556124e-05
  1.4905274e-05
  6.2868878e-07
  1.3330116e-05
  2.3356679e-06
  6.8608033e-06
 -8.8279648e-06
 -2.0298112e-05
  1.3320519e-05
 -2.2553651e-05
 -4.0010082e-06
 -2.9064310e-07
 -2.0125004e-05
 -2.0144011e-05
  3.8809762e-06
  4.7725712e-07
 -1.7148151e-06
 -4.2343934e-05
  6.0117254e-06
  1.8632542e-06
 -1.0832002e-05
  1.5674554e-05
 -4.7977896e-06
 -1.2180760e-05
  1.9991969e-06
  5.9447884e-06
  1.2078561e+00
 -1.1276125e+00
  6.1062735e-01
 -7.6961631e-01
  7.8689140e-01
 -7.8931525e-03
 -6.7956913e-03
  1.0831419e-01
 -3.5791531e-01
 -7.5498801e-01
 -6.9078040e-01
 -1.8777031e-05
 -1.8807440e-01
 -6.1233904e-02
 -2.0917861e-01
 -6.3766730e-01
 -2.8967220e-01
 -1.1251017e+00
 -2.3951348e-02
 -3.2166323e-01
  4.4175914e-01
  1.8758421e-05
 -4.4223827e-01
  1.6820865e-03
  4.9219467e-02
  2.1385347e-06
 -2.9948601e-06
 -3.2302050e-06
  3.2906455e-06
  2.8565388e-05
  2.6559768e-05
 -2.1941958e-06
 -2.1379703e-06
  8.1358239e-06
  1.4849835e-05
  3.3344106e-05
  3.1009292e-06
  1.4475831e-05
 -3.9615957e-06
 -7.7722206e-07
 -1.2125538e-05
  2.8905488e-05
 -3.7527595e-06
 -3.5133970e-05
 -8.8049018e-07
 -1.0086344e-05
 -3.7313534e-05
 -1.0243136e-05
 -1.4022646e-05
  1.4437600e-05
  6.1018859e-06
  5.2141600e-06
  7.2034386e-06
 -9.6289905e-06
 -2.6108235e-06
 -1.3742312e-05
 -6.0436955e-06
  1.0578008e-05
  5.0024388e-05
  6.3680623e-08
 -1.2848010e-05
 -7.6083788e-06
 -7.8182056e-06
 -5.7730526e-06
 -6.2820664e-06
 -9.6542808e-06
  6.2057575e-06
  3.1645479e-06
 -1.2766823e-06
  9.5020761e-07
 -2.8763693e-06
  1.2847386e-06
 -9.5817222e-07
  4.9994169e-06
 -2.2469824e-06
  9.1908387e-06
 -3.8993217e-06
  7.2139751e-06
  1.5563537e-06
 -1.0643657e-05
  1.2003843e-06
  1.8436740e-05
 -2.9912815e-06
  2.6843745e-06
 -1.9687284e-06
 -1.1331893e-07
  7.4034546e-08
 -1.4648703e-05
  5.7029456e-06
 -1.5090953e-06
 -8.3242136e-01
  2.6851990e+00
  5.8048266e-01
  1.0025978e-05
 -3.7890159e-02
  5.0941771e-01
  5.5666998e-02
 -3.0209797e-03
 -4.7840875e-01
 -2.5693853e-03
 -1.4218695e-06
  8.3053919e-06
  2.5654334e-04
 -2.4195484e-05
 -1.6770340e-05
  7.6887682e-07
  2.7814668e-01
  3.0408680e-01
  4.8580547e-04
  7.4620014e-01
 -1.7350976e-05
  1.7833216e-06
  6.5854472e-01
 -7.0352781e-01
  1.6231680e-01
 -9.4798006e-06
 -1.1129612e-04
  3.5854302e-06
 -3.8504850e-06
 -6.3426432e-06
 -1.1752463e-06
  5.4955094e-06
 -3.5079927e-06
  1.4558979e-06
  3.3390388e-06
 -2.7615724e-06
 -5.1465213e-05
 -3.3484186e-05
  3.0456736e-06
 -3.6795827e-05
  3.5097951e-06
  4.9826260e-05
 -9.3818344e-06
  2.5055575e-05
  6.0853777e-06
 -3.4808518e-06
 -9.1106831e-06
  7.2440921e-06
 -4.2856122e-06
 -7.6042070e-06
  3.7372592e-06
  1.2144478e-06
 -2.3929751e-06
  3.9851599e-05
 -5.1509614e-06
 -9.7617940e-06
  2.3952578e-05
  5.1091670e-06
 -2.3363848e-06
  2.2143358e-05
  1.6574552e-06
  2.0773976e-05
  3.2341202e-06
 -2.3167815e-05
 -3.6952927e-06
  7.7810055e-06
 -3.6423360e-05
 -2.0674537e-05
  1.1614234e-05
  7.6180822e-06
 -2.6583779e-05
 -2.8587858e-05
 -1.1306406e-05
 -1.3932002e-05
 -2.8972077e-06
  2.3025348e-06
 -2.1094267e-05
 -3.6011911e-06
 -4.3469736e-06
 -1.0537619e-06
 -2.3730179e-06
 -1.3432471e-05
  6.5927816e-07
  1.8127632e-05
  3.7903381e-05
 -3.0948773e-05
 -1.3347977e-04
  3.3472033e-06
  1.5998341e-05
 -1.2078646e-05
 -6.2293402e-06
  2.4299921e-05
 -1.1887014e-05
  7.5037977e-05
  1.0019889e-05
  1.8528523e-05
 -1.1386559e-05
  1.4298177e-05
 -6.7577485e-06
 -5.3641647e-06
  6.2988715e-06
  7.3849433e-06
 -1.9253866e-05
  5.9497711e-06
  3.1865740e-05
  4.6074078e-06
 -2.9322588e-05
 -6.4036959e-07
 -6.6470534e-06
 -7.1482718e-06
  1.5396221e-05
 -1.2112763e-05
  4.8384659e-06
  1.4446498e-05
  5.3745794e-06
  5.2270532e-04
  1.0037918e-05
  8.4733383e-06
  5.5315254e-06
  2.9875525e-06
  4.8266259e-01
 -8.8380992e-02
 -1.3144823e-02
 -6.7534587e-05
 -5.1941413e-02
  7.2867391e-05
 -4.5357233e-06
  1.3740607e-05
 -2.2905090e-04
  1.7793805e-05
 -3.9604674e-06
 -1.4190010e-05
 -2.2583272e-06
  2.3404411e-06
 -4.4694448e-06
 -5.3188268e-07
 -4.0749841e-05
  1.3335842e-04
 -3.8071343e-05
 -3.2098897e-06
  7.6615252e-06
  2.4813767e-06
 -5.6785932e-05
  1.0245619e-05
 -1.6519359e-04
 -3.9272777e-06
 -6.1915225e-06
 -2.0175879e-05
  1.0699487e-05
  2.4410187e-05
  9.3640882e-04
  2.2410836e-07
 -1.0722551e-05
  4.9367651e-07
  3.1601932e-05
  1.0769191e-04
 -2.3682442e-05
 -2.8014201e-06
  2.4476442e-06
  6.1669407e-06
 -3.6011770e-06
 -1.0652812e-04
  2.1635144e-05
  4.3490083e-05
 -2.5571549e-06
 -2.1735874e-05
  5.0398858e-06
  6.2816866e-06
 -8.6361024e-06
  1.0720925e-05
 -7.2652124e-06
  1.0342619e-05
 -2.7342819e-06
  3.6736321e-06
 -5.9838942e-07
 -3.7864147e-06
  3.4565682e-07
 -2.4014355e-04
  8.8411734e-06
 -1.4871738e-05
  4.9803433e-01
 -1.6838430e+00
 -3.3376526e-02
  5.3242403e-01
 -6.0924757e-01
 -3.4162974e-01
  1.0684565e-01
 -2.4190609e-01
 -7.1082748e-02
 -1.3515714e-01
 -7.2832346e-01
 -7.4406242e-05
 -1.0874564e-04
 -6.3192765e-06
 -4.7308022e-01
 -1.6953543e-02
 -1.8071571e-01
  2.7115068e-01
  1.2030289e+00
 -1.1316356e-01
  1.2030347e-01
  1.0530319e-05
 -5.9393447e-02
  7.2843791e-04
 -3.2324132e-01
  7.7036922e-05
 -9.6818394e-06
 -3.8123420e-05
  2.9155579e-03
  3.7283578e-04
 -6.7531357e-05
 -3.6779500e-06
 -7.4653065e-07
  1.6217386e-05
 -9.8894752e-06
 -1.4462104e-06
 -1.1190115e-05
  1.5126402e-05
 -1.5908186e-05
 -6.0118741e-06
 -1.1740391e-04
 -1.6346010e-05
  1.5457505e-05
 -6.7883389e-06
  1.0230993e-05
 -1.3813663e-04
 -3.1873492e-06
  1.7186471e-06
  1.5744086e-05
  1.6725618e-05
 -7.7312734e-06
  2.6303867e-05
  2.0974296e-05
 -2.8274800e-07
  2.8856037e-05
 -1.6543238e-05
 -1.3915826e-06
  8.9950991e-06
  7.5102544e-05
 -1.8107716e-06
 -2.3424266e-06
 -1.4190485e-06
  2.1790323e-05
  2.4116667e-05
 -2.1627941e-06
 -7.1002170e-05
  1.1597494e-06
 -7.6133069e-06
 -2.5813431e-05
 -3.4189627e-06
 -2.3246266e-06
 -3.4847959e-05
  1.7195489e-05
 -7.4345853e-06
  1.2293232e-05
  1.1320012e-05
  1.0599199e-05
  7.1047543e-06
  6.6850598e-06
  6.3978587e-06
  4.5330316e-06
 -8.2314182e-07
  9.1293377e-06
 -4.8323827e-06
  2.4022029e-07
  5.9296308e-06
 -3.0486437e-06
 -3.7098528e-06
  1.7921822e-05
 -1.4248480e-05
  3.7181828e-05
 -4.3910236e-06
 -4.9411658e-02
 -1.3809729e-06
  1.5199114e-05
  2.4938852e-05
  7.2784565e-06
 -3.9491865e-06
  6.1644248e-05
 -2.4913977e-06
  7.8470424e-05
 -2.1412363e-05
 -3.1706953e-05
 -7.1873508e-08
  6.1441801e-07
  2.6825021e-04
  4.4284505e-05
 -1.1376347e-05
 -8.1491526e-06
 -5.4471046e-05
 -5.5549517e-06
  3.1096999e-06
  4.2989649e-04
  1.5662121e-05
 -1.6172678e-06
  8.2360957e-06
  1.0243757e-04
 -1.6768447e-05
 -1.0386661e-04
 -3.8498060e-06
  1.7053653e-05
 -6.0172374e-06
 -2.6995207e-05
 -8.7253767e-07
 -3.4829696e-07
 -9.6826498e-06
 -1.2501288e-05
 -2.1635447e-05
 -1.9835825e-05
  1.0461827e-05
 -1.9871914e-05
 -2.3466057e-06
  8.5231850e-06
 -1.0193552e-05
 -6.6577995e-05
 -2.1581900e-05
  6.6298591e-05
  8.1584149e-06
 -1.5552747e-05
  5.7251532e-06
  1.3527027e-05
  4.6664187e-05
  1.1692387e-05
 -1.7403563e-05
 -9.0122310e-05
 -6.1226697e-06
 -6.8755353e-06
  1.0543467e-06
 -2.1282103e-05
  7.5183775e-06
 -9.9989384e-02
  4.0481672e-01
 -2.4102558e-06
 -3.9614815e-06
 -2.6893577e-01
 -4.6110822e-06
  7.8206038e-04
 -1.2338931e-05
  1.3799876e-05
  1.2021624e-06
 -3.9985192e-05
  4.1657593e-05
  1.2343188e-04
  3.0785206e-06
 -1.6913422e-05
 -3.6989848e-05
  2.8083932e-05
 -9.0673296e-07
 -8.7384888e-06
 -1.5330039e-05
  7.6822589e-06
  2.1127261e-04
  2.1016789e-05
  1.1040526e-06
  1.8497649e-05
  2.5253305e-06
  1.9736722e-06
 -2.2188769e-06
  2.0316129e-05
  9.3316430e-06
 -5.5472874e-06
 -6.9062839e-06
 -3.3954629e-07
 -4.6218920e-06
  1.7436383e-07
  1.3739763e-05
 -2.7116675e-07
 -6.3981756e-06
  2.4933065e-04
  1.5025994e-05
 -3.4332515e-06
  2.7778947e-06
 -2.0482183e-05
 -8.6671072e-08
 -3.6916360e-06
 -1.1963180e-05
 -1.4733139e-05
 -9.1569036e-06
 -8.9389641e-06
  1.7868742e-05
  5.5244973e-06
  1.1868879e-05
 -8.3718051e-06
 -2.2763421e-05
  1.0875137e-05
 -5.6316883e-05
  2.3084494e-06
  8.0777691e-06
  4.8672911e-05
  1.8051776e-05
 -2.2539709e-06
  5.8638136e-07
 -3.3374361e-06
  3.4186702e-05
  1.8240651e-04
 -2.9449424e-05
 -1.7536364e-06
 -6.3034026e-06
 -1.0282772e-05
 -1.0737941e-05
  1.1182983e-05
  4.8270072e-06
  4.8138445e-05
 -5.3507538e-06
  1.1763348e-05
  1.4304836e-05
 -2.3144796e-05
 -1.6349311e-05
  5.1277066e-06
 -2.0992817e-05
  7.2431112e-06
 -3.7539132e-05
 -2.2758399e-05
 -2.0461312e-05
 -3.9352890e-05
  6.2129179e-06
 -2.2571875e-08
  7.8081166e-06
 -1.5071838e-04
 -1.9542949e-05
  6.4393289e-02
 -1.0005267e+00
 -4.3508117e-04
 -7.0463360e-04
 -8.2037342e-01
 -6.0882664e-04
 -3.3318080e-05
  2.8092456e-01
  1.0867983e-05
  4.8508434e-04
 -1.2053431e-04
 -3.8583166e-05
 -1.5030534e-04
 -1.9576926e-05
  3.3914654e-05
 -1.2010916e-05
 -4.6706688e-02
 -3.6332002e-01
 -9.1269654e-01
 -2.9674796e-02
  5.5998148e-06
 -4.1406406e-06
 -3.9218774e-01
 -1.5183135e-04
 -3.6823079e-01
 -2.5332786e-06
 -2.0079548e-05
 -1.9756419e-06
  1.1323476e-05
  1.3461551e-05
  5.4929951e-06
 -4.1965501e-05
 -8.7244547e-07
 -2.3986418e-05
 -1.4981149e-05
 -1.1215334e-05
 -2.2219845e-05
 -5.3021959e-05
  1.3296783e-05
  7.1815145e-04
  1.6480079e-05
 -1.1686498e-05
 -7.7918594e-06
 -5.7996141e-07
  2.2719927e-05
 -4.2051550e-05
 -2.0139182e-06
  1.2799118e-05
 -9.0566682e-06
  8.9866689e-06
 -1.3694910e-05
  6.7469500e-07
 -1.4787989e-05
 -1.5345753e-06
  9.6296366e-09
  8.4600953e-07
 -9.4192081e-05
 -5.3417771e-06
 -6.2161039e-06
 -9.1112560e-07
  2.4420212e-04
 -7.8819530e-06
 -8.7847802e-06
  1.0303465e-06
  2.5611162e-06
 -1.6337054e-06
 -1.2921291e-05
 -7.7837503e-06
  4.2088432e-06
 -5.6690751e-06
  9.5888845e-07
 -2.0700286e-06
  8.5887359e-06
 -7.0831484e-06
 -1.1480990e-05
  2.2065774e-06
  1.3117192e-04
 -1.2812918e-05
  5.9676411e-05
  2.2273531e-05
  9.8644750e-06
  1.5404556e-05
 -8.0870923e-06
 -4.6180680e-06
  1.0666269e-05
  1.0463687e-05
  1.3582301e-06
 -1.7075868e-04
 -4.2485017e-06
 -9.9517456e-06
  1.5737866e+00
 -1.7657131e+00
  3.4952649e-01
  9.3187404e-01
 -8.7163337e-02
  3.2802409e-01
 -4.0031876e-02
  3.8106498e-01
 -1.8888982e-03
  5.2795805e-02
 -7.0974624e-01
  1.0856142e-05
 -5.3789872e-01
 -1.6147837e-01
 -9.4706470e-01
 -5.1575778e-03
 -5.6335843e-01
  2.5177310e-04
  1.3336099e-02
 -5.6556508e-02
  2.7026635e-01
  3.3941124e-06
 -9.9577856e-01
 -1.3507640e-02
 -6.9197856e-02
  1.6413134e-04
 -2.7977280e-06
 -4.8560109e-05
  1.2200757e-06
  4.5454362e-04
  9.5130658e-01
  3.3932953e+00
  9.3216068e-01
 -2.8679156e+00
  3.6506884e+00
 -2.6579738e-01
 -4.5100509e-04
  1.2291020e+00
 -1.7104763e-01
 -4.6899977e-01
 -6.4675176e-01
  1.8323439e-03
 -3.8928744e-01
  4.7412592e-01
 -3.0212384e-01
 -3.5780206e-01
 -2.0663818e-02
  7.3682117e-01
  1.5868932e-01
  3.3653882e-01
 -1.0997926e+00
 -3.0319783e-05
 -2.3629759e-02
  1.9156076e+00
 -9.0559907e-02
  7.0227124e-02
  2.7084391e-07
 -8.8940389e-05
  3.8030848e-01
  2.1288742e-01
  5.2713463e-06
  8.4502935e-06
  3.0983843e-05
 -2.5835973e-06
 -8.9197047e-06
 -2.5738462e-05
 -2.4488438e-07
 -1.2434149e-06
  8.3242940e-06
 -1.4149212e-05
 -2.7746890e-05
 -2.5551230e-06
 -2.1593667e-04
  1.1577508e-06
  4.2004690e-06
 -2.3248162e-05
  1.3040188e-05
 -9.4679099e-06
  5.2154282e-06
  2.3883489e-05
 -1.1703254e-05
  1.5068801e-05
 -6.5965645e-07
  8.8130064e-06
  1.0252275e-05
 -3.8581136e-05
 -2.2312561e-06
 -6.6661312e-07
  8.0132895e-06
  3.7415091e-06
 -4.8743673e-06
 -2.5233779e-02
  2.3573598e-01
 -9.3816382e-01
  3.3554992e-01
  5.6805557e-01
 -6.7513269e-05
  6.4394766e-01
 -3.8812998e-01
 -1.1489028e-05
  6.2986368e-01
  2.9121205e-08
  4.0572959e-06
 -1.0075427e-06
  2.2724190e-01
  1.3004131e-05
 -3.6374521e-01
  2.4468143e-05
 -1.1609770e-06
 -5.5662280e-01
 -3.8538378e-06
 -1.2226737e-06
 -5.3701027e-05
  3.8094954e-06
 -2.1069248e-01
 -2.1600779e-04
 -6.3924090e-06
 -2.7111343e-01
 -3.2373539e-01
 -3.9907161e-07
 -5.6281560e-06
 -3.0697386e+00
 -1.3293172e+00
  1.0255647e+00
 -1.0311195e+00
  2.0259306e+00
  3.7916652e-07
 -2.0136385e+00
  2.1264709e-06
 -1.0867272e-05
  1.5484844e+00
  1.7333772e-05
  1.3537503e-06
  1.6694200e-06
 -5.0199562e-01
 -2.2633335e-02
 -2.2956436e+00
 -5.2423097e-06
 -4.7573703e-06
  6.7137825e-01
 -3.7952537e-05
 -7.2124212e-06
  1.5240409e-05
  6.4145615e-06
 -1.1532483e+00
  6.1299630e-05
  2.7962238e-05
 -3.1523452e+00
 -3.5245626e+00
 -1.5581516e-05
 -3.6215195e-05
 -6.4262176e-01
 -3.7633665e-02
  1.0195965e-04
  9.6727651e-01
  1.2074414e-04
 -8.5133543e-06
  1.3891715e-01
 -4.6850882e-02
 -1.7484780e-01
  6.2800729e-07
 -5.4342323e-04
  1.2852807e-06
 -8.0192852e-01
 -1.0907500e-01
 -4.2301081e-06
  4.9305963e-03
 -7.6988741e-05
  1.2237172e+00
 -5.8398709e-05
 -2.0280631e-05
 -4.8162761e-05
  7.7378689e-07
 -8.4608706e-04
  9.8926343e-05
 -1.1560151e-06
  9.1488924e-05
  1.8210193e-06
 -2.5815183e-05
  1.0515466e-04
  5.5578698e-06
  1.4818390e-05
 -1.7923277e-05
  5.0818537e-05
 -2.2043540e-05
 -2.4304779e-06
 -1.7690443e-05
  7.4075947e-06
  2.6287151e-05
 -8.0313066e-06
 -4.1904732e-05
  2.4681820e-05
 -3.4343844e-05
 -4.1800849e-06
 -7.7505166e-07
 -1.4790831e-05
 -3.2746652e-07
 -2.6306316e-05
  2.6844908e-05
  4.5185669e-05
  2.8350689e-05
  4.6137534e-06
 -2.1598772e-04
  2.3076171e-05
 -6.7572087e-06
 -6.0271509e-06
  9.9055133e-06
 -2.4586584e-04
  2.2461167e-05
  9.6165832e-06
  9.5885598e-06
  1.0875614e-04
  1.8063988e-04
  1.7950227e-06
  4.4651970e-06
 -2.5388223e-01
 -1.7051277e-01
 -1.2354225e-02
 -9.6636963e-05
 -2.2890767e-05
 -1.2730027e-02
  9.8456721e-06
 -6.3658692e-05
  3.3263635e-02
  3.7503543e-07
 -3.6956491e-05
  3.0630541e-05
 -1.7974677e-05
 -8.5588272e-06
  1.3081163e-05
  1.7088995e-04
  7.1164368e-06
 -5.0371069e-05
 -6.7228768e-07
  4.2661570e-04
  8.3211220e-05
  4.9948301e-07
 -1.4533195e-05
 -6.9469388e-05
  2.5059151e-05
 -2.6411137e-06
  6.7909062e-01
  5.1020664e-01
 -2.8378439e-01
 -2.3589936e-01
 -3.5410944e-01
 -2.2812730e-01
 -4.9478625e-04
  3.8817957e-02
  1.1239572e+00
  5.3069428e-02
  9.2791197e-06
 -1.2544000e-04
  7.6354909e-01
  1.0346763e+00
 -7.1512040e-05
  2.6411025e-04
 -2.2274697e-04
 -1.4860444e-01
  1.0030276e+00
 -2.1744706e-06
  8.4070933e-07
  6.2636639e-07
  3.1234611e-06
  4.8101749e-02
  1.9172165e-01
 -4.5111210e-07
  2.0540270e-04
 -1.3206251e-06
  2.9770723e-01
 -4.2060611e-01
  4.0905631e-01
 -5.0918188e-05
  5.8371407e-01
  5.5440958e-04
 -4.2570105e-01
  8.2446504e-01
  2.1838605e-01
  6.8955731e-01
 -1.0759505e+00
 -5.1819462e-01
  2.2900872e-01
 -3.1656748e-06
  3.3011004e-01
 -6.1910951e-06
 -3.1969280e-04
 -1.2785512e-04
  7.2239009e-03
 -5.4639179e-01
  3.3296832e-01
 -1.6569415e-05
 -3.4028912e-07
  2.6602234e-05
 -8.1858880e-06
 -2.7101960e-03
  6.5616218e-06
 -1.2155387e-01
 -1.2358701e-05
  3.8307782e-05
 -3.9376493e-04
  3.8447819e-05
 -2.7307326e-06
 -1.9573299e-06
 -6.2610329e-06
  3.1674364e-05
  9.4168208e-05
 -3.2244141e-05
 -1.8249313e-05
 -3.8128743e-05
 -4.0179646e-05
  1.4278785e-05
  8.3436163e-07
 -1.1676771e-05
  2.2872038e-05
 -2.6519415e-06
 -5.1652892e-06
  3.6886599e-05
  1.6231179e-05
  7.9195178e-07
 -1.9115596e-06
  1.5936030e-05
 -2.5848865e-05
 -7.3223505e-06
  4.4917497e-06
  4.3301047e-06
 -1.0333225e-06
 -1.6608370e-05
  3.5100666e-06
 -1.0351821e-04
  5.8680580e-06
 -4.6402594e-01
 -3.5018948e-01
 -1.6682676e-05
 -4.3311620e-06
  2.6608247e-01
  1.6394922e-01
 -6.9835228e-01
 -6.4609152e-01
  6.7138851e-01
  3.9735023e-02
  7.6351484e-05
 -1.1105541e-06
 -1.5299261e-06
 -3.0201251e-02
 -1.0843268e-02
 -3.8187754e-06
  1.6347118e-06
  2.0058650e-04
 -1.8625480e-01
  8.5966240e-06
 -8.8574117e-05
 -2.6931802e-06
  2.7227436e-05
 -2.5152696e-05
  5.2526193e-06
  5.2326554e-06
 -1.2688580e-05
  1.3181093e-04
  2.0207361e-05
 -2.0828238e-05
  2.3502588e+00
  6.1730587e-01
 -6.4467669e-01
 -1.7595968e+00
  3.6198182e+00
 -4.0662870e-01
 -8.3588757e-02
 -5.5351291e-02
  3.6772645e-01
  2.1615666e-01
  2.0020109e-01
  4.3122432e-01
 -2.7236965e-01
  9.2571902e-01
  6.6061801e-01
  2.5583425e-01
 -3.1627927e+00
 -5.0913680e-01
  3.3979174e-01
  3.6638391e-01
  3.0273420e-01
 -5.1544317e-05
  3.6845881e-01
  9.3081516e-01
  3.4125839e-04
 -9.8528835e-06
 -6.5389946e-02
 -2.2369571e-01
 -8.3338016e-01
  2.2652750e-06
 -4.6253848e-01
 -1.4033625e+00
 -5.3177631e-01
  1.0642848e+00
 -5.7314318e-02
 -6.0385275e-03
 -2.5398303e-02
 -4.6748158e-02
  1.3555773e+00
 -4.0953782e-01
 -5.0990349e-01
  2.3401225e+00
 -3.7068197e-01
  4.1054276e-01
 -3.6874148e-01
  4.0096026e-02
 -4.9285969e-01
 -2.1091960e-01
  6.7324638e-02
 -6.6412401e-01
 -1.7939726e+00
  4.7987559e-01
 -1.3488990e+00
 -1.3614548e+00
 -1.1347268e+00
 -2.0828100e-05
 -4.0108016e-01
  1.5332942e-02
 -8.8700294e-01
  3.9386851e-01
  1.1856604e+00
  1.7229076e-02
  1.5146079e-02
  1.4096305e+00
  1.2843950e+00
 -6.3423193e-01
  3.0360925e-01
  2.4774328e-01
 -4.0771315e-01
  2.9608652e-02
 -4.9510282e-02
  1.0736721e+00
  3.1054908e-01
 -1.2835457e+00
  1.9958995e-01
 -1.8333517e-01
  6.2509000e-01
 -7.8825727e-02
 -7.9053569e-01
  9.2333186e-01
  1.4225492e-01
 -3.4360051e-01
  1.1426408e-02
  1.3950433e-01
  8.7114120e-01
 -2.9805009e-05
  5.7713300e-01
 -8.7341964e-02
  9.0924263e-02
  3.6423544e-06
  1.0464379e-04
 -2.2984061e-06
  4.7586855e-06
 -6.6152148e-05
 -7.2031207e-06
  7.8067260e-06
 -5.6426645e-05
 -5.9698496e-06
 -1.2073394e-05
  2.8190838e-05
 -8.6193730e-05
  7.8534122e-06
 -3.6900929e-05
 -3.4569562e-06
 -1.3188242e-05
  1.8191207e-03
  5.7495095e-06
 -1.4679993e-06
 -4.1682206e-06
  6.1553465e-07
  2.1779990e-05
  4.9956878e-07
  3.0179231e-06
  7.2881016e-06
  5.9966460e-06
  2.8229371e-05
  6.0329585e-06
  1.1609255e-05
 -7.2827279e-06
  2.0922086e-04
 -3.1611078e-06
  1.8329986e-06
 -1.3466861e-07
  4.5142892e-06
  4.8857728e-06
 -9.8871824e-06
  5.3169026e-07
  7.5803022e-05
 -5.6886001e-06
 -7.5474213e-07
 -1.2028387e-05
  3.3142067e-07
 -1.0091901e-05
  1.5985745e-05
 -4.3222619e-05
  9.1136253e-06
 -1.4992662e-06
  6.1300875e-06
 -2.5671825e-05
 -1.6526495e-06
 -3.6997853e-06
  2.0687034e-05
  5.8613614e-06
  1.6693890e-05
 -5.0531812e-06
  1.0353886e-05
 -5.3325784e-06
  1.0154995e-05
  1.7414482e-06
 -7.1739337e-06
  8.6015396e-02
  9.0299904e-01
  2.1723416e-04
 -3.8233370e-01
  2.5148038e-05
 -3.3957611e-03
  4.9122027e-05
  3.5024481e-05
  1.7138298e-04
 -8.3750390e-05
 -7.6792389e-02
 -1.0336500e-04
  8.5908212e-02
 -3.9106598e-01
  1.7775017e-01
  2.6607702e-05
  3.2288939e-05
 -1.6543331e-03
  6.7924392e-01
  1.8080916e-04
 -3.2162887e-07
  7.3858260e-05
 -7.9425508e-06
 -1.6510141e-05
  1.0883244e-04
  1.1544329e-05
  1.6470132e-05
 -1.7843027e-05
 -6.5395316e-06
  2.6526741e-05
  2.4554795e-01
 -7.5069201e-01
  6.2580234e-01
  2.2865152e+00
  1.4231713e-01
  1.0594530e-01
  5.8817249e-02
 -9.4057274e-01
  7.8719801e-01
 -5.0301068e-02
  1.4615282e+00
  1.9451350e-01
 -7.7640432e-01
  1.6636934e+00
 -5.9175942e-02
 -3.4503371e-01
 -1.2357072e-01
  4.6943223e-01
  7.5438523e-01
 -1.3336740e+00
  4.8920768e-01
  6.9604666e-06
  1.7941567e-01
  5.3130306e-02
  3.0016090e-06
 -5.0729662e-01
  2.9167232e-01
 -6.7831630e-01
  2.9371126e-02
 -3.0931330e-01
 -4.3842673e-02
 -3.9646772e-01
 -7.6234221e-07
 -6.0413295e-01
  2.4816492e-01
 -4.5499507e-01
 -3.1694287e-01
  9.0376741e-01
  3.0122198e-02
  2.0772114e-02
  5.5877506e-03
 -1.1759789e-04
  3.3452199e-03
 -4.4313374e-01
  9.3274955e-03
  3.3384511e-01
  7.6097897e-03
 -1.7117134e-05
  1.5213447e+00
  8.5951787e-01
 -3.5868582e-06
 -5.0152588e-04
  9.5452473e-05
  3.3451495e-06
  1.0927675e-01
  2.6343893e-02
  1.2007212e-04
  1.0055470e-05
 -3.7547786e-04
  1.3365834e-02
 -2.4536670e-05
  3.9833930e-01
  8.1690408e-02
 -4.9484926e-01
 -1.7949206e-01
 -6.6203342e-05
 -3.0969374e-02
 -1.7364107e-02
  1.8302386e-05
  7.2786427e-01
  2.1168886e-01
 -3.1287465e-05
  8.5455304e-06
  5.3452432e-01
  1.0496095e+00
 -2.9939483e-07
  5.5738841e-05
 -6.9594294e-05
 -5.1325715e-01
  7.6582782e-02
 -2.1588636e-04
  2.7703447e-06
  1.3258612e-04
 -4.3860996e-07
  5.2457988e-05
  2.6855956e-05
  8.8411347e-05
 -9.1433303e-06
  3.4512777e-05
  1.0857160e-05
  3.3446497e-07
 -6.3555462e-06
  2.0590614e-05
  3.8138164e-06
  2.7584699e-06
  7.7004679e-06
  5.5397422e-06
 -8.5454521e-06
  1.2994903e-05
  8.6214204e-06
 -1.7491169e-05
  1.4824158e-07
 -5.5683420e-05
 -1.4778091e-05
 -8.1343196e-06
  6.3660213e-05
  4.4151739e-06
  2.9111030e-05
 -2.4782268e-05
  4.3089658e-05
  1.7533888e-05
 -1.2454610e-05
 -3.4215172e-06
  8.7565741e-06
 -3.7841601e-05
  1.0363952e-05
 -2.7963171e-07
  4.8501595e-05
 -4.4268585e-05
 -3.6758760e-05
 -6.3876773e-06
 -2.9858418e-05
 -5.2834126e-05
 -3.8899211e-06
  6.9569869e-06
 -3.2648306e-05
  2.2531824e-05
  4.6366430e-04
  2.6326237e-05
 -1.3456627e-06
  1.2179524e-05
  2.4626392e-05
 -1.0595437e-05
  3.0193880e-05
 -5.3707108e-06
  2.8004828e-05
  7.3775766e-07
  1.8360647e-06
  4.2602551e-06
 -1.4338196e-05
  5.5441355e-06
 -5.3060212e-06
 -5.5142282e-05
 -2.3683513e-05
 -3.3925829e-05
 -1.8939612e-05
  6.1039631e-05
 -1.2469659e-05
  2.1197613e-05
  6.7998590e-06
  3.4455606e-01
 -6.8274534e-01
 -9.7777170e-01
  2.7163333e-01
  6.7083591e-01
  1.7358153e-01
  1.8148951e-01
 -4.4893512e-01
 -1.7403679e+00
 -4.4769213e-02
 -9.4614290e-03
 -6.5552306e-01
  2.0838042e-05
 -1.4038320e+00
 -2.7576767e-02
 -6.2565404e-01
 -2.3486857e-05
 -4.9736868e-06
 -3.6389422e-01
 -8.6127239e-01
  4.7598182e-06
 -5.9075064e-05
 -1.0612671e-06
 -1.2996784e-02
 -1.1000475e-01
 -2.0764874e-01
 -3.5984541e-04
 -2.4553887e-05
  1.3730200e-01
 -2.6333925e-01
 -1.5473277e-05
  2.2000715e-01
 -4.1002146e-05
  4.7052968e-06
  3.5069609e-06
  1.7407208e-04
  4.2184056e-06
 -4.7351055e-05
  1.2646805e-01
  2.0709186e-04
  5.3792410e-06
 -1.2601249e-05
 -7.9201927e-06
  5.0461656e-01
  1.3837287e-05
 -1.5491582e-06
 -1.9967149e-05
  3.7188256e-05
 -1.3478220e-06
  5.3825606e-06
 -1.6317090e-05
 -7.3126990e-05
  4.3125806e-06
 -2.2130655e-05
 -3.1517186e-05
 -1.0201011e-04
 -2.1059591e-06
  7.9632019e-07
  1.2725411e-05
 -1.9092422e-05
  4.6096629e-05
  3.2110147e-05
  2.0223113e-05
 -1.1295962e-05
 -1.6686843e-05
 -2.3249411e-06
 -4.3829014e-06
 -6.5337954e-04
 -1.0569229e-05
 -2.5636711e-05
  7.0868344e-05
  1.0918664e-05
 -9.9929985e-06
 -6.9514908e-06
 -6.2660447e-06
 -2.8753931e-05
 -5.3788348e-08
  8.2883591e-05
 -3.9975355e-05
  1.8074717e-05
  1.7384511e-04
  2.6364800e-05
 -3.4138928e-05
 -1.1907192e-05
 -2.4538465e-05
 -4.2892512e-05
  1.5111681e-05
 -6.0675833e-05
  2.5961333e-04
  7.0760193e-06
  2.5970163e+00
  6.1341435e-02
  9.7262824e-01
 -7.0178199e-01
  2.6452115e-01
  2.4848247e-01
  9.5050715e-02
 -7.2267139e-01
  4.0990639e-01
 -5.0939894e-01
 -4.0881908e-03
  1.3402721e-01
  1.5815169e-01
 -8.2947671e-01
  1.2574586e-01
  1.0894652e-01
  1.1940210e-01
 -1.9497485e-01
  9.8901741e-02
  4.0571639e-01
 -1.5086000e-06
 -4.0361260e-06
 -1.5754837e-05
 -9.5387620e-01
  9.1139629e-02
  7.5302371e-05
  5.8544189e-02
  1.0931901e-01
  1.1616705e-01
 -5.4852091e-05
 -2.9127782e-06
 -9.2046458e-01
 -5.4347835e-05
  4.4459242e-01
  1.5199757e-06
  4.1179115e-05
  2.6283738e-01
 -2.0718728e-01
 -3.3958623e-04
 -9.0216231e-03
 -1.0741316e+00
 -7.0677524e-06
 -2.3522414e-05
  4.9251440e-01
 -1.0970967e+00
 -3.1928019e-05
 -2.6546286e-05
  4.1497679e-04
  4.8146969e-01
 -2.3277508e-01
  1.1332540e-05
 -1.6476712e-05
 -9.9239849e-05
 -1.0528168e-05
 -1.5365728e-04
 -1.1683936e-01
 -1.3170785e-03
  1.2283814e-04
  6.8800364e-05
 -1.9707713e-01
 -2.2359173e+00
  1.5403000e+00
  2.7030969e+00
  2.9738448e+00
 -8.7476856e-01
  3.1959336e-02
  4.4331542e-01
  1.1950815e-01
  7.3296171e-01
 -7.1853258e-02
 -3.3363152e-01
  2.9957550e+00
  2.0917465e-01
  2.4447641e+00
 -4.9149832e-01
  7.3498964e-01
  1.2187620e+00
 -3.4236813e-01
  1.0571026e+00
  1.1999110e+00
 -1.4483087e-01
  1.2848294e-01
 -3.4629768e-01
  1.2754738e-06
  3.7518502e-04
 -2.3283683e-05
 -2.3260249e-01
  4.2096245e-01
 -4.4930094e-01
 -1.0256330e-02
  3.3244323e-05
  1.6309712e-05
 -5.6765662e-06
  2.9435174e-05
 -1.9381650e-06
 -4.4684966e-05
  1.0928746e-05
 -9.3816534e-06
  3.7262710e-06
 -1.7341550e-05
  1.1348745e-05
  1.1138563e-06
 -1.2033800e-06
 -2.4506977e-05
  2.1345615e-05
  1.8317235e-06
 -5.0184670e-05
  2.6040139e-05
  1.7804603e-05
  4.4217421e-05
 -8.1238186e-06
  1.2502439e-05
 -3.9006977e-06
 -1.1650594e-06
  1.3448725e-05
  3.3738704e-06
 -6.0014559e-06
  7.0398373e-06
 -2.9775052e-05
 -1.9569025e-06
 -4.4137827e-04
 -6.5132459e-05
  1.1244244e-04
 -1.2526927e+00
  5.5097759e-01
 -9.7186863e-02
 -1.0451697e+00
  6.6354149e-04
  3.0401495e-04
 -1.4392624e-05
 -3.6045346e-08
  1.2314455e-01
 -1.8634133e-01
  1.7047891e-01
 -7.5417825e-07
 -2.9043226e-06
  1.6776935e-04
 -1.5470270e-03
 -7.3950988e-01
  8.7094784e-02
  5.9675908e-06
  2.7109616e-04
  1.1901445e-05
  1.1785546e-05
  9.4505190e-04
  9.9896803e-05
  3.1781256e-05
 -1.7159632e-06
 -3.5401845e-01
  7.6081810e-06
 -1.6550715e-01
 -1.0498071e-01
 -9.9244870e-02
 -7.0168358e-01
 -3.1632446e-02
 -1.2676908e+00
 -3.7454188e-02
  1.7980550e-01
  6.8144035e-01
  6.2606889e-01
  3.3004826e-01
  7.2170544e-01
  7.6444149e-02
 -7.3716098e-01
  3.8588727e-01
 -6.6175700e-05
 -9.0269171e-02
 -1.0313987e+00
 -1.8366338e-01
 -4.2959154e-01
 -1.1476899e-02
  3.3725319e-05
 -2.1133144e-01
  2.5578901e-01
 -1.9832534e-01
 -4.8797971e-01
 -3.1710750e-01
  7.8775236e-05
  1.2897344e+00
 -3.5578278e-03
  4.7851627e-05
  2.1826017e-01
 -7.6444419e-05
 -8.7209832e-05
 -2.0303843e-05
 -2.4754590e-01
  4.2169231e-06
  5.1708583e-05
 -6.1886720e-05
 -9.9926119e-06
 -6.4062224e-05
  2.0034295e-05
  3.0297169e-05
 -3.3541641e-01
 -1.7408922e-05
 -2.6102050e-06
 -1.0408349e-04
  6.2748804e-05
  9.9522695e-02
 -3.0865023e-05
  2.9574580e-06
 -7.2625003e-06
 -5.6293711e-06
 -1.0663100e-04
 -1.0325616e-05
 -1.9211302e-05
 -1.8178996e-05
 -1.3379310e-05
  2.4729279e-05
 -9.7197008e-06
  3.0672106e-06
  4.5122270e-06
 -4.6830435e-04
  5.8502328e-06
 -1.5885324e-05
  6.3579857e-05
 -2.8572952e-06
  3.4646884e-01
 -3.0547548e-05
  6.0020152e-06
 -8.7663338e-06
 -1.7343208e-06
 -4.7482408e-05
 -7.5600535e-04
  3.7069372e-06
  5.8211577e-07
 -1.6731989e-05
  1.0138539e-05
  9.1989632e-06
 -2.6981181e-05
  1.2748802e-05
  7.3110082e-06
 -4.4052113e-06
 -6.4666739e-05
 -9.5596610e-05
 -3.2329546e-05
 -2.5685888e-04
 -1.4638548e-05
 -2.7238819e-04
  9.0988533e-06
  3.4104842e-01
  2.5460409e-02
  4.8101801e-06
 -4.9988091e-01
  8.4435123e-06
 -1.9738758e-02
  3.2023001e-01
 -7.7497905e-01
  2.9865136e-02
  5.5077106e-01
  2.2257802e-01
  3.8718112e-04
 -1.0698457e-05
 -4.3583032e-01
  1.9800100e-03
 -1.7727135e-01
 -3.2731559e-04
 -2.6787564e-01
  1.5968436e+00
 -3.4443167e-01
 -1.6411957e-05
 -2.1149817e-06
 -3.8742572e-05
  1.7654197e-06
 -2.9754031e-03
 -7.1266387e-04
 -4.7269769e-02
 -8.5990378e-06
  6.2723786e-02
 -2.9272864e-05
  7.0519871e-01
 -6.2634258e-06
 -9.6753676e-05
  1.5064582e+00
 -3.6972281e-01
  1.5201652e-05
  6.2464374e-01
 -8.1044245e-01
 -8.2415808e-03
  4.0940675e-01
  1.6986140e-05
 -6.6745129e-06
 -2.7361831e-01
  5.4660374e-01
  6.8705648e-01
  1.2363549e+00
 -2.0104502e-03
  1.8231309e-06
 -1.7102989e+00
  6.4098371e-05
 -4.7053425e-07
 -6.5702122e-01
 -1.1318752e+00
  1.4513282e-01
 -8.0679280e-07
 -3.7716690e-01
 -3.2385063e-01
 -1.1114797e-06
  1.4052695e-06
  5.1597661e-01
  9.7112727e-01
  4.4928906e-06
  3.4412336e-01
  7.2370106e-01
 -6.7750221e-01
  8.8426104e-06
 -7.0317370e-01
  2.0802231e+00
 -2.0644085e+00
  1.7218769e+00
  4.9075183e-02
  7.5820717e-05
  5.5171782e-01
  1.8739941e+00
  7.1886563e-01
  4.9175623e-01
 -3.2905460e-04
  1.5901185e-05
 -7.8358281e-01
 -2.8376755e-01
 -3.0096206e-05
  1.0573432e+00
 -5.1371580e-01
 -2.0189581e+00
  1.8610104e-06
  5.5413699e-01
 -9.4695622e-01
 -1.9955373e-01
 -2.2465107e-01
 -6.2479901e-01
 -3.2486210e+00
  8.5943151e-01
  1.0410088e+00
 -6.6019106e-01
  2.7867132e-01
  6.3548585e-05
 -7.8656220e-01
 -1.5524430e+00
  7.2153699e-01
  8.3185101e-01
  6.6990703e-01
  1.6002324e-01
  8.1097671e-05
  8.4706035e-06
 -3.8530536e-05
  2.4761435e-05
 -2.9749069e-01
 -3.0665193e-04
  1.4409966e+00
 -1.7924813e+00
 -7.9952723e-01
  5.7361484e-01
  1.0944934e+00
  7.5902283e-02
 -3.2649148e-01
  7.0576733e-01
  3.1190777e-01
 -1.1499605e+00
 -2.0814156e-02
  5.2998352e-01
 -2.3854334e+00
  5.7979632e-04
  7.7800542e-01
 -1.6160659e+00
  1.0000838e+00
 -5.2750558e-01
  3.2207727e-01
  1.1280658e+00
  1.3720605e+00
  4.1235739e-01
 -4.1420761e-01
 -4.0380502e-01
  1.3590779e+00
 -2.2475939e+00
 -4.0638545e-03
  2.2720671e+00
 -1.0930229e+00
 -3.4368973e+00
  1.8349589e+00
  2.4770325e-01
 -8.1337768e-01
  1.3965795e+00
 -6.1057794e-01
  2.4881651e-01
  8.1448293e-01
 -2.5640467e-01
 -3.3438763e-01
  1.7493364e-01
  2.0344430e-01
  1.1689639e+00
 -9.3122512e-01
 -6.5943986e-01
 -2.6075961e-02
 -2.0000761e+00
  1.1952519e+00
 -8.4675509e-01
 -1.6872796e+00
 -1.8554288e-01
 -6.7406154e-01
  3.9615962e-01
 -1.1390626e+00
  2.5595361e-01
 -1.3185771e+00
  2.2603717e-01
  7.5684857e-01
 -6.6968656e-01
 -6.0823798e-02
  3.9530584e-01
  2.8009934e+00
  4.3724802e-01
  7.8447914e-01
  9.2543709e-01
 -1.6646825e-07
 -1.2776560e-06
  2.9542954e-07
 -3.8397154e-01
 -3.4691072e+00
 -1.5144774e-01
  1.5444766e-01
  2.6483345e-01
  9.5214921e-01
 -1.3227776e-06
 -1.4754153e-05
  3.0437259e-06
  1.3736171e-04
 -4.5101144e-03
  1.3152391e+00
  7.4397177e-02
 -4.6342734e-06
 -2.8394145e-01
 -1.2242706e-06
  2.2879821e-04
  3.1906881e-04
 -3.1159714e-01
 -3.0852440e-01
  1.6951844e-02
 -3.9228627e-05
  2.9874250e-01
 -1.6914465e-01
  7.7259010e-06
 -2.4670132e-07
 -8.4986081e-05
 -9.7378463e-01
 -2.6002145e+00
  6.0519224e-01
  5.7187490e-03
  5.8929437e-01
  2.5437728e-01
  4.8091253e-05
 -6.9245914e-07
  1.4081394e-05
  5.7559032e-02
 -2.2975331e-05
  2.1876764e+00
  1.4750059e+00
  4.5878986e-01
 -3.8658777e-01
  9.6899370e-05
  6.6618595e-05
  2.6817884e-06
 -2.9003313e-01
 -9.1417032e-01
  1.2263776e+00
 -9.2557264e-07
  4.5851371e-01
  1.2912855e-01
 -1.7098693e-05
 -3.3538336e-06
  5.9064885e-05
 -6.9392663e-01
 -3.3135171e+00
 -3.0773142e-01
 -7.0686780e-02
  1.4349393e-04
 -7.7057219e-01
  2.5299305e-04
 -6.5801578e-06
  7.0860312e-07
 -6.8007762e-06
  9.6105456e-02
  3.9304978e-01
  6.6337705e-01
  5.3353131e-01
  5.0033510e-01
  2.5453256e-04
  1.1582499e-04
 -6.3952275e-06
 -1.1465502e+00
 -2.2100558e+00
  1.6593459e+00
  8.2186353e-01
  1.7895350e+00
 -1.7157447e-01
 -1.4874446e+00
 -1.0512279e-01
 -9.4520175e-01
 -5.8292872e-01
 -1.4493284e-01
  1.1026754e+00
  9.5109746e-02
 -3.3901942e-01
 -8.9426261e-01
 -5.2570127e-02
 -8.9820288e-04
  2.8522963e-05
 -4.9308437e-04
 -4.3941641e-06
  2.3360391e-01
  4.1348240e-01
  2.4801549e-01
 -5.8143127e-01
  2.7450616e-05
  7.4264474e-02
 -7.2111446e-01
  3.9553681e-01
 -2.1104413e-05
 -5.6739163e-01
 -7.0298028e-01
  1.6198835e-01
 -1.0110879e+00
 -4.1762704e-01
 -7.7148803e-02
 -6.9675291e-01
 -1.3220615e+00
 -1.0499372e+00
 -6.7549163e-01
  1.4660203e-02
  7.9278958e-01
  1.4853904e+00
 -3.3885443e-01
 -5.6598318e-01
  1.0220323e+00
 -4.4705020e-03
 -1.7422938e-01
  2.1123817e+00
  1.4286749e+00
  8.1404710e-01
 -1.4516294e+00
  3.9398614e-02
  6.2908009e-02
  7.6154119e-01
  9.5569193e-01
  2.1836662e-01
  1.2873274e+00
 -2.6286188e-01
  1.4298530e+00
 -5.3054821e-01
 -7.3571622e-01
 -2.6877133e-05
 -3.8998502e-01
  1.4634639e+00
 -1.4374278e-02
  8.7168443e-01
 -1.0968155e-03
  1.5617944e-03
 -7.3888391e-02
 -2.8893012e-01
 -3.2639563e-01
  3.5022673e-01
 -7.5537890e-01
 -1.2139928e-01
  1.4329819e-01
  7.1524882e-01
  8.6897951e-01
  2.3891059e-01
 -1.0036010e+00
 -1.8931009e-01
  7.5888437e-01
 -1.2643893e-01
 -1.5812753e-04
  2.6517534e-01
  5.0148851e-01
  1.4658550e+00
 -6.7607665e-01
  1.3321466e+00
  2.0705729e+00
 -1.9007483e+00
  1.6435144e+00
  3.2624438e-01
 -1.5725024e+00
 -7.8002757e-01
  1.0879215e+00
  1.0467273e+00
 -6.6439420e-06
  1.0126364e-04
 -2.0477388e-02
  2.3699453e+00
 -9.7945776e-06
 -2.6870286e+00
  2.7446833e-01
  1.5343919e-01
 -7.2620440e-01
  3.9668378e-01
  3.7689444e-01
 -5.8636278e-02
 -2.2142549e+00
  1.9789110e-01
  3.0098656e-01
 -1.3359464e+00
 -4.5330984e-05
  3.8963920e-01
  1.2108839e-01
  7.0057207e-01
  3.1805921e-02
  2.1329255e+00
  1.9758855e+00
 -1.7285579e-01
  3.6774185e-01
  7.6900047e-01
 -7.3637229e-01
 -2.3699367e-06
  1.6210733e-02
  9.8657884e-02
  4.7979489e-01
  1.8068578e+00
 -1.1468357e+00
  1.9641440e+00
  2.9288328e-01
 -2.1543252e+00
  5.7998878e-01
 -6.6966154e-03
 -2.1436334e-01
 -3.8168725e-01
 -2.9347718e-01
 -1.7483941e+00
 -6.3999903e-01
  3.8053528e-05
 -5.9845781e-01
  7.5617993e-01
  2.7142549e+00
  7.0485938e-01
  7.8235254e-02
  9.7339767e-01
 -3.6811653e-01
 -2.1093211e+00
  7.0456856e-01
 -2.6754886e-02
  5.6778763e-06
  3.2296371e-01
 -7.8103405e-01
  1.3159533e+00
 -2.7095354e-01
  3.9843607e-01
 -2.2902633e-01
  1.5450662e-01
 -2.0641980e+00
 -1.3992177e-01
 -6.8172896e-01
 -1.4920979e+00
  1.1374112e+00
  1.4273317e+00
  1.2767776e+00
  8.5645401e-01
 -7.3014486e-01
  5.5879217e-01
 -1.1389956e+00
 -4.2579177e-01
  7.6101267e-01
 -1.5340892e+00
 -7.8851885e-01
 -2.5457969e-01
 -3.0746408e+00
 -6.6917139e-01
 -2.2468860e-01
 -2.4375750e-03
 -1.0350952e-01
 -6.4777043e-05
 -4.7409818e-01
 -1.2987717e-04
  1.2253798e+00
 -8.6882138e-01
 -2.5378831e-03
  1.5470053e+00
  1.1263782e-01
  9.6564539e-02
 -3.7914142e-01
  6.0187209e-01
  2.1603931e-01
 -7.1420217e-01
  2.1111777e+00
 -2.1081853e-01
 -1.2610272e+00
 -1.6196002e+00
 -2.8973246e-01
  1.1871929e+00
 -2.2695509e-03
 -1.8933390e+00
  1.4462812e+00
 -8.1573123e-01
 -3.3220508e+00
  1.1753365e+00
 -3.1568682e-01
 -4.0081128e-01
  2.1185348e-05
  3.0312425e-01
 -4.5214692e-01
  1.2365079e+00
  1.4488548e-01
  8.1212200e-02
  9.0507197e-01
 -5.2693896e-02
  1.2367624e-01
  3.6130187e-01
  6.4031744e-01
 -4.0201385e-06
 -1.4851751e+00
 -3.1415218e-01
 -6.3828498e-01
  3.1440929e-02
 -7.1440011e-01
 -1.1044833e-01
 -1.0064113e+00
 -1.3457683e+00
 -2.1603153e+00
 -1.2744403e+00
 -1.1511109e+00
 -4.3180197e-01
  1.7279285e+00
 -1.2707314e-01
 -7.1556920e-01
 -7.1434957e-01
 -1.4440742e+00
 -5.0434208e-01
 -1.3412567e+00
  7.4123651e-01
  4.3542159e-01
 -6.3200212e-01
 -3.1938541e-03
 -7.5410300e-01
  1.4143687e+00
 -9.9009776e-01
 -4.1270480e-01
  5.7500321e-01
  9.7900295e-01
  4.6944112e-01
 -7.3473424e-01
  2.3885646e-05
  8.1413273e-06
  1.9519417e-01
 -2.6131016e-01
 -1.7178338e-06
 -2.5065553e+00
 -3.1938720e-01
 -1.3716822e+00
 -7.0189583e-01
 -6.7806788e-05
 -1.0729485e-05
 -8.2858769e-06
  5.8434748e-06
  1.6179496e-05
 -6.5683489e-06
  8.7198168e-06
 -1.0283439e+00
 -1.5358100e-04
  3.2459311e-06
 -2.6432669e-04
  7.9785210e-01
 -3.6229638e-04
 -1.2418433e-05
 -6.4442450e-01
  6.7784172e-01
  5.8107996e-01
 -1.3949460e+00
  1.1177998e-05
  1.9832725e-05
  5.6663312e-06
 -7.9045385e-06
 -1.0064932e-04
  2.0562117e+00
 -9.6538979e-01
  6.5463996e-01
 -1.1564488e+00
 -3.2337632e-06
 -1.2856335e-05
  3.4141120e-01
 -2.3477582e-02
 -5.3459903e-06
 -1.1256516e+00
  1.4242411e+00
 -3.4213547e-02
 -9.1660273e-01
  3.7306042e-06
 -5.2337068e-06
  8.5620217e-02
 -2.8287820e-06
 -5.2847290e-06
 -1.2246070e+00
  7.5501335e-01
  9.4456947e-01
 -9.4203275e-01
 -1.7378894e-05
  2.9174173e-05
  7.2335297e-01
  1.7406518e-06
  8.3939885e-06
  3.7330663e-01
  1.9251704e-01
 -1.5604414e+00
 -1.2376504e+00
  2.2506397e-06
 -1.0921624e-05
  2.2738348e-01
 -6.3502710e-05
 -3.8802648e-07
 -7.2868663e-01
  2.5983308e-02
 -3.7921786e-01
 -4.7717206e-02
  7.0497490e-06
  1.4888882e-05
  5.7614434e-01
  3.3534645e-06
 -2.6335943e-05
  2.3192672e-01
  5.8891654e-01
  8.1413859e-01
 -3.9397204e-01
 -7.6434437e-05
 -8.8809317e-01
 -1.6490645e+00
 -7.0704269e-04
 -9.7372333e-07
 -2.7843080e-03
 -8.9952493e-01
  1.4194367e+00
  2.4974638e-01
  2.3887094e-06
 -4.0507948e-06
  3.4929756e-06
  1.7055743e-05
  4.8380747e-07
 -4.3570631e-06
 -3.0901218e-05
  1.0704622e-01
  4.3513919e-05
 -1.4682458e-04
 -6.7920542e-01
 -1.0235720e+00
 -1.5022720e-05
  1.9209641e-05
 -3.6104266e-05
 -8.0384862e-01
  5.9814966e-01
 -1.2779707e+00
  2.4860683e-06
 -3.4598045e-02
 -3.9226815e-04
 -3.2367448e-06
  6.2820873e-06
 -6.5066621e-02
  2.9390520e-01
 -9.6928585e-01
 -1.2411010e+00
 -3.2845222e-05
 -2.2685520e-01
 -6.8648525e-02
 -2.0792791e-06
 -1.1937022e-05
  1.4688586e-06
  1.0747758e-01
  4.2015842e-01
  1.5580705e+00
 -2.5226422e-05
 -4.1122475e-01
 -1.1642976e-01
  2.1323826e-06
 -2.7298785e-05
  5.5469468e-02
  5.8664179e-01
  2.3721535e+00
 -2.4596563e-01
 -1.7342760e-05
 -1.5853663e-04
  3.5319722e-01
 -2.1241300e-05
  7.0195364e-07
 -4.1240650e-01
  1.0776728e-01
  1.0132775e-01
 -8.0353510e-01
 -1.4967931e-05
 -4.6044371e-01
  4.5081019e-01
  2.3081295e-08
  1.2567747e-06
  1.2135112e+00
 -4.6407047e-01
  3.7150735e-01
  4.9612296e-01
 -1.5143303e-05
 -9.5549434e-02
 -3.9843637e-02
 -5.5426976e-06
 -2.9730035e-07
 -3.5570914e-01
 -1.1466388e-01
 -5.4176128e-01
  5.9698957e-01
 -1.4050771e-05
 -5.4030829e-06
 -1.4933649e+00
 -5.0385004e-01
  4.9017897e-05
  1.0449657e+00
  2.0959835e-01
 -9.3240738e-01
 -7.0062655e-01
 -3.2249372e-06
 -4.3548837e-07
  1.8538248e-06
 -5.0154580e-05
  2.7939495e-05
  1.8604386e+00
 -1.7558235e-05
  1.9166739e-05
  3.7508900e-05
  1.3012436e-05
 -7.2452385e-05
 -3.5919943e-01
 -3.3267140e-01
  4.4284852e-06
  3.2947335e-01
  1.1738587e-01
 -1.9239852e+00
 -6.3850683e-01
  6.4294035e-08
  2.2981876e-06
 -3.9807108e-01
 -4.6533242e-02
 -2.4237610e-05
 -3.2091260e-01
 -1.5758409e-01
  5.7355541e-01
 -7.8497678e-01
 -9.3675681e-06
 -2.1798020e-05
  1.6050044e-04
  5.9737545e-08
  1.0191450e-06
 -9.8980069e-01
  4.4707087e-01
 -1.3402601e-01
 -1.6271485e+00
  9.7936972e-06
 -8.5995876e-04
 -1.9139746e-01
 -5.8376110e-01
 -1.1285476e-05
  1.3925093e-01
 -1.9937585e-01
  2.9093456e-01
 -1.0262178e+00
 -1.9077605e-05
 -8.1194230e-05
  1.6061048e-01
  3.3220515e-06
  4.4773125e-07
  1.4338074e+00
  2.2231129e-01
 -4.3412305e-02
 -1.3732662e+00
 -7.2785842e-06
  2.1900252e-05
 -3.1932482e-01
 -5.3242135e-01
  1.5914609e-05
  3.5337129e-01
  4.8269409e-01
 -1.7492912e+00
 -1.1602585e+00
  3.1904325e-08
 -3.8767471e-06
  3.4193745e-01
 -5.8207552e-06
  2.1770866e-06
 -2.2221799e-01
  2.8798115e-01
  7.6802623e-01
 -5.4358304e-01
  1.5914124e-05
  9.9979296e-02
 -7.9974806e-01
 -1.0990050e-04
  1.5416654e-05
  6.0444891e-01
  8.1151867e-01
  8.9629722e-01
 -7.1471596e-01
  3.9965989e-06
  3.6467595e-06
 -8.3781423e-08
 -1.5151596e-06
 -4.8629845e-06
 -2.2108610e-01
 -3.3773199e-06
  3.7760097e-01
 -7.6204466e-05
  1.6488873e-05
  9.4310425e-02
 -2.7070719e-01
  9.8127191e-07
  4.3359734e-05
 -1.5522796e+00
  5.7300013e-01
 -4.0944573e-01
 -9.9524224e-01
  1.6051874e-05
 -1.5454014e-05
 -3.2423273e-01
 -2.9762030e-05
  6.8481027e-06
  1.0328325e+00
 -1.5311827e-01
  7.1466386e-01
  8.3247429e-01
 -6.3931390e-07
  3.4370783e-05
  1.1634941e-05
 -4.8461025e-06
 -2.0231597e-05
  2.4430794e-05
  3.7953815e-01
  6.7073542e-01
  4.5110089e-01
  2.4951132e-05
  1.1426333e-07
 -1.0495193e-02
 -1.3620093e-05
  1.2444201e-05
 -1.8507571e+00
 -2.3805502e-01
  2.0725543e+00
 -7.2515704e-02
  3.0472970e-06
  1.2570964e-02
 -3.3395061e-01
 -1.6565790e-04
 -1.3662673e-06
 -1.9084290e+00
  3.6699823e-01
  1.4469219e+00
 -5.1364131e-02
  2.5027330e-04
  7.7869299e-07
 -3.7505645e-01
 -6.1818200e-06
 -3.7819434e-06
 -4.5821507e-02
  2.5309628e-01
 -1.2620263e-01
 -6.4441245e-03
 -2.1618448e-06
  3.8226313e-05
 -3.9187542e-01
 -1.8871633e-05
  5.7584798e-06
 -5.2398199e-01
  3.7826246e-01
 -3.7921661e-01
 -4.4544151e-01
  4.0931776e-05
  2.6165023e-01
 -8.7235671e-01
  8.0419493e-01
  1.2263972e-05
 -1.3991960e+00
  1.0790716e+00
  7.6604015e-01
 -8.8577992e-01
  3.9841111e-06
  1.3341584e-05
 -5.1905699e-05
  6.0378297e-06
  1.5644051e-05
 -7.4657047e-01
  6.8749762e-01
 -1.4692141e+00
  1.6460101e-05
  3.4002485e-04
  1.8388093e-01
 -8.0072182e-01
  7.3660737e-01
  2.9795647e-05
 -2.0056589e+00
 -1.4032981e-01
 -1.7910404e-02
  6.1285567e-01
 -1.0001851e-06
  7.1592362e-06
 -8.8116831e-01
  3.5218248e-01
  3.9090814e-05
 -7.0788795e-01
  1.5529991e+00
 -3.6773568e-01
 -5.6651199e-01
  4.7420301e-05
  7.1323197e-04
  2.1300653e-05
  1.4515083e-05
 -4.9460518e-06
 -1.0564293e+00
 -6.3484178e-05
 -9.7832274e-01
  3.9608732e-01
  1.2101948e-05
  3.9130136e-05
 -3.9412874e-01
  8.6686552e-01
  6.1677169e-06
  2.2242367e-01
  1.1350555e-01
  5.3690428e-01
 -5.0422501e-02
 -1.1881820e-06
  1.0799985e-05
 -2.6841187e-01
 -2.9356937e-07
 -2.8237623e-06
 -1.9484615e-01
  2.1633108e+00
 -1.8471491e+00
  6.3960999e-01
  1.2293100e-05
  1.4306387e-03
 -7.9864538e-01
  4.2254645e-01
 -3.5323345e-07
 -1.0866090e-01
  1.1954763e-02
 -7.6742068e-02
 -3.3299616e-01
  1.5458192e-05
  8.4730368e-07
 -2.3245065e-01
  5.2735996e-01
 -8.1519629e-06
  6.5725529e-01
  4.3447906e-01
 -5.6443053e-01
 -3.8344586e-01
  1.2413758e-02
  1.2413758e-02
  1.2413758e-02
  1.2413758e-02
  1.2413758e-02
  6.7241365e-01
  6.7241365e-01
  6.7241365e-01
  6.7241365e-01
  6.7241365e-01
  1.4738771e-01
  1.4738771e-01
  1.4738771e-01
  1.4738771e-01
  1.4738771e-01
  1.0924964e-01
  1.0924964e-01
  1.0924964e-01
  1.0924964e-01
  1.0924964e-01
  1.6452778e-02
  1.6452778e-02
  1.6452778e-02
  1.6452778e-02
  1.6452778e-02
  1.8038879e-01
  1.8038879e-01
  1.8038879e-01
  1.8038879e-01
  1.8038879e-01
