nep4 3 Ba Zr S 
cutoff 8 4 150 20
n_max 4 4
basis_size 8 8
l_max 4 2 0
ANN 30 0
 -2.8662276e-01
 -1.0646730e-06
 -2.0215781e-05
 -2.4029743e-05
 -1.7686944e-01
  4.5379052e-06
 -9.8939888e-02
 -5.2023301e-05
  9.5418750e-07
  1.4695323e-02
 -1.1154632e-06
 -4.5603470e-06
 -1.0111904e-05
  3.6167460e-06
  3.1611403e-06
 -5.5605669e-06
  1.1087343e-06
  2.1168637e-06
 -7.2022510e-07
 -3.9229295e-04
 -3.2978911e-05
 -7.7210143e-06
 -3.7882382e-06
  1.0550710e-04
  1.4983686e-06
  2.3515997e-06
 -9.2017090e-06
 -6.5243114e-07
  2.1804176e-06
  1.3060505e-06
  8.6638933e-01
 -5.7509401e-06
 -9.7428963e-02
  7.2844159e-05
 -8.0456471e-01
 -9.9292774e-06
  4.8250947e-02
  1.0870509e-03
 -4.4536538e-02
 -2.9737424e-02
 -2.4021848e-04
 -5.3964723e-06
  2.4796118e-05
 -5.4004620e-05
  1.3046257e-05
 -2.7374390e-05
 -7.1479466e-05
 -7.6032541e-07
  2.6151720e-05
  8.6462259e-04
  5.3500326e-06
  1.2141561e-05
  6.4631487e-05
  1.6231246e-06
  1.6496257e-01
  7.6801152e-06
  1.8221032e-04
  5.7652805e-06
 -2.7659107e-06
  5.1233178e-07
 -2.2205349e-07
  6.2944237e-05
 -8.2983988e-06
  2.1054982e-06
 -1.2512248e-05
  3.1842824e-06
  9.1133990e-07
 -1.6206217e-05
 -3.8358277e-05
 -1.1459171e-06
  6.2611223e-05
 -4.4101880e-06
 -2.6991740e-06
  5.7538074e-07
  6.2603767e-06
  9.6599661e-06
  1.9425797e-04
  1.1146560e-05
 -4.9072696e-07
  1.2427017e-05
 -7.1621257e-06
  1.7562559e-05
 -1.0694782e-06
  8.8483939e-06
 -6.7637575e-06
  7.2321354e-06
 -3.6566073e-06
  1.2874369e-06
 -4.4357921e-06
 -2.2176991e-06
  1.3776917e+00
  1.8525460e-06
 -2.1515074e-01
 -2.8439405e-07
 -5.5226725e-02
 -5.0363804e-05
  3.9281882e-04
  5.9174772e-02
 -6.0733633e-05
 -6.5858918e-01
  7.4084910e-06
 -9.5554715e-05
  1.0118074e-06
  2.9395230e-06
  1.9467891e-06
 -3.1393507e-04
 -1.3283113e-04
 -6.3301697e-05
  6.5286702e-05
  8.1098542e-06
  1.1001996e-05
  1.9308320e-05
  2.1986620e-05
  3.5135890e-06
  1.5055342e-01
  1.0412003e-06
 -7.6189980e-07
 -6.0903799e-06
 -7.7068071e-06
  1.3001305e-06
 -2.3877460e-03
  6.4133546e-06
  3.5908473e-05
 -1.5116482e-06
  5.7333946e-06
  1.0876870e-06
  1.3488110e-06
  8.4707981e-06
  1.4097197e-06
 -2.6346963e-06
 -3.9649050e-05
  1.2393697e-06
  1.3454201e-05
  1.4032129e-05
 -3.1738894e-06
  8.4036856e-07
  1.2824034e-06
  6.2674380e-06
 -7.4712358e-07
  2.8139973e-06
  2.5480629e-05
 -8.7382814e-06
 -7.0658261e-06
  1.6607628e-07
  9.2377406e-05
 -2.9568851e-06
  8.3182285e-06
  3.3965023e-07
 -2.7858892e-05
  2.9834348e-06
 -3.8939825e-06
  2.8202730e-06
  1.4337878e-06
  9.0870803e-04
 -7.3875577e-05
 -3.5347855e-07
 -5.4258217e-06
 -1.8792687e-05
 -2.7900294e-05
  4.9739464e-07
  5.4216788e-08
  3.6143936e-06
  1.0221868e-05
  1.8417030e-06
  1.9276972e-06
 -1.9604979e-06
  8.6605014e-06
 -2.5130412e-06
 -2.7633835e-06
  9.3148266e-08
 -1.1292281e-06
  4.0959658e-06
  3.4538034e-06
 -5.8105559e-07
  3.7184655e-06
 -8.0973138e-07
 -3.0861142e-05
  4.9581699e-06
 -1.3166071e-05
 -2.9354892e-06
 -1.7619606e+00
 -3.3169024e-06
  2.3264149e-01
 -8.9806402e-01
  1.4834208e+00
  5.4671653e-02
  1.2766512e-03
  7.0484431e-04
  1.9734032e-01
  4.8029602e-02
 -4.7324384e-06
 -1.2706532e-03
 -1.2958184e-04
 -3.6905976e-06
 -2.9058059e-04
  5.6436010e-02
  1.3202986e-01
  4.3897869e-04
  2.3942614e-04
  1.1840346e-01
 -4.3076916e-06
 -2.1872238e-05
 -3.1503371e-06
 -2.9724997e-05
 -1.3429883e-01
 -2.1724666e-06
  5.9316544e-06
 -1.0365772e-05
  8.3981293e-05
  4.1935004e-05
 -1.6561325e+00
  5.6001445e-06
  2.1469808e+00
 -1.6969215e+00
  1.3057508e+00
  1.5510224e-01
  2.5321254e-01
  3.3479968e-01
  5.8935565e-01
 -5.6216770e-01
 -1.7692291e-05
 -2.4653049e-02
 -1.7018345e-05
 -3.0680324e-06
 -1.4493590e-05
  2.4900512e-01
  2.0220599e-01
  1.1563835e-02
  5.8073812e-05
  2.5253972e-02
 -1.9907470e-04
 -3.7094080e-05
 -2.0159142e-02
 -1.6207093e-06
 -2.6611352e-01
 -5.1105764e-07
  1.4845912e-05
  2.8011847e-05
  9.1545306e-05
 -4.1236394e-06
  1.1952988e-01
 -4.8442203e-06
 -2.5278468e-06
  2.3710006e-06
 -1.7699234e-04
 -4.3053227e-05
  6.9397458e-05
  1.0290100e-03
  1.8637937e-05
  1.9576330e-02
 -4.8086213e-06
 -3.2337277e-07
  2.9409935e-06
 -8.1813523e-06
 -2.4952550e-04
 -1.2741519e-04
 -1.7920221e-04
  1.9991545e-05
  1.1717254e-04
  8.4880888e-03
 -5.1313514e-06
  4.4378199e-04
  1.8347443e-04
 -6.8179237e-05
  1.8635122e-02
  1.5071370e-06
  1.2935927e-05
  6.4236547e-06
  1.5293730e-05
  2.0117146e-05
  4.8193023e-02
 -2.6852633e-06
 -2.1049207e-06
 -7.5537508e-05
 -1.8119359e-02
 -4.2335584e-04
  2.7810074e-07
  8.9573914e-06
 -5.8557276e-07
 -1.0869771e-03
 -5.2762716e-06
  1.7687689e-06
  2.5436859e-05
 -5.9846352e-06
 -9.5592623e-06
 -5.6446303e-04
 -6.5221411e-06
  1.8329365e-06
  1.1382464e-05
 -8.7184180e-06
  3.3341505e-06
 -7.9512716e-07
 -4.3933650e-07
 -4.9403689e-06
  1.7753631e-03
 -1.1785847e-05
 -3.2295684e-06
  6.2948016e-06
 -1.9805166e-05
 -2.3168432e-05
  1.3743997e-06
  1.7112880e-06
  1.3999080e-05
 -8.2378074e-06
  7.7637751e-06
  9.0908206e-06
  3.1071995e-05
  3.6718786e-06
 -2.6170188e-05
  1.7358556e-05
  8.2414590e-06
  2.5439771e-05
  3.0712606e-06
  8.9754019e-07
  1.7623508e-06
 -3.9832787e-07
  2.0697555e-06
 -1.8766414e-05
  3.0680671e-06
  1.2623625e-05
  8.9323103e-06
 -4.0517543e-06
 -1.1693937e-05
 -3.5697645e-05
 -2.8100822e-06
  2.4580202e-06
 -2.0411946e-05
  3.2031119e-07
  9.7070606e-06
 -5.8434939e-06
 -1.4970807e-08
 -4.4903777e-06
 -2.3712403e-06
  8.7369817e-06
  5.9163765e-05
  1.9368752e-06
  1.2181617e-05
 -3.3775805e-06
  1.4386699e-05
 -7.7435055e-07
  1.1416647e-02
 -1.3088625e-06
 -6.7608512e-06
  4.3954510e-06
 -5.9299737e-07
  1.8264713e-05
  2.4867528e-05
 -3.1665604e-05
 -3.6788567e-06
 -1.5916487e-05
  3.5006138e-07
  1.3332814e-06
 -1.0301937e-06
  9.0700392e-05
  6.6641165e-05
  8.1502061e-05
  3.5699497e-06
 -1.3254221e-04
  7.7408804e-06
 -3.9427314e-06
  4.9147150e-07
 -2.9191481e-06
  4.8959115e-05
  4.0975465e-06
  1.1612035e-05
 -7.6381593e-06
 -2.9496325e-06
  3.6023007e-06
  3.9373426e-06
  1.1223240e-05
 -6.6781777e-06
 -4.3546302e-06
  1.1518576e-06
 -1.7376623e-06
  1.4958673e-05
 -1.7195534e-07
 -1.1320848e-06
  3.5337864e-05
 -1.5648031e-05
  1.5329936e-04
 -6.6675393e-06
  8.3986006e-06
  3.7365274e-07
  1.4167247e-04
  2.0232923e-05
 -5.2013461e-06
 -1.1094401e-04
  6.4516767e-06
 -1.4789077e-04
  7.1073296e-06
  5.4856926e-05
  7.3998071e-06
  7.0138522e-05
 -1.7392705e-07
  8.5653107e-07
  3.0144447e-05
  1.3156106e-05
  4.4270317e-07
 -3.8626640e-06
 -6.8365975e-06
 -1.9193150e-05
  6.4375825e-05
 -6.2975014e-05
  3.7091122e-06
 -1.2682979e-06
  7.4847026e-06
 -1.3050183e-05
  7.3281926e-06
  5.5422934e-06
 -9.5334126e-06
 -2.6984853e-06
 -5.3720737e-06
 -2.4577112e-06
  4.8026200e-06
 -6.7351252e-06
 -2.5117599e-06
 -1.1168080e-04
 -1.3480104e-06
 -3.2169423e-06
  1.1084078e-05
  5.2276349e-01
  3.0016178e-01
 -1.1578691e-01
 -8.8736612e-01
 -6.5672612e-01
 -1.4839495e-02
  9.2200184e-01
  5.7380217e-01
 -3.5091490e-01
 -5.1089432e-02
 -2.8572816e-01
  1.1632270e-01
  1.5811759e-01
 -2.8261906e-01
  2.9733884e-01
 -6.6846251e-01
 -3.0921081e-01
  2.1329220e-01
 -1.1574413e-06
  4.6327707e-01
  2.6576793e-02
  1.8228048e-01
  4.0905106e-01
  1.8589793e-03
  1.0953871e+00
 -8.7161479e-06
 -4.6540640e-04
 -1.7427141e-05
 -9.1058018e-06
 -6.6001818e-02
  7.0429974e-06
 -5.2140036e-05
 -5.7916185e-07
 -7.0710767e-06
  8.5415850e-06
  1.2905629e-06
  4.3860882e-06
 -2.9202158e-05
 -3.4035067e-05
 -2.0698521e-06
  2.0520392e-06
 -1.3480700e-06
 -1.0617628e-06
 -6.8814666e-06
 -7.9324847e-05
  4.4037839e-05
  3.4062839e-05
 -1.8807580e-06
 -3.2371931e-06
  1.7257917e-04
 -3.6274650e-06
  1.0560840e-05
 -4.6480000e-06
  1.1871261e-06
  2.2372108e-06
 -9.9575576e-05
 -9.9187821e-07
 -1.0518523e-05
 -1.3431575e-07
  4.7319856e-05
  1.8062403e-06
 -1.1483364e-05
 -4.3756168e-05
 -1.9189922e-05
 -7.1462828e-06
  3.5722569e-06
 -4.5047445e-06
 -2.0192914e-05
  3.3485332e-05
  3.5714507e-07
  4.1181524e-06
 -2.9914056e-05
  7.0216367e-07
 -1.1172624e-05
  1.2019540e-06
 -1.7153514e-04
  5.3737367e-08
  3.6611354e-07
  7.4473346e-06
  4.6545603e-05
 -2.3991067e-06
 -1.4646722e-05
 -3.8081140e-05
  2.1036847e-06
 -1.7587674e-05
  7.1735953e-06
 -2.2220132e-05
  2.4824179e-04
  4.5648799e-06
  2.3680821e-03
  3.4433201e-02
 -1.6870687e-05
 -6.2669585e-07
 -3.4336672e-06
 -4.2870986e-05
 -1.5176524e-05
  1.3561660e-06
  3.2576507e-05
 -1.0028558e-05
  1.7532421e-04
 -1.5551905e-05
  9.8605387e-06
 -5.9032627e-05
 -3.3472097e-04
 -7.2479836e-04
  3.1273023e-06
 -7.8217963e-06
 -2.3950273e-05
  7.0967973e-05
  1.5076616e-02
  6.3663965e-06
 -6.1927432e-07
  5.5591463e-05
  1.0568764e-04
  2.5938654e-05
  7.4389050e-07
 -8.9253153e-06
 -3.3738634e-05
 -1.8683731e-05
 -1.4851795e-06
  3.1274250e-03
  9.6131116e-06
 -9.5986623e-05
 -2.1520156e-05
 -1.5351216e-04
  9.8570281e-06
  2.2309400e-06
 -2.7904223e-06
  1.8974981e-06
 -2.2336831e-06
  1.3153567e-07
  5.6255072e-07
  4.2348979e-06
  2.0414298e-06
 -4.1768903e-06
 -7.8325802e-06
  5.0209455e-06
 -1.7890055e-06
  5.8942901e-06
 -2.2494754e-05
 -1.4408775e-04
  6.1774481e-06
 -1.2237812e-05
  2.4737089e-06
  8.5773390e-06
 -2.5096438e-06
  9.5220112e-06
 -1.5748467e-06
  1.3503190e-05
 -6.1127007e-06
 -2.4078460e+00
 -7.6975475e-06
  1.2845887e+00
  2.7058520e+00
  6.7733124e-02
  5.9394370e-04
 -3.7024748e-01
 -5.3521777e-03
  9.3046774e-04
  7.4330550e-01
  1.0931725e-01
 -3.2503179e-01
 -8.0106966e-02
  1.7097846e-05
 -1.0348450e-01
  1.1706071e-02
  7.0883639e-02
 -6.8642572e-02
  1.0716788e-05
 -2.6236793e-01
 -5.3739473e-06
 -2.1183165e-02
 -7.7850670e-02
 -2.2663712e-04
 -4.9605012e-01
 -1.2256355e-05
  4.5048541e-06
 -5.8265405e-06
  5.3393414e-06
  4.3885311e-04
  8.1343496e-05
 -5.9721715e-05
  3.3373235e-06
  3.2140888e-05
  2.7922224e-06
 -2.1369051e-06
 -5.9298071e-07
  1.9308156e-06
  7.7365785e-06
  6.0317379e-06
 -1.6278245e-05
 -4.4579506e-06
 -5.5005812e-06
  1.8419976e-05
  3.1627977e-05
  9.2493583e-06
 -1.5912889e-06
  9.9710269e-06
 -2.8869983e-06
 -4.2585583e-07
 -2.7912751e-05
  5.6429608e-06
  1.7082589e-04
 -8.4064832e-06
 -2.9387579e-06
  3.5593990e-07
 -1.8511537e-05
 -5.8364853e-06
 -2.9927096e-06
 -5.7794718e-06
 -1.4039500e-04
  3.2223702e-06
  1.6370091e-06
 -3.0055462e-06
 -1.1626787e-05
  4.1329458e-06
  8.2633360e-06
 -8.3813511e-06
 -6.2381600e-06
  7.8192352e-06
  1.2668983e-05
  7.6859651e-06
  2.9694286e-06
  2.4638886e-05
 -7.0101865e-05
 -6.3574826e-06
  2.4416187e-07
 -2.1916808e-06
  2.2799345e-06
 -1.7898050e-05
  1.6742738e-06
 -1.0376783e-05
 -1.0033875e-05
  5.5655514e-06
  2.1683039e-05
 -4.9898028e-07
 -3.0419929e-05
 -2.2834398e-05
 -1.4077769e-07
 -5.7335978e-06
  3.7131251e-06
 -6.0783295e-06
  2.1511698e-05
  1.8683779e-05
 -7.4145902e-08
 -5.1693887e-06
  5.9734871e-06
  1.5294551e-03
 -2.3918343e-04
 -2.8694924e-06
 -7.8719231e-06
  2.0052852e-05
  7.3628062e-06
 -3.6675001e-06
  8.4959247e-06
  7.9453621e-06
 -2.5984127e-07
  1.0002614e-05
  7.7340637e-06
  3.0474217e-07
  2.6036341e-05
  2.5919009e-05
 -1.3789752e-06
 -5.2727105e-06
 -1.5752679e-06
 -9.3246099e-06
 -5.2774735e-06
 -9.0736035e-07
 -1.2258296e-06
 -8.4643762e-06
 -7.8916274e-02
  2.5765967e-06
  3.7553778e-04
 -2.4038107e-07
  9.5314550e-05
  3.2574339e-06
 -7.3107018e-05
 -1.0932915e-04
  9.3753239e-05
  3.6565987e-05
  1.6700185e-04
 -2.2100168e-05
  1.4436706e-04
  4.1213739e-06
  4.1002731e-06
 -1.3425391e-05
 -1.0628564e-04
  7.0947108e-06
  2.6978098e-06
  2.8230891e-06
  1.4158582e-05
 -9.5912646e-06
  6.0864095e-06
  2.2213319e-06
 -1.0977332e-05
 -1.5423060e-04
  1.5400259e-05
 -8.1512044e-06
  2.6189011e-05
  1.2013877e-05
  1.9736047e-04
  2.6010712e-06
  1.7993332e-05
  2.3243510e-06
 -1.5016590e-06
 -5.8735429e-07
 -1.3940187e-05
  4.3486598e-05
 -3.6973272e-06
 -1.6970273e-05
 -2.2053388e-05
 -8.6408818e-06
 -1.2424457e-05
  1.2735882e-06
 -1.3970582e-05
  7.9293756e-07
 -2.8171683e-06
 -9.2015225e-06
  1.0577033e-05
  7.6632830e-04
  2.6784444e-06
  5.4535158e-06
  3.8559438e-07
  5.2821133e-06
 -3.5564778e-06
 -1.3233001e-05
  3.2697709e-08
  2.3099469e-06
 -1.3774622e-04
  1.3158393e-06
  1.5514104e-05
 -2.5751682e-05
 -5.8074393e-06
 -8.9490908e-07
  1.2209239e-06
 -7.6998390e-07
 -7.6112547e-06
  4.3916966e-06
  5.0384915e-06
 -4.5909728e-06
 -1.6347611e-05
 -1.5685202e-05
 -4.1551004e-05
 -4.2200394e-05
  4.4083604e-06
 -1.4213368e-05
  1.2238274e-06
  3.7030912e-07
 -9.9808076e-06
  1.0011410e-06
  1.5571586e-06
 -1.3272185e-06
  1.7729651e-06
 -1.7580774e-06
 -2.1055052e-05
 -3.9632987e-06
  2.3697516e-05
 -8.2849073e-07
 -1.3313313e-05
 -2.8634046e-05
  1.9022267e-03
  3.4571204e-07
  7.3669499e-01
 -1.7293260e+00
  3.5151798e-01
 -1.3116877e-04
  8.6388091e-04
 -1.5084893e-05
  4.1052326e-06
  7.2208680e-02
 -6.4245476e-05
  5.3419342e-05
  8.1134829e-05
 -1.7023276e-05
 -1.8878092e-05
  2.1914277e-06
 -6.0947123e-04
  7.0611000e-05
  5.4597780e-07
  1.4686099e-01
 -1.7845809e-06
  3.1463854e-04
  5.9457499e-05
 -1.0693057e-05
  3.7768257e-06
 -1.7541751e-07
  1.1642804e-06
 -1.0463048e-04
  6.7047876e-07
  6.2371168e-07
 -1.6354029e-04
 -7.4571079e-07
  7.4242366e-06
 -2.8014419e-04
 -4.4912531e-06
  1.7708867e-06
 -6.4087277e-03
  8.7558392e-06
  7.6743045e-06
  8.6191983e-07
 -1.9241951e-07
 -2.4252402e-06
  5.5452453e-08
 -6.1503815e-06
 -3.8124244e-06
  2.2297643e-05
 -1.2781864e-05
 -1.6597100e-05
  4.4916546e-06
  2.0265268e-06
 -6.0723204e-07
  2.1507516e-07
 -5.6754693e-06
 -1.3587945e-05
 -2.9012754e-05
  5.3823925e-07
  1.6848250e-06
 -1.3104367e-06
  9.2498758e-06
 -9.7219607e-05
 -1.7715959e-04
 -3.3972785e-06
  1.3023968e-04
  5.9280606e-05
  3.1954234e-05
  9.8014543e-06
  7.3347007e-07
  3.4299003e-06
 -8.0599430e-06
  1.1054044e-01
  5.1451393e-04
 -2.5522468e-05
 -2.5772617e-05
 -6.3723900e-07
 -8.5534311e-06
 -1.2730606e-04
 -3.4374314e-06
 -1.1930028e-05
 -3.7608996e-05
 -7.0145984e-06
 -9.3397233e-05
  6.7246128e-06
 -5.0456333e-07
  2.9944326e-07
 -5.7680286e-06
 -3.7249782e-05
 -1.8136606e-07
  1.2185687e-05
 -2.3798686e-06
  6.1591883e-05
  6.4126991e-02
 -6.0718257e-06
  3.6394479e-06
  4.4537137e-05
 -4.5478755e-05
 -5.2022938e-06
 -5.8036121e-06
  7.9083584e-06
 -2.6297917e-06
 -4.3919106e-05
 -2.0688858e-06
  2.1949031e-04
 -1.0356862e-05
 -1.1451939e-05
 -3.7701669e-05
  2.6924624e-06
 -8.3584491e-06
 -3.6416859e-07
  2.8011063e-06
  3.8645780e-04
 -8.9689256e-06
 -3.7238078e-05
  3.7506277e-06
  8.7721091e-05
 -2.1021999e-06
  1.7376490e-06
 -4.9524065e-06
  6.5425629e-05
 -1.3129460e-06
 -2.5551705e-07
  8.2800978e-01
  8.7326400e-02
  3.0631754e-06
 -2.5549917e-02
  8.2200922e-06
 -6.0214588e-06
  4.9307670e-02
 -4.8018461e-01
  6.6429369e-02
  1.1568705e+00
 -2.1677956e-06
 -1.6701033e-06
 -1.8224889e-06
 -1.5276886e-05
 -1.1749838e-01
  1.3044344e-06
  7.5375983e-06
  4.2575973e-01
  4.4581867e-04
 -1.4900935e-01
 -1.7412961e-04
 -4.7765872e-07
 -1.7078547e-01
 -4.9955094e-01
  4.7244212e-06
 -1.3424164e-05
  6.6341639e-01
 -5.2627468e-01
 -1.0970587e-02
  6.0045880e-01
 -4.6252054e-01
  1.2061555e+00
 -3.0265039e-06
  1.2983890e+00
 -3.2785003e-05
 -9.3602404e-07
 -1.6412593e+00
 -2.5658889e+00
  1.4752287e+00
  1.2962577e+00
 -2.8345937e-06
 -3.0322343e-07
  4.3237324e-06
  5.8501180e-02
  2.8167567e+00
 -3.5990993e-06
  1.2348431e-05
  7.0289952e-01
  1.4559565e-04
 -3.1652219e+00
 -1.6547546e-04
 -1.6367021e-05
 -2.4025978e-05
 -7.3373830e-01
 -1.2333051e-05
  4.6519424e-05
  1.2506559e+00
 -4.9719664e-01
 -4.6731523e-01
  8.1104696e-01
 -8.1695686e-07
 -1.3676835e-05
 -3.7315684e-05
  1.1138733e-05
 -6.2668329e-01
  1.2899666e-05
 -5.1215457e-06
 -3.9132788e-06
 -1.3249582e-06
  4.3833766e-06
 -7.5255539e-06
 -8.9416844e-06
  4.6128298e-07
 -1.8299928e-05
  1.4938540e-05
  3.1621636e-05
  1.6731363e-05
  2.5822746e-06
  7.6481310e-06
  7.9828378e-06
  7.1731833e-06
  5.8690093e-06
 -1.6969334e-06
  1.2978900e-04
  1.5965377e-06
 -2.0815340e-05
  1.1084727e-05
  4.7656599e-06
  9.8339615e-06
 -5.5639612e-05
 -1.8326947e-01
  1.7499331e+00
  2.2640736e+00
 -5.3739657e+00
  2.5500879e+00
  3.2971170e-02
 -1.2871946e-02
  2.8265379e-02
 -1.5377806e-01
 -1.8470360e-01
 -2.4466820e-01
  1.1146033e-01
  1.0115833e+00
  6.6380757e-01
  4.6514790e-05
 -1.3041294e-01
 -3.8985623e-04
 -3.6301419e-01
  9.3731254e-02
 -1.8092830e-01
  6.1950076e-02
  1.1991544e-05
 -2.8941140e-03
  6.1729568e-04
  1.7648640e-01
  2.1307154e-04
 -1.0965482e-04
 -1.2058800e-04
  7.4552617e-04
  3.1090542e-04
  1.2881564e+00
 -7.7363884e-01
  9.2070043e-02
 -4.6832073e-01
 -5.6949149e-05
 -3.5289732e-01
  3.8966286e-05
  2.3260292e-01
  3.6653901e-06
 -8.9459445e-06
  6.8920367e-06
 -6.0723110e-06
 -7.5079245e-04
  8.3099764e-07
  9.5464861e-07
  3.9120609e-06
 -1.0064482e-01
  3.9115196e-01
  7.9037055e-02
 -2.9362416e-01
  1.1731647e-03
  7.5637936e-06
  8.0116470e-06
  4.3548316e-06
 -2.3619618e-02
  1.0658702e-05
  1.7516717e-05
 -2.9050343e-06
  1.6237528e-04
  2.1467140e-05
 -6.9553557e-06
  1.0954511e-01
 -2.3881454e-05
  2.9919794e-04
 -9.5093774e-06
 -3.2900298e-05
 -6.8932245e-08
 -2.7301871e-06
  6.6717148e-05
  1.8750029e-06
 -4.9833520e-06
 -1.9195438e-07
  1.1037265e-06
  4.1139236e-04
 -7.6655638e-08
  4.3899407e-05
 -1.4083070e-05
 -1.1094525e-02
  1.5156245e-06
 -4.5078516e-05
 -2.8853235e-06
  1.8039693e-06
  1.4120918e-07
  2.8820324e-01
  2.8633086e-02
  6.6676967e-07
 -3.3992430e-07
 -3.2083849e-06
  6.0930183e-06
  4.6771573e-05
 -6.9916346e-06
 -6.4283597e-01
 -1.3013656e-04
 -7.5193264e-02
  2.0130692e-01
 -2.0889193e-01
  1.9444956e-06
  3.6354639e-02
  2.0049094e-05
  8.5371698e-04
 -8.6411041e-05
 -2.6218742e-05
 -4.1767285e-04
  7.1541135e-06
 -9.9555327e-05
  8.5615138e-05
 -3.9391281e-04
  5.3434470e-04
  1.0774705e+00
  2.4738397e-02
 -5.2565123e-05
  1.0920945e-06
 -9.5880054e-02
 -1.2698163e-01
 -2.2751795e-01
  1.4272855e-04
 -4.0235267e-05
 -3.1455311e-05
 -4.6506293e-06
 -3.9078990e-05
  4.7239003e-04
  2.3181338e+00
 -1.6416898e-01
 -3.3179703e-01
  3.2823002e-01
 -3.3636010e-01
  1.9558335e-02
 -9.1862977e-03
 -2.3957987e-03
  5.9695053e-01
  4.7996157e-01
  7.7422276e-02
  7.4150473e-02
 -2.4459505e-04
  5.4348558e-01
  2.4128279e-01
  2.5791156e-01
 -3.8080680e-01
 -3.6471558e-01
  5.0276303e-01
 -8.1595160e-02
 -1.6557100e-05
  1.0000014e+00
 -8.8491747e-03
  9.1628778e-01
 -1.4167881e-06
 -1.7311617e-06
  7.6618626e-06
 -8.1981279e-06
 -2.1186634e-05
  9.0634421e-06
  1.1314507e-05
  5.2333125e-06
 -1.9348261e-06
  5.7569207e-05
 -2.2844286e-05
  5.9498132e-07
  9.7776558e-07
  2.6742696e-06
 -3.2614084e-06
 -9.4180098e-07
  3.7007041e-05
  1.3319378e-05
  7.9754800e-06
  1.1086586e-05
 -1.4582573e-09
  1.5798207e-06
 -4.8389011e-06
  4.6814062e-06
  3.3079380e-06
 -1.2255349e-06
 -4.2300730e-05
 -3.7052741e-06
 -9.7273469e-06
  2.2127411e-07
 -1.3176096e-06
 -4.3060631e-06
 -1.6558877e-05
  2.5522095e-06
  9.8474447e-06
  1.2078561e+00
 -1.1276125e+00
  6.1062735e-01
 -7.6961631e-01
  7.8689140e-01
 -7.8930333e-03
 -6.7951549e-03
  1.0831417e-01
 -3.5791519e-01
 -7.5498813e-01
 -6.9077939e-01
 -1.8587707e-05
 -1.8807429e-01
 -6.1234809e-02
 -2.0917861e-01
 -6.3766730e-01
 -2.8967249e-01
 -1.1251017e+00
 -2.3951037e-02
 -3.2166323e-01
  4.4175914e-01
  1.8632543e-05
 -4.4223827e-01
  1.6820921e-03
  4.9219463e-02
  6.7371611e-06
 -2.5314512e-06
  4.1994681e-06
  6.2894460e-06
  3.1901614e-05
 -1.4096981e-05
  1.5441827e-05
 -3.3418487e-06
  8.3872728e-06
  4.8004006e-04
  1.0285084e-05
 -1.7776952e-06
  1.3787906e-04
  2.4146309e-06
  3.7551596e-05
 -8.2872335e-05
 -2.2942745e-06
  3.6663929e-05
 -3.4552202e-05
 -3.9954717e-05
 -9.2735172e-06
  5.8440992e-06
  7.1940412e-05
 -6.5824474e-06
 -5.4911020e-06
 -2.4428989e-05
  1.3902459e-05
 -6.6376874e-06
  4.8322458e-06
 -1.3084859e-06
 -4.9937166e-06
 -2.1037613e-07
 -4.2782431e-06
  5.2520772e-05
  3.5906132e-06
 -7.5962985e-06
  2.0318372e-05
 -8.0035406e-06
 -9.6175581e-06
  5.6375238e-06
 -1.2936209e-06
  9.8951832e-06
  1.4270898e-06
 -1.5204049e-06
 -6.4911796e-06
 -1.5552374e-05
  3.0773387e-07
 -2.8360507e-06
  5.1246088e-06
 -2.1151930e-06
  4.4614751e-07
  2.6255072e-06
 -3.2437572e-06
 -6.9718044e-06
  7.4383900e-07
  8.6598120e-06
 -1.1608715e-05
 -2.2311276e-06
  1.1357579e-04
  5.0560175e-07
 -9.3801727e-06
  1.9587076e-04
  6.5743684e-06
  3.8580993e-06
 -7.5668208e-07
 -8.3242136e-01
  2.6851990e+00
  5.8048266e-01
  1.0026747e-05
 -3.7890136e-02
  5.0941771e-01
  5.5667378e-02
 -3.0170442e-03
 -4.7841057e-01
 -2.5697113e-03
 -1.3746967e-06
  1.1792333e-05
  2.5644235e-04
 -2.3623581e-05
 -1.7082390e-05
  6.9885044e-07
  2.7814615e-01
  3.0408725e-01
  4.8582291e-04
  7.4620026e-01
 -1.7284330e-05
  8.5542251e-07
  6.5854472e-01
 -7.0352781e-01
  1.6231680e-01
 -1.4304796e-05
 -1.3028440e-04
 -4.7149033e-06
 -5.2651390e-06
 -5.8983402e-05
  5.8854621e-06
  3.3990659e-06
 -1.5240739e-05
  3.7501882e-06
 -4.1696421e-06
 -1.6658754e-06
 -5.1461480e-05
  3.8585345e-06
  1.5433283e-05
  1.4228857e-05
  3.8408431e-05
 -4.0850869e-06
  1.1475736e-06
  2.7903605e-05
 -2.5257575e-06
 -1.6559554e-06
 -4.5710033e-07
  6.0049820e-06
 -7.0834708e-06
 -1.0304224e-05
  2.6407315e-06
 -2.4483700e-06
 -3.5793203e-06
  4.3381398e-05
 -1.4571273e-06
 -1.0418509e-06
  4.5869392e-06
  2.0751006e-05
 -4.1670569e-06
 -4.4081062e-06
  2.1524327e-05
 -7.2946091e-06
 -1.5992698e-06
 -2.2984817e-05
 -3.5322482e-06
  7.7737568e-06
 -3.5298071e-05
 -1.0949708e-05
  1.0520469e-05
  7.6607312e-06
  1.3934330e-05
 -6.1857659e-06
 -3.7858790e-06
 -1.3929969e-05
  5.2921205e-06
 -1.4756584e-05
 -2.0221169e-05
 -3.5831401e-06
 -4.4289969e-05
 -1.3323549e-06
 -2.5230616e-05
  6.6782828e-05
  3.4639136e-06
 -1.8549352e-05
  3.7955480e-05
 -2.8832892e-05
 -1.3348680e-04
 -5.5200917e-06
  9.3187846e-06
  1.0436772e-05
  1.0547195e-05
 -1.3869863e-05
 -6.1795567e-06
  7.5040050e-05
  1.0959626e-05
  1.6477796e-05
 -3.9520714e-06
  3.5789640e-06
 -3.3192848e-06
  1.0134887e-06
  4.9475329e-06
  1.5042270e-04
 -4.8781958e-06
 -2.6343241e-07
  3.1858999e-05
  1.2488094e-06
 -3.1564276e-05
 -1.2909518e-05
 -9.6528338e-06
  3.7995219e-06
  1.5581965e-05
 -1.0076697e-05
  2.1692908e-06
  2.1736974e-05
  8.4508974e-07
  5.2271440e-04
  1.0029415e-05
 -3.6855029e-06
 -2.8159395e-05
  9.8006376e-06
  4.8266259e-01
 -8.8380896e-02
 -1.3144943e-02
 -6.7544439e-05
 -5.1941413e-02
  7.5253767e-05
 -5.9880299e-06
  1.3332476e-05
 -2.5288400e-04
  1.3393710e-05
 -3.2834614e-06
 -1.2269689e-05
 -2.9405278e-06
  6.7070249e-07
 -9.3271444e-07
 -6.6513462e-07
 -4.1885367e-05
  1.3422896e-04
 -3.8609822e-05
 -8.7969880e-07
  7.5547173e-06
  3.6360213e-06
 -5.6913701e-05
  1.0250945e-05
 -1.6523026e-04
 -2.2685329e-06
 -8.6088985e-06
 -7.7447203e-06
  1.7390876e-05
  2.8124065e-05
  9.3657867e-04
  1.7585160e-07
 -1.2107444e-05
  4.3895020e-06
  3.2709362e-05
  1.0704301e-04
  1.4075000e-05
  2.3187933e-05
 -3.7412421e-05
 -1.1070707e-05
 -1.0906507e-05
 -1.0760678e-04
  6.6274879e-06
  1.3032424e-05
 -2.2722209e-06
 -8.7640337e-06
  2.6270109e-05
 -8.6833315e-06
 -8.6708251e-06
  1.8344676e-06
 -1.6588448e-05
  2.2407373e-06
 -1.7894140e-06
  2.7555452e-06
  3.1171842e-06
  1.4328680e-05
 -1.9810727e-06
 -2.3880159e-04
  4.8799996e-07
  9.2551809e-06
  4.9803433e-01
 -1.6838430e+00
 -3.3376526e-02
  5.3242403e-01
 -6.0924757e-01
 -3.4162974e-01
  1.0684811e-01
 -2.4190657e-01
 -7.1082748e-02
 -1.3515730e-01
 -7.2832346e-01
 -7.4622752e-05
 -1.0872429e-04
 -5.5255887e-06
 -4.7308040e-01
 -1.6953945e-02
 -1.8071553e-01
  2.7115068e-01
  1.2030289e+00
 -1.1316356e-01
  1.2030347e-01
  1.0423843e-05
 -5.9393447e-02
  7.2845712e-04
 -3.2324132e-01
  8.3587969e-05
  7.7465738e-06
 -2.9946998e-05
  2.9145563e-03
  3.7049034e-04
 -6.6301305e-05
  2.6053503e-05
 -1.4707637e-06
  5.7791381e-06
  2.8263104e-05
  1.4311752e-05
 -1.0851087e-05
  9.7861066e-06
  5.1534062e-06
 -5.7130073e-05
 -1.2786486e-04
 -9.0411078e-07
 -8.9586929e-06
 -6.9145731e-06
  2.4345198e-05
 -1.3815891e-04
 -9.5921159e-06
  7.7102150e-06
 -1.2061362e-06
  1.7871895e-05
 -5.1803054e-06
  2.6304053e-05
  4.1136347e-05
 -1.7472464e-04
  1.7709508e-05
 -8.8331200e-07
 -2.9735681e-06
  9.0480744e-06
  7.4969030e-05
  9.9763820e-06
 -3.8268149e-06
  5.0564054e-06
  2.1040933e-05
  2.1907861e-06
 -1.1632747e-05
 -7.4137388e-05
 -7.6439284e-07
  2.4277003e-06
 -6.2416498e-06
  2.5801326e-06
 -2.0016248e-06
 -3.4787256e-05
 -2.3095968e-06
 -4.2106440e-06
  1.0515938e-04
  1.3297158e-05
  1.4702294e-05
 -3.5781031e-06
  7.3050778e-06
 -1.0316996e-05
  1.9525012e-06
 -2.9052184e-05
 -3.9031074e-06
 -8.2464021e-06
  1.7200498e-06
  2.0910381e-06
 -1.1829970e-05
 -1.0993270e-05
  8.4518942e-06
  1.4910264e-06
  3.7143058e-05
 -4.3912582e-06
 -4.9411692e-02
 -1.0167205e-06
  1.5266134e-05
  2.4789435e-05
  6.8748636e-06
 -3.6589993e-06
  6.4132626e-05
 -7.2534203e-06
  8.0105092e-05
 -2.2291646e-05
 -3.0377696e-05
 -4.1678722e-06
 -9.7992904e-07
  2.6781618e-04
  4.2909363e-05
 -1.2358418e-05
 -1.0161421e-05
 -5.3778131e-05
 -5.1064781e-06
  7.8324064e-07
  4.3019056e-04
  1.5727479e-05
 -1.5786482e-06
  8.2413808e-06
  1.0042500e-04
  4.2330557e-06
 -1.1670938e-04
  3.1777858e-05
  1.1363941e-06
  5.6833883e-06
 -1.8932147e-05
 -6.4330743e-05
  5.1168615e-07
  4.9023033e-06
 -1.2181822e-05
 -2.2795277e-05
 -2.0757487e-05
 -3.9458846e-06
 -2.0069589e-05
  1.0069571e-05
 -2.7070369e-06
 -9.9451945e-06
 -6.3225198e-05
  1.0288670e-05
  6.6296474e-05
  8.2164397e-06
 -9.5948264e-05
  1.0109688e-05
  2.2965933e-06
  3.4193806e-07
 -6.2755221e-06
 -1.7465341e-05
 -9.0122601e-05
  8.6152959e-06
 -3.6040706e-06
  3.9735323e-06
 -2.3195216e-05
 -1.2309202e-05
 -1.0287781e-01
  4.0481672e-01
  2.8794817e-05
 -8.3229143e-06
 -2.7125639e-01
 -1.8249499e-05
  7.8133715e-04
  1.6897775e-05
 -1.1192442e-05
  2.1592637e-05
  2.9173407e-07
  4.1672090e-05
  1.2215343e-04
 -1.4999992e-05
  9.0958147e-06
 -2.7830347e-05
 -3.3490473e-06
  2.6309247e-06
 -2.2117772e-05
  2.2776896e-06
  2.4058174e-05
  2.0718884e-04
  1.3180565e-05
 -5.2105661e-06
 -4.5365446e-06
  3.0530923e-06
  5.5003879e-05
  2.8954257e-06
 -8.0960590e-06
  5.2523715e-06
 -6.7672522e-07
 -4.0742143e-06
 -9.1974598e-06
 -3.4030668e-06
  9.3608705e-06
 -1.1164394e-05
 -1.4575460e-06
 -7.2555872e-06
  2.7533097e-04
 -7.8807116e-06
 -1.9289057e-06
  2.7816934e-06
  7.8158582e-06
 -1.3047059e-05
  6.3680102e-07
 -1.1963670e-05
 -1.2202218e-05
 -2.5341030e-06
 -3.9783095e-06
  2.2045473e-05
 -2.7030317e-06
  1.2068881e-05
 -9.3414400e-07
 -2.2187791e-05
 -3.7439404e-06
 -5.6322351e-05
  2.3617956e-06
  4.5340803e-06
 -5.1428658e-05
  1.4399177e-05
  3.1601883e-06
 -3.7764553e-06
  6.1082274e-06
  2.1783424e-05
  1.7979280e-04
  2.3108178e-05
  1.6847203e-05
  5.0795616e-06
 -1.1481229e-06
 -4.0227355e-06
 -6.3980933e-06
  2.9015509e-06
  3.2143755e-05
  2.1043495e-07
 -1.1148404e-05
  1.9562099e-06
  4.9810124e-06
 -1.3341309e-05
  3.3385552e-06
 -1.2727111e-05
  6.3033062e-06
 -3.6910031e-05
 -2.6831753e-04
  4.2278700e-07
 -3.7522514e-05
 -3.5478347e-06
 -4.3639216e-06
 -7.6874903e-06
 -2.0412657e-04
  2.9726120e-06
  6.4393282e-02
 -1.0005267e+00
 -4.3508774e-04
 -7.0460938e-04
 -8.2037342e-01
 -6.0915580e-04
 -3.6058555e-05
  2.8092644e-01
  1.2434002e-05
  4.8762918e-04
 -1.1968889e-04
 -3.8130191e-05
 -1.5028544e-04
 -1.7836479e-05
  3.2350647e-05
 -8.1399312e-06
 -4.6706855e-02
 -3.6331999e-01
 -9.1269660e-01
 -2.9674795e-02
  5.6167223e-06
 -4.1364892e-06
 -3.9218774e-01
 -1.5186801e-04
 -3.6823079e-01
 -5.4767690e-07
  5.4575366e-06
 -2.1381068e-06
  7.8645562e-06
  9.6115309e-06
 -2.1496468e-05
  1.1937265e-05
 -1.4618764e-05
  2.5061056e-06
 -1.5056184e-05
 -2.4325022e-06
  2.2172385e-06
 -5.1859603e-05
  1.2408340e-05
  7.1919913e-04
  8.8123679e-06
  1.3418248e-05
 -1.6178365e-05
  1.9425790e-06
  9.3443432e-06
 -4.2133426e-05
  1.5313612e-06
  1.2827794e-05
 -3.6316360e-06
  1.5873196e-05
 -3.0824085e-06
  2.1071469e-06
 -1.4733917e-05
  2.5902994e-04
 -9.7204165e-06
 -4.4461272e-06
 -9.4199298e-05
 -7.0213123e-06
 -4.2612132e-06
  1.6537354e-04
  2.4420596e-04
  4.0108305e-05
 -2.8857526e-06
 -3.5141652e-06
 -3.5982981e-07
 -2.1806029e-05
 -1.2936980e-05
  5.1560626e-05
 -2.9646417e-05
 -5.7477760e-06
 -7.9101460e-07
 -1.9571673e-06
 -3.3048598e-06
 -2.7092468e-05
  8.9532577e-06
  4.9348214e-06
  1.3116653e-04
 -4.2109159e-06
  5.9627910e-05
  1.9820980e-04
  3.4628397e-06
 -1.0262126e-05
 -3.2775992e-05
  3.0614635e-06
 -5.6727038e-07
  9.0516314e-06
 -7.2896742e-06
 -1.6995941e-04
 -2.2895131e-06
 -5.0735971e-06
  1.5737866e+00
 -1.7657131e+00
  3.4952649e-01
  9.3187404e-01
 -8.7163337e-02
  3.2802409e-01
 -4.0032066e-02
  3.8106552e-01
 -1.8889137e-03
  5.2796647e-02
 -7.0974624e-01
  1.2594178e-05
 -5.3789890e-01
 -1.6147837e-01
 -9.4706506e-01
 -5.1582805e-03
 -5.6335843e-01
  2.5170163e-04
  1.3336740e-02
 -5.6556616e-02
  2.7026635e-01
  1.0034728e-06
 -9.9577856e-01
 -1.3507640e-02
 -6.9197856e-02
  1.6386900e-04
  3.4523493e-06
 -6.0802024e-05
  4.0809955e-06
  4.5514735e-04
  9.5130658e-01
  3.3932953e+00
  9.3216068e-01
 -2.8679156e+00
  3.6506884e+00
 -2.6579738e-01
 -4.5307053e-04
  1.2291020e+00
 -1.7104763e-01
 -4.6899977e-01
 -6.4675158e-01
  1.8311221e-03
 -3.8928744e-01
  4.7412589e-01
 -3.0212367e-01
 -3.5780141e-01
 -2.0664241e-02
  7.3682117e-01
  1.5868932e-01
  3.3653882e-01
 -1.0997926e+00
 -3.0293542e-05
 -2.3629759e-02
  1.9156076e+00
 -9.0559907e-02
  7.0227124e-02
  3.3578167e-06
 -8.8864013e-05
  3.8030475e-01
  2.1287327e-01
  2.1700773e-05
  7.8718813e-06
  2.9074889e-05
 -3.4110908e-05
 -6.7211081e-06
  6.6765178e-06
 -1.4455227e-05
  4.9274813e-06
 -6.6451145e-07
 -2.5419129e-06
 -2.7074389e-05
 -1.9577645e-05
 -2.1631324e-04
  1.7417189e-05
  4.1385670e-06
  3.0993854e-06
  4.9867663e-06
 -1.1512263e-05
  1.5059618e-05
 -2.4320350e-06
  3.6753269e-07
  3.0325343e-06
  2.4339139e-04
  3.1516724e-06
 -1.2462391e-05
  2.8777772e-06
 -1.3438968e-05
  6.9423158e-06
  3.2648541e-06
  1.6848636e-06
 -1.3081184e-06
 -2.5233779e-02
  2.3573598e-01
 -9.3816382e-01
  3.3554992e-01
  5.6805557e-01
 -6.7527544e-05
  6.4394766e-01
 -3.8812998e-01
 -1.1243653e-05
  6.2986368e-01
  4.4489334e-06
  8.9920459e-06
 -5.8468536e-06
  2.2724190e-01
  1.2898478e-05
 -3.6374521e-01
  5.9070885e-06
  3.8241645e-04
 -5.5662280e-01
  7.7393415e-05
 -2.2985007e-06
 -5.3681251e-05
 -9.2172177e-06
 -2.1069248e-01
 -2.3075141e-04
  5.6284313e-07
 -2.7111343e-01
 -3.2373539e-01
  1.2181787e-04
 -5.7054485e-06
 -3.0697386e+00
 -1.3293172e+00
  1.0255647e+00
 -1.0311195e+00
  2.0259306e+00
  3.9104721e-06
 -2.0136385e+00
  2.0237978e-06
 -1.2937344e-05
  1.5484844e+00
  4.8353900e-07
  3.9292590e-06
  2.1419787e-06
 -5.0199562e-01
 -2.2655327e-02
 -2.2956436e+00
  1.2525138e-04
  8.9199129e-06
  6.7137825e-01
 -3.7842936e-05
 -7.3030933e-06
  1.4484081e-05
 -3.7032596e-06
 -1.1532483e+00
  6.0673883e-05
  2.7951573e-05
 -3.1523452e+00
 -3.5245626e+00
 -3.6600450e-06
 -3.6228666e-05
 -6.4262176e-01
 -3.7633855e-02
  1.0196104e-04
  9.6727651e-01
  1.2034407e-04
 -8.4205521e-06
  1.3891737e-01
 -4.6850890e-02
 -1.7484780e-01
  6.3437864e-07
 -5.4349046e-04
  1.6027738e-06
 -8.0192852e-01
 -1.0907500e-01
 -4.6458995e-06
  4.9305568e-03
 -7.7399636e-05
  1.2237172e+00
 -5.8764668e-05
 -2.0420051e-05
 -4.6659581e-05
  1.9187203e-06
 -8.4614864e-04
  9.8667180e-05
 -1.0544147e-06
  9.1487585e-05
  1.9101878e-06
 -2.4898800e-05
  1.0784218e-04
 -1.0966985e-04
  1.3682396e-05
 -1.8994449e-05
  4.0138631e-05
  1.1116495e-05
 -1.4147811e-05
 -1.3907871e-05
  9.1537804e-06
  2.3789165e-05
 -8.0424861e-06
 -3.6671947e-05
  1.5128290e-06
 -1.0191363e-05
  1.7095288e-06
  1.3850150e-05
 -1.0748697e-05
 -4.3002419e-05
 -2.7345959e-05
 -2.7912429e-06
 -2.4123394e-05
  2.9080937e-05
 -1.0368090e-06
 -2.0842672e-04
  1.0602538e-05
  7.5271864e-06
 -7.9397350e-06
  1.7202705e-06
 -2.4605374e-04
  1.4457307e-04
  1.0547146e-05
  9.1519960e-06
  1.0847952e-04
  1.8064707e-04
  1.8558378e-06
  4.6104296e-06
 -2.5388223e-01
 -1.7051294e-01
 -1.2354266e-02
 -9.6203541e-05
 -2.3280700e-05
 -1.2729960e-02
  9.8560195e-06
 -6.3609390e-05
  3.3263765e-02
  3.5510573e-07
 -3.7159389e-05
  3.1081174e-05
 -1.5742895e-05
 -8.6196233e-06
  1.3225153e-05
  1.7405246e-04
  7.3671222e-06
 -5.0515548e-05
 -1.7575493e-06
  4.4494637e-04
  8.0794540e-05
 -3.8651058e-07
 -1.3608865e-05
 -6.9750524e-05
  2.7530148e-05
 -2.4100286e-06
  6.7909062e-01
  5.1020664e-01
 -2.8378439e-01
 -2.3589936e-01
 -3.5410950e-01
 -2.2812682e-01
 -4.9457734e-04
  3.8817424e-02
  1.1239572e+00
  5.3069178e-02
  9.2723694e-06
 -1.2561584e-04
  7.6354909e-01
  1.0346763e+00
 -7.3075636e-05
  2.6296391e-04
 -2.2272463e-04
 -1.4860444e-01
  1.0030276e+00
 -3.9751540e-06
  1.1026044e-06
  1.2575188e-06
  3.1482268e-06
  4.8099332e-02
  1.9171800e-01
 -4.4286625e-07
  2.0509987e-04
 -1.3094001e-06
  2.9770720e-01
 -4.2060611e-01
  4.0905631e-01
 -5.0942697e-05
  5.8371407e-01
  5.5441662e-04
 -4.2570105e-01
  8.2446492e-01
  2.1838604e-01
  6.8955731e-01
 -1.0759505e+00
 -5.1819468e-01
  2.2900873e-01
 -3.1029101e-06
  3.3011004e-01
 -6.1901997e-06
 -3.2043355e-04
 -1.2775077e-04
  7.2245263e-03
 -5.4639179e-01
  3.3296829e-01
 -1.6740421e-05
 -5.5651384e-07
  2.7782307e-05
 -7.9814190e-06
 -2.7109401e-03
  6.5048066e-06
 -1.2155388e-01
 -1.1626100e-05
  3.8308648e-05
 -3.9186544e-04
 -6.8737281e-06
  1.6278282e-05
  2.5357478e-05
 -7.1426462e-06
 -1.2915658e-05
  9.4147726e-05
 -3.2244749e-05
 -1.4035817e-06
 -3.1521748e-05
 -1.3265310e-05
  2.0145661e-05
  8.3580511e-07
  1.3475113e-05
  7.2228590e-06
 -4.1808185e-06
 -3.9595907e-06
 -9.0389794e-06
  2.7947235e-06
 -7.6493678e-05
 -2.5226029e-06
 -7.5844197e-05
 -2.1956050e-05
  4.2538263e-06
 -8.9470905e-06
 -1.3518486e-05
 -9.5487540e-06
 -1.6641301e-05
  2.3044287e-05
 -1.0458914e-04
 -8.7813692e-07
 -4.6402594e-01
 -3.5018948e-01
 -1.6575064e-05
 -4.3563905e-06
  2.6608256e-01
  1.6394928e-01
 -6.9835228e-01
 -6.4609152e-01
  6.7138851e-01
  3.9734960e-02
  7.4378055e-05
 -1.1036341e-06
 -2.0953762e-06
 -3.0201333e-02
 -1.0843141e-02
 -4.3788186e-06
  1.9350739e-06
  2.0093366e-04
 -1.8625481e-01
  8.4838493e-06
 -8.8229121e-05
 -2.5772549e-06
  2.8272583e-05
 -2.5089676e-05
  1.5365282e-06
  5.9593408e-06
 -1.2698538e-05
  1.3174144e-04
  1.9836481e-05
 -2.0739675e-05
  2.3502588e+00
  6.1730587e-01
 -6.4467669e-01
 -1.7595968e+00
  3.6198182e+00
 -4.0662870e-01
 -8.3588719e-02
 -5.5351295e-02
  3.6772648e-01
  2.1615666e-01
  2.0020109e-01
  4.3122432e-01
 -2.7236965e-01
  9.2571902e-01
  6.6061795e-01
  2.5583369e-01
 -3.1627927e+00
 -5.0913680e-01
  3.3979174e-01
  3.6638391e-01
  3.0273420e-01
 -5.1201136e-05
  3.6845884e-01
  9.3081516e-01
  3.4356330e-04
 -1.3797135e-05
 -6.5389946e-02
 -2.2369500e-01
 -8.3338016e-01
  2.3355694e-06
 -4.6253848e-01
 -1.4033625e+00
 -5.3177631e-01
  1.0642848e+00
 -5.7314318e-02
 -6.0386709e-03
 -2.5398307e-02
 -4.6748158e-02
  1.3555773e+00
 -4.0953782e-01
 -5.0990349e-01
  2.3401225e+00
 -3.7068197e-01
  4.1054276e-01
 -3.6874148e-01
  4.0096026e-02
 -4.9285969e-01
 -2.1091960e-01
  6.7324638e-02
 -6.6412401e-01
 -1.7939726e+00
  4.7987559e-01
 -1.3488990e+00
 -1.3614548e+00
 -1.1347268e+00
 -2.0827034e-05
 -4.0108016e-01
  1.5332942e-02
 -8.8700294e-01
  3.9386848e-01
  1.1856604e+00
  1.7229060e-02
  1.5146079e-02
  1.4096305e+00
  1.2843950e+00
 -6.3423193e-01
  3.0360925e-01
  2.4774328e-01
 -4.0771315e-01
  2.9608652e-02
 -4.9510282e-02
  1.0736721e+00
  3.1054908e-01
 -1.2835457e+00
  1.9958995e-01
 -1.8333492e-01
  6.2509000e-01
 -7.8825749e-02
 -7.9053569e-01
  9.2333186e-01
  1.4225399e-01
 -3.4360048e-01
  1.1426465e-02
  1.3950433e-01
  8.7114215e-01
 -2.8858716e-05
  5.7713300e-01
 -8.7341964e-02
  9.0924263e-02
  2.8712032e-06
  1.0470299e-04
 -2.2989507e-06
  8.5929760e-06
 -6.5956636e-05
 -4.0876057e-06
 -3.1402772e-06
 -5.6438832e-05
 -5.0441622e-06
 -1.1958042e-05
  2.8182782e-05
 -8.5862455e-05
  8.7122635e-06
 -3.5718862e-05
 -3.4870718e-06
 -1.3233094e-05
  1.8191207e-03
  7.3055835e-06
 -1.5901849e-06
 -5.5707087e-06
 -7.6574764e-07
  3.1275104e-05
 -8.9075329e-06
  9.7618795e-06
  7.2982898e-06
 -1.7034832e-05
  2.5661637e-05
  7.0016786e-06
  5.3421667e-05
 -7.2669650e-06
  1.8218196e-04
 -1.5761647e-06
  1.4672026e-05
 -3.7905290e-06
 -2.1452624e-05
  4.9659916e-06
  1.7039270e-06
  9.5718440e-07
  6.7080822e-05
  1.1083657e-06
  1.9912377e-05
 -4.3760660e-06
  1.7569525e-06
  3.4588586e-05
 -7.9602432e-05
 -4.0288887e-06
 -3.8152143e-07
 -1.1683615e-05
 -4.8930492e-06
 -2.7877628e-05
  8.6906857e-06
  1.1785875e-05
  3.4009120e-06
  7.3362543e-07
  6.6180924e-06
  7.4209406e-06
  6.9941489e-06
  9.4432417e-06
  1.3618298e-05
 -3.5115503e-05
 -7.4936120e-06
  8.6015396e-02
  9.0299904e-01
  2.1710007e-04
 -3.8233370e-01
  2.5129440e-05
 -3.3946277e-03
  4.8999704e-05
  3.5042765e-05
  1.7153563e-04
 -8.2890503e-05
 -7.6793097e-02
 -1.0336514e-04
  8.5908212e-02
 -3.9106598e-01
  1.7775017e-01
  2.6683712e-05
  3.2378743e-05
 -1.6565080e-03
  6.7924392e-01
  1.7899806e-04
 -1.1272296e-06
  7.3091353e-05
 -6.5440395e-06
 -1.6420736e-05
  1.0884816e-04
  9.1621932e-06
  1.6314265e-05
 -1.7848393e-05
 -6.8696904e-06
  2.6513437e-05
  2.4554801e-01
 -7.5069201e-01
  6.2580234e-01
  2.2865152e+00
  1.4231713e-01
  1.0594522e-01
  5.8817051e-02
 -9.4057274e-01
  7.8719801e-01
 -5.0300978e-02
  1.4615282e+00
  1.9451350e-01
 -7.7640432e-01
  1.6636934e+00
 -5.9175942e-02
 -3.4503371e-01
 -1.2357072e-01
  4.6943223e-01
  7.5438523e-01
 -1.3336740e+00
  4.8920768e-01
  6.9907223e-06
  1.7941496e-01
  5.3130306e-02
  1.5054756e-06
 -5.0729662e-01
  2.9167232e-01
 -6.7831540e-01
  2.9371133e-02
 -3.0931330e-01
 -4.3842673e-02
 -3.9646772e-01
 -8.5909369e-07
 -6.0413295e-01
  2.4816492e-01
 -4.5499489e-01
 -3.1694284e-01
  9.0376735e-01
  3.0122153e-02
  2.0772111e-02
  5.5877366e-03
 -1.1759112e-04
  3.3452164e-03
 -4.4313377e-01
  9.3276100e-03
  3.3384520e-01
  7.6098074e-03
 -1.7995173e-05
  1.5213447e+00
  8.5951787e-01
 -1.1629721e-06
 -5.0181703e-04
  9.5660784e-05
  2.9907821e-06
  1.0927781e-01
  2.6343472e-02
  1.1991624e-04
  1.1661851e-05
 -3.7544739e-04
  1.3365561e-02
 -2.4546784e-05
  3.9833930e-01
  8.1690364e-02
 -4.9484926e-01
 -1.7949216e-01
 -6.6269546e-05
 -3.0969374e-02
 -1.7364068e-02
  1.8442766e-05
  7.2786421e-01
  2.1168886e-01
 -3.1337848e-05
  8.4436788e-06
  5.3452432e-01
  1.0496095e+00
 -1.9222778e-06
  5.5731471e-05
 -6.4577747e-05
 -5.1325715e-01
  7.6582775e-02
 -2.1583354e-04
  2.7784426e-06
  1.3270037e-04
 -4.2255613e-07
  5.2736053e-05
  2.6926618e-05
  8.8425419e-05
 -9.1817583e-06
  3.4735815e-05
  1.0842118e-05
  2.7120607e-06
 -1.7582652e-06
  6.5530335e-06
  2.5454647e-05
  3.6953882e-08
 -3.4981517e-07
  7.1661902e-06
 -2.5149352e-06
 -8.6418031e-06
  1.2059812e-05
  1.7572285e-06
  3.4805845e-07
 -5.5668308e-05
 -1.4123850e-05
  7.2941918e-07
  6.4658525e-05
 -8.3748364e-06
  8.1496337e-06
  4.3356657e-05
 -2.3321975e-06
  1.6032076e-05
  3.3208930e-06
 -2.3059408e-06
 -4.0088460e-07
 -3.4272405e-05
  5.1040155e-05
 -3.9065371e-06
  1.6864373e-05
 -4.2977012e-05
  1.4655294e-06
  3.5315122e-06
  4.4148796e-06
  4.1227158e-05
  7.6696115e-06
  2.0895617e-07
  2.7809359e-05
  3.2602235e-05
  4.6370426e-04
  2.5434523e-05
  8.7979415e-06
  1.1598693e-05
  2.3501685e-05
  6.8495324e-06
 -1.1779005e-04
 -5.7946691e-06
  3.4239617e-06
  7.2855619e-06
  1.5048632e-05
  2.4107416e-05
 -3.6853764e-04
  1.1248626e-05
 -1.2257218e-06
 -2.6645846e-05
 -3.9394890e-05
 -1.2192367e-04
 -1.1590427e-05
  1.5775206e-05
  3.0826013e-05
  2.7192857e-05
  5.2214582e-06
  3.4455606e-01
 -6.8274534e-01
 -9.7777170e-01
  2.7163333e-01
  6.7083591e-01
  1.7358156e-01
  1.8148966e-01
 -4.4893512e-01
 -1.7403679e+00
 -4.4769440e-02
 -9.4610481e-03
 -6.5552306e-01
  2.0812233e-05
 -1.4038320e+00
 -2.7576350e-02
 -6.2565404e-01
 -2.3481740e-05
 -5.0640438e-06
 -3.6389422e-01
 -8.6127239e-01
  4.8636753e-06
 -5.8896050e-05
 -1.2948967e-06
 -1.2996781e-02
 -1.1000592e-01
 -2.0765238e-01
 -3.5984159e-04
 -2.4546955e-05
  1.3730200e-01
 -2.6333901e-01
 -1.5800577e-05
  2.2000715e-01
 -4.1031133e-05
  4.6596197e-06
  3.1068641e-06
  1.7446115e-04
  4.4895946e-06
 -4.7647944e-05
  1.2646766e-01
  2.0606184e-04
  5.5014284e-06
 -1.2903088e-05
 -8.2054321e-06
  5.0461656e-01
  1.3754294e-05
 -3.5334308e-06
 -2.0080717e-05
  3.9681898e-05
 -1.3463650e-06
  5.2084752e-06
 -1.8885947e-05
 -7.3215284e-05
  7.9977590e-06
 -2.2194070e-05
 -3.1520507e-05
 -1.0220725e-04
 -2.1147166e-06
 -1.8493226e-06
  1.2812812e-05
 -2.0204378e-05
 -2.9626349e-06
  3.3877138e-06
  2.0123603e-05
 -1.3918348e-05
  6.7588808e-06
 -2.7905883e-06
  2.2749236e-05
 -6.7386037e-04
 -7.6570059e-06
  2.0581503e-05
  4.1782310e-05
  5.7743709e-06
 -7.3215333e-06
  3.2966000e-05
 -7.9683932e-06
 -2.8750914e-05
  2.2640286e-08
 -1.5768081e-06
 -2.4545883e-05
  4.8443781e-06
  1.7367050e-04
  1.4416139e-05
  4.4136772e-08
 -5.2345395e-06
 -7.2721923e-06
  6.4664919e-06
  1.4494632e-04
  3.3396378e-04
  2.6054090e-04
 -1.9594406e-06
  2.5970163e+00
  6.1341435e-02
  9.7262824e-01
 -7.0178199e-01
  2.6452115e-01
  2.4848206e-01
  9.5050715e-02
 -7.2267139e-01
  4.0990639e-01
 -5.0939894e-01
 -4.0881289e-03
  1.3402721e-01
  1.5815169e-01
 -8.2947671e-01
  1.2574588e-01
  1.0894641e-01
  1.1940183e-01
 -1.9497485e-01
  9.8901741e-02
  4.0571642e-01
 -9.7998088e-07
 -3.8656435e-06
 -1.4690402e-05
 -9.5387620e-01
  9.1139510e-02
  7.5699529e-05
  5.8544278e-02
  1.0931902e-01
  1.1616705e-01
 -5.5228866e-05
 -3.4454688e-06
 -9.2046458e-01
 -5.4328648e-05
  4.4459242e-01
  1.5161822e-06
  3.8880964e-05
  2.6283777e-01
 -2.0718728e-01
 -3.3944016e-04
 -9.0213427e-03
 -1.0741316e+00
 -7.0713700e-06
 -2.3234137e-05
  4.9251440e-01
 -1.0970967e+00
 -3.0561594e-05
 -2.6770169e-05
  4.1488191e-04
  4.8146954e-01
 -2.3277508e-01
  1.1118099e-05
 -1.6460221e-05
 -9.9230892e-05
 -1.0650700e-05
 -1.4793701e-04
 -1.1683935e-01
 -1.3175560e-03
  1.2135077e-04
  6.9110487e-05
 -1.9707713e-01
 -2.2359173e+00
  1.5403000e+00
  2.7030969e+00
  2.9738448e+00
 -8.7476856e-01
  3.1959321e-02
  4.4331539e-01
  1.1950801e-01
  7.3296171e-01
 -7.1853340e-02
 -3.3363152e-01
  2.9957550e+00
  2.0917460e-01
  2.4447641e+00
 -4.9149832e-01
  7.3498982e-01
  1.2187620e+00
 -3.4236839e-01
  1.0571026e+00
  1.1999110e+00
 -1.4483099e-01
  1.2848300e-01
 -3.4629765e-01
  1.2969524e-06
  3.7518461e-04
 -2.3030565e-05
 -2.3260249e-01
  4.2096245e-01
 -4.4930094e-01
 -1.0256537e-02
 -1.7856411e-05
  1.6159800e-05
 -4.6278426e-05
  3.1111642e-05
 -2.1109897e-06
 -4.4960907e-05
  8.1584403e-06
 -4.2389488e-06
 -3.1031206e-05
  1.5245017e-05
  4.4839203e-06
 -7.8712046e-06
 -1.1014322e-06
 -5.1632829e-05
 -4.1958606e-06
  3.9140810e-05
  1.9854486e-05
 -6.6433186e-06
  1.6849850e-05
 -1.0102540e-05
 -3.3521162e-06
  5.7346065e-06
  1.5311158e-06
 -1.5872980e-05
 -4.7757148e-06
  1.9665573e-05
 -7.6242950e-06
  1.3923459e-04
 -2.6281548e-05
 -6.9486136e-06
 -4.4137659e-04
 -6.5134562e-05
  1.1241009e-04
 -1.2526927e+00
  5.5097759e-01
 -9.7188242e-02
 -1.0451697e+00
  6.6402066e-04
  3.0403788e-04
 -1.4378120e-05
  3.7092138e-07
  1.2314455e-01
 -1.8634135e-01
  1.7047891e-01
 -6.3665368e-07
 -3.5422938e-06
  1.6838909e-04
 -1.5471212e-03
 -7.3950988e-01
  8.7094523e-02
  6.7550168e-06
  2.7112319e-04
  6.5059107e-06
  1.1820438e-05
  9.4068050e-04
  9.9889403e-05
  3.1767515e-05
 -2.1002547e-06
 -3.5401845e-01
  7.2266280e-06
 -1.6550715e-01
 -1.0498071e-01
 -9.9244870e-02
 -7.0168358e-01
 -3.1632472e-02
 -1.2676908e+00
 -3.7454199e-02
  1.7980550e-01
  6.8144035e-01
  6.2606889e-01
  3.3004820e-01
  7.2170544e-01
  7.6444156e-02
 -7.3716098e-01
  3.8588727e-01
 -6.5691180e-05
 -9.0269178e-02
 -1.0313987e+00
 -1.8366338e-01
 -4.2959151e-01
 -1.1477006e-02
  3.3438057e-05
 -2.1133190e-01
  2.5578901e-01
 -1.9832511e-01
 -4.8798013e-01
 -3.1710750e-01
  7.8832280e-05
  1.2897344e+00
 -3.5584967e-03
  4.7737511e-05
  2.1826017e-01
 -7.6446027e-05
 -8.7066997e-05
 -2.0303414e-05
 -2.4754842e-01
  4.0677919e-06
  5.1754032e-05
 -6.1646715e-05
 -9.0328676e-06
 -6.4064829e-05
  2.0275589e-05
  3.0033940e-05
 -3.3541641e-01
 -1.7432489e-05
 -2.5939646e-06
 -1.0400071e-04
  6.1967672e-05
  9.9522829e-02
 -2.9118475e-05
  3.0365795e-06
 -7.5736752e-06
 -5.1756147e-06
 -1.0680498e-04
 -8.7318568e-08
 -1.9534642e-05
 -1.7691094e-05
 -1.2252472e-05
  2.3809207e-05
 -1.2759050e-05
  2.7561421e-06
  4.4434792e-06
 -4.6848887e-04
  5.9119720e-06
 -1.5877682e-05
  6.2230050e-05
 -2.7127339e-06
  3.4646884e-01
 -3.0548446e-05
  6.0248399e-06
 -7.9776091e-06
 -1.2224333e-06
 -4.7482295e-05
 -7.5607398e-04
  3.7143589e-06
  1.4950539e-06
 -1.6876123e-05
  9.8243418e-06
  9.0947087e-06
 -2.7419153e-05
  2.0680072e-05
  5.2474738e-06
 -5.7316711e-06
 -6.4507760e-05
 -9.2702547e-05
 -3.2021813e-05
 -2.5668679e-04
 -1.4508935e-05
 -2.7216002e-04
  7.6774422e-06
  3.4104842e-01
  2.5460411e-02
  4.8331322e-06
 -4.9988091e-01
  8.4445901e-06
 -1.9738119e-02
  3.2023001e-01
 -7.7497905e-01
  2.9864904e-02
  5.5077100e-01
  2.2257790e-01
  3.8718444e-04
 -1.0702923e-05
 -4.3583032e-01
  1.9800100e-03
 -1.7727064e-01
 -3.2756760e-04
 -2.6787561e-01
  1.5968436e+00
 -3.4443173e-01
 -1.6281305e-05
 -1.9528968e-06
 -3.8730275e-05
  1.8325915e-06
 -2.9768087e-03
 -7.1156846e-04
 -4.7269862e-02
 -7.5474959e-06
  6.2723786e-02
 -2.9282068e-05
  7.0519871e-01
 -2.4348149e-06
 -9.6753422e-05
  1.5064582e+00
 -3.6972281e-01
  6.5242307e-06
  6.2464374e-01
 -8.1044245e-01
 -8.2415817e-03
  4.0940675e-01
  1.7013253e-05
 -1.4502019e-05
 -2.7361831e-01
  5.4660374e-01
  6.8705648e-01
  1.2363549e+00
 -2.1768839e-03
  2.9649922e-05
 -1.7102989e+00
  6.4098356e-05
 -6.0900373e-07
 -6.5702122e-01
 -1.1318752e+00
  1.4513282e-01
 -4.7414280e-05
 -3.7716690e-01
 -3.2385063e-01
 -1.1127755e-06
  1.4224727e-06
  5.1597661e-01
  9.7112727e-01
 -2.1817421e-05
  3.4412318e-01
  7.2370106e-01
 -6.7750221e-01
  8.9667037e-06
 -7.0317370e-01
  2.0802231e+00
 -2.0644085e+00
  1.7218769e+00
  4.9089953e-02
  1.1637114e-04
  5.5171782e-01
  1.8739941e+00
  7.1886563e-01
  4.9175623e-01
 -3.3101818e-04
  3.3182266e-06
 -7.8358281e-01
 -2.8376755e-01
 -6.7609471e-06
  1.0573432e+00
 -5.1371580e-01
 -2.0189581e+00
  2.0983842e-05
  5.5413699e-01
 -9.4695622e-01
 -1.9955373e-01
 -2.2465099e-01
 -6.2479901e-01
 -3.2486210e+00
  8.5943151e-01
  1.0410088e+00
 -6.6019106e-01
  2.7867132e-01
  6.3475018e-05
 -7.8656220e-01
 -1.5524430e+00
  7.2153699e-01
  8.3185101e-01
  6.6990703e-01
  1.6002330e-01
  8.1093291e-05
  8.4698431e-06
 -3.8268827e-05
  2.4706907e-05
 -2.9749069e-01
 -3.0664148e-04
  1.4409966e+00
 -1.7924813e+00
 -7.9952723e-01
  5.7361484e-01
  1.0944934e+00
  7.5902283e-02
 -3.2649148e-01
  7.0576733e-01
  3.1190777e-01
 -1.1499605e+00
 -2.0814156e-02
  5.2998352e-01
 -2.3854334e+00
  5.7979702e-04
  7.7800542e-01
 -1.6160659e+00
  1.0000838e+00
 -5.2750558e-01
  3.2207727e-01
  1.1280658e+00
  1.3720605e+00
  4.1235739e-01
 -4.1420761e-01
 -4.0380487e-01
  1.3590779e+00
 -2.2475939e+00
 -4.0638554e-03
  2.2720671e+00
 -1.0930229e+00
 -3.4368973e+00
  1.8349589e+00
  2.4770325e-01
 -8.1337768e-01
  1.3965795e+00
 -6.1057794e-01
  2.4881651e-01
  8.1448293e-01
 -2.5640467e-01
 -3.3438763e-01
  1.7493364e-01
  2.0344430e-01
  1.1689639e+00
 -9.3122512e-01
 -6.5943986e-01
 -2.6075933e-02
 -2.0000761e+00
  1.1952519e+00
 -8.4675509e-01
 -1.6872796e+00
 -1.8554288e-01
 -6.7406154e-01
  3.9615962e-01
 -1.1390626e+00
  2.5595361e-01
 -1.3185771e+00
  2.2603717e-01
  7.5684857e-01
 -6.6968656e-01
 -6.0823798e-02
  3.9530584e-01
  2.8009934e+00
  4.3724802e-01
  7.8447914e-01
  9.2543709e-01
 -1.5039998e-06
 -1.8881998e-06
  3.5969097e-07
 -3.8397154e-01
 -3.4691072e+00
 -1.5144774e-01
  1.5444766e-01
  2.6483345e-01
  9.5214921e-01
 -6.4473602e-06
 -1.2766487e-05
  4.6850855e-06
  1.3737995e-04
 -4.5101154e-03
  1.3152391e+00
  7.4397199e-02
 -4.7181302e-06
 -2.8394145e-01
 -1.7139374e-06
  2.2880388e-04
  3.1917833e-04
 -3.1159714e-01
 -3.0852440e-01
  1.6951844e-02
 -3.9186045e-05
  2.9874250e-01
 -1.6914465e-01
  7.7636905e-06
 -5.8974604e-07
 -8.5197047e-05
 -9.7378463e-01
 -2.6002145e+00
  6.0519224e-01
  5.7187635e-03
  5.8929437e-01
  2.5437728e-01
  4.8092981e-05
 -1.1294426e-06
  1.3337472e-05
  5.7558905e-02
 -2.2980310e-05
  2.1876764e+00
  1.4750059e+00
  4.5878986e-01
 -3.8658777e-01
  9.1851478e-05
  6.5002678e-05
  2.3128380e-06
 -2.9003313e-01
 -9.1417032e-01
  1.2263776e+00
 -8.9972929e-07
  4.5851371e-01
  1.2912855e-01
 -1.6802880e-05
 -3.1146001e-06
  5.9175967e-05
 -6.9392663e-01
 -3.3135171e+00
 -3.0773142e-01
 -7.0686780e-02
  1.4351583e-04
 -7.7057219e-01
  2.5401305e-04
 -5.9011290e-06
  3.8273998e-07
 -6.7190949e-06
  9.6105456e-02
  3.9304978e-01
  6.6337705e-01
  5.3353131e-01
  5.0033510e-01
  2.5375478e-04
  1.1603155e-04
 -5.8136388e-06
 -1.1465502e+00
 -2.2100558e+00
  1.6593459e+00
  8.2186353e-01
  1.7895350e+00
 -1.7157447e-01
 -1.4874446e+00
 -1.0512279e-01
 -9.4520175e-01
 -5.8292872e-01
 -1.4493284e-01
  1.1026754e+00
  9.5109746e-02
 -3.3901942e-01
 -8.9426261e-01
 -5.2569974e-02
 -8.9823722e-04
  2.8502804e-05
 -4.9308880e-04
 -4.4869785e-06
  2.3360391e-01
  4.1348240e-01
  2.4801549e-01
 -5.8143127e-01
  2.7448201e-05
  7.4264608e-02
 -7.2111446e-01
  3.9553681e-01
 -2.1155456e-05
 -5.6739163e-01
 -7.0298028e-01
  1.6198835e-01
 -1.0110879e+00
 -4.1762704e-01
 -7.7148788e-02
 -6.9675291e-01
 -1.3220615e+00
 -1.0499372e+00
 -6.7549163e-01
  1.4660198e-02
  7.9278958e-01
  1.4853904e+00
 -3.3885443e-01
 -5.6598318e-01
  1.0220323e+00
 -4.4707335e-03
 -1.7422940e-01
  2.1123817e+00
  1.4286749e+00
  8.1404710e-01
 -1.4516294e+00
  3.9398491e-02
  6.2907979e-02
  7.6154119e-01
  9.5569193e-01
  2.1836664e-01
  1.2873274e+00
 -2.6286188e-01
  1.4298530e+00
 -5.3054821e-01
 -7.3571622e-01
 -2.6883019e-05
 -3.8998502e-01
  1.4634639e+00
 -1.4374280e-02
  8.7168443e-01
 -1.0968059e-03
  1.5616324e-03
 -7.3888391e-02
 -2.8893012e-01
 -3.2639563e-01
  3.5022673e-01
 -7.5537890e-01
 -1.2139928e-01
  1.4329819e-01
  7.1524882e-01
  8.6897951e-01
  2.3891059e-01
 -1.0036010e+00
 -1.8931010e-01
  7.5888437e-01
 -1.2643895e-01
 -1.5811510e-04
  2.6517534e-01
  5.0148851e-01
  1.4658550e+00
 -6.7607665e-01
  1.3321466e+00
  2.0705729e+00
 -1.9007483e+00
  1.6435144e+00
  3.2624438e-01
 -1.5725024e+00
 -7.8002757e-01
  1.0879215e+00
  1.0467273e+00
 -6.6883049e-06
  1.0124771e-04
 -2.0477384e-02
  2.3699453e+00
 -9.7945967e-06
 -2.6870286e+00
  2.7446833e-01
  1.5343930e-01
 -7.2620440e-01
  3.9668378e-01
  3.7689444e-01
 -5.8636278e-02
 -2.2142549e+00
  1.9789110e-01
  3.0098656e-01
 -1.3359464e+00
 -4.5331293e-05
  3.8963920e-01
  1.2108839e-01
  7.0057207e-01
  3.1805921e-02
  2.1329255e+00
  1.9758855e+00
 -1.7285579e-01
  3.6774185e-01
  7.6900047e-01
 -7.3637229e-01
 -2.4901831e-06
  1.6210729e-02
  9.8657884e-02
  4.7979489e-01
  1.8068578e+00
 -1.1468357e+00
  1.9641440e+00
  2.9288328e-01
 -2.1543252e+00
  5.7998878e-01
 -6.6966102e-03
 -2.1436334e-01
 -3.8168725e-01
 -2.9347718e-01
 -1.7483941e+00
 -6.3999903e-01
  3.8053528e-05
 -5.9845781e-01
  7.5617993e-01
  2.7142549e+00
  7.0485938e-01
  7.8235254e-02
  9.7339767e-01
 -3.6811653e-01
 -2.1093211e+00
  7.0456856e-01
 -2.6754886e-02
  5.6345402e-06
  3.2296371e-01
 -7.8103405e-01
  1.3159533e+00
 -2.7095354e-01
  3.9843607e-01
 -2.2902633e-01
  1.5450662e-01
 -2.0641980e+00
 -1.3992177e-01
 -6.8172896e-01
 -1.4920979e+00
  1.1374112e+00
  1.4273317e+00
  1.2767776e+00
  8.5645401e-01
 -7.3014486e-01
  5.5879217e-01
 -1.1389956e+00
 -4.2579177e-01
  7.6101267e-01
 -1.5340892e+00
 -7.8851885e-01
 -2.5457969e-01
 -3.0746408e+00
 -6.6917139e-01
 -2.2468860e-01
 -2.4375429e-03
 -1.0350952e-01
 -6.4802989e-05
 -4.7409818e-01
 -1.2989735e-04
  1.2253798e+00
 -8.6882138e-01
 -2.5377320e-03
  1.5470053e+00
  1.1263763e-01
  9.6564531e-02
 -3.7914142e-01
  6.0187209e-01
  2.1603931e-01
 -7.1420217e-01
  2.1111777e+00
 -2.1081853e-01
 -1.2610272e+00
 -1.6196002e+00
 -2.8973246e-01
  1.1871929e+00
 -2.2695300e-03
 -1.8933390e+00
  1.4462812e+00
 -8.1573123e-01
 -3.3220508e+00
  1.1753365e+00
 -3.1568685e-01
 -4.0081123e-01
  2.1184756e-05
  3.0312425e-01
 -4.5214692e-01
  1.2365079e+00
  1.4488548e-01
  8.1212200e-02
  9.0507197e-01
 -5.2693713e-02
  1.2367633e-01
  3.6130187e-01
  6.4031744e-01
 -4.0162063e-06
 -1.4851751e+00
 -3.1415218e-01
 -6.3828498e-01
  3.1440929e-02
 -7.1440011e-01
 -1.1044832e-01
 -1.0064113e+00
 -1.3457683e+00
 -2.1603153e+00
 -1.2744403e+00
 -1.1511109e+00
 -4.3180197e-01
  1.7279285e+00
 -1.2707324e-01
 -7.1556920e-01
 -7.1434957e-01
 -1.4440742e+00
 -5.0434208e-01
 -1.3412567e+00
  7.4123651e-01
  4.3542159e-01
 -6.3200212e-01
 -3.1938259e-03
 -7.5410300e-01
  1.4143687e+00
 -9.9009776e-01
 -4.1270480e-01
  5.7500321e-01
  9.7900295e-01
  4.6944112e-01
 -7.3473424e-01
 -1.3978517e-06
  8.8642091e-06
  1.9519417e-01
 -2.6130828e-01
  2.5106904e-06
 -2.5065553e+00
 -3.1938720e-01
 -1.3716822e+00
 -7.0189583e-01
 -6.8041430e-05
  2.6523712e-05
 -9.5508121e-06
 -2.0953114e-05
  6.9501650e-05
 -6.5823256e-06
  9.0034055e-06
 -1.0283439e+00
 -1.5357652e-04
 -1.2731562e-05
 -2.7172582e-04
  7.9785210e-01
 -3.6089469e-04
  2.1287753e-05
 -6.4442450e-01
  6.7784172e-01
  5.8107996e-01
 -1.3949460e+00
  1.0292086e-05
  6.2081976e-06
  5.6970621e-06
 -1.8717052e-05
 -1.0064932e-04
  2.0562117e+00
 -9.6538979e-01
  6.5463996e-01
 -1.1564488e+00
 -1.9419542e-06
 -3.5469932e-06
  3.4141120e-01
 -2.3476828e-02
 -6.5513387e-07
 -1.1256517e+00
  1.4242411e+00
 -3.4213547e-02
 -9.1660273e-01
  1.5689425e-06
 -8.2550986e-07
  8.5620277e-02
 -2.8115824e-06
 -1.2363964e-05
 -1.2246070e+00
  7.5501335e-01
  9.4456947e-01
 -9.4203275e-01
  1.6018468e-05
  2.6990338e-05
  7.2335619e-01
  6.5389559e-06
 -3.0639519e-06
  3.7330663e-01
  1.9251698e-01
 -1.5604414e+00
 -1.2376504e+00
 -8.2146255e-07
 -5.9620892e-05
  2.2738276e-01
 -4.8948667e-05
 -1.7618841e-05
 -7.2868663e-01
  2.5983308e-02
 -3.7921786e-01
 -4.7717221e-02
  5.0692674e-06
 -2.0912059e-06
  5.7614434e-01
 -4.9136538e-06
  5.3940248e-06
  2.3192672e-01
  5.8891654e-01
  8.1413859e-01
 -3.9397204e-01
 -9.9853292e-05
 -8.8809317e-01
 -1.6490645e+00
 -7.4033404e-04
 -1.2418897e-06
 -2.7843609e-03
 -8.9952493e-01
  1.4194367e+00
  2.4974638e-01
 -1.5730587e-04
  6.6223074e-06
  4.2054771e-06
  5.1841430e-06
  6.0077423e-06
  1.4050310e-06
 -3.0782474e-05
  1.0704622e-01
  4.3525877e-05
 -9.9403151e-05
 -6.7920542e-01
 -1.0235720e+00
 -2.1616554e-05
  2.0562258e-05
 -4.2424046e-05
 -8.0384862e-01
  5.9814966e-01
 -1.2779707e+00
  2.0276391e-06
 -3.4610122e-02
 -3.9227857e-04
  3.0838048e-06
  2.2451028e-05
 -6.5066621e-02
  2.9390520e-01
 -9.6928585e-01
 -1.2411010e+00
 -2.2002465e-05
 -2.2684741e-01
 -6.8648510e-02
  2.9715397e-05
 -1.1478510e-07
  9.5127079e-06
  1.0747758e-01
  4.2015842e-01
  1.5580705e+00
 -2.5180472e-05
 -4.1123068e-01
 -1.1642963e-01
  1.0570115e-05
 -2.7300199e-05
  5.5469498e-02
  5.8664179e-01
  2.3721535e+00
 -2.4596561e-01
 -7.9870051e-06
 -1.5837015e-04
  3.5319734e-01
 -1.9402441e-05
  1.7085737e-05
 -4.1240624e-01
  1.0776728e-01
  1.0132775e-01
 -8.0353510e-01
 -1.5382298e-05
 -4.6044371e-01
  4.5081019e-01
 -4.4155044e-07
  9.1544953e-06
  1.2135099e+00
 -4.6407047e-01
  3.7150735e-01
  4.9612296e-01
 -4.9333878e-05
 -9.5563784e-02
 -3.9843805e-02
  9.9711533e-06
 -2.6317647e-07
 -3.5570890e-01
 -1.1466386e-01
 -5.4176128e-01
  5.9698957e-01
 -1.9988985e-07
  1.7685270e-05
 -1.4933649e+00
 -5.0384927e-01
  4.5005159e-05
  1.0449657e+00
  2.0959835e-01
 -9.3240738e-01
 -7.0062655e-01
 -4.9314049e-06
  4.9784762e-07
  1.5737671e-06
 -5.0383322e-05
  3.7418697e-05
  1.8604386e+00
 -1.7550619e-05
  1.9179275e-05
  3.7919246e-05
 -3.0085395e-05
 -5.7947283e-05
 -3.5919943e-01
 -3.3267140e-01
  8.3217041e-05
  3.2947335e-01
  1.1738588e-01
 -1.9239852e+00
 -6.3850683e-01
 -1.0835650e-05
 -1.0812789e-05
 -3.9807150e-01
 -4.6548434e-02
  1.4912863e-05
 -3.2091260e-01
 -1.5758409e-01
  5.7355541e-01
 -7.8497678e-01
 -1.2155540e-06
 -2.1828952e-05
  1.6040681e-04
  1.1794018e-07
  1.9164327e-05
 -9.8980069e-01
  4.4707087e-01
 -1.3402601e-01
 -1.6271485e+00
  7.2996941e-06
 -8.9280820e-04
 -1.9139746e-01
 -5.8375674e-01
 -1.1354467e-05
  1.3925093e-01
 -1.9937585e-01
  2.9093456e-01
 -1.0262178e+00
 -5.8458627e-06
 -1.0035686e-04
  1.6061048e-01
  1.1165340e-08
  1.7035340e-05
  1.4338074e+00
  2.2231129e-01
 -4.3412298e-02
 -1.3732662e+00
  1.3717259e-05
  1.7228055e-06
 -3.1932482e-01
 -5.3242528e-01
 -1.2896671e-06
  3.5337129e-01
  4.8269409e-01
 -1.7492912e+00
 -1.1602585e+00
  2.1591577e-05
 -1.0949762e-05
  3.4193745e-01
 -7.6070710e-06
  4.6043124e-06
 -2.2221799e-01
  2.8798115e-01
  7.6802623e-01
 -5.4358304e-01
  1.0783709e-05
  9.9955708e-02
 -7.9974836e-01
 -1.0948621e-04
 -7.7509721e-06
  6.0444891e-01
  8.1151867e-01
  8.9629722e-01
 -7.1471596e-01
 -6.3987827e-06
  4.3873520e-06
 -4.9377236e-06
  8.0024602e-06
  4.9070018e-06
 -2.2108610e-01
 -3.0193576e-06
  3.7760097e-01
 -7.6203949e-05
  1.8061966e-06
  9.4302118e-02
 -2.7070487e-01
  9.1389927e-07
  4.0574021e-05
 -1.5522796e+00
  5.7300013e-01
 -4.0944573e-01
 -9.9524224e-01
  1.6146249e-05
 -2.9373427e-06
 -3.2423353e-01
 -3.9084509e-05
  7.2229091e-06
  1.0328325e+00
 -1.5311827e-01
  7.1466386e-01
  8.3247429e-01
 -9.6528665e-06
  4.2667343e-05
  6.8726063e-06
 -2.8454667e-06
 -2.0672845e-05
  2.4553383e-05
  3.7953815e-01
  6.7073542e-01
  4.5110089e-01
 -9.2140459e-07
 -8.7969647e-07
 -1.0494952e-02
 -1.2033283e-05
  1.2260643e-05
 -1.8507571e+00
 -2.3805502e-01
  2.0725543e+00
 -7.2515704e-02
  1.1360340e-05
  1.2589093e-02
 -3.3394659e-01
 -1.6485268e-04
  1.5244848e-06
 -1.9084290e+00
  3.6699823e-01
  1.4469219e+00
 -5.1364128e-02
  2.5048916e-04
  3.0226431e-06
 -3.7505645e-01
 -3.0227909e-06
  6.7060461e-07
 -4.5821507e-02
  2.5309628e-01
 -1.2620263e-01
 -6.4441245e-03
  3.6730198e-05
  3.9611237e-05
 -3.9187723e-01
 -2.3316825e-05
  1.1628406e-06
 -5.2398199e-01
  3.7826246e-01
 -3.7921661e-01
 -4.4544151e-01
 -1.1160912e-05
  2.6165059e-01
 -8.7235671e-01
  8.0419540e-01
 -8.5032607e-06
 -1.3991960e+00
  1.0790716e+00
  7.6604015e-01
 -8.8577992e-01
 -2.7248199e-05
  1.7840688e-05
 -5.0288134e-05
  7.7668519e-05
  1.2158721e-05
 -7.4657047e-01
  6.8749762e-01
 -1.4692141e+00
  1.4596150e-05
  3.4023297e-04
  1.8387666e-01
 -8.0072182e-01
  7.3660487e-01
  1.9132326e-06
 -2.0056589e+00
 -1.4032985e-01
 -1.7910404e-02
  6.1285567e-01
 -8.3935356e-06
 -2.2413003e-06
 -8.8116831e-01
  3.5219535e-01
 -1.8899067e-05
 -7.0788795e-01
  1.5529991e+00
 -3.6773568e-01
 -5.6651199e-01
  7.1244678e-05
  7.1190292e-04
  2.1302874e-05
  1.3992564e-05
 -4.2719648e-06
 -1.0564293e+00
 -6.3501539e-05
 -9.7832274e-01
  3.9608732e-01
  1.1736796e-05
  5.6050147e-05
 -3.9412874e-01
  8.6686480e-01
 -2.0930158e-06
  2.2242367e-01
  1.1350555e-01
  5.3690428e-01
 -5.0422501e-02
  1.1452744e-04
 -1.4474281e-06
 -2.6841214e-01
  4.4877820e-06
 -4.2253032e-06
 -1.9484615e-01
  2.1633108e+00
 -1.8471491e+00
  6.3960999e-01
 -7.4493937e-06
  1.4198179e-03
 -7.9864538e-01
  4.2254674e-01
 -9.2736800e-06
 -1.0866090e-01
  1.1954780e-02
 -7.6742068e-02
 -3.3299616e-01
  6.0933294e-06
 -1.6598200e-05
 -2.3245065e-01
  5.2735996e-01
 -1.3705966e-05
  6.5725529e-01
  4.3447906e-01
 -5.6443053e-01
 -3.8344586e-01
  1.2413758e-02
  1.2413758e-02
  1.2413758e-02
  1.2413758e-02
  1.2413758e-02
  6.7241365e-01
  6.7241365e-01
  6.7241365e-01
  6.7241365e-01
  6.7241365e-01
  1.4738771e-01
  1.4738771e-01
  1.4738771e-01
  1.4738771e-01
  1.4738771e-01
  1.0924964e-01
  1.0924964e-01
  1.0924964e-01
  1.0924964e-01
  1.0924964e-01
  1.6452778e-02
  1.6452778e-02
  1.6452778e-02
  1.6452778e-02
  1.6452778e-02
  1.8038879e-01
  1.8038879e-01
  1.8038879e-01
  1.8038879e-01
  1.8038879e-01
