# Phonopy generated file for v_sim 3.6
    7.119791444    0.231230260    7.116035608
   -3.675510852   -3.558017804    4.952025797
    3.559895722    0.000000000    2.476012898 Ba
    0.115615130    3.558017804    2.476012898 Ba
    0.000000000    0.000000000    0.000000000 Zr
    3.675510852    3.558017804    0.000000000 Zr
    5.513266278    5.337026706   -0.000000000  S
    1.837755426    1.779008902    0.000000000  S
    4.048494940    3.172717015    2.476012898  S
   -0.372984089    0.385300788    2.476012898  S
    1.953370556    5.337026706    0.536259105  S
    1.722140296   -1.779008902    4.415766691  S
#metaData: qpt=[0.250000;0.250000;0.250000;1.466623 \
#; 0.022791; -0.023544; 0.032768; 0.017463; -0.018039; 0.025107 \
#; 0.017954; -0.018546; -0.025813; 0.022407; -0.023146; -0.032215 \
#; 0.000059; 0.000057; 0.000000; 0.005462; 0.005287; 0.000000 \
#; -0.005462; -0.005287; 0.000000; 0.000059; 0.000057; 0.000000 \
#; -0.005697; -0.005514; 0.000000; 0.005822; 0.005636; 0.000000 \
#; 0.000000; -0.000000; 0.000000; 0.000000; -0.000000; 0.000000 \
#; -0.007031; -0.011707; 0.001373; 0.012085; 0.006903; -0.001404 \
#; 0.011930; 0.006647; 0.001373; -0.007292; -0.011855; -0.001404 \
#; -0.006279; -0.004928; -0.004469; 0.013536; 0.010624; -0.002073 \
#; -0.010944; -0.013048; 0.002170; 0.005368; 0.006400; 0.004423 \
# ]
#metaData: qpt=[0.250000;0.250000;0.250000;1.466623 \
#; 0.028712; -0.029660; -0.041281; -0.000000; 0.000000; -0.000000 \
#; 0.027879; -0.028800; 0.040083; 0.006867; -0.007093; 0.009873 \
#; 0.004300; 0.004162; 0.000000; -0.003369; -0.003261; -0.000000 \
#; -0.003369; -0.003261; 0.000000; -0.004300; -0.004162; -0.000000 \
#; 0.000000; -0.000000; -0.000000; 0.000000; -0.000000; -0.000000 \
#; 0.000981; 0.000950; -0.000000; -0.008086; -0.007827; -0.000000 \
#; 0.001769; -0.005095; -0.000237; 0.013870; 0.012600; 0.001949 \
#; 0.005034; -0.001933; -0.000237; -0.013044; -0.013453; 0.001949 \
#; -0.002654; -0.003164; 0.004808; -0.011897; -0.014185; -0.001073 \
#; 0.006637; 0.005209; -0.004412; -0.013364; -0.010489; -0.002191 \
# ]
#metaData: qpt=[0.250000;0.250000;0.250000;1.747914 \
#; -0.026682; -0.025829; 0.000000; -0.008669; -0.008392; 0.000000 \
#; 0.042674; 0.041309; -0.000000; 0.006955; 0.006733; -0.000000 \
#; 0.002757; -0.002849; -0.002266; -0.009542; 0.009857; -0.003548 \
#; -0.002757; 0.002849; -0.002266; 0.009542; -0.009857; -0.003548 \
#; 0.020628; -0.021309; -0.002200; 0.007790; -0.008047; -0.019360 \
#; -0.020628; 0.021309; -0.002200; -0.007790; 0.008047; -0.019360 \
#; 0.002934; -0.005307; 0.000000; 0.027726; 0.017292; -0.000000 \
#; -0.005208; 0.003105; -0.000000; 0.018183; 0.027150; -0.000000 \
#; 0.020594; 0.019936; -0.004085; 0.002718; 0.002631; -0.024542 \
#; -0.014298; -0.013841; 0.012265; -0.015069; -0.014587; -0.021646 \
# ]
#metaData: qpt=[0.250000;0.250000;0.250000;1.747914 \
#; 0.034613; 0.033507; 0.000000; 0.025910; 0.025082; 0.000000 \
#; 0.024754; 0.023962; -0.000000; 0.013204; 0.012782; -0.000000 \
#; 0.000577; -0.000596; -0.012373; 0.002871; -0.002966; -0.007131 \
#; -0.000577; 0.000596; -0.012373; -0.002871; 0.002966; -0.007131 \
#; -0.010760; 0.011115; -0.028641; 0.008239; -0.008511; -0.013592 \
#; 0.010760; -0.011115; -0.028641; -0.008239; 0.008511; -0.013592 \
#; 0.009454; 0.029521; -0.000000; 0.020779; -0.007888; 0.000000 \
#; 0.029812; 0.008491; 0.000000; -0.007209; 0.021024; -0.000000 \
#; -0.009255; -0.008959; -0.008305; 0.021037; 0.020365; 0.003516 \
#; 0.020429; 0.019776; -0.008667; -0.010530; -0.010193; -0.002492 \
# ]
#metaData: qpt=[0.250000;0.250000;0.250000;1.944696 \
#; 0.000000; 0.000000; 0.000000; -0.000000; 0.000000; -0.000000 \
#; -0.000000; 0.000000; 0.000000; 0.000000; -0.000000; -0.000000 \
#; 0.016584; -0.017132; -0.045605; 0.018775; -0.019395; -0.039102 \
#; 0.016584; -0.017132; 0.045605; 0.018775; -0.019395; 0.039102 \
#; 0.007429; -0.007675; 0.012533; 0.007984; -0.008248; -0.014991 \
#; 0.007429; -0.007675; -0.012533; 0.007984; -0.008248; 0.014991 \
#; -0.000000; 0.000000; 0.019962; 0.000000; 0.000000; -0.022530 \
#; 0.000000; 0.000000; -0.019962; -0.000000; 0.000000; 0.022530 \
#; 0.005855; -0.006048; 0.000000; 0.003902; -0.004031; 0.000000 \
#; 0.002096; -0.002165; -0.000000; 0.006717; -0.006938; -0.000000 \
# ]
#metaData: qpt=[0.250000;0.250000;0.250000;1.944696 \
#; -0.000000; 0.000000; -0.000000; 0.000000; -0.000000; 0.000000 \
#; -0.000000; -0.000000; -0.000000; -0.000000; -0.000000; -0.000000 \
#; -0.028630; 0.029575; -0.020821; 0.030433; -0.031437; 0.029389 \
#; -0.028630; 0.029575; 0.020821; 0.030433; -0.031437; -0.029389 \
#; -0.009435; 0.009746; -0.012556; 0.009782; -0.010105; -0.009393 \
#; -0.009435; 0.009746; 0.012556; 0.009782; -0.010105; 0.009393 \
#; 0.000000; -0.000000; -0.008700; -0.000000; -0.000000; -0.005163 \
#; 0.000000; 0.000000; 0.008700; 0.000000; -0.000000; 0.005163 \
#; -0.008122; 0.008391; -0.000000; 0.019296; -0.019933; -0.000000 \
#; -0.018453; 0.019062; 0.000000; 0.009889; -0.010216; 0.000000 \
# ]
#metaData: qpt=[0.250000;0.250000;0.250000;2.045651 \
#; -0.019936; 0.020595; -0.028663; -0.019262; 0.019898; -0.027694 \
#; 0.012554; -0.012968; -0.018049; 0.024716; -0.025532; -0.035535 \
#; 0.016801; 0.016264; 0.000000; 0.002524; 0.002443; -0.000000 \
#; -0.002524; -0.002443; -0.000000; 0.016801; 0.016264; 0.000000 \
#; 0.002935; 0.002841; 0.000000; 0.003973; 0.003846; 0.000000 \
#; 0.000000; -0.000000; 0.000000; 0.000000; -0.000000; -0.000000 \
#; -0.004569; 0.009479; -0.000579; 0.008352; -0.002185; -0.000783 \
#; -0.009326; 0.004874; -0.000579; 0.001913; -0.008419; -0.000783 \
#; 0.003878; 0.002631; 0.006954; 0.002621; 0.001778; -0.010289 \
#; 0.000970; 0.001335; -0.011878; 0.003181; 0.004376; 0.003623 \
# ]
#metaData: qpt=[0.250000;0.250000;0.250000;2.045651 \
#; 0.027721; -0.028637; -0.039856; 0.000000; -0.000000; 0.000000 \
#; -0.026202; 0.027067; -0.037671; -0.009052; 0.009351; -0.013015 \
#; 0.009859; 0.009544; -0.000000; 0.013837; 0.013394; -0.000000 \
#; 0.013837; 0.013394; 0.000000; -0.009859; -0.009544; 0.000000 \
#; 0.000000; -0.000000; 0.000000; 0.000000; -0.000000; -0.000000 \
#; 0.004871; 0.004716; -0.000000; 0.000818; 0.000792; -0.000000 \
#; -0.002518; -0.005299; -0.000960; -0.009181; 0.008158; -0.000161 \
#; 0.005378; 0.002344; -0.000960; -0.007856; 0.009441; -0.000161 \
#; 0.003276; 0.004506; -0.002149; -0.000575; -0.000791; -0.012232 \
#; 0.004093; 0.002777; -0.006025; 0.002271; 0.001541; 0.010859 \
# ]
#metaData: qpt=[0.250000;0.250000;0.250000;3.142482 \
#; 0.019551; 0.018926; 0.000000; 0.007390; 0.007154; -0.000000 \
#; -0.006565; -0.006355; 0.000000; -0.013979; -0.013532; -0.000000 \
#; -0.003357; 0.003468; 0.006833; 0.001948; -0.002012; -0.008565 \
#; 0.003357; -0.003468; 0.006833; -0.001948; 0.002012; -0.008565 \
#; 0.034938; -0.036092; 0.054367; 0.022290; -0.023026; -0.045798 \
#; -0.034938; 0.036092; 0.054367; -0.022290; 0.023026; -0.045798 \
#; -0.037730; -0.007141; -0.000000; 0.007463; 0.031700; -0.000000 \
#; -0.008362; -0.037479; 0.000000; 0.031926; 0.006429; -0.000000 \
#; 0.023453; 0.022703; -0.007547; 0.005171; 0.005006; 0.007116 \
#; -0.014977; -0.014498; -0.010344; -0.018774; -0.018174; 0.000783 \
# ]
#metaData: qpt=[0.250000;0.250000;0.250000;3.142482 \
#; -0.014978; -0.014499; 0.000000; 0.003767; 0.003647; -0.000000 \
#; -0.018097; -0.017519; -0.000000; -0.010457; -0.010123; -0.000000 \
#; 0.007450; -0.007696; 0.005509; 0.001603; -0.001656; -0.000887 \
#; -0.007450; 0.007696; 0.005509; -0.001603; 0.001656; -0.000887 \
#; -0.000723; 0.000746; -0.056607; 0.049437; -0.051070; -0.018600 \
#; 0.000723; -0.000746; -0.056607; -0.049437; 0.051070; -0.018600 \
#; 0.020813; 0.023993; -0.000000; 0.000785; 0.014676; 0.000000 \
#; 0.024656; 0.020022; 0.000000; 0.014694; 0.000308; -0.000000 \
#; 0.009493; 0.009190; 0.027171; 0.028790; 0.027870; -0.004089 \
#; 0.010733; 0.010390; 0.023693; -0.028351; -0.027445; 0.013915 \
# ]
#metaData: qpt=[0.250000;0.250000;0.250000;3.800153 \
#; 0.000000; -0.000000; 0.000000; -0.000000; 0.000000; -0.000000 \
#; 0.000000; -0.000000; -0.000000; 0.000000; -0.000000; -0.000000 \
#; -0.005757; 0.005947; -0.007280; -0.007508; 0.007756; -0.009692 \
#; -0.005757; 0.005947; 0.007280; -0.007508; 0.007756; 0.009692 \
#; 0.033983; -0.035105; -0.070566; 0.044219; -0.045679; 0.053125 \
#; 0.033983; -0.035105; 0.070566; 0.044219; -0.045679; -0.053125 \
#; -0.000000; 0.000000; -0.009981; -0.000000; -0.000000; 0.007484 \
#; -0.000000; 0.000000; 0.009981; 0.000000; 0.000000; -0.007484 \
#; 0.009481; -0.009794; 0.000000; 0.006171; -0.006375; -0.000000 \
#; 0.003487; -0.003602; -0.000000; 0.010761; -0.011116; -0.000000 \
# ]
#metaData: qpt=[0.250000;0.250000;0.250000;3.800153 \
#; 0.000000; -0.000000; 0.000000; -0.000000; 0.000000; -0.000000 \
#; 0.000000; -0.000000; -0.000000; 0.000000; -0.000000; -0.000000 \
#; -0.002269; 0.002344; 0.003530; -0.008120; 0.008388; 0.013137 \
#; -0.002269; 0.002344; -0.003530; -0.008120; 0.008388; -0.013137 \
#; 0.016471; -0.017015; 0.077456; 0.059186; -0.061140; -0.020730 \
#; 0.016471; -0.017015; -0.077456; 0.059186; -0.061140; 0.020730 \
#; -0.000000; 0.000000; 0.015704; -0.000000; -0.000000; -0.004231 \
#; -0.000000; 0.000000; -0.015704; 0.000000; 0.000000; 0.004231 \
#; 0.004996; -0.005161; 0.000000; 0.007094; -0.007329; -0.000000 \
#; -0.000579; 0.000599; -0.000000; 0.008658; -0.008944; -0.000000 \
# ]
#metaData: qpt=[0.250000;0.250000;0.250000;3.850868 \
#; 0.010426; -0.010770; -0.014989; -0.000000; 0.000000; -0.000000 \
#; -0.004989; 0.005154; -0.007173; 0.009154; -0.009457; 0.013162 \
#; -0.037625; -0.036423; -0.000000; -0.009587; -0.009281; -0.000000 \
#; -0.009587; -0.009281; -0.000000; 0.037625; 0.036423; -0.000000 \
#; -0.000000; 0.000000; -0.000000; 0.000000; -0.000000; -0.000000 \
#; -0.026466; -0.025620; -0.000000; 0.015718; 0.015215; -0.000000 \
#; 0.022310; 0.032179; -0.001783; -0.025295; -0.006667; 0.001059 \
#; -0.032887; -0.021253; -0.001783; 0.007485; 0.025065; 0.001059 \
#; -0.021471; -0.018937; -0.011440; 0.025768; 0.022727; -0.009532 \
#; -0.030071; -0.031941; 0.002896; 0.005961; 0.006332; 0.014607 \
# ]
#metaData: qpt=[0.250000;0.250000;0.250000;3.850868 \
#; -0.005020; 0.005186; -0.007218; 0.009137; -0.009439; 0.013137 \
#; -0.005621; 0.005807; 0.008082; -0.008780; 0.009070; 0.012624 \
#; 0.028360; 0.027454; -0.000000; 0.026519; 0.025672; -0.000000 \
#; -0.026519; -0.025672; 0.000000; 0.028360; 0.027454; 0.000000 \
#; 0.001032; 0.000999; -0.000000; 0.030764; 0.029781; 0.000000 \
#; 0.000000; -0.000000; 0.000000; 0.000000; -0.000000; -0.000000 \
#; 0.011427; -0.009652; 0.000070; 0.031733; 0.031414; 0.002073 \
#; 0.009275; -0.011735; 0.000070; -0.032428; -0.030696; 0.002073 \
#; 0.011192; 0.011888; -0.013863; 0.028540; 0.030315; 0.005437 \
#; -0.010126; -0.008931; 0.014196; 0.031976; 0.028202; 0.004495 \
# ]
#metaData: qpt=[0.250000;0.250000;0.250000;4.695946 \
#; 0.012834; 0.012423; -0.000000; 0.011759; 0.011383; -0.000000 \
#; -0.003189; -0.003087; 0.000000; -0.001511; -0.001462; -0.000000 \
#; 0.010475; -0.010820; 0.012096; -0.013511; 0.013957; 0.011145 \
#; -0.010475; 0.010820; 0.012096; 0.013511; -0.013957; 0.011145 \
#; 0.006143; -0.006346; 0.010666; -0.004414; 0.004560; -0.011360 \
#; -0.006143; 0.006346; 0.010666; 0.004414; -0.004560; -0.011360 \
#; 0.052881; -0.055302; 0.000000; 0.027657; 0.004560; -0.000000 \
#; -0.053555; 0.054649; 0.000000; 0.005456; 0.027494; -0.000000 \
#; -0.010789; -0.010444; 0.057553; -0.012309; -0.011915; -0.031075 \
#; 0.000643; 0.000622; 0.064286; 0.016355; 0.015833; 0.012052 \
# ]
#metaData: qpt=[0.250000;0.250000;0.250000;4.695946 \
#; 0.002358; 0.002283; 0.000000; 0.002625; 0.002541; -0.000000 \
#; 0.014933; 0.014456; -0.000000; 0.008942; 0.008657; 0.000000 \
#; -0.005850; 0.006043; 0.019979; 0.009831; -0.010156; 0.014318 \
#; 0.005850; -0.006043; 0.019979; -0.009831; 0.010156; 0.014318 \
#; 0.005455; -0.005635; -0.003560; -0.009365; 0.009675; 0.010276 \
#; -0.005455; 0.005635; -0.003560; 0.009365; -0.009675; 0.010276 \
#; 0.010196; 0.022089; -0.000000; -0.043609; 0.047993; 0.000000 \
#; 0.022408; 0.009473; 0.000000; 0.046551; -0.045145; 0.000000 \
#; 0.013182; 0.012761; 0.057959; -0.010023; -0.009702; 0.052440 \
#; -0.016552; -0.016023; 0.012062; -0.000502; -0.000486; 0.077225 \
# ]
#metaData: qpt=[0.250000;0.250000;0.250000;4.783998 \
#; 0.002481; -0.002563; -0.003567; -0.000000; -0.000000; 0.000000 \
#; -0.000736; 0.000760; -0.001058; 0.002369; -0.002447; 0.003406 \
#; 0.015279; 0.014790; -0.000000; 0.002319; 0.002245; -0.000000 \
#; 0.002319; 0.002245; -0.000000; -0.015279; -0.014790; -0.000000 \
#; -0.000000; 0.000000; 0.000000; -0.000000; 0.000000; -0.000000 \
#; -0.011505; -0.011137; 0.000000; 0.008473; 0.008202; -0.000000 \
#; 0.056444; -0.000845; 0.001415; 0.016501; -0.059366; -0.001042 \
#; -0.000988; -0.056442; 0.001415; 0.058799; -0.018420; -0.001042 \
#; -0.019328; -0.020082; 0.055644; 0.028507; 0.029620; 0.037726 \
#; -0.035297; -0.031828; -0.019519; 0.010709; 0.009657; -0.064331 \
# ]
#metaData: qpt=[0.250000;0.250000;0.250000;4.783998 \
#; 0.002462; -0.002543; 0.003540; 0.000304; -0.000314; 0.000438 \
#; -0.001021; 0.001055; 0.001468; 0.002261; -0.002336; -0.003251 \
#; -0.004176; -0.004042; -0.000000; 0.014879; 0.014403; -0.000000 \
#; -0.014879; -0.014403; -0.000000; -0.004176; -0.004042; -0.000000 \
#; 0.012458; 0.012059; -0.000000; -0.006998; -0.006774; -0.000000 \
#; 0.000000; -0.000000; -0.000000; -0.000000; 0.000000; -0.000000 \
#; 0.053994; 0.006444; -0.001532; 0.023301; -0.059021; 0.000861 \
#; -0.008194; -0.053756; -0.001532; 0.058233; -0.025206; 0.000861 \
#; 0.024289; 0.021902; -0.050595; -0.027760; -0.025032; -0.044268 \
#; 0.033936; 0.035261; 0.011479; -0.005881; -0.006111; 0.066240 \
# ]
#metaData: qpt=[0.250000;0.250000;0.250000;5.081313 \
#; -0.007088; 0.007323; 0.010191; 0.000000; -0.000000; 0.000000 \
#; 0.002382; -0.002460; 0.003424; 0.006676; -0.006897; 0.009599 \
#; 0.004415; 0.004274; -0.000000; 0.025518; 0.024702; -0.000000 \
#; 0.025518; 0.024702; -0.000000; -0.004415; -0.004274; -0.000000 \
#; 0.000000; 0.000000; 0.000000; -0.000000; 0.000000; -0.000000 \
#; -0.004337; -0.004199; -0.000000; -0.003058; -0.002960; -0.000000 \
#; 0.050201; 0.006070; 0.012890; -0.009737; 0.050897; 0.009087 \
#; -0.007697; -0.049978; 0.012890; -0.050554; 0.011384; 0.009087 \
#; -0.023539; -0.043920; 0.014342; -0.006613; -0.012338; -0.051053 \
#; -0.026823; -0.013273; -0.043266; -0.037849; -0.018730; 0.030662 \
# ]
#metaData: qpt=[0.250000;0.250000;0.250000;5.081313 \
#; -0.002192; 0.002264; -0.003151; 0.006741; -0.006964; 0.009692 \
#; 0.007086; -0.007320; -0.010187; -0.000201; 0.000207; 0.000288 \
#; -0.003691; -0.003573; -0.000000; 0.025632; 0.024813; 0.000000 \
#; -0.025632; -0.024813; -0.000000; -0.003691; -0.003573; 0.000000 \
#; 0.004249; 0.004113; -0.000000; -0.003179; -0.003078; -0.000000 \
#; 0.000000; 0.000000; 0.000000; -0.000000; 0.000000; -0.000000 \
#; 0.006264; 0.050280; -0.012628; -0.050752; 0.009966; 0.009449 \
#; -0.050457; -0.004627; -0.012628; -0.008312; 0.051049; 0.009449 \
#; 0.025741; 0.012738; 0.044117; -0.038593; -0.019098; 0.029425 \
#; 0.023343; 0.043553; -0.015781; -0.007276; -0.013576; -0.050627 \
# ]
#metaData: qpt=[0.250000;0.250000;0.250000;5.893576 \
#; -0.003072; -0.002974; 0.000000; 0.005612; 0.005432; 0.000000 \
#; -0.003351; -0.003244; -0.000000; -0.002000; -0.001936; 0.000000 \
#; -0.017020; 0.017582; 0.009567; 0.002621; -0.002708; -0.008783 \
#; 0.017020; -0.017582; 0.009567; -0.002621; 0.002708; -0.008783 \
#; -0.011840; 0.012231; -0.012907; -0.037265; 0.038495; -0.010588 \
#; 0.011840; -0.012231; -0.012907; 0.037265; -0.038495; -0.010588 \
#; -0.012348; -0.029430; -0.000000; 0.005020; -0.024436; 0.000000 \
#; -0.029816; -0.011386; 0.000000; -0.024260; 0.005811; 0.000000 \
#; 0.038404; 0.037176; 0.025591; 0.047825; 0.046296; -0.010781 \
#; 0.000235; 0.000228; 0.026674; -0.061335; -0.059375; 0.007720 \
# ]
#metaData: qpt=[0.250000;0.250000;0.250000;5.893576 \
#; 0.000484; 0.000468; 0.000000; -0.003872; -0.003748; -0.000000 \
#; -0.006315; -0.006113; 0.000000; -0.001028; -0.000995; -0.000000 \
#; 0.001491; -0.001540; 0.016980; 0.008909; -0.009204; 0.018019 \
#; -0.001491; 0.001540; 0.016980; -0.008909; 0.009204; 0.018019 \
#; -0.000287; 0.000296; 0.031784; -0.011608; 0.011991; 0.046370 \
#; 0.000287; -0.000296; 0.031784; 0.011608; -0.011991; 0.046370 \
#; 0.020464; 0.045316; 0.000000; 0.066078; 0.034929; -0.000000 \
#; 0.045957; 0.018981; -0.000000; 0.037056; 0.064908; -0.000000 \
#; 0.002453; 0.002374; -0.015992; 0.023043; 0.022306; -0.018574 \
#; 0.012590; 0.012188; -0.000746; -0.019455; -0.018833; -0.024498 \
# ]
#metaData: qpt=[0.250000;0.250000;0.250000;7.683895 \
#; 0.004954; 0.004796; 0.000000; 0.002911; 0.002818; -0.000000 \
#; 0.003615; 0.003499; 0.000000; 0.003106; 0.003007; -0.000000 \
#; 0.004252; -0.004392; 0.047305; -0.001615; 0.001669; 0.034224 \
#; -0.004252; 0.004392; 0.047305; 0.001615; -0.001669; 0.034224 \
#; -0.005487; 0.005668; -0.034235; 0.003045; -0.003145; -0.023534 \
#; 0.005487; -0.005668; -0.034235; -0.003045; 0.003145; -0.023534 \
#; -0.031502; -0.007061; 0.000000; -0.000729; -0.024298; -0.000000 \
#; -0.008081; -0.031256; -0.000000; -0.024309; 0.000060; 0.000000 \
#; 0.006020; 0.005827; -0.040210; -0.013030; -0.012614; -0.009288 \
#; -0.012877; -0.012465; -0.025412; 0.006342; 0.006139; -0.032517 \
# ]
#metaData: qpt=[0.250000;0.250000;0.250000;7.683895 \
#; 0.002578; 0.002495; -0.000000; -0.004009; -0.003881; 0.000000 \
#; -0.003917; -0.003792; -0.000000; 0.004204; 0.004070; 0.000000 \
#; -0.032206; 0.033270; -0.000480; -0.024737; 0.025554; 0.006521 \
#; 0.032206; -0.033270; -0.000480; 0.024737; -0.025554; 0.006521 \
#; -0.018147; 0.018747; 0.008810; 0.022485; -0.023228; 0.001943 \
#; 0.018147; -0.018747; 0.008810; -0.022485; 0.023228; 0.001943 \
#; -0.006259; 0.031557; -0.000000; 0.028678; -0.015645; -0.000000 \
#; 0.031337; -0.007281; -0.000000; -0.014706; 0.029171; 0.000000 \
#; 0.008623; 0.008347; 0.023590; -0.021773; -0.021077; 0.003784 \
#; -0.020400; -0.019748; 0.015957; 0.011500; 0.011133; 0.017782 \
# ]
#metaData: qpt=[0.250000;0.250000;0.250000;8.661788 \
#; 0.000000; -0.000000; 0.000000; -0.000000; 0.000000; -0.000000 \
#; 0.000000; 0.000000; -0.000000; 0.000000; 0.000000; -0.000000 \
#; -0.005284; 0.005458; 0.012205; 0.002590; -0.002675; 0.004741 \
#; -0.005284; 0.005458; -0.012205; 0.002590; -0.002675; -0.004741 \
#; -0.008825; 0.009117; -0.008090; 0.004654; -0.004808; 0.021584 \
#; -0.008825; 0.009117; 0.008090; 0.004654; -0.004808; -0.021584 \
#; 0.000000; 0.000000; 0.028112; -0.000000; -0.000000; -0.104576 \
#; -0.000000; -0.000000; -0.028112; 0.000000; -0.000000; 0.104576 \
#; 0.013412; -0.013855; 0.000000; -0.031636; 0.032681; -0.000000 \
#; 0.030328; -0.031330; 0.000000; -0.016154; 0.016687; -0.000000 \
# ]
#metaData: qpt=[0.250000;0.250000;0.250000;8.661788 \
#; 0.000000; 0.000000; 0.000000; 0.000000; -0.000000; 0.000000 \
#; -0.000000; -0.000000; -0.000000; -0.000000; -0.000000; -0.000000 \
#; -0.008648; 0.008933; -0.003494; -0.002855; 0.002950; -0.007705 \
#; -0.008648; 0.008933; 0.003494; -0.002855; 0.002950; 0.007705 \
#; -0.015163; 0.015664; 0.013234; -0.005207; 0.005379; -0.005535 \
#; -0.015163; 0.015664; -0.013234; -0.005207; 0.005379; 0.005535 \
#; -0.000000; -0.000000; -0.049338; 0.000000; 0.000000; 0.002558 \
#; 0.000000; -0.000000; 0.049338; -0.000000; -0.000000; -0.002558 \
#; 0.075036; -0.077514; 0.000000; 0.006512; -0.006727; 0.000000 \
#; 0.054230; -0.056020; -0.000000; 0.052268; -0.053994; 0.000000 \
# ]
#metaData: qpt=[0.250000;0.250000;0.250000;8.842507 \
#; 0.000019; -0.000019; -0.000027; -0.000000; -0.000000; -0.000000 \
#; -0.000017; 0.000018; -0.000025; 0.000007; -0.000007; 0.000010 \
#; -0.003534; -0.003421; 0.000000; -0.002344; -0.002269; -0.000000 \
#; -0.002344; -0.002269; -0.000000; 0.003534; 0.003421; 0.000000 \
#; 0.000000; 0.000000; 0.000000; -0.000000; -0.000000; 0.000000 \
#; 0.104489; 0.101149; -0.000000; -0.021153; -0.020477; -0.000000 \
#; 0.015745; 0.015813; -0.040670; -0.004655; -0.001685; 0.008234 \
#; -0.016316; -0.015223; -0.040670; 0.001835; 0.004598; 0.008234 \
#; -0.038784; 0.011993; -0.001063; 0.023246; -0.007188; -0.001774 \
#; 0.012383; -0.045197; -0.000290; 0.001751; -0.006390; 0.002048 \
# ]
#metaData: qpt=[0.250000;0.250000;0.250000;8.842507 \
#; -0.000018; 0.000019; -0.000026; -0.000003; 0.000003; -0.000004 \
#; 0.000018; -0.000019; -0.000026; -0.000004; 0.000005; 0.000006 \
#; -0.002871; -0.002779; 0.000000; 0.003121; 0.003021; 0.000000 \
#; -0.003121; -0.003021; -0.000000; -0.002871; -0.002779; -0.000000 \
#; 0.106517; 0.103112; -0.000000; -0.004440; -0.004298; 0.000000 \
#; -0.000000; -0.000000; 0.000000; 0.000000; 0.000000; -0.000000 \
#; -0.016281; -0.015881; -0.041459; 0.002119; -0.000826; 0.001728 \
#; 0.016401; 0.015757; -0.041459; 0.000756; -0.002144; 0.001728 \
#; 0.011605; -0.042359; -0.000771; -0.004660; 0.017011; -0.001920 \
#; -0.043217; 0.013363; -0.000608; -0.013300; 0.004112; 0.001977 \
# ]
#metaData: qpt=[0.250000;0.250000;0.250000;12.165980 \
#; -0.001845; 0.001906; 0.002653; 0.000000; -0.000000; 0.000000 \
#; 0.001841; -0.001902; 0.002648; 0.000113; -0.000117; 0.000162 \
#; 0.005973; 0.005782; 0.000000; 0.006350; 0.006147; -0.000000 \
#; 0.006350; 0.006147; 0.000000; -0.005973; -0.005782; -0.000000 \
#; -0.000000; -0.000000; -0.000000; -0.000000; -0.000000; 0.000000 \
#; -0.058847; -0.056966; -0.000000; -0.001802; -0.001744; -0.000000 \
#; -0.001057; -0.001358; -0.076221; -0.005499; 0.005606; -0.002334 \
#; 0.001392; 0.001013; -0.076221; -0.005424; 0.005678; -0.002334 \
#; -0.049350; 0.053315; -0.002394; 0.015786; -0.017055; -0.007482 \
#; 0.050576; -0.049961; -0.002847; 0.019664; -0.019425; 0.007322 \
# ]
#metaData: qpt=[0.250000;0.250000;0.250000;12.165980 \
#; -0.001508; 0.001557; -0.002168; -0.001063; 0.001099; -0.001529 \
#; 0.001440; -0.001487; -0.002070; 0.001154; -0.001192; -0.001659 \
#; -0.008632; -0.008356; 0.000000; 0.001220; 0.001181; 0.000000 \
#; -0.001220; -0.001181; 0.000000; -0.008632; -0.008356; 0.000000 \
#; 0.047048; 0.045544; 0.000000; 0.035393; 0.034261; -0.000000 \
#; -0.000000; -0.000000; 0.000000; -0.000000; -0.000000; 0.000000 \
#; 0.002306; -0.004341; 0.060939; -0.005103; 0.003798; 0.045842 \
#; 0.004264; -0.002446; 0.060939; -0.003630; 0.005224; 0.045842 \
#; -0.051764; 0.051134; -0.002357; -0.016282; 0.016084; 0.007494 \
#; 0.028639; -0.030940; 0.006547; 0.043179; -0.046648; -0.004342 \
# ]
