# Phonopy generated file for v_sim 3.6
    7.119791444    0.231230260    7.116035608
   -3.675510852   -3.558017804    4.952025797
    3.559895722    0.000000000    2.476012898 Ba
    0.115615130    3.558017804    2.476012898 Ba
    0.000000000    0.000000000    0.000000000 Zr
    3.675510852    3.558017804    0.000000000 Zr
    5.513266278    5.337026706   -0.000000000  S
    1.837755426    1.779008902    0.000000000  S
    4.048494940    3.172717015    2.476012898  S
   -0.372984089    0.385300788    2.476012898  S
    1.953370556    5.337026706    0.536259105  S
    1.722140296   -1.779008902    4.415766691  S
#metaData: qpt=[0.500000;0.500000;-0.234272;1.245965 \
#; 0.000000; 0.000000; 0.011291; 0.033754; 0.032675; -0.000000 \
#; -0.000000; -0.000000; 0.011291; -0.033754; -0.032675; -0.000000 \
#; -0.000949; -0.000918; -0.000000; 0.000000; 0.000000; -0.000000 \
#; -0.000949; -0.000918; 0.000000; -0.000000; -0.000000; -0.000000 \
#; -0.000000; -0.000000; -0.045376; 0.000000; -0.000000; 0.000000 \
#; -0.000000; 0.000000; -0.045376; -0.000000; 0.000000; 0.000000 \
#; 0.038920; 0.037676; -0.000000; -0.000000; -0.000000; -0.000000 \
#; 0.038920; 0.037676; 0.000000; -0.000000; -0.000000; -0.000000 \
#; -0.017572; -0.017010; -0.000000; -0.000068; -0.000066; -0.000000 \
#; -0.017572; -0.017010; 0.000000; 0.000068; 0.000066; 0.000000 \
# ]
#metaData: qpt=[0.500000;0.500000;-0.234272;1.271206 \
#; -0.039121; 0.040413; -0.000000; -0.000000; -0.000000; 0.000000 \
#; -0.039121; 0.040413; 0.000000; 0.000000; 0.000000; 0.000000 \
#; 0.014683; 0.014213; 0.000000; -0.000000; -0.000000; 0.000000 \
#; -0.014683; -0.014213; 0.000000; 0.000000; -0.000000; -0.000000 \
#; 0.000355; -0.000367; 0.000000; -0.000163; -0.000157; -0.000000 \
#; 0.000355; -0.000367; 0.000000; 0.000163; 0.000157; -0.000000 \
#; -0.000000; -0.000000; -0.000000; -0.021021; -0.020349; -0.000000 \
#; -0.000000; -0.000000; 0.000000; 0.021021; 0.020349; -0.000000 \
#; 0.000000; 0.000000; 0.000000; -0.000000; -0.000000; -0.000000 \
#; 0.000000; 0.000000; -0.000000; -0.000000; -0.000000; -0.000000 \
# ]
#metaData: qpt=[0.500000;0.500000;-0.234272;1.573622 \
#; 0.000000; -0.000000; -0.056840; 0.006948; 0.006726; -0.000000 \
#; 0.000000; -0.000000; 0.056840; 0.006948; 0.006726; -0.000000 \
#; 0.000000; 0.000000; -0.000000; -0.007597; 0.007848; -0.009400 \
#; 0.000000; 0.000000; -0.000000; 0.007597; -0.007848; -0.009400 \
#; 0.003361; -0.003471; -0.000000; 0.000339; 0.000328; 0.000000 \
#; -0.003361; 0.003471; -0.000000; 0.000339; 0.000328; 0.000000 \
#; -0.003747; 0.003870; 0.000000; 0.000000; 0.000000; -0.003728 \
#; 0.003747; -0.003870; -0.000000; -0.000000; -0.000000; -0.003728 \
#; 0.000000; 0.000000; -0.001741; -0.000000; -0.000000; -0.026376 \
#; -0.000000; -0.000000; 0.001741; 0.000000; 0.000000; -0.026376 \
# ]
#metaData: qpt=[0.500000;0.500000;-0.234272;1.582800 \
#; -0.000000; 0.000000; -0.057217; 0.008482; 0.008210; 0.000000 \
#; 0.000000; -0.000000; -0.057217; -0.008482; -0.008210; 0.000000 \
#; 0.009598; 0.009291; 0.000000; 0.000000; -0.000000; 0.000000 \
#; 0.009598; 0.009291; 0.000000; -0.000000; 0.000000; 0.000000 \
#; -0.000000; 0.000000; -0.001541; -0.000000; -0.000000; -0.000000 \
#; 0.000000; -0.000000; -0.001541; 0.000000; 0.000000; -0.000000 \
#; 0.005086; 0.004923; 0.000000; 0.000000; -0.000000; 0.000000 \
#; 0.005086; 0.004923; -0.000000; 0.000000; -0.000000; 0.000000 \
#; 0.000387; 0.000375; 0.000000; -0.014643; -0.014175; 0.000000 \
#; 0.000387; 0.000375; -0.000000; 0.014643; 0.014175; 0.000000 \
# ]
#metaData: qpt=[0.500000;0.500000;-0.234272;1.737185 \
#; 0.011029; -0.011393; -0.000000; -0.000000; -0.000000; 0.000000 \
#; 0.011029; -0.011393; -0.000000; -0.000000; -0.000000; 0.000000 \
#; 0.050458; 0.048845; 0.000000; 0.000000; 0.000000; 0.000000 \
#; -0.050458; -0.048845; -0.000000; -0.000000; -0.000000; -0.000000 \
#; -0.002304; 0.002380; -0.000000; 0.014322; 0.013864; -0.000000 \
#; -0.002304; 0.002380; 0.000000; -0.014322; -0.013864; -0.000000 \
#; 0.000000; -0.000000; -0.000000; 0.006310; 0.006108; 0.000000 \
#; -0.000000; 0.000000; 0.000000; -0.006310; -0.006108; 0.000000 \
#; -0.000000; 0.000000; 0.000000; -0.000000; 0.000000; -0.000000 \
#; 0.000000; 0.000000; -0.000000; -0.000000; 0.000000; 0.000000 \
# ]
#metaData: qpt=[0.500000;0.500000;-0.234272;1.792231 \
#; -0.000000; -0.000000; 0.011951; 0.034311; 0.033215; 0.000000 \
#; -0.000000; -0.000000; -0.011951; 0.034311; 0.033215; -0.000000 \
#; 0.000000; 0.000000; 0.000000; 0.003271; -0.003379; -0.023720 \
#; 0.000000; -0.000000; 0.000000; -0.003271; 0.003379; -0.023720 \
#; 0.003630; -0.003750; -0.000000; 0.000914; 0.000884; -0.000000 \
#; -0.003630; 0.003750; 0.000000; 0.000914; 0.000884; 0.000000 \
#; -0.031777; 0.032826; 0.000000; -0.000000; 0.000000; -0.008371 \
#; 0.031777; -0.032826; 0.000000; 0.000000; -0.000000; -0.008371 \
#; 0.000000; -0.000000; -0.036840; -0.000000; 0.000000; -0.002881 \
#; 0.000000; -0.000000; 0.036840; -0.000000; 0.000000; -0.002881 \
# ]
#metaData: qpt=[0.500000;0.500000;-0.234272;1.795123 \
#; -0.037032; 0.038255; 0.000000; 0.000000; 0.000000; -0.000000 \
#; 0.037032; -0.038255; -0.000000; 0.000000; 0.000000; 0.000000 \
#; 0.000000; 0.000000; -0.000000; 0.010349; -0.010691; -0.020392 \
#; -0.000000; -0.000000; -0.000000; 0.010349; -0.010691; 0.020392 \
#; 0.000000; -0.000000; 0.003713; -0.000000; 0.000000; 0.000000 \
#; -0.000000; 0.000000; -0.003713; 0.000000; -0.000000; -0.000000 \
#; -0.000000; 0.000000; 0.004862; 0.027203; -0.028101; -0.000000 \
#; 0.000000; -0.000000; -0.004862; 0.027203; -0.028101; -0.000000 \
#; 0.001226; -0.001267; -0.000000; 0.005810; -0.006002; 0.000000 \
#; -0.001226; 0.001267; 0.000000; 0.005810; -0.006002; -0.000000 \
# ]
#metaData: qpt=[0.500000;0.500000;-0.234272;2.413607 \
#; -0.005555; 0.005738; 0.000000; 0.000000; -0.000000; 0.000000 \
#; 0.005555; -0.005738; 0.000000; 0.000000; 0.000000; -0.000000 \
#; 0.000000; -0.000000; 0.000000; -0.046705; 0.048248; -0.020802 \
#; -0.000000; -0.000000; -0.000000; -0.046705; 0.048248; 0.020802 \
#; 0.000000; -0.000000; 0.020416; 0.000000; -0.000000; 0.000000 \
#; -0.000000; 0.000000; -0.020416; -0.000000; -0.000000; -0.000000 \
#; 0.000000; 0.000000; 0.006181; -0.000886; 0.000915; 0.000000 \
#; 0.000000; -0.000000; -0.006181; -0.000886; 0.000915; -0.000000 \
#; -0.002587; 0.002673; 0.000000; -0.019551; 0.020197; -0.000000 \
#; 0.002587; -0.002673; 0.000000; -0.019551; 0.020197; -0.000000 \
# ]
#metaData: qpt=[0.500000;0.500000;-0.234272;3.073886 \
#; 0.000000; 0.000000; 0.004624; 0.022025; 0.021321; -0.000000 \
#; -0.000000; -0.000000; 0.004624; -0.022025; -0.021321; -0.000000 \
#; -0.005286; -0.005117; 0.000000; -0.000000; 0.000000; 0.000000 \
#; -0.005286; -0.005117; 0.000000; 0.000000; 0.000000; -0.000000 \
#; 0.000000; -0.000000; 0.090500; 0.000000; -0.000000; -0.000000 \
#; -0.000000; 0.000000; 0.090500; 0.000000; 0.000000; -0.000000 \
#; -0.036137; -0.034982; -0.000000; 0.000000; 0.000000; -0.000000 \
#; -0.036137; -0.034982; 0.000000; 0.000000; 0.000000; -0.000000 \
#; -0.012026; -0.011641; -0.000000; -0.012953; -0.012539; -0.000000 \
#; -0.012026; -0.011641; 0.000000; 0.012953; 0.012539; -0.000000 \
# ]
#metaData: qpt=[0.500000;0.500000;-0.234272;3.193013 \
#; 0.012667; -0.013086; 0.000000; 0.000000; 0.000000; 0.000000 \
#; -0.012667; 0.013086; -0.000000; -0.000000; -0.000000; 0.000000 \
#; 0.000000; -0.000000; 0.000000; 0.011229; -0.011600; -0.028432 \
#; 0.000000; -0.000000; -0.000000; 0.011229; -0.011600; 0.028432 \
#; -0.000000; 0.000000; 0.096372; 0.000000; -0.000000; -0.000000 \
#; 0.000000; -0.000000; -0.096372; -0.000000; -0.000000; -0.000000 \
#; -0.000000; -0.000000; 0.026617; 0.023381; -0.024153; -0.000000 \
#; -0.000000; -0.000000; -0.026617; 0.023381; -0.024153; -0.000000 \
#; -0.000786; 0.000812; 0.000000; 0.001691; -0.001747; 0.000000 \
#; 0.000786; -0.000812; -0.000000; 0.001691; -0.001747; 0.000000 \
# ]
#metaData: qpt=[0.500000;0.500000;-0.234272;3.571078 \
#; -0.000000; 0.000000; -0.012488; 0.004175; 0.004041; -0.000000 \
#; 0.000000; -0.000000; 0.012488; 0.004175; 0.004041; 0.000000 \
#; -0.000000; 0.000000; -0.000000; 0.017784; -0.018371; 0.006437 \
#; -0.000000; -0.000000; -0.000000; -0.017784; 0.018371; 0.006437 \
#; -0.060119; 0.062105; 0.000000; -0.003906; -0.003782; -0.000000 \
#; 0.060119; -0.062105; 0.000000; -0.003906; -0.003782; 0.000000 \
#; -0.004923; 0.005086; -0.000000; 0.000000; -0.000000; 0.009732 \
#; 0.004923; -0.005086; 0.000000; -0.000000; 0.000000; 0.009732 \
#; -0.000000; -0.000000; 0.000921; -0.000000; -0.000000; 0.071822 \
#; -0.000000; -0.000000; -0.000921; 0.000000; 0.000000; 0.071822 \
# ]
#metaData: qpt=[0.500000;0.500000;-0.234272;4.264633 \
#; -0.000000; -0.000000; 0.004145; 0.023288; 0.022543; 0.000000 \
#; -0.000000; -0.000000; -0.004145; 0.023288; 0.022543; -0.000000 \
#; 0.000000; -0.000000; -0.000000; -0.006006; 0.006205; 0.012243 \
#; -0.000000; 0.000000; -0.000000; 0.006006; -0.006205; 0.012243 \
#; -0.009406; 0.009716; 0.000000; 0.008790; 0.008509; -0.000000 \
#; 0.009406; -0.009716; -0.000000; 0.008790; 0.008509; -0.000000 \
#; 0.051627; -0.053332; -0.000000; 0.000000; -0.000000; 0.008480 \
#; -0.051627; 0.053332; -0.000000; -0.000000; 0.000000; 0.008480 \
#; 0.000000; 0.000000; 0.065666; -0.000000; 0.000000; -0.012544 \
#; 0.000000; 0.000000; -0.065666; -0.000000; 0.000000; -0.012544 \
# ]
#metaData: qpt=[0.500000;0.500000;-0.234272;4.278879 \
#; -0.004198; 0.004336; 0.000000; 0.000000; 0.000000; -0.000000 \
#; -0.004198; 0.004336; -0.000000; 0.000000; 0.000000; 0.000000 \
#; -0.001861; -0.001801; 0.000000; -0.000000; 0.000000; 0.000000 \
#; 0.001861; 0.001801; 0.000000; 0.000000; -0.000000; 0.000000 \
#; -0.080951; 0.083625; -0.000000; 0.006092; 0.005897; -0.000000 \
#; -0.080951; 0.083625; 0.000000; -0.006092; -0.005897; 0.000000 \
#; 0.000000; -0.000000; 0.000000; 0.030505; 0.029530; 0.000000 \
#; -0.000000; 0.000000; 0.000000; -0.030505; -0.029530; 0.000000 \
#; 0.000000; 0.000000; 0.000000; -0.000000; -0.000000; -0.000000 \
#; 0.000000; 0.000000; -0.000000; -0.000000; -0.000000; 0.000000 \
# ]
#metaData: qpt=[0.500000;0.500000;-0.234272;4.521607 \
#; -0.013197; 0.013633; -0.000000; -0.000000; 0.000000; -0.000000 \
#; 0.013197; -0.013633; 0.000000; -0.000000; -0.000000; -0.000000 \
#; -0.000000; -0.000000; -0.000000; 0.005425; -0.005604; 0.019045 \
#; -0.000000; -0.000000; -0.000000; 0.005425; -0.005604; -0.019045 \
#; 0.000000; -0.000000; 0.059556; 0.000000; -0.000000; 0.000000 \
#; -0.000000; 0.000000; -0.059556; -0.000000; -0.000000; -0.000000 \
#; -0.000000; 0.000000; 0.003999; -0.064383; 0.066509; 0.000000 \
#; 0.000000; -0.000000; -0.003999; -0.064383; 0.066509; 0.000000 \
#; 0.009029; -0.009327; -0.000000; -0.016287; 0.016825; 0.000000 \
#; -0.009029; 0.009327; 0.000000; -0.016287; 0.016825; 0.000000 \
# ]
#metaData: qpt=[0.500000;0.500000;-0.234272;4.562140 \
#; -0.000000; 0.000000; 0.007194; -0.007747; -0.007500; 0.000000 \
#; 0.000000; -0.000000; -0.007194; -0.007747; -0.007500; -0.000000 \
#; -0.000000; 0.000000; 0.000000; 0.007951; -0.008213; -0.033463 \
#; 0.000000; -0.000000; 0.000000; -0.007951; 0.008213; -0.033463 \
#; -0.048864; 0.050477; 0.000000; 0.003129; 0.003029; 0.000000 \
#; 0.048864; -0.050477; -0.000000; 0.003129; 0.003029; 0.000000 \
#; 0.005043; -0.005210; 0.000000; -0.000000; 0.000000; -0.028104 \
#; -0.005043; 0.005210; 0.000000; -0.000000; 0.000000; -0.028104 \
#; 0.000000; -0.000000; 0.008944; -0.000000; 0.000000; -0.073764 \
#; -0.000000; 0.000000; -0.008944; -0.000000; 0.000000; -0.073764 \
# ]
#metaData: qpt=[0.500000;0.500000;-0.234272;4.832480 \
#; 0.009548; -0.009863; 0.000000; 0.000000; -0.000000; 0.000000 \
#; 0.009548; -0.009863; 0.000000; -0.000000; -0.000000; 0.000000 \
#; 0.001632; 0.001580; 0.000000; 0.000000; 0.000000; 0.000000 \
#; -0.001632; -0.001580; -0.000000; 0.000000; 0.000000; -0.000000 \
#; -0.031367; 0.032403; 0.000000; -0.020825; -0.020159; 0.000000 \
#; -0.031367; 0.032403; -0.000000; 0.020825; 0.020159; 0.000000 \
#; 0.000000; 0.000000; 0.000000; -0.078379; -0.075874; 0.000000 \
#; -0.000000; -0.000000; 0.000000; 0.078379; 0.075874; -0.000000 \
#; 0.000000; 0.000000; 0.000000; 0.000000; 0.000000; -0.000000 \
#; 0.000000; 0.000000; 0.000000; 0.000000; 0.000000; -0.000000 \
# ]
#metaData: qpt=[0.500000;0.500000;-0.234272;4.908280 \
#; 0.000000; 0.000000; -0.010311; -0.007760; -0.007512; -0.000000 \
#; -0.000000; -0.000000; -0.010311; 0.007760; 0.007512; -0.000000 \
#; -0.025037; -0.024237; -0.000000; -0.000000; -0.000000; -0.000000 \
#; -0.025037; -0.024237; 0.000000; -0.000000; -0.000000; -0.000000 \
#; -0.000000; 0.000000; -0.004799; 0.000000; -0.000000; 0.000000 \
#; 0.000000; 0.000000; -0.004799; 0.000000; -0.000000; -0.000000 \
#; -0.002104; -0.002036; 0.000000; -0.000000; -0.000000; -0.000000 \
#; -0.002104; -0.002036; 0.000000; 0.000000; 0.000000; -0.000000 \
#; -0.072994; -0.070660; 0.000000; 0.020738; 0.020075; -0.000000 \
#; -0.072994; -0.070660; -0.000000; -0.020738; -0.020075; -0.000000 \
# ]
#metaData: qpt=[0.500000;0.500000;-0.234272;5.056263 \
#; 0.004131; -0.004268; -0.000000; 0.000000; -0.000000; 0.000000 \
#; -0.004131; 0.004268; 0.000000; 0.000000; -0.000000; 0.000000 \
#; -0.000000; -0.000000; 0.000000; 0.009846; -0.010171; -0.056211 \
#; -0.000000; -0.000000; 0.000000; 0.009846; -0.010171; 0.056211 \
#; 0.000000; -0.000000; -0.042621; -0.000000; -0.000000; 0.000000 \
#; -0.000000; 0.000000; 0.042621; -0.000000; 0.000000; -0.000000 \
#; -0.000000; 0.000000; 0.018118; -0.041859; 0.043241; 0.000000 \
#; -0.000000; -0.000000; -0.018118; -0.041859; 0.043241; 0.000000 \
#; -0.004708; 0.004863; 0.000000; -0.005868; 0.006062; 0.000000 \
#; 0.004708; -0.004863; -0.000000; -0.005868; 0.006062; 0.000000 \
# ]
#metaData: qpt=[0.500000;0.500000;-0.234272;5.236799 \
#; 0.000000; -0.000000; 0.001892; 0.003167; 0.003066; 0.000000 \
#; -0.000000; 0.000000; -0.001892; 0.003167; 0.003066; -0.000000 \
#; 0.000000; 0.000000; -0.000000; -0.014979; 0.015473; 0.034915 \
#; 0.000000; -0.000000; 0.000000; 0.014979; -0.015473; 0.034915 \
#; -0.026320; 0.027189; -0.000000; 0.005949; 0.005758; 0.000000 \
#; 0.026320; -0.027189; 0.000000; 0.005949; 0.005758; -0.000000 \
#; 0.021469; -0.022177; 0.000000; -0.000000; 0.000000; 0.002182 \
#; -0.021469; 0.022177; -0.000000; -0.000000; 0.000000; 0.002182 \
#; 0.000000; 0.000000; -0.086322; 0.000000; 0.000000; -0.028270 \
#; -0.000000; -0.000000; 0.086322; -0.000000; -0.000000; -0.028270 \
# ]
#metaData: qpt=[0.500000;0.500000;-0.234272;5.382869 \
#; -0.000000; -0.000000; 0.006993; -0.007901; -0.007648; -0.000000 \
#; 0.000000; 0.000000; 0.006993; 0.007901; 0.007648; 0.000000 \
#; -0.004607; -0.004459; -0.000000; -0.000000; 0.000000; 0.000000 \
#; -0.004607; -0.004459; -0.000000; 0.000000; 0.000000; 0.000000 \
#; -0.000000; 0.000000; -0.004874; -0.000000; 0.000000; 0.000000 \
#; -0.000000; 0.000000; -0.004874; 0.000000; 0.000000; 0.000000 \
#; 0.013229; 0.012806; -0.000000; -0.000000; -0.000000; -0.000000 \
#; 0.013229; 0.012806; -0.000000; 0.000000; 0.000000; 0.000000 \
#; -0.018237; -0.017654; -0.000000; -0.084234; -0.081541; -0.000000 \
#; -0.018237; -0.017654; 0.000000; 0.084234; 0.081541; 0.000000 \
# ]
#metaData: qpt=[0.500000;0.500000;-0.234272;5.855194 \
#; 0.000000; 0.000000; -0.003888; 0.007708; 0.007462; -0.000000 \
#; -0.000000; 0.000000; -0.003888; -0.007708; -0.007462; -0.000000 \
#; -0.026429; -0.025584; -0.000000; -0.000000; 0.000000; 0.000000 \
#; -0.026429; -0.025584; -0.000000; 0.000000; 0.000000; -0.000000 \
#; 0.000000; -0.000000; -0.062861; -0.000000; 0.000000; 0.000000 \
#; 0.000000; -0.000000; -0.062861; -0.000000; -0.000000; 0.000000 \
#; -0.055032; -0.053272; -0.000000; 0.000000; 0.000000; 0.000000 \
#; -0.055032; -0.053272; 0.000000; 0.000000; -0.000000; 0.000000 \
#; 0.023912; 0.023147; -0.000000; -0.011640; -0.011268; 0.000000 \
#; 0.023912; 0.023147; 0.000000; 0.011640; 0.011268; 0.000000 \
# ]
#metaData: qpt=[0.500000;0.500000;-0.234272;5.996062 \
#; 0.000000; 0.000000; -0.000020; -0.003337; -0.003230; -0.000000 \
#; 0.000000; 0.000000; 0.000020; -0.003337; -0.003230; 0.000000 \
#; 0.000000; -0.000000; 0.000000; -0.011941; 0.012336; -0.044749 \
#; -0.000000; 0.000000; 0.000000; 0.011941; -0.012336; -0.044749 \
#; 0.006554; -0.006770; 0.000000; -0.006966; -0.006743; 0.000000 \
#; -0.006554; 0.006770; 0.000000; -0.006966; -0.006743; 0.000000 \
#; 0.048417; -0.050016; 0.000000; 0.000000; -0.000000; -0.009938 \
#; -0.048417; 0.050016; 0.000000; -0.000000; 0.000000; -0.009938 \
#; 0.000000; 0.000000; -0.037024; 0.000000; 0.000000; 0.049685 \
#; -0.000000; -0.000000; 0.037024; -0.000000; -0.000000; 0.049685 \
# ]
#metaData: qpt=[0.500000;0.500000;-0.234272;7.401057 \
#; -0.000000; -0.000000; 0.006927; 0.001086; 0.001051; -0.000000 \
#; 0.000000; -0.000000; 0.006927; -0.001086; -0.001051; -0.000000 \
#; 0.036905; 0.035725; -0.000000; -0.000000; 0.000000; -0.000000 \
#; 0.036905; 0.035725; -0.000000; 0.000000; -0.000000; -0.000000 \
#; -0.000000; 0.000000; -0.036686; -0.000000; -0.000000; 0.000000 \
#; 0.000000; -0.000000; -0.036686; -0.000000; -0.000000; 0.000000 \
#; -0.044685; -0.043256; 0.000000; -0.000000; 0.000000; 0.000000 \
#; -0.044685; -0.043256; 0.000000; -0.000000; 0.000000; 0.000000 \
#; -0.036947; -0.035766; 0.000000; -0.002830; -0.002740; 0.000000 \
#; -0.036947; -0.035766; -0.000000; 0.002830; 0.002740; 0.000000 \
# ]
#metaData: qpt=[0.500000;0.500000;-0.234272;7.589833 \
#; -0.000000; 0.000000; -0.005993; 0.001873; 0.001813; -0.000000 \
#; -0.000000; 0.000000; 0.005993; 0.001873; 0.001813; -0.000000 \
#; 0.000000; 0.000000; -0.000000; 0.042401; -0.043802; 0.005814 \
#; 0.000000; 0.000000; -0.000000; -0.042401; 0.043802; 0.005814 \
#; 0.026016; -0.026875; -0.000000; 0.001046; 0.001012; 0.000000 \
#; -0.026016; 0.026875; -0.000000; 0.001046; 0.001012; 0.000000 \
#; 0.031472; -0.032512; -0.000000; 0.000000; 0.000000; -0.003927 \
#; -0.031472; 0.032512; 0.000000; -0.000000; -0.000000; -0.003927 \
#; -0.000000; -0.000000; -0.030829; 0.000000; -0.000000; -0.018091 \
#; -0.000000; -0.000000; 0.030829; 0.000000; -0.000000; -0.018091 \
# ]
#metaData: qpt=[0.500000;0.500000;-0.234272;8.530727 \
#; -0.000700; 0.000723; 0.000000; -0.000000; 0.000000; -0.000000 \
#; -0.000700; 0.000723; -0.000000; 0.000000; 0.000000; 0.000000 \
#; 0.007859; 0.007608; 0.000000; -0.000000; 0.000000; -0.000000 \
#; -0.007859; -0.007608; -0.000000; -0.000000; 0.000000; -0.000000 \
#; 0.001479; -0.001527; 0.000000; -0.085879; -0.083134; 0.000000 \
#; 0.001479; -0.001527; -0.000000; 0.085879; 0.083134; -0.000000 \
#; 0.000000; -0.000000; -0.000000; 0.022262; 0.021551; 0.000000 \
#; 0.000000; 0.000000; 0.000000; -0.022262; -0.021551; 0.000000 \
#; 0.000000; -0.000000; -0.000000; 0.000000; -0.000000; -0.000000 \
#; -0.000000; 0.000000; 0.000000; 0.000000; -0.000000; -0.000000 \
# ]
#metaData: qpt=[0.500000;0.500000;-0.234272;8.616311 \
#; 0.000000; -0.000000; 0.001694; 0.000425; 0.000412; 0.000000 \
#; 0.000000; -0.000000; -0.001694; 0.000425; 0.000412; -0.000000 \
#; -0.000000; -0.000000; 0.000000; 0.000828; -0.000855; -0.009187 \
#; 0.000000; 0.000000; 0.000000; -0.000828; 0.000855; -0.009187 \
#; -0.004099; 0.004235; 0.000000; -0.052274; -0.050603; 0.000000 \
#; 0.004099; -0.004235; -0.000000; -0.052274; -0.050603; 0.000000 \
#; 0.002070; -0.002139; -0.000000; -0.000000; -0.000000; 0.097172 \
#; -0.002070; 0.002139; 0.000000; 0.000000; 0.000000; 0.097172 \
#; 0.000000; -0.000000; -0.004398; 0.000000; -0.000000; -0.023223 \
#; 0.000000; -0.000000; 0.004398; 0.000000; -0.000000; -0.023223 \
# ]
#metaData: qpt=[0.500000;0.500000;-0.234272;8.653547 \
#; 0.000707; -0.000730; 0.000000; 0.000000; 0.000000; 0.000000 \
#; -0.000707; 0.000730; -0.000000; 0.000000; 0.000000; 0.000000 \
#; 0.000000; 0.000000; 0.000000; 0.008930; -0.009225; 0.008832 \
#; -0.000000; -0.000000; 0.000000; 0.008930; -0.009225; -0.008832 \
#; -0.000000; -0.000000; -0.016824; -0.000000; -0.000000; -0.000000 \
#; 0.000000; 0.000000; 0.016824; 0.000000; 0.000000; 0.000000 \
#; 0.000000; -0.000000; 0.040144; 0.017849; -0.018438; 0.000000 \
#; -0.000000; -0.000000; -0.040144; 0.017849; -0.018438; 0.000000 \
#; -0.003406; 0.003518; -0.000000; -0.077211; 0.079761; -0.000000 \
#; 0.003406; -0.003518; 0.000000; -0.077211; 0.079761; -0.000000 \
# ]
#metaData: qpt=[0.500000;0.500000;-0.234272;9.056879 \
#; -0.000129; 0.000134; -0.000000; 0.000000; 0.000000; -0.000000 \
#; 0.000129; -0.000134; -0.000000; 0.000000; -0.000000; 0.000000 \
#; 0.000000; -0.000000; -0.000000; -0.005138; 0.005308; 0.008647 \
#; 0.000000; -0.000000; 0.000000; -0.005138; 0.005308; -0.008647 \
#; -0.000000; -0.000000; -0.015183; 0.000000; 0.000000; -0.000000 \
#; 0.000000; 0.000000; 0.015183; -0.000000; -0.000000; 0.000000 \
#; -0.000000; 0.000000; 0.095570; -0.000617; 0.000637; 0.000000 \
#; -0.000000; 0.000000; -0.095570; -0.000617; 0.000637; -0.000000 \
#; 0.048011; -0.049597; 0.000000; 0.023043; -0.023804; 0.000000 \
#; -0.048011; 0.049597; -0.000000; 0.023043; -0.023804; -0.000000 \
# ]
#metaData: qpt=[0.500000;0.500000;-0.234272;12.460610 \
#; 0.002632; -0.002718; 0.000000; 0.000000; 0.000000; -0.000000 \
#; -0.002632; 0.002718; -0.000000; 0.000000; 0.000000; 0.000000 \
#; 0.000000; 0.000000; 0.000000; 0.002094; -0.002163; -0.012203 \
#; 0.000000; 0.000000; 0.000000; 0.002094; -0.002163; 0.012203 \
#; -0.000000; -0.000000; 0.000801; -0.000000; -0.000000; -0.000000 \
#; -0.000000; -0.000000; -0.000801; -0.000000; -0.000000; 0.000000 \
#; -0.000000; -0.000000; -0.061122; 0.006395; -0.006606; -0.000000 \
#; -0.000000; -0.000000; 0.061122; 0.006395; -0.006606; -0.000000 \
#; 0.071522; -0.073884; 0.000000; -0.018264; 0.018867; -0.000000 \
#; -0.071522; 0.073884; -0.000000; -0.018264; 0.018867; 0.000000 \
# ]
#metaData: qpt=[0.500000;0.500000;-0.234272;12.522472 \
#; 0.000000; 0.000000; 0.000223; 0.003067; 0.002969; -0.000000 \
#; 0.000000; 0.000000; -0.000223; 0.003067; 0.002969; 0.000000 \
#; -0.000000; 0.000000; 0.000000; -0.001422; 0.001468; 0.013384 \
#; 0.000000; -0.000000; 0.000000; 0.001422; -0.001468; 0.013384 \
#; 0.000601; -0.000621; 0.000000; -0.071626; -0.069337; -0.000000 \
#; -0.000601; 0.000621; 0.000000; -0.071626; -0.069337; -0.000000 \
#; 0.002425; -0.002505; -0.000000; -0.000000; 0.000000; -0.070669 \
#; -0.002425; 0.002505; -0.000000; 0.000000; -0.000000; -0.070669 \
#; -0.000000; 0.000000; 0.007112; -0.000000; 0.000000; 0.000665 \
#; 0.000000; -0.000000; -0.007112; 0.000000; -0.000000; 0.000665 \
# ]
