# Phonopy generated file for v_sim 3.6
    7.119791444    0.231230260    7.116035608
   -3.675510852   -3.558017804    4.952025797
    3.559895722    0.000000000    2.476012898 Ba
    0.115615130    3.558017804    2.476012898 Ba
    0.000000000    0.000000000    0.000000000 Zr
    3.675510852    3.558017804    0.000000000 Zr
    5.513266278    5.337026706   -0.000000000  S
    1.837755426    1.779008902    0.000000000  S
    4.048494940    3.172717015    2.476012898  S
   -0.372984089    0.385300788    2.476012898  S
    1.953370556    5.337026706    0.536259105  S
    1.722140296   -1.779008902    4.415766691  S
#metaData: qpt=[0.000000;0.000000;0.500000;0.592082 \
#; 0.025946; 0.025117; 0.000000; -0.004184; -0.004050; 0.000000 \
#; 0.025946; 0.025117; -0.000000; -0.004184; -0.004050; 0.000000 \
#; 0.000000; 0.000000; -0.000000; -0.000000; -0.000000; -0.000000 \
#; 0.000000; 0.000000; 0.000000; -0.000000; -0.000000; 0.000000 \
#; 0.007898; -0.008159; -0.000000; 0.048983; -0.050600; -0.000000 \
#; -0.007898; 0.008159; -0.000000; -0.048983; 0.050600; 0.000000 \
#; 0.003679; 0.003561; 0.000000; -0.000593; -0.000574; 0.000000 \
#; 0.003679; 0.003561; 0.000000; -0.000593; -0.000574; -0.000000 \
#; 0.023742; 0.022983; -0.000000; 0.043452; 0.042063; -0.000000 \
#; 0.008881; 0.008597; 0.000000; -0.048712; -0.047155; -0.000000 \
# ]
#metaData: qpt=[0.000000;0.000000;0.500000;0.943565 \
#; 0.000000; -0.000000; -0.043311; -0.000000; -0.000000; 0.000000 \
#; -0.000000; 0.000000; 0.043311; -0.000000; 0.000000; -0.000000 \
#; -0.000000; -0.000000; 0.000000; 0.033983; 0.032897; -0.000000 \
#; -0.000000; -0.000000; -0.000000; 0.033983; 0.032897; 0.000000 \
#; 0.000000; -0.000000; -0.000000; 0.000825; 0.000799; -0.000000 \
#; -0.000000; -0.000000; -0.000000; 0.000825; 0.000799; -0.000000 \
#; -0.000000; -0.000000; -0.000000; -0.000000; -0.000000; 0.000000 \
#; 0.000000; 0.000000; -0.000000; -0.000000; 0.000000; 0.000000 \
#; -0.008285; -0.008020; -0.000000; -0.023405; -0.022657; -0.000000 \
#; 0.008285; 0.008020; -0.000000; -0.023405; -0.022657; 0.000000 \
# ]
#metaData: qpt=[0.000000;0.000000;0.500000;1.248561 \
#; -0.000000; 0.000000; 0.035812; 0.000000; -0.000000; 0.000000 \
#; -0.000000; 0.000000; -0.035812; 0.000000; -0.000000; -0.000000 \
#; -0.000000; -0.000000; 0.000000; 0.040140; 0.038857; -0.000000 \
#; -0.000000; -0.000000; -0.000000; 0.040140; 0.038857; 0.000000 \
#; -0.000000; -0.000000; -0.000000; 0.016711; 0.016177; 0.000000 \
#; -0.000000; -0.000000; -0.000000; 0.016711; 0.016177; 0.000000 \
#; 0.000000; 0.000000; 0.000000; 0.000000; -0.000000; -0.000000 \
#; -0.000000; 0.000000; -0.000000; 0.000000; 0.000000; 0.000000 \
#; 0.006255; 0.006055; -0.000000; 0.017671; 0.017106; 0.000000 \
#; -0.006255; -0.006055; 0.000000; 0.017671; 0.017106; -0.000000 \
# ]
#metaData: qpt=[0.000000;0.000000;0.500000;1.697105 \
#; 0.041754; -0.043133; 0.000000; 0.000000; -0.000000; 0.000000 \
#; 0.041754; -0.043133; 0.000000; 0.000000; -0.000000; -0.000000 \
#; -0.000000; 0.000000; -0.000000; 0.000000; -0.000000; -0.000000 \
#; -0.000000; 0.000000; 0.000000; 0.000000; 0.000000; 0.000000 \
#; -0.000000; 0.000000; 0.000000; 0.001656; 0.001603; 0.000000 \
#; -0.000000; 0.000000; 0.000000; -0.001656; -0.001603; 0.000000 \
#; 0.008461; -0.008741; 0.000000; 0.000000; 0.000000; 0.000000 \
#; 0.008461; -0.008741; -0.000000; 0.000000; -0.000000; -0.000000 \
#; 0.000544; -0.000562; -0.000000; 0.001536; -0.001587; -0.000000 \
#; 0.000544; -0.000562; 0.000000; -0.001536; 0.001587; -0.000000 \
# ]
#metaData: qpt=[0.000000;0.000000;0.500000;1.812505 \
#; 0.000000; -0.000000; -0.000000; -0.000000; -0.000000; -0.000000 \
#; -0.000000; 0.000000; 0.000000; 0.000000; 0.000000; -0.000000 \
#; 0.021029; -0.021724; -0.005273; -0.040175; 0.041502; 0.010074 \
#; 0.021029; -0.021724; 0.005273; -0.040175; 0.041502; -0.010074 \
#; 0.013456; -0.013901; -0.000000; -0.025708; 0.026557; 0.000000 \
#; 0.013456; -0.013901; -0.000000; -0.025708; 0.026557; 0.000000 \
#; -0.000000; -0.000000; -0.011355; 0.000000; -0.000000; -0.005944 \
#; 0.000000; 0.000000; 0.011355; -0.000000; 0.000000; 0.005944 \
#; 0.003450; -0.003564; 0.000000; -0.024132; 0.024929; -0.000000 \
#; 0.017864; -0.018454; 0.000000; -0.016588; 0.017135; -0.000000 \
# ]
#metaData: qpt=[0.000000;0.000000;0.500000;1.849629 \
#; -0.040412; 0.041746; -0.000000; 0.000000; 0.000000; -0.000000 \
#; 0.040412; -0.041746; 0.000000; 0.000000; -0.000000; -0.000000 \
#; 0.000000; -0.000000; -0.000000; -0.012956; -0.012542; 0.000000 \
#; 0.000000; -0.000000; 0.000000; 0.012956; 0.012542; -0.000000 \
#; 0.000000; -0.000000; 0.000000; -0.000000; 0.000000; -0.000000 \
#; 0.000000; -0.000000; 0.000000; -0.000000; 0.000000; -0.000000 \
#; 0.010419; 0.010086; -0.000000; 0.000000; 0.000000; -0.000000 \
#; -0.010419; -0.010086; 0.000000; 0.000000; -0.000000; 0.000000 \
#; 0.000000; -0.000000; 0.000000; -0.000000; 0.000000; 0.000000 \
#; 0.000000; -0.000000; -0.000000; -0.000000; 0.000000; 0.000000 \
# ]
#metaData: qpt=[0.000000;0.000000;0.500000;1.913949 \
#; -0.038677; -0.037441; -0.000000; -0.000317; -0.000307; -0.000000 \
#; 0.038677; 0.037441; 0.000000; 0.000317; 0.000307; -0.000000 \
#; 0.000116; -0.000120; -0.000010; -0.014155; 0.014622; 0.001230 \
#; -0.000116; 0.000120; -0.000010; 0.014155; -0.014622; 0.001230 \
#; 0.000000; -0.000000; -0.000096; -0.000000; -0.000000; 0.011716 \
#; 0.000000; -0.000000; -0.000096; 0.000000; -0.000000; 0.011716 \
#; 0.015996; -0.016524; 0.000000; 0.000131; -0.000135; -0.000000 \
#; -0.015996; 0.016524; -0.000000; -0.000131; 0.000135; 0.000000 \
#; 0.000000; -0.000000; -0.011904; -0.000000; -0.000000; -0.034526 \
#; -0.000000; 0.000000; 0.012468; 0.000000; -0.000000; -0.034326 \
# ]
#metaData: qpt=[0.000000;0.000000;0.500000;2.089124 \
#; -0.000000; -0.000000; 0.000000; 0.000000; 0.000000; -0.000000 \
#; 0.000000; -0.000000; 0.000000; -0.000000; -0.000000; -0.000000 \
#; 0.005101; -0.005270; 0.036557; -0.008445; 0.008724; -0.060520 \
#; 0.005101; -0.005270; -0.036557; -0.008445; 0.008724; 0.060520 \
#; -0.003033; 0.003133; 0.000000; 0.005021; -0.005187; -0.000000 \
#; -0.003033; 0.003133; 0.000000; 0.005021; -0.005187; 0.000000 \
#; 0.000000; -0.000000; 0.021620; -0.000000; 0.000000; 0.013060 \
#; -0.000000; -0.000000; -0.021620; 0.000000; -0.000000; -0.013060 \
#; 0.001328; -0.001372; -0.000000; -0.006445; 0.006658; -0.000000 \
#; 0.005087; -0.005255; -0.000000; -0.004175; 0.004313; -0.000000 \
# ]
#metaData: qpt=[0.000000;0.000000;0.500000;2.442023 \
#; 0.000000; -0.000000; -0.058568; -0.000000; -0.000000; -0.000000 \
#; 0.000000; -0.000000; -0.058568; 0.000000; -0.000000; -0.000000 \
#; 0.000000; 0.000000; 0.000000; 0.000000; 0.000000; -0.000000 \
#; 0.000000; 0.000000; -0.000000; 0.000000; -0.000000; 0.000000 \
#; 0.000000; 0.000000; 0.000000; 0.000000; 0.000000; -0.000000 \
#; 0.000000; -0.000000; 0.000000; 0.000000; 0.000000; -0.000000 \
#; -0.000000; 0.000000; -0.006567; -0.000000; -0.000000; 0.000000 \
#; 0.000000; -0.000000; -0.006567; -0.000000; -0.000000; -0.000000 \
#; 0.000000; 0.000000; -0.009782; 0.000000; 0.000000; -0.027636 \
#; -0.000000; -0.000000; -0.009782; 0.000000; 0.000000; 0.027636 \
# ]
#metaData: qpt=[0.000000;0.000000;0.500000;2.715671 \
#; 0.022642; 0.021918; -0.000000; 0.023649; 0.022893; -0.000000 \
#; 0.022642; 0.021918; -0.000000; 0.023649; 0.022893; 0.000000 \
#; -0.000000; 0.000000; 0.000000; 0.000000; -0.000000; 0.000000 \
#; 0.000000; -0.000000; -0.000000; 0.000000; -0.000000; -0.000000 \
#; 0.034522; -0.035662; 0.000000; -0.033051; 0.034143; -0.000000 \
#; -0.034522; 0.035662; 0.000000; 0.033051; -0.034143; 0.000000 \
#; 0.013913; 0.013468; -0.000000; 0.014532; 0.014068; 0.000000 \
#; 0.013913; 0.013468; 0.000000; 0.014532; 0.014068; -0.000000 \
#; 0.011185; 0.010827; -0.000000; -0.022185; -0.021476; 0.000000 \
#; -0.022651; -0.021927; -0.000000; 0.010209; 0.009882; 0.000000 \
# ]
#metaData: qpt=[0.000000;0.000000;0.500000;3.122808 \
#; 0.000000; 0.000000; -0.000000; -0.000000; -0.000000; 0.000000 \
#; 0.000000; 0.000000; -0.000000; -0.000000; -0.000000; -0.000000 \
#; 0.016379; -0.016920; -0.007836; -0.010739; 0.011094; 0.005138 \
#; 0.016379; -0.016920; 0.007836; -0.010739; 0.011094; -0.005138 \
#; -0.065050; 0.067198; 0.000000; 0.042651; -0.044059; 0.000000 \
#; -0.065050; 0.067198; 0.000000; 0.042651; -0.044059; 0.000000 \
#; -0.000000; -0.000000; 0.000720; -0.000000; -0.000000; 0.001099 \
#; 0.000000; -0.000000; -0.000720; -0.000000; -0.000000; -0.001099 \
#; -0.010146; 0.010481; -0.000000; 0.013339; -0.013780; -0.000000 \
#; -0.016278; 0.016816; 0.000000; 0.003986; -0.004118; -0.000000 \
# ]
#metaData: qpt=[0.000000;0.000000;0.500000;3.746588 \
#; -0.007618; -0.007375; -0.000000; 0.004714; 0.004563; -0.000000 \
#; 0.007618; 0.007375; 0.000000; -0.004714; -0.004563; -0.000000 \
#; 0.002105; -0.002175; -0.016632; 0.003403; -0.003515; -0.026881 \
#; -0.002105; 0.002175; -0.016632; -0.003403; 0.003515; -0.026881 \
#; 0.000000; 0.000000; -0.047591; -0.000000; 0.000000; -0.076917 \
#; -0.000000; 0.000000; -0.047591; -0.000000; 0.000000; -0.076917 \
#; -0.036507; 0.037712; -0.000000; 0.022588; -0.023334; 0.000000 \
#; 0.036507; -0.037712; -0.000000; -0.022588; 0.023334; -0.000000 \
#; 0.000000; 0.000000; -0.001023; 0.000000; 0.000000; -0.000821 \
#; -0.000000; -0.000000; -0.000278; 0.000000; 0.000000; -0.001282 \
# ]
#metaData: qpt=[0.000000;0.000000;0.500000;3.930291 \
#; 0.000000; 0.000000; 0.021914; 0.000000; 0.000000; 0.000000 \
#; 0.000000; -0.000000; -0.021914; -0.000000; 0.000000; -0.000000 \
#; 0.000000; -0.000000; 0.000000; 0.002112; 0.002044; -0.000000 \
#; 0.000000; -0.000000; -0.000000; 0.002112; 0.002044; -0.000000 \
#; -0.000000; 0.000000; -0.000000; -0.031507; -0.030500; -0.000000 \
#; -0.000000; 0.000000; -0.000000; -0.031507; -0.030500; -0.000000 \
#; -0.000000; -0.000000; 0.000000; 0.000000; 0.000000; 0.000000 \
#; 0.000000; 0.000000; 0.000000; -0.000000; 0.000000; -0.000000 \
#; -0.025812; -0.024987; -0.000000; -0.072922; -0.070591; -0.000000 \
#; 0.025812; 0.024987; -0.000000; -0.072922; -0.070591; 0.000000 \
# ]
#metaData: qpt=[0.000000;0.000000;0.500000;4.390259 \
#; 0.000000; 0.000000; -0.000000; 0.000000; 0.000000; 0.000000 \
#; -0.000000; -0.000000; -0.000000; -0.000000; -0.000000; -0.000000 \
#; 0.000000; -0.000000; -0.000000; 0.000000; -0.000000; 0.000000 \
#; -0.000000; 0.000000; 0.000000; -0.000000; 0.000000; 0.000000 \
#; 0.000000; 0.000000; 0.086095; 0.000000; -0.000000; -0.090463 \
#; 0.000000; -0.000000; -0.086095; 0.000000; 0.000000; 0.090463 \
#; 0.000000; -0.000000; -0.000000; 0.000000; -0.000000; -0.000000 \
#; 0.000000; 0.000000; 0.000000; -0.000000; 0.000000; 0.000000 \
#; 0.000000; 0.000000; 0.000000; -0.000000; -0.000000; 0.000000 \
#; -0.000000; -0.000000; 0.000000; 0.000000; 0.000000; 0.000000 \
# ]
#metaData: qpt=[0.000000;0.000000;0.500000;4.729171 \
#; -0.010461; -0.010127; 0.000000; 0.005624; 0.005444; -0.000000 \
#; 0.010461; 0.010127; 0.000000; -0.005624; -0.005444; -0.000000 \
#; 0.001970; -0.002035; 0.012191; 0.003665; -0.003786; 0.022676 \
#; -0.001970; 0.002035; 0.012191; -0.003665; 0.003786; 0.022676 \
#; -0.000000; 0.000000; -0.016156; 0.000000; -0.000000; -0.030051 \
#; -0.000000; 0.000000; -0.016156; -0.000000; -0.000000; -0.030051 \
#; 0.016042; -0.016571; 0.000000; -0.008624; 0.008909; -0.000000 \
#; -0.016042; 0.016571; 0.000000; 0.008624; -0.008909; -0.000000 \
#; 0.000000; -0.000000; 0.076173; -0.000000; -0.000000; 0.069176 \
#; -0.000000; 0.000000; 0.015691; -0.000000; 0.000000; 0.101693 \
# ]
#metaData: qpt=[0.000000;0.000000;0.500000;4.762822 \
#; 0.008930; -0.009225; -0.000000; 0.000000; 0.000000; 0.000000 \
#; -0.008930; 0.009225; -0.000000; -0.000000; -0.000000; 0.000000 \
#; 0.000000; -0.000000; 0.000000; -0.022383; -0.021667; 0.000000 \
#; -0.000000; -0.000000; 0.000000; 0.022383; 0.021667; 0.000000 \
#; -0.000000; 0.000000; -0.000000; -0.000000; -0.000000; -0.000000 \
#; -0.000000; 0.000000; -0.000000; -0.000000; -0.000000; 0.000000 \
#; 0.079127; 0.076598; -0.000000; 0.000000; 0.000000; -0.000000 \
#; -0.079127; -0.076598; -0.000000; 0.000000; -0.000000; 0.000000 \
#; -0.000000; -0.000000; 0.000000; -0.000000; -0.000000; 0.000000 \
#; 0.000000; 0.000000; 0.000000; -0.000000; -0.000000; -0.000000 \
# ]
#metaData: qpt=[0.000000;0.000000;0.500000;4.831886 \
#; -0.004117; 0.004253; -0.000000; 0.000000; 0.000000; -0.000000 \
#; -0.004117; 0.004253; -0.000000; -0.000000; 0.000000; -0.000000 \
#; 0.000000; 0.000000; 0.000000; -0.000000; -0.000000; -0.000000 \
#; -0.000000; 0.000000; 0.000000; 0.000000; -0.000000; -0.000000 \
#; 0.000000; -0.000000; -0.000000; -0.002425; -0.002347; -0.000000 \
#; -0.000000; -0.000000; 0.000000; 0.002425; 0.002347; -0.000000 \
#; 0.086135; -0.088979; -0.000000; 0.000000; -0.000000; -0.000000 \
#; 0.086135; -0.088979; -0.000000; 0.000000; -0.000000; -0.000000 \
#; 0.002296; -0.002372; 0.000000; 0.006487; -0.006701; -0.000000 \
#; 0.002296; -0.002372; 0.000000; -0.006487; 0.006701; -0.000000 \
# ]
#metaData: qpt=[0.000000;0.000000;0.500000;4.952256 \
#; -0.000000; 0.000000; -0.013745; 0.000000; 0.000000; -0.000000 \
#; 0.000000; -0.000000; -0.013745; -0.000000; -0.000000; -0.000000 \
#; 0.000000; -0.000000; 0.000000; 0.000000; 0.000000; 0.000000 \
#; -0.000000; 0.000000; -0.000000; -0.000000; -0.000000; 0.000000 \
#; 0.000000; 0.000000; 0.000000; -0.000000; -0.000000; -0.000000 \
#; 0.000000; -0.000000; 0.000000; -0.000000; -0.000000; -0.000000 \
#; -0.000000; -0.000000; -0.014096; 0.000000; -0.000000; -0.000000 \
#; 0.000000; 0.000000; -0.014096; -0.000000; 0.000000; -0.000000 \
#; -0.000000; -0.000000; 0.040302; -0.000000; -0.000000; 0.113858 \
#; 0.000000; 0.000000; 0.040302; -0.000000; -0.000000; -0.113858 \
# ]
#metaData: qpt=[0.000000;0.000000;0.500000;5.022597 \
#; 0.007095; 0.006868; -0.000000; -0.008102; -0.007843; -0.000000 \
#; -0.007095; -0.006868; -0.000000; 0.008102; 0.007843; -0.000000 \
#; -0.011407; 0.011784; -0.005851; -0.009989; 0.010319; -0.005123 \
#; 0.011407; -0.011784; -0.005851; 0.009989; -0.010319; -0.005123 \
#; -0.000000; 0.000000; -0.049728; 0.000000; -0.000000; -0.043545 \
#; -0.000000; 0.000000; -0.049728; 0.000000; -0.000000; -0.043545 \
#; 0.041231; -0.042592; -0.000000; -0.047085; 0.048640; -0.000000 \
#; -0.041231; 0.042592; -0.000000; 0.047085; -0.048640; -0.000000 \
#; 0.000000; 0.000000; -0.023559; 0.000000; 0.000000; -0.009382 \
#; 0.000000; -0.000000; -0.012410; -0.000000; -0.000000; -0.022114 \
# ]
#metaData: qpt=[0.000000;0.000000;0.500000;5.358697 \
#; 0.009444; 0.009142; -0.000000; -0.002102; -0.002035; -0.000000 \
#; 0.009444; 0.009142; -0.000000; -0.002102; -0.002035; 0.000000 \
#; 0.000000; -0.000000; 0.000000; -0.000000; -0.000000; -0.000000 \
#; 0.000000; 0.000000; 0.000000; 0.000000; 0.000000; -0.000000 \
#; 0.000115; -0.000119; 0.000000; 0.000517; -0.000534; -0.000000 \
#; -0.000115; 0.000119; -0.000000; -0.000517; 0.000534; -0.000000 \
#; -0.083917; -0.081234; 0.000000; 0.018678; 0.018081; -0.000000 \
#; -0.083917; -0.081234; 0.000000; 0.018678; 0.018081; -0.000000 \
#; -0.008537; -0.008264; -0.000000; -0.013641; -0.013205; -0.000000 \
#; -0.001946; -0.001883; 0.000000; 0.015974; 0.015464; -0.000000 \
# ]
#metaData: qpt=[0.000000;0.000000;0.500000;6.641347 \
#; -0.002140; -0.002071; -0.000000; -0.004334; -0.004195; 0.000000 \
#; -0.002140; -0.002071; 0.000000; -0.004334; -0.004195; -0.000000 \
#; 0.000000; -0.000000; -0.000000; 0.000000; -0.000000; -0.000000 \
#; -0.000000; 0.000000; -0.000000; -0.000000; 0.000000; -0.000000 \
#; 0.047434; -0.049001; 0.000000; -0.023419; 0.024193; 0.000000 \
#; -0.047434; 0.049001; -0.000000; 0.023419; -0.024193; 0.000000 \
#; -0.006881; -0.006661; -0.000000; -0.013936; -0.013490; 0.000000 \
#; -0.006881; -0.006661; 0.000000; -0.013936; -0.013490; -0.000000 \
#; -0.047939; -0.046407; 0.000000; 0.049244; 0.047670; 0.000000 \
#; 0.068244; 0.066063; 0.000000; -0.008119; -0.007859; 0.000000 \
# ]
#metaData: qpt=[0.000000;0.000000;0.500000;6.742616 \
#; -0.006964; 0.007194; -0.000000; 0.000000; 0.000000; 0.000000 \
#; 0.006964; -0.007194; -0.000000; -0.000000; -0.000000; -0.000000 \
#; 0.000000; -0.000000; 0.000000; 0.046483; 0.044997; -0.000000 \
#; -0.000000; 0.000000; 0.000000; -0.046483; -0.044997; 0.000000 \
#; -0.000000; 0.000000; -0.000000; 0.000000; 0.000000; -0.000000 \
#; -0.000000; 0.000000; -0.000000; 0.000000; 0.000000; -0.000000 \
#; 0.041006; 0.039695; -0.000000; -0.000000; 0.000000; -0.000000 \
#; -0.041006; -0.039695; 0.000000; 0.000000; -0.000000; 0.000000 \
#; 0.000000; -0.000000; -0.000000; -0.000000; 0.000000; -0.000000 \
#; 0.000000; -0.000000; -0.000000; 0.000000; 0.000000; -0.000000 \
# ]
#metaData: qpt=[0.000000;0.000000;0.500000;7.240912 \
#; -0.006016; -0.005824; -0.000000; 0.003105; 0.003006; -0.000000 \
#; 0.006016; 0.005824; -0.000000; -0.003105; -0.003006; -0.000000 \
#; 0.020777; -0.021463; -0.007766; 0.040257; -0.041587; -0.015046 \
#; -0.020777; 0.021463; -0.007766; -0.040257; 0.041587; -0.015046 \
#; -0.000000; 0.000000; 0.001541; 0.000000; 0.000000; 0.002985 \
#; 0.000000; -0.000000; 0.001541; 0.000000; 0.000000; 0.002985 \
#; 0.028129; -0.029058; -0.000000; -0.014518; 0.014997; -0.000000 \
#; -0.028129; 0.029058; 0.000000; 0.014518; -0.014997; -0.000000 \
#; 0.000000; 0.000000; -0.011423; -0.000000; 0.000000; -0.010730 \
#; -0.000000; -0.000000; -0.002129; -0.000000; -0.000000; -0.015527 \
# ]
#metaData: qpt=[0.000000;0.000000;0.500000;7.697178 \
#; 0.000396; 0.000384; 0.000000; -0.000536; -0.000519; 0.000000 \
#; -0.000396; -0.000384; 0.000000; 0.000536; 0.000519; 0.000000 \
#; 0.009363; -0.009673; 0.047374; 0.006921; -0.007149; 0.035015 \
#; -0.009363; 0.009673; 0.047374; -0.006921; 0.007149; 0.035015 \
#; 0.000000; -0.000000; -0.033477; 0.000000; 0.000000; -0.024743 \
#; -0.000000; 0.000000; -0.033477; 0.000000; -0.000000; -0.024743 \
#; -0.008303; 0.008577; -0.000000; 0.011233; -0.011604; 0.000000 \
#; 0.008303; -0.008577; 0.000000; -0.011233; 0.011604; -0.000000 \
#; 0.000000; -0.000000; -0.050464; -0.000000; 0.000000; -0.015406 \
#; 0.000000; -0.000000; -0.029534; 0.000000; -0.000000; -0.043722 \
# ]
#metaData: qpt=[0.000000;0.000000;0.500000;8.557585 \
#; 0.000000; -0.000000; 0.000000; -0.000000; 0.000000; -0.000000 \
#; -0.000000; 0.000000; -0.000000; 0.000000; 0.000000; 0.000000 \
#; -0.000205; 0.000211; -0.008759; -0.000320; 0.000331; -0.013708 \
#; -0.000205; 0.000211; 0.008759; -0.000320; 0.000331; 0.013708 \
#; -0.000882; 0.000911; 0.000000; -0.001380; 0.001426; 0.000000 \
#; -0.000882; 0.000911; 0.000000; -0.001380; 0.001426; 0.000000 \
#; -0.000000; -0.000000; -0.098684; -0.000000; 0.000000; 0.063052 \
#; 0.000000; 0.000000; 0.098684; -0.000000; 0.000000; -0.063052 \
#; 0.018377; -0.018984; 0.000000; 0.014323; -0.014796; 0.000000 \
#; 0.005274; -0.005448; 0.000000; 0.022695; -0.023444; 0.000000 \
# ]
#metaData: qpt=[0.000000;0.000000;0.500000;8.591101 \
#; -0.000000; 0.000000; -0.001552; -0.000000; 0.000000; -0.000000 \
#; -0.000000; 0.000000; 0.001552; -0.000000; 0.000000; 0.000000 \
#; 0.000000; -0.000000; 0.000000; 0.007680; 0.007434; -0.000000 \
#; 0.000000; -0.000000; 0.000000; 0.007680; 0.007434; 0.000000 \
#; 0.000000; -0.000000; -0.000000; -0.082332; -0.079700; 0.000000 \
#; 0.000000; 0.000000; -0.000000; -0.082332; -0.079700; -0.000000 \
#; -0.000000; -0.000000; -0.000000; -0.000000; 0.000000; 0.000000 \
#; 0.000000; 0.000000; 0.000000; 0.000000; 0.000000; -0.000000 \
#; 0.011064; 0.010711; -0.000000; 0.031258; 0.030259; -0.000000 \
#; -0.011064; -0.010711; -0.000000; 0.031258; 0.030259; 0.000000 \
# ]
#metaData: qpt=[0.000000;0.000000;0.500000;8.668731 \
#; -0.000958; 0.000989; -0.000000; -0.000000; 0.000000; -0.000000 \
#; -0.000958; 0.000989; -0.000000; -0.000000; 0.000000; 0.000000 \
#; 0.000000; -0.000000; -0.000000; -0.000000; -0.000000; -0.000000 \
#; 0.000000; -0.000000; 0.000000; -0.000000; 0.000000; 0.000000 \
#; 0.000000; -0.000000; 0.000000; 0.065722; 0.063621; -0.000000 \
#; 0.000000; 0.000000; 0.000000; -0.065722; -0.063621; -0.000000 \
#; -0.003177; 0.003282; -0.000000; -0.000000; 0.000000; 0.000000 \
#; -0.003177; 0.003282; 0.000000; -0.000000; 0.000000; -0.000000 \
#; 0.019693; -0.020343; 0.000000; 0.055634; -0.057471; 0.000000 \
#; 0.019693; -0.020343; 0.000000; -0.055634; 0.057471; -0.000000 \
# ]
#metaData: qpt=[0.000000;0.000000;0.500000;8.751627 \
#; 0.000000; -0.000000; -0.000000; -0.000000; 0.000000; -0.000000 \
#; -0.000000; 0.000000; 0.000000; 0.000000; -0.000000; 0.000000 \
#; -0.008672; 0.008958; 0.000353; 0.006240; -0.006446; -0.000254 \
#; -0.008672; 0.008958; -0.000353; 0.006240; -0.006446; 0.000254 \
#; -0.020129; 0.020794; 0.000000; 0.014485; -0.014964; 0.000000 \
#; -0.020129; 0.020794; 0.000000; 0.014485; -0.014964; 0.000000 \
#; -0.000000; -0.000000; -0.019174; -0.000000; 0.000000; -0.026645 \
#; 0.000000; 0.000000; 0.019174; 0.000000; -0.000000; 0.026645 \
#; 0.044477; -0.045946; 0.000000; -0.064071; 0.066187; 0.000000 \
#; 0.074881; -0.077353; 0.000000; -0.021822; 0.022542; 0.000000 \
# ]
#metaData: qpt=[0.000000;0.000000;0.500000;11.877205 \
#; -0.000000; -0.000000; 0.004667; -0.000000; 0.000000; -0.000000 \
#; -0.000000; 0.000000; 0.004667; 0.000000; 0.000000; 0.000000 \
#; -0.000000; -0.000000; 0.000000; -0.000000; -0.000000; -0.000000 \
#; 0.000000; -0.000000; 0.000000; 0.000000; 0.000000; -0.000000 \
#; -0.000000; -0.000000; 0.000000; 0.000000; 0.000000; 0.000000 \
#; 0.000000; 0.000000; 0.000000; 0.000000; 0.000000; 0.000000 \
#; -0.000000; -0.000000; -0.123911; 0.000000; -0.000000; -0.000000 \
#; -0.000000; 0.000000; -0.123911; 0.000000; -0.000000; -0.000000 \
#; 0.000000; -0.000000; -0.004066; 0.000000; 0.000000; -0.011488 \
#; -0.000000; 0.000000; -0.004066; 0.000000; 0.000000; 0.011488 \
# ]
#metaData: qpt=[0.000000;0.000000;0.500000;12.487676 \
#; -0.000265; 0.000274; -0.000000; 0.000000; -0.000000; 0.000000 \
#; -0.000265; 0.000274; -0.000000; -0.000000; -0.000000; 0.000000 \
#; 0.000000; 0.000000; -0.000000; -0.000000; -0.000000; 0.000000 \
#; 0.000000; -0.000000; 0.000000; 0.000000; 0.000000; 0.000000 \
#; 0.000000; 0.000000; 0.000000; 0.061018; 0.059067; -0.000000 \
#; -0.000000; -0.000000; 0.000000; -0.061018; -0.059067; 0.000000 \
#; 0.006615; -0.006834; -0.000000; -0.000000; 0.000000; -0.000000 \
#; 0.006615; -0.006834; -0.000000; -0.000000; 0.000000; -0.000000 \
#; -0.021135; 0.021832; -0.000000; -0.059707; 0.061679; -0.000000 \
#; -0.021135; 0.021832; -0.000000; 0.059707; -0.061679; 0.000000 \
# ]
