# Phonopy generated file for v_sim 3.6
    7.119791444    0.231230260    7.116035608
   -3.675510852   -3.558017804    4.952025797
    3.559895722    0.000000000    2.476012898 Ba
    0.115615130    3.558017804    2.476012898 Ba
    0.000000000    0.000000000    0.000000000 Zr
    3.675510852    3.558017804    0.000000000 Zr
    5.513266278    5.337026706   -0.000000000  S
    1.837755426    1.779008902    0.000000000  S
    4.048494940    3.172717015    2.476012898  S
   -0.372984089    0.385300788    2.476012898  S
    1.953370556    5.337026706    0.536259105  S
    1.722140296   -1.779008902    4.415766691  S
#metaData: qpt=[0.367136;0.632864;-0.367136;1.269517 \
#; 0.011676; -0.010915; 0.015964; -0.030364; -0.029810; 0.000299 \
#; 0.010530; -0.012024; 0.015964; 0.030780; 0.029380; 0.000299 \
#; -0.025396; -0.024584; -0.000000; -0.000476; -0.000461; 0.000000 \
#; 0.025396; 0.024584; -0.000000; 0.000476; 0.000461; 0.000000 \
#; 0.008465; -0.008560; 0.012038; -0.004774; -0.004936; 0.000226 \
#; 0.008281; -0.008739; 0.012038; 0.005088; 0.004611; 0.000226 \
#; -0.020384; -0.019733; -0.000000; 0.006242; 0.006042; 0.000000 \
#; -0.020136; -0.019492; -0.000000; -0.007001; -0.006777; 0.000000 \
#; 0.020136; 0.019492; -0.000000; 0.007001; 0.006777; 0.000000 \
#; 0.020384; 0.019733; -0.000000; -0.006242; -0.006042; 0.000000 \
# ]
#metaData: qpt=[0.367136;0.632864;-0.367136;1.386260 \
#; 0.030424; -0.012522; 0.030158; -0.001963; 0.028302; -0.021700 \
#; 0.011527; -0.030814; 0.030158; -0.028224; 0.002881; -0.021700 \
#; -0.001280; -0.001239; -0.000000; 0.000921; 0.000891; -0.000000 \
#; 0.001280; 0.001239; 0.000000; -0.000921; -0.000891; -0.000000 \
#; -0.006447; 0.007804; -0.010091; 0.005845; -0.004448; 0.007261 \
#; -0.007590; 0.006697; -0.010091; 0.004256; -0.005986; 0.007261 \
#; 0.018136; 0.017556; 0.000000; -0.000088; -0.000085; -0.000000 \
#; 0.005845; 0.005658; -0.000000; -0.017168; -0.016619; -0.000000 \
#; -0.005845; -0.005658; -0.000000; 0.017168; 0.016619; -0.000000 \
#; -0.018136; -0.017556; -0.000000; 0.000088; 0.000085; -0.000000 \
# ]
#metaData: qpt=[0.367136;0.632864;-0.367136;1.390547 \
#; 0.028811; -0.029763; -0.041423; -0.000000; 0.000000; -0.000000 \
#; 0.028811; -0.029763; -0.041423; -0.000000; 0.000000; -0.000000 \
#; 0.007595; 0.007352; -0.000000; -0.000000; 0.000000; 0.000000 \
#; 0.007595; 0.007352; -0.000000; 0.000000; -0.000000; -0.000000 \
#; -0.000200; 0.000206; 0.000287; 0.000000; -0.000000; 0.000000 \
#; -0.000200; 0.000206; 0.000287; 0.000000; -0.000000; 0.000000 \
#; 0.001257; 0.001216; -0.000000; 0.012148; 0.011759; -0.000000 \
#; 0.001257; 0.001216; 0.000000; -0.012148; -0.011759; -0.000000 \
#; 0.001257; 0.001216; 0.000000; -0.012148; -0.011759; -0.000000 \
#; 0.001257; 0.001216; 0.000000; 0.012148; 0.011759; -0.000000 \
# ]
#metaData: qpt=[0.367136;0.632864;-0.367136;1.481489 \
#; -0.025992; 0.026851; 0.037370; -0.000000; 0.000000; -0.000000 \
#; 0.025992; -0.026851; -0.037370; -0.000000; 0.000000; -0.000000 \
#; 0.000000; 0.000000; -0.000000; 0.013592; -0.014041; -0.002349 \
#; 0.000000; 0.000000; -0.000000; -0.001634; 0.001688; 0.019542 \
#; -0.003762; 0.003887; 0.005409; 0.000000; -0.000000; -0.000000 \
#; 0.003762; -0.003887; -0.005409; -0.000000; -0.000000; 0.000000 \
#; 0.000217; -0.000224; 0.000912; 0.023621; -0.024401; 0.009006 \
#; -0.000217; 0.000224; -0.000912; 0.023621; -0.024401; 0.009006 \
#; -0.000635; 0.000656; -0.000312; 0.006264; -0.006471; 0.033961 \
#; 0.000635; -0.000656; 0.000312; 0.006264; -0.006471; 0.033961 \
# ]
#metaData: qpt=[0.367136;0.632864;-0.367136;1.568609 \
#; -0.026342; -0.021211; -0.003082; 0.015994; 0.021015; -0.003975 \
#; -0.022056; -0.025640; 0.003082; 0.021524; 0.015303; 0.003975 \
#; -0.015196; 0.015698; 0.017864; 0.011780; -0.012169; -0.013848 \
#; -0.012425; 0.012835; 0.021848; 0.009632; -0.009950; -0.016936 \
#; 0.000066; -0.000192; 0.000184; 0.000213; -0.000124; 0.000237 \
#; -0.000189; 0.000073; -0.000184; -0.000117; 0.000217; -0.000237 \
#; -0.021561; 0.022273; 0.008198; -0.020867; 0.021557; -0.007596 \
#; 0.014834; -0.015324; 0.009400; 0.026082; -0.026943; -0.006046 \
#; -0.006538; 0.006754; -0.021327; 0.004205; -0.004344; -0.037500 \
#; -0.005702; 0.005890; 0.030999; 0.005283; -0.005458; 0.030002 \
# ]
#metaData: qpt=[0.367136;0.632864;-0.367136;1.591269 \
#; 0.021182; -0.015769; 0.026062; -0.018098; 0.024031; -0.029854 \
#; -0.015073; 0.021682; -0.026062; 0.023431; -0.018869; 0.029854 \
#; 0.005519; -0.005701; 0.008900; 0.004818; -0.004977; 0.007769 \
#; -0.006190; 0.006394; -0.007935; -0.005404; 0.005582; -0.006927 \
#; -0.002209; 0.000662; -0.002012; 0.000896; -0.002340; 0.002305 \
#; 0.000590; -0.002230; 0.002012; -0.002310; 0.000972; -0.002305 \
#; -0.016801; 0.017356; 0.000232; -0.004639; 0.004792; 0.002759 \
#; -0.006865; 0.007091; 0.002765; -0.016021; 0.016550; -0.000142 \
#; -0.001923; 0.001987; 0.009870; 0.000099; -0.000102; 0.023035 \
#; -0.000162; 0.000167; 0.024156; -0.001919; 0.001982; 0.006670 \
# ]
#metaData: qpt=[0.367136;0.632864;-0.367136;1.897748 \
#; 0.005022; -0.008716; 0.009755; -0.016719; -0.014685; -0.001077 \
#; 0.008548; -0.005302; 0.009755; 0.015220; 0.016233; -0.001077 \
#; 0.045695; 0.044235; 0.000000; -0.005046; -0.004884; -0.000000 \
#; -0.045695; -0.044235; 0.000000; 0.005046; 0.004884; -0.000000 \
#; 0.004731; -0.002014; 0.004738; 0.012639; 0.012963; -0.000523 \
#; 0.001860; -0.004794; 0.004738; -0.013367; -0.012211; -0.000523 \
#; -0.011003; -0.010651; 0.000000; 0.005870; 0.005682; -0.000000 \
#; -0.012018; -0.011634; 0.000000; -0.003328; -0.003222; -0.000000 \
#; 0.012018; 0.011634; -0.000000; 0.003328; 0.003222; -0.000000 \
#; 0.011003; 0.010651; 0.000000; -0.005870; -0.005682; 0.000000 \
# ]
#metaData: qpt=[0.367136;0.632864;-0.367136;3.041495 \
#; 0.007470; -0.007717; -0.010741; -0.000000; 0.000000; -0.000000 \
#; -0.007470; 0.007717; 0.010741; 0.000000; -0.000000; 0.000000 \
#; 0.000000; -0.000000; 0.000000; 0.026384; -0.027255; 0.055259 \
#; 0.000000; -0.000000; 0.000000; 0.038434; -0.039704; 0.037933 \
#; -0.001515; 0.001565; 0.002178; -0.000000; 0.000000; -0.000000 \
#; 0.001515; -0.001565; -0.002178; 0.000000; -0.000000; -0.000000 \
#; 0.006240; -0.006446; -0.000700; 0.013103; -0.013536; 0.021715 \
#; -0.006240; 0.006446; 0.000700; 0.013103; -0.013536; 0.021715 \
#; 0.000487; -0.000503; -0.008971; 0.015104; -0.015603; 0.018839 \
#; -0.000487; 0.000503; 0.008971; 0.015104; -0.015603; 0.018839 \
# ]
#metaData: qpt=[0.367136;0.632864;-0.367136;3.195931 \
#; -0.010309; 0.010649; 0.014822; -0.000000; 0.000000; -0.000000 \
#; 0.010309; -0.010649; -0.014822; 0.000000; 0.000000; -0.000000 \
#; 0.000000; -0.000000; 0.000000; -0.005502; 0.005683; 0.028628 \
#; 0.000000; -0.000000; 0.000000; 0.019912; -0.020569; -0.007910 \
#; 0.037740; -0.038986; -0.054260; -0.000000; 0.000000; 0.000000 \
#; -0.037740; 0.038986; 0.054260; 0.000000; -0.000000; 0.000000 \
#; 0.004671; -0.004826; -0.008444; -0.034736; 0.035883; -0.006862 \
#; -0.004671; 0.004826; 0.008444; -0.034736; 0.035883; -0.006862 \
#; 0.005873; -0.006067; -0.006716; -0.004773; 0.004930; -0.049942 \
#; -0.005873; 0.006067; 0.006716; -0.004773; 0.004930; -0.049942 \
# ]
#metaData: qpt=[0.367136;0.632864;-0.367136;3.474507 \
#; 0.006190; -0.006688; 0.009110; 0.003319; -0.002811; 0.004329 \
#; -0.006483; 0.006404; -0.009110; -0.002702; 0.003409; -0.004329 \
#; 0.003863; -0.003991; 0.008958; -0.008131; 0.008399; -0.018855 \
#; -0.006231; 0.006437; -0.005554; 0.013114; -0.013547; 0.011690 \
#; 0.042762; -0.046776; 0.063351; 0.023671; -0.018978; 0.030100 \
#; -0.045362; 0.044259; -0.063351; -0.018199; 0.024275; -0.030100 \
#; -0.007308; 0.007549; 0.008714; 0.025921; -0.026777; -0.000060 \
#; -0.015479; 0.015990; -0.005458; 0.022038; -0.022766; -0.006793 \
#; 0.003796; -0.003921; 0.022255; 0.004725; -0.004881; -0.031686 \
#; -0.006061; 0.006261; 0.010507; 0.000042; -0.000043; -0.037268 \
# ]
#metaData: qpt=[0.367136;0.632864;-0.367136;3.712491 \
#; 0.000314; -0.000324; -0.000451; -0.000000; -0.000000; 0.000000 \
#; 0.000314; -0.000324; -0.000451; -0.000000; -0.000000; 0.000000 \
#; -0.008873; -0.008589; 0.000000; 0.000000; -0.000000; -0.000000 \
#; -0.008873; -0.008589; -0.000000; 0.000000; -0.000000; -0.000000 \
#; -0.052263; 0.053989; 0.075142; 0.000000; -0.000000; 0.000000 \
#; -0.052263; 0.053989; 0.075142; -0.000000; 0.000000; 0.000000 \
#; -0.030862; -0.029875; -0.000000; 0.006768; 0.006552; -0.000000 \
#; -0.030862; -0.029875; -0.000000; -0.006768; -0.006552; -0.000000 \
#; -0.030862; -0.029875; 0.000000; -0.006768; -0.006552; -0.000000 \
#; -0.030862; -0.029875; -0.000000; 0.006768; 0.006552; -0.000000 \
# ]
#metaData: qpt=[0.367136;0.632864;-0.367136;3.735484 \
#; 0.004064; 0.009621; -0.004086; 0.021121; 0.018496; 0.001401 \
#; 0.009748; 0.003750; 0.004086; 0.019173; 0.020509; -0.001401 \
#; -0.010708; 0.011061; 0.009228; -0.031235; 0.032267; 0.026920 \
#; -0.006419; 0.006630; 0.015395; -0.018724; 0.019342; 0.044909 \
#; 0.011974; -0.009572; 0.015206; 0.000453; 0.007694; -0.005213 \
#; -0.009178; 0.012279; -0.015206; 0.007704; 0.000203; 0.005213 \
#; -0.011189; 0.011558; 0.009499; -0.013009; 0.013439; 0.022410 \
#; 0.000854; -0.000882; 0.006248; -0.017138; 0.017704; 0.023524 \
#; -0.004345; 0.004489; -0.001228; -0.016362; 0.016902; 0.024640 \
#; -0.006607; 0.006825; 0.016087; -0.015587; 0.016101; 0.018704 \
# ]
#metaData: qpt=[0.367136;0.632864;-0.367136;3.738462 \
#; 0.015602; 0.013915; 0.000853; -0.001012; 0.006091; -0.005080 \
#; -0.014415; -0.015142; 0.000853; -0.006054; 0.001210; -0.005080 \
#; 0.000097; 0.000094; 0.000000; -0.000578; -0.000560; 0.000000 \
#; -0.000097; -0.000094; 0.000000; 0.000578; 0.000560; 0.000000 \
#; 0.006810; -0.010286; 0.012127; -0.050486; 0.051607; -0.072194 \
#; 0.010059; -0.007141; 0.012127; -0.049940; 0.052135; -0.072194 \
#; -0.016896; -0.016356; 0.000000; 0.020421; 0.019768; 0.000000 \
#; 0.009296; 0.008999; 0.000000; 0.024820; 0.024027; 0.000000 \
#; -0.009296; -0.008999; -0.000000; -0.024820; -0.024027; 0.000000 \
#; 0.016896; 0.016356; 0.000000; -0.020421; -0.019768; 0.000000 \
# ]
#metaData: qpt=[0.367136;0.632864;-0.367136;4.192453 \
#; -0.013052; -0.017198; 0.003278; 0.017103; 0.011806; 0.003413 \
#; -0.017613; -0.012487; -0.003278; 0.012356; 0.016710; -0.003413 \
#; -0.001167; 0.001205; 0.003280; 0.001121; -0.001158; -0.003151 \
#; -0.002281; 0.002357; 0.001678; 0.002191; -0.002264; -0.001612 \
#; -0.017778; 0.003707; -0.015029; -0.003844; 0.018053; -0.015645 \
#; 0.003128; -0.017889; 0.015029; 0.017918; -0.004429; 0.015645 \
#; 0.024624; -0.025437; 0.003557; 0.043710; -0.045154; -0.001863 \
#; -0.042687; 0.044096; 0.002004; -0.026358; 0.027229; -0.003480 \
#; -0.001394; 0.001440; 0.061373; 0.002420; -0.002500; 0.037897 \
#; -0.002474; 0.002556; -0.035403; 0.001295; -0.001338; -0.062844 \
# ]
#metaData: qpt=[0.367136;0.632864;-0.367136;4.436848 \
#; -0.005085; 0.005253; 0.007312; -0.000000; -0.000000; 0.000000 \
#; 0.005085; -0.005253; -0.007312; -0.000000; -0.000000; -0.000000 \
#; -0.000000; -0.000000; 0.000000; 0.011187; -0.011556; 0.007482 \
#; 0.000000; -0.000000; 0.000000; 0.005204; -0.005376; 0.016084 \
#; -0.043500; 0.044936; 0.062542; 0.000000; -0.000000; -0.000000 \
#; 0.043500; -0.044936; -0.062542; -0.000000; 0.000000; 0.000000 \
#; 0.008721; -0.009009; 0.001680; -0.036422; 0.037625; -0.017536 \
#; -0.008721; 0.009009; -0.001680; -0.036422; 0.037625; -0.017536 \
#; -0.001168; 0.001207; -0.012539; -0.012197; 0.012599; -0.052366 \
#; 0.001168; -0.001207; 0.012539; -0.012197; 0.012599; -0.052366 \
# ]
#metaData: qpt=[0.367136;0.632864;-0.367136;4.823020 \
#; 0.003362; -0.004606; 0.005648; -0.003658; 0.002238; -0.004152 \
#; -0.004494; 0.003510; -0.005648; 0.002118; -0.003729; 0.004152 \
#; -0.010300; 0.010640; 0.008124; -0.014010; 0.014473; 0.011051 \
#; -0.005651; 0.005837; 0.014808; -0.007686; 0.007940; 0.020143 \
#; -0.015477; 0.026474; -0.029786; 0.022359; -0.008833; 0.021898 \
#; 0.025958; -0.016329; 0.029786; -0.008103; 0.022634; -0.021898 \
#; 0.010482; -0.010828; -0.013193; 0.047018; -0.048571; -0.003636 \
#; 0.041750; -0.043129; 0.000465; 0.024030; -0.024824; -0.013677 \
#; -0.000324; 0.000334; -0.060027; 0.009513; -0.009827; -0.034550 \
#; 0.009176; -0.009479; -0.015070; 0.002529; -0.002612; -0.067600 \
# ]
#metaData: qpt=[0.367136;0.632864;-0.367136;5.191889 \
#; 0.006198; -0.006403; -0.008911; -0.000000; -0.000000; -0.000000 \
#; 0.006198; -0.006403; -0.008911; 0.000000; 0.000000; -0.000000 \
#; -0.025861; -0.025034; 0.000000; -0.000000; -0.000000; -0.000000 \
#; -0.025861; -0.025034; 0.000000; -0.000000; -0.000000; 0.000000 \
#; 0.017684; -0.018268; -0.025425; -0.000000; -0.000000; -0.000000 \
#; 0.017684; -0.018268; -0.025425; 0.000000; 0.000000; -0.000000 \
#; -0.030034; -0.029074; 0.000000; -0.040776; -0.039472; -0.000000 \
#; -0.030034; -0.029074; -0.000000; 0.040776; 0.039472; -0.000000 \
#; -0.030034; -0.029074; 0.000000; 0.040776; 0.039472; -0.000000 \
#; -0.030034; -0.029074; -0.000000; -0.040776; -0.039472; -0.000000 \
# ]
#metaData: qpt=[0.367136;0.632864;-0.367136;5.241218 \
#; -0.000897; 0.008262; -0.006560; 0.008774; 0.002893; 0.004024 \
#; -0.008228; 0.001165; -0.006560; -0.003176; -0.008676; 0.004024 \
#; -0.001596; -0.001545; -0.000000; 0.000979; 0.000948; -0.000000 \
#; 0.001596; 0.001545; -0.000000; -0.000979; -0.000948; -0.000000 \
#; 0.013378; 0.001043; 0.008556; 0.008457; 0.015492; -0.005248 \
#; -0.001477; -0.013337; 0.008556; -0.015758; -0.007950; -0.005248 \
#; 0.020572; 0.019915; 0.000000; 0.056641; 0.054831; 0.000000 \
#; -0.041169; -0.039853; -0.000000; -0.044006; -0.042600; 0.000000 \
#; 0.041169; 0.039853; 0.000000; 0.044006; 0.042600; 0.000000 \
#; -0.020572; -0.019915; -0.000000; -0.056641; -0.054831; 0.000000 \
# ]
#metaData: qpt=[0.367136;0.632864;-0.367136;5.305448 \
#; -0.002029; 0.002096; 0.002917; -0.000000; 0.000000; -0.000000 \
#; -0.002029; 0.002096; 0.002917; 0.000000; 0.000000; -0.000000 \
#; -0.024764; -0.023972; -0.000000; -0.000000; -0.000000; -0.000000 \
#; -0.024764; -0.023972; -0.000000; -0.000000; -0.000000; 0.000000 \
#; 0.022588; -0.023333; -0.032475; 0.000000; -0.000000; -0.000000 \
#; 0.022588; -0.023333; -0.032475; 0.000000; -0.000000; -0.000000 \
#; -0.020576; -0.019919; -0.000000; 0.046545; 0.045057; 0.000000 \
#; -0.020576; -0.019919; 0.000000; -0.046545; -0.045057; 0.000000 \
#; -0.020576; -0.019919; 0.000000; -0.046545; -0.045057; 0.000000 \
#; -0.020576; -0.019919; -0.000000; 0.046545; 0.045057; -0.000000 \
# ]
#metaData: qpt=[0.367136;0.632864;-0.367136;5.521672 \
#; -0.012039; -0.011563; -0.000065; 0.000725; -0.001666; 0.001701 \
#; 0.011948; 0.011657; -0.000065; 0.001642; -0.000778; 0.001701 \
#; 0.000027; 0.000026; -0.000000; -0.000697; -0.000675; -0.000000 \
#; -0.000027; -0.000026; -0.000000; 0.000697; 0.000675; -0.000000 \
#; 0.003749; 0.001243; 0.001715; -0.031091; 0.032313; -0.044842 \
#; -0.001364; -0.003707; 0.001715; -0.031287; 0.032124; -0.044842 \
#; 0.010700; 0.010358; 0.000000; -0.050523; -0.048908; 0.000000 \
#; -0.006811; -0.006593; 0.000000; -0.051193; -0.049556; 0.000000 \
#; 0.006811; 0.006593; -0.000000; 0.051193; 0.049556; 0.000000 \
#; -0.010700; -0.010358; 0.000000; 0.050523; 0.048908; 0.000000 \
# ]
#metaData: qpt=[0.367136;0.632864;-0.367136;5.810238 \
#; 0.001493; -0.001542; -0.002146; 0.000000; -0.000000; 0.000000 \
#; -0.001493; 0.001542; 0.002146; 0.000000; 0.000000; 0.000000 \
#; 0.000000; -0.000000; -0.000000; 0.026055; -0.026915; -0.013881 \
#; -0.000000; -0.000000; 0.000000; -0.009655; 0.009973; 0.037461 \
#; 0.008892; -0.009186; -0.012785; -0.000000; 0.000000; -0.000000 \
#; -0.008892; 0.009186; 0.012785; -0.000000; 0.000000; -0.000000 \
#; -0.048644; 0.050250; 0.008621; -0.013531; 0.013978; -0.000061 \
#; 0.048644; -0.050250; -0.008621; -0.013531; 0.013978; -0.000061 \
#; -0.005996; 0.006194; 0.069938; -0.000043; 0.000044; -0.019454 \
#; 0.005996; -0.006194; -0.069938; -0.000043; 0.000044; -0.019454 \
# ]
#metaData: qpt=[0.367136;0.632864;-0.367136;6.424000 \
#; -0.003132; 0.004431; -0.005362; 0.003261; 0.001207; 0.001401 \
#; 0.004327; -0.003274; 0.005362; 0.001312; 0.003220; -0.001401 \
#; 0.006425; -0.006637; 0.014351; 0.024582; -0.025394; 0.054906 \
#; -0.009982; 0.010311; -0.009238; -0.038188; 0.039449; -0.035343 \
#; 0.017626; -0.017235; 0.024642; -0.002620; 0.006428; -0.006441 \
#; -0.016653; 0.018176; -0.024642; 0.006340; -0.002828; 0.006441 \
#; 0.006672; -0.006893; -0.005812; 0.013630; -0.014080; 0.000685 \
#; 0.000851; -0.000879; 0.005404; 0.015152; -0.015652; -0.002247 \
#; -0.003759; 0.003883; -0.001223; 0.001563; -0.001614; -0.021785 \
#; 0.004043; -0.004176; -0.009593; -0.000476; 0.000492; -0.019597 \
# ]
#metaData: qpt=[0.367136;0.632864;-0.367136;6.971047 \
#; -0.003502; 0.003618; 0.005035; 0.000000; 0.000000; -0.000000 \
#; 0.003502; -0.003618; -0.005035; -0.000000; 0.000000; 0.000000 \
#; 0.000000; 0.000000; 0.000000; -0.028951; 0.029907; 0.033351 \
#; 0.000000; 0.000000; -0.000000; 0.023196; -0.023962; -0.041624 \
#; -0.018419; 0.019027; 0.026482; 0.000000; -0.000000; -0.000000 \
#; 0.018419; -0.019027; -0.026482; 0.000000; 0.000000; 0.000000 \
#; -0.035561; 0.036736; -0.015078; 0.006570; -0.006787; 0.003157 \
#; 0.035561; -0.036736; 0.015078; 0.006570; -0.006787; 0.003157 \
#; 0.010487; -0.010833; 0.051128; 0.002196; -0.002268; 0.009447 \
#; -0.010487; 0.010833; -0.051128; 0.002196; -0.002268; 0.009447 \
# ]
#metaData: qpt=[0.367136;0.632864;-0.367136;7.487445 \
#; -0.002821; 0.002914; 0.004056; 0.000000; 0.000000; 0.000000 \
#; -0.002821; 0.002914; 0.004056; 0.000000; 0.000000; -0.000000 \
#; 0.037564; 0.036363; 0.000000; 0.000000; -0.000000; -0.000000 \
#; 0.037564; 0.036363; 0.000000; -0.000000; 0.000000; 0.000000 \
#; 0.014761; -0.015248; -0.021222; -0.000000; -0.000000; 0.000000 \
#; 0.014761; -0.015248; -0.021222; -0.000000; -0.000000; 0.000000 \
#; -0.041786; -0.040450; -0.000000; 0.001755; 0.001699; 0.000000 \
#; -0.041786; -0.040450; 0.000000; -0.001755; -0.001699; 0.000000 \
#; -0.041786; -0.040450; 0.000000; -0.001755; -0.001699; -0.000000 \
#; -0.041786; -0.040450; -0.000000; 0.001755; 0.001699; -0.000000 \
# ]
#metaData: qpt=[0.367136;0.632864;-0.367136;8.479032 \
#; -0.000182; 0.000192; -0.000265; 0.000223; -0.000226; 0.000318 \
#; -0.000186; 0.000188; -0.000265; 0.000219; -0.000230; 0.000318 \
#; 0.005119; 0.004955; -0.000000; -0.006147; -0.005951; -0.000000 \
#; -0.005119; -0.004955; -0.000000; 0.006147; 0.005951; 0.000000 \
#; -0.066534; -0.065707; 0.000934; -0.056727; -0.053353; -0.001121 \
#; 0.067833; 0.064365; 0.000934; 0.055167; 0.054964; -0.001121 \
#; 0.007798; 0.007548; 0.000000; 0.007099; 0.006872; -0.000000 \
#; -0.008394; -0.008125; 0.000000; -0.006384; -0.006180; 0.000000 \
#; 0.008394; 0.008125; -0.000000; 0.006384; 0.006180; -0.000000 \
#; -0.007798; -0.007548; -0.000000; -0.007099; -0.006872; -0.000000 \
# ]
#metaData: qpt=[0.367136;0.632864;-0.367136;8.576675 \
#; -0.000867; 0.001105; -0.001397; -0.000729; -0.000330; -0.000270 \
#; 0.001076; -0.000902; 0.001397; -0.000353; -0.000718; 0.000270 \
#; 0.001342; -0.001387; -0.001344; -0.006946; 0.007175; 0.006956 \
#; 0.000935; -0.000966; -0.001930; -0.004838; 0.004998; 0.009986 \
#; -0.002818; -0.013688; 0.007874; 0.043981; 0.040457; 0.001522 \
#; -0.013772; -0.002372; -0.007874; 0.041864; 0.042644; -0.001522 \
#; 0.003032; -0.003132; 0.006276; -0.014643; 0.015127; -0.071780 \
#; 0.002642; -0.002729; 0.020921; -0.014719; 0.015205; -0.068950 \
#; -0.014551; 0.015032; -0.003799; 0.047957; -0.049540; 0.021162 \
#; -0.004365; 0.004509; -0.004360; 0.049925; -0.051574; 0.021053 \
# ]
#metaData: qpt=[0.367136;0.632864;-0.367136;8.670091 \
#; 0.000696; -0.000719; -0.001000; 0.000000; 0.000000; -0.000000 \
#; -0.000696; 0.000719; 0.001000; 0.000000; -0.000000; -0.000000 \
#; 0.000000; 0.000000; -0.000000; 0.003911; -0.004040; 0.013092 \
#; -0.000000; -0.000000; 0.000000; 0.009106; -0.009406; 0.005623 \
#; 0.004578; -0.004729; -0.006582; -0.000000; 0.000000; -0.000000 \
#; -0.004578; 0.004729; 0.006582; 0.000000; 0.000000; -0.000000 \
#; -0.002033; 0.002101; 0.013817; 0.016556; -0.017102; -0.081826 \
#; 0.002033; -0.002101; -0.013817; 0.016556; -0.017102; -0.081826 \
#; -0.009610; 0.009928; 0.002924; -0.056912; 0.058791; 0.023803 \
#; 0.009610; -0.009928; -0.002924; -0.056912; 0.058791; 0.023803 \
# ]
#metaData: qpt=[0.367136;0.632864;-0.367136;9.159877 \
#; -0.000215; -0.000345; 0.000098; -0.000438; -0.000324; -0.000072 \
#; -0.000352; -0.000204; -0.000098; -0.000338; -0.000427; 0.000072 \
#; 0.000967; -0.000999; 0.003939; 0.001322; -0.001366; 0.005388 \
#; -0.002740; 0.002830; -0.001390; -0.003747; 0.003871; -0.001901 \
#; 0.000768; 0.009407; -0.006225; 0.010138; 0.003480; 0.004551 \
#; 0.009427; 0.000462; 0.006225; 0.003808; 0.010020; -0.004551 \
#; -0.001781; 0.001839; 0.067153; 0.003180; -0.003285; -0.055289 \
#; 0.003571; -0.003689; -0.073057; -0.000732; 0.000756; 0.047213 \
#; 0.050813; -0.052491; -0.005134; -0.032838; 0.033922; 0.001052 \
#; -0.046707; 0.048249; 0.002560; 0.038455; -0.039725; -0.004573 \
# ]
#metaData: qpt=[0.367136;0.632864;-0.367136;12.451893 \
#; -0.003591; -0.003477; 0.000001; 0.000090; -0.000044; 0.000095 \
#; -0.003591; -0.003476; -0.000001; -0.000041; 0.000092; -0.000095 \
#; 0.007317; -0.007558; -0.007799; -0.000050; 0.000051; 0.000053 \
#; 0.005425; -0.005604; -0.010519; -0.000037; 0.000038; 0.000072 \
#; 0.076496; 0.074042; 0.000006; 0.000121; -0.001167; 0.000923 \
#; 0.076488; 0.074051; -0.000006; -0.001163; 0.000159; -0.000923 \
#; 0.000886; -0.000916; 0.042152; 0.003912; -0.004041; 0.004713 \
#; 0.000833; -0.000861; 0.042084; -0.003924; 0.004053; -0.005287 \
#; -0.029271; 0.030237; -0.001198; 0.003677; -0.003799; 0.005641 \
#; -0.029318; 0.030286; -0.001275; -0.003278; 0.003386; -0.005624 \
# ]
#metaData: qpt=[0.367136;0.632864;-0.367136;12.585902 \
#; -0.001468; 0.001517; 0.002111; 0.000000; -0.000000; 0.000000 \
#; 0.001468; -0.001517; -0.002111; 0.000000; -0.000000; 0.000000 \
#; -0.000000; 0.000000; 0.000000; -0.009107; 0.009408; 0.008369 \
#; -0.000000; 0.000000; 0.000000; 0.005821; -0.006013; -0.013093 \
#; -0.000277; 0.000286; 0.000398; 0.000000; 0.000000; -0.000000 \
#; 0.000277; -0.000286; -0.000398; 0.000000; 0.000000; 0.000000 \
#; -0.000703; 0.000726; 0.085029; -0.003029; 0.003129; 0.013610 \
#; 0.000703; -0.000726; -0.085029; -0.003029; 0.003129; 0.013610 \
#; -0.059140; 0.061093; 0.001011; 0.009466; -0.009779; -0.004355 \
#; 0.059140; -0.061093; -0.001011; 0.009466; -0.009779; -0.004355 \
# ]
