# Phonopy generated file for v_sim 3.6
    7.119791444    0.231230260    7.116035608
   -3.675510852   -3.558017804    4.952025797
    3.559895722    0.000000000    2.476012898 Ba
    0.115615130    3.558017804    2.476012898 Ba
    0.000000000    0.000000000    0.000000000 Zr
    3.675510852    3.558017804    0.000000000 Zr
    5.513266278    5.337026706   -0.000000000  S
    1.837755426    1.779008902    0.000000000  S
    4.048494940    3.172717015    2.476012898  S
   -0.372984089    0.385300788    2.476012898  S
    1.953370556    5.337026706    0.536259105  S
    1.722140296   -1.779008902    4.415766691  S
#metaData: qpt=[0.000000;0.000000;0.000000;-0.007816 \
#; -0.019255; 0.019891; -0.027684; 0.000000; 0.000000; 0.000000 \
#; -0.019255; 0.019891; -0.027684; 0.000000; 0.000000; 0.000000 \
#; -0.019376; 0.020016; -0.027916; 0.000000; 0.000000; 0.000000 \
#; -0.019416; 0.020057; -0.027858; 0.000000; 0.000000; 0.000000 \
#; -0.019259; 0.019895; -0.027690; 0.000000; 0.000000; 0.000000 \
#; -0.019259; 0.019895; -0.027690; 0.000000; 0.000000; 0.000000 \
#; -0.019243; 0.019879; -0.027748; 0.000000; 0.000000; 0.000000 \
#; -0.019243; 0.019879; -0.027748; 0.000000; 0.000000; 0.000000 \
#; -0.019300; 0.019937; -0.027667; 0.000000; 0.000000; 0.000000 \
#; -0.019300; 0.019937; -0.027667; 0.000000; 0.000000; 0.000000 \
# ]
#metaData: qpt=[0.000000;0.000000;0.000000;-0.007816 \
#; 0.019255; -0.019891; -0.027684; 0.000000; 0.000000; 0.000000 \
#; 0.019255; -0.019891; -0.027684; 0.000000; 0.000000; 0.000000 \
#; 0.019416; -0.020057; -0.027858; 0.000000; 0.000000; 0.000000 \
#; 0.019376; -0.020016; -0.027916; 0.000000; 0.000000; 0.000000 \
#; 0.019259; -0.019895; -0.027690; 0.000000; 0.000000; 0.000000 \
#; 0.019259; -0.019895; -0.027690; 0.000000; 0.000000; 0.000000 \
#; 0.019243; -0.019879; -0.027748; 0.000000; 0.000000; 0.000000 \
#; 0.019243; -0.019879; -0.027748; 0.000000; 0.000000; 0.000000 \
#; 0.019300; -0.019937; -0.027667; 0.000000; 0.000000; 0.000000 \
#; 0.019300; -0.019937; -0.027667; 0.000000; 0.000000; 0.000000 \
# ]
#metaData: qpt=[0.000000;0.000000;0.000000;-0.000871 \
#; 0.028201; 0.027299; -0.000000; 0.000000; 0.000000; 0.000000 \
#; 0.028201; 0.027299; -0.000000; 0.000000; 0.000000; 0.000000 \
#; 0.028164; 0.027264; -0.000000; 0.000000; 0.000000; 0.000000 \
#; 0.028164; 0.027264; -0.000000; 0.000000; 0.000000; 0.000000 \
#; 0.028203; 0.027301; -0.000000; 0.000000; 0.000000; 0.000000 \
#; 0.028203; 0.027301; -0.000000; 0.000000; 0.000000; 0.000000 \
#; 0.028215; 0.027313; -0.000000; 0.000000; 0.000000; 0.000000 \
#; 0.028215; 0.027313; -0.000000; 0.000000; 0.000000; 0.000000 \
#; 0.028215; 0.027313; -0.000000; 0.000000; 0.000000; 0.000000 \
#; 0.028215; 0.027313; -0.000000; 0.000000; 0.000000; 0.000000 \
# ]
#metaData: qpt=[0.000000;0.000000;0.000000;0.913973 \
#; -0.017591; 0.018172; 0.025291; 0.000000; 0.000000; 0.000000 \
#; 0.017591; -0.018172; -0.025291; 0.000000; 0.000000; 0.000000 \
#; 0.000000; 0.000000; -0.000000; 0.000000; 0.000000; 0.000000 \
#; 0.000000; 0.000000; -0.000000; 0.000000; 0.000000; 0.000000 \
#; 0.038045; -0.039302; -0.054700; 0.000000; 0.000000; 0.000000 \
#; -0.038045; 0.039302; 0.054700; 0.000000; 0.000000; 0.000000 \
#; 0.032657; 0.031613; -0.000000; 0.000000; 0.000000; 0.000000 \
#; -0.032657; -0.031613; -0.000000; 0.000000; 0.000000; 0.000000 \
#; 0.032657; 0.031613; -0.000000; 0.000000; 0.000000; 0.000000 \
#; -0.032657; -0.031613; -0.000000; 0.000000; 0.000000; 0.000000 \
# ]
#metaData: qpt=[0.000000;0.000000;0.000000;0.913973 \
#; -0.017591; 0.018172; -0.025291; 0.000000; 0.000000; 0.000000 \
#; 0.017591; -0.018172; 0.025291; 0.000000; 0.000000; 0.000000 \
#; -0.000000; 0.000000; -0.000000; 0.000000; 0.000000; 0.000000 \
#; -0.000000; 0.000000; -0.000000; 0.000000; 0.000000; 0.000000 \
#; -0.038045; 0.039302; -0.054700; 0.000000; 0.000000; 0.000000 \
#; 0.038045; -0.039302; 0.054700; 0.000000; 0.000000; 0.000000 \
#; 0.032657; 0.031613; -0.000000; 0.000000; 0.000000; 0.000000 \
#; -0.032657; -0.031613; -0.000000; 0.000000; 0.000000; 0.000000 \
#; -0.032657; -0.031613; -0.000000; 0.000000; 0.000000; 0.000000 \
#; 0.032657; 0.031613; -0.000000; 0.000000; 0.000000; 0.000000 \
# ]
#metaData: qpt=[0.000000;0.000000;0.000000;1.088187 \
#; -0.016478; -0.015951; 0.000000; 0.000000; 0.000000; 0.000000 \
#; -0.016478; -0.015951; 0.000000; 0.000000; 0.000000; 0.000000 \
#; 0.044470; 0.043048; 0.000000; 0.000000; 0.000000; 0.000000 \
#; 0.044470; 0.043048; 0.000000; 0.000000; 0.000000; 0.000000 \
#; -0.006351; -0.006148; 0.000000; 0.000000; 0.000000; 0.000000 \
#; -0.006351; -0.006148; 0.000000; 0.000000; 0.000000; 0.000000 \
#; -0.024705; -0.023916; 0.000000; 0.000000; 0.000000; 0.000000 \
#; -0.024705; -0.023916; 0.000000; 0.000000; 0.000000; 0.000000 \
#; -0.024705; -0.023916; 0.000000; 0.000000; 0.000000; 0.000000 \
#; -0.024705; -0.023916; -0.000000; 0.000000; 0.000000; 0.000000 \
# ]
#metaData: qpt=[0.000000;0.000000;0.000000;2.071837 \
#; -0.020944; 0.021636; -0.030112; 0.000000; 0.000000; 0.000000 \
#; -0.020944; 0.021636; -0.030112; 0.000000; 0.000000; 0.000000 \
#; 0.018746; -0.019365; 0.040406; 0.000000; 0.000000; 0.000000 \
#; 0.028103; -0.029031; 0.026952; 0.000000; 0.000000; 0.000000 \
#; 0.011603; -0.011986; 0.016682; 0.000000; 0.000000; 0.000000 \
#; 0.011603; -0.011986; 0.016682; 0.000000; 0.000000; 0.000000 \
#; -0.000680; 0.000703; 0.016686; 0.000000; 0.000000; 0.000000 \
#; -0.000680; 0.000703; 0.016686; 0.000000; 0.000000; 0.000000 \
#; 0.011605; -0.011988; -0.000978; 0.000000; 0.000000; 0.000000 \
#; 0.011605; -0.011988; -0.000978; 0.000000; 0.000000; 0.000000 \
# ]
#metaData: qpt=[0.000000;0.000000;0.000000;2.071837 \
#; -0.020944; 0.021636; 0.030112; 0.000000; 0.000000; 0.000000 \
#; -0.020944; 0.021636; 0.030112; 0.000000; 0.000000; 0.000000 \
#; 0.028103; -0.029031; -0.026952; 0.000000; 0.000000; 0.000000 \
#; 0.018746; -0.019365; -0.040406; 0.000000; 0.000000; 0.000000 \
#; 0.011603; -0.011986; -0.016682; 0.000000; 0.000000; 0.000000 \
#; 0.011603; -0.011986; -0.016682; 0.000000; 0.000000; 0.000000 \
#; -0.000680; 0.000703; -0.016686; 0.000000; 0.000000; 0.000000 \
#; -0.000680; 0.000703; -0.016686; 0.000000; 0.000000; 0.000000 \
#; 0.011605; -0.011988; 0.000978; 0.000000; 0.000000; 0.000000 \
#; 0.011605; -0.011988; 0.000978; 0.000000; 0.000000; 0.000000 \
# ]
#metaData: qpt=[0.000000;0.000000;0.000000;2.371694 \
#; 0.023855; -0.024643; -0.034298; 0.000000; 0.000000; 0.000000 \
#; -0.023855; 0.024643; 0.034298; 0.000000; 0.000000; 0.000000 \
#; -0.000000; -0.000000; -0.000000; 0.000000; 0.000000; 0.000000 \
#; -0.000000; -0.000000; -0.000000; 0.000000; 0.000000; 0.000000 \
#; 0.030368; -0.031371; -0.043661; 0.000000; 0.000000; 0.000000 \
#; -0.030368; 0.031371; 0.043661; 0.000000; 0.000000; 0.000000 \
#; 0.020982; 0.020311; 0.000000; 0.000000; 0.000000; 0.000000 \
#; -0.020982; -0.020311; 0.000000; 0.000000; 0.000000; 0.000000 \
#; 0.020982; 0.020311; 0.000000; 0.000000; 0.000000; 0.000000 \
#; -0.020982; -0.020311; 0.000000; 0.000000; 0.000000; 0.000000 \
# ]
#metaData: qpt=[0.000000;0.000000;0.000000;2.371694 \
#; 0.023855; -0.024643; 0.034298; 0.000000; 0.000000; 0.000000 \
#; -0.023855; 0.024643; -0.034298; 0.000000; 0.000000; 0.000000 \
#; -0.000000; 0.000000; -0.000000; 0.000000; 0.000000; 0.000000 \
#; -0.000000; 0.000000; -0.000000; 0.000000; 0.000000; 0.000000 \
#; -0.030368; 0.031371; -0.043661; 0.000000; 0.000000; 0.000000 \
#; 0.030368; -0.031371; 0.043661; 0.000000; 0.000000; 0.000000 \
#; 0.020982; 0.020311; 0.000000; 0.000000; 0.000000; 0.000000 \
#; -0.020982; -0.020311; 0.000000; 0.000000; 0.000000; 0.000000 \
#; -0.020982; -0.020311; 0.000000; 0.000000; 0.000000; 0.000000 \
#; 0.020982; 0.020311; 0.000000; 0.000000; 0.000000; 0.000000 \
# ]
#metaData: qpt=[0.000000;0.000000;0.000000;2.523682 \
#; -0.043083; -0.041706; 0.000000; 0.000000; 0.000000; 0.000000 \
#; 0.043083; 0.041706; -0.000000; 0.000000; 0.000000; 0.000000 \
#; -0.000000; -0.000000; 0.000000; 0.000000; 0.000000; 0.000000 \
#; 0.000000; -0.000000; 0.000000; 0.000000; 0.000000; 0.000000 \
#; -0.000000; 0.000000; -0.000000; 0.000000; 0.000000; 0.000000 \
#; -0.000000; 0.000000; -0.000000; 0.000000; 0.000000; 0.000000 \
#; 0.006863; -0.007089; -0.000000; 0.000000; 0.000000; 0.000000 \
#; -0.006863; 0.007089; -0.000000; 0.000000; 0.000000; 0.000000 \
#; -0.000000; 0.000000; -0.009867; 0.000000; 0.000000; 0.000000 \
#; -0.000000; 0.000000; 0.009867; 0.000000; 0.000000; 0.000000 \
# ]
#metaData: qpt=[0.000000;0.000000;0.000000;2.731837 \
#; 0.006674; -0.006894; -0.009596; 0.000000; 0.000000; 0.000000 \
#; 0.006674; -0.006894; -0.009596; 0.000000; 0.000000; 0.000000 \
#; 0.025172; -0.026003; -0.013356; 0.000000; 0.000000; 0.000000 \
#; 0.009290; -0.009596; -0.036191; 0.000000; 0.000000; 0.000000 \
#; -0.044364; 0.045829; 0.063785; 0.000000; 0.000000; 0.000000 \
#; -0.044364; 0.045829; 0.063785; 0.000000; 0.000000; 0.000000 \
#; -0.020294; 0.020964; 0.019142; 0.000000; 0.000000; 0.000000 \
#; -0.020294; 0.020964; 0.019142; 0.000000; 0.000000; 0.000000 \
#; -0.013314; 0.013754; 0.029178; 0.000000; 0.000000; 0.000000 \
#; -0.013314; 0.013754; 0.029178; 0.000000; 0.000000; 0.000000 \
# ]
#metaData: qpt=[0.000000;0.000000;0.000000;2.731837 \
#; -0.006674; 0.006894; -0.009596; 0.000000; 0.000000; 0.000000 \
#; -0.006674; 0.006894; -0.009596; 0.000000; 0.000000; 0.000000 \
#; -0.009290; 0.009596; -0.036191; 0.000000; 0.000000; 0.000000 \
#; -0.025172; 0.026003; -0.013356; 0.000000; 0.000000; 0.000000 \
#; 0.044364; -0.045829; 0.063785; 0.000000; 0.000000; 0.000000 \
#; 0.044364; -0.045829; 0.063785; 0.000000; 0.000000; 0.000000 \
#; 0.020294; -0.020964; 0.019142; 0.000000; 0.000000; 0.000000 \
#; 0.020294; -0.020964; 0.019142; 0.000000; 0.000000; 0.000000 \
#; 0.013314; -0.013754; 0.029178; 0.000000; 0.000000; 0.000000 \
#; 0.013314; -0.013754; 0.029178; 0.000000; 0.000000; 0.000000 \
# ]
#metaData: qpt=[0.000000;0.000000;0.000000;3.728835 \
#; -0.028503; -0.027592; 0.000000; 0.000000; 0.000000; 0.000000 \
#; -0.028503; -0.027592; -0.000000; 0.000000; 0.000000; 0.000000 \
#; 0.002003; 0.001939; -0.000000; 0.000000; 0.000000; 0.000000 \
#; 0.002003; 0.001939; -0.000000; 0.000000; 0.000000; 0.000000 \
#; 0.033200; 0.032138; 0.000000; 0.000000; 0.000000; 0.000000 \
#; 0.033200; 0.032138; 0.000000; 0.000000; 0.000000; 0.000000 \
#; 0.041578; 0.040249; 0.000000; 0.000000; 0.000000; 0.000000 \
#; 0.041578; 0.040249; 0.000000; 0.000000; 0.000000; 0.000000 \
#; 0.041578; 0.040249; -0.000000; 0.000000; 0.000000; 0.000000 \
#; 0.041578; 0.040249; 0.000000; 0.000000; 0.000000; 0.000000 \
# ]
#metaData: qpt=[0.000000;0.000000;0.000000;3.830231 \
#; -0.005140; 0.005309; -0.007390; 0.000000; 0.000000; 0.000000 \
#; -0.005140; 0.005309; -0.007390; 0.000000; 0.000000; 0.000000 \
#; 0.004228; -0.004367; -0.008699; 0.000000; 0.000000; 0.000000 \
#; -0.006050; 0.006250; 0.006078; 0.000000; 0.000000; 0.000000 \
#; -0.031801; 0.032851; -0.045721; 0.000000; 0.000000; 0.000000 \
#; -0.031801; 0.032851; -0.045721; 0.000000; 0.000000; 0.000000 \
#; 0.050326; -0.051987; 0.008829; 0.000000; 0.000000; 0.000000 \
#; 0.050326; -0.051987; 0.008829; 0.000000; 0.000000; 0.000000 \
#; 0.006141; -0.006344; 0.072356; 0.000000; 0.000000; 0.000000 \
#; 0.006141; -0.006344; 0.072356; 0.000000; 0.000000; 0.000000 \
# ]
#metaData: qpt=[0.000000;0.000000;0.000000;3.830231 \
#; 0.005140; -0.005309; -0.007390; 0.000000; 0.000000; 0.000000 \
#; 0.005140; -0.005309; -0.007390; 0.000000; 0.000000; 0.000000 \
#; 0.006050; -0.006250; 0.006078; 0.000000; 0.000000; 0.000000 \
#; -0.004228; 0.004367; -0.008699; 0.000000; 0.000000; 0.000000 \
#; 0.031801; -0.032851; -0.045721; 0.000000; 0.000000; 0.000000 \
#; 0.031801; -0.032851; -0.045721; 0.000000; 0.000000; 0.000000 \
#; -0.050326; 0.051987; 0.008829; 0.000000; 0.000000; 0.000000 \
#; -0.050326; 0.051987; 0.008829; 0.000000; 0.000000; 0.000000 \
#; -0.006141; 0.006344; 0.072356; 0.000000; 0.000000; 0.000000 \
#; -0.006141; 0.006344; 0.072356; 0.000000; 0.000000; 0.000000 \
# ]
#metaData: qpt=[0.000000;0.000000;0.000000;3.988944 \
#; -0.000000; -0.000000; 0.000000; 0.000000; 0.000000; 0.000000 \
#; -0.000000; -0.000000; 0.000000; 0.000000; 0.000000; 0.000000 \
#; 0.000000; -0.000000; 0.000000; 0.000000; 0.000000; 0.000000 \
#; 0.000000; -0.000000; -0.000000; 0.000000; 0.000000; 0.000000 \
#; 0.000000; -0.000000; 0.000000; 0.000000; 0.000000; 0.000000 \
#; 0.000000; -0.000000; 0.000000; 0.000000; 0.000000; 0.000000 \
#; 0.061419; -0.063447; -0.000000; 0.000000; 0.000000; 0.000000 \
#; -0.061419; 0.063447; -0.000000; 0.000000; 0.000000; 0.000000 \
#; 0.000000; 0.000000; 0.088306; 0.000000; 0.000000; 0.000000 \
#; 0.000000; 0.000000; -0.088306; 0.000000; 0.000000; 0.000000 \
# ]
#metaData: qpt=[0.000000;0.000000;0.000000;4.583031 \
#; -0.000000; -0.000000; -0.000000; 0.000000; 0.000000; 0.000000 \
#; 0.000000; -0.000000; -0.000000; 0.000000; 0.000000; 0.000000 \
#; 0.000000; -0.000000; -0.000000; 0.000000; 0.000000; 0.000000 \
#; -0.000000; -0.000000; -0.000000; 0.000000; 0.000000; 0.000000 \
#; -0.000000; 0.000000; 0.000000; 0.000000; 0.000000; 0.000000 \
#; -0.000000; 0.000000; 0.000000; 0.000000; 0.000000; 0.000000 \
#; 0.063447; 0.061419; 0.000000; 0.000000; 0.000000; 0.000000 \
#; 0.063447; 0.061419; 0.000000; 0.000000; 0.000000; 0.000000 \
#; -0.063447; -0.061419; 0.000000; 0.000000; 0.000000; 0.000000 \
#; -0.063447; -0.061419; 0.000000; 0.000000; 0.000000; 0.000000 \
# ]
#metaData: qpt=[0.000000;0.000000;0.000000;6.046825 \
#; 0.004844; 0.004689; 0.000000; 0.000000; 0.000000; 0.000000 \
#; -0.004844; -0.004689; -0.000000; 0.000000; 0.000000; 0.000000 \
#; -0.000000; -0.000000; 0.000000; 0.000000; 0.000000; 0.000000 \
#; 0.000000; 0.000000; -0.000000; 0.000000; 0.000000; 0.000000 \
#; -0.000000; 0.000000; 0.000000; 0.000000; 0.000000; 0.000000 \
#; 0.000000; -0.000000; -0.000000; 0.000000; 0.000000; 0.000000 \
#; 0.061035; -0.063050; 0.000000; 0.000000; 0.000000; 0.000000 \
#; -0.061035; 0.063050; 0.000000; 0.000000; 0.000000; 0.000000 \
#; 0.000000; 0.000000; -0.087753; 0.000000; 0.000000; 0.000000 \
#; -0.000000; -0.000000; 0.087753; 0.000000; 0.000000; 0.000000 \
# ]
#metaData: qpt=[0.000000;0.000000;0.000000;6.255885 \
#; -0.001473; 0.001522; -0.002118; 0.000000; 0.000000; 0.000000 \
#; 0.001473; -0.001522; 0.002118; 0.000000; 0.000000; 0.000000 \
#; -0.000000; -0.000000; -0.000000; 0.000000; 0.000000; 0.000000 \
#; 0.000000; 0.000000; -0.000000; 0.000000; 0.000000; 0.000000 \
#; -0.037452; 0.038689; -0.053847; 0.000000; 0.000000; 0.000000 \
#; 0.037452; -0.038689; 0.053847; 0.000000; 0.000000; 0.000000 \
#; -0.050188; -0.048584; 0.000000; 0.000000; 0.000000; 0.000000 \
#; 0.050188; 0.048584; -0.000000; 0.000000; 0.000000; 0.000000 \
#; 0.050188; 0.048584; 0.000000; 0.000000; 0.000000; 0.000000 \
#; -0.050188; -0.048584; -0.000000; 0.000000; 0.000000; 0.000000 \
# ]
#metaData: qpt=[0.000000;0.000000;0.000000;6.255885 \
#; -0.001473; 0.001522; 0.002118; 0.000000; 0.000000; 0.000000 \
#; 0.001473; -0.001522; -0.002118; 0.000000; 0.000000; 0.000000 \
#; -0.000000; 0.000000; 0.000000; 0.000000; 0.000000; 0.000000 \
#; -0.000000; -0.000000; -0.000000; 0.000000; 0.000000; 0.000000 \
#; 0.037452; -0.038689; -0.053847; 0.000000; 0.000000; 0.000000 \
#; -0.037452; 0.038689; 0.053847; 0.000000; 0.000000; 0.000000 \
#; -0.050188; -0.048584; -0.000000; 0.000000; 0.000000; 0.000000 \
#; 0.050188; 0.048584; -0.000000; 0.000000; 0.000000; 0.000000 \
#; -0.050188; -0.048584; -0.000000; 0.000000; 0.000000; 0.000000 \
#; 0.050188; 0.048584; 0.000000; 0.000000; 0.000000; 0.000000 \
# ]
#metaData: qpt=[0.000000;0.000000;0.000000;6.372254 \
#; 0.000000; 0.000000; -0.000000; 0.000000; 0.000000; 0.000000 \
#; 0.000000; -0.000000; -0.000000; 0.000000; 0.000000; 0.000000 \
#; 0.053193; 0.051493; 0.000000; 0.000000; 0.000000; 0.000000 \
#; -0.053193; -0.051493; -0.000000; 0.000000; 0.000000; 0.000000 \
#; -0.000000; 0.000000; -0.000000; 0.000000; 0.000000; 0.000000 \
#; 0.000000; -0.000000; 0.000000; 0.000000; 0.000000; 0.000000 \
#; -0.000000; -0.000000; -0.000000; 0.000000; 0.000000; 0.000000 \
#; -0.000000; 0.000000; 0.000000; 0.000000; 0.000000; 0.000000 \
#; 0.000000; 0.000000; -0.000000; 0.000000; 0.000000; 0.000000 \
#; -0.000000; -0.000000; 0.000000; 0.000000; 0.000000; 0.000000 \
# ]
#metaData: qpt=[0.000000;0.000000;0.000000;6.883139 \
#; 0.000519; -0.000536; -0.000746; 0.000000; 0.000000; 0.000000 \
#; 0.000519; -0.000536; -0.000746; 0.000000; 0.000000; 0.000000 \
#; 0.027490; -0.028397; 0.060664; 0.000000; 0.000000; 0.000000 \
#; -0.042194; 0.043587; -0.039523; 0.000000; 0.000000; 0.000000 \
#; 0.003535; -0.003652; -0.005083; 0.000000; 0.000000; 0.000000 \
#; 0.003535; -0.003652; -0.005083; 0.000000; 0.000000; 0.000000 \
#; 0.011788; -0.012177; -0.004921; 0.000000; 0.000000; 0.000000 \
#; 0.011788; -0.012177; -0.004921; 0.000000; 0.000000; 0.000000 \
#; 0.003423; -0.003536; -0.016948; 0.000000; 0.000000; 0.000000 \
#; 0.003423; -0.003536; -0.016948; 0.000000; 0.000000; 0.000000 \
# ]
#metaData: qpt=[0.000000;0.000000;0.000000;6.883139 \
#; 0.000519; -0.000536; 0.000746; 0.000000; 0.000000; 0.000000 \
#; 0.000519; -0.000536; 0.000746; 0.000000; 0.000000; 0.000000 \
#; -0.042194; 0.043587; 0.039523; 0.000000; 0.000000; 0.000000 \
#; 0.027490; -0.028397; -0.060664; 0.000000; 0.000000; 0.000000 \
#; 0.003535; -0.003652; 0.005083; 0.000000; 0.000000; 0.000000 \
#; 0.003535; -0.003652; 0.005083; 0.000000; 0.000000; 0.000000 \
#; 0.011788; -0.012177; 0.004921; 0.000000; 0.000000; 0.000000 \
#; 0.011788; -0.012177; 0.004921; 0.000000; 0.000000; 0.000000 \
#; 0.003423; -0.003536; 0.016948; 0.000000; 0.000000; 0.000000 \
#; 0.003423; -0.003536; 0.016948; 0.000000; 0.000000; 0.000000 \
# ]
#metaData: qpt=[0.000000;0.000000;0.000000;8.065581 \
#; -0.000000; 0.000000; -0.000000; 0.000000; 0.000000; 0.000000 \
#; 0.000000; 0.000000; -0.000000; 0.000000; 0.000000; 0.000000 \
#; -0.000000; 0.000000; 0.000000; 0.000000; 0.000000; 0.000000 \
#; 0.000000; 0.000000; -0.000000; 0.000000; 0.000000; 0.000000 \
#; 0.074266; 0.071892; 0.000000; 0.000000; 0.000000; 0.000000 \
#; -0.074266; -0.071892; 0.000000; 0.000000; 0.000000; 0.000000 \
#; 0.000000; 0.000000; -0.049557; 0.000000; 0.000000; 0.000000 \
#; 0.000000; 0.000000; 0.049557; 0.000000; 0.000000; 0.000000 \
#; 0.034468; -0.035606; 0.000000; 0.000000; 0.000000; 0.000000 \
#; -0.034468; 0.035606; -0.000000; 0.000000; 0.000000; 0.000000 \
# ]
#metaData: qpt=[0.000000;0.000000;0.000000;8.798623 \
#; -0.000180; 0.000186; 0.000259; 0.000000; 0.000000; 0.000000 \
#; -0.000180; 0.000186; 0.000259; 0.000000; 0.000000; 0.000000 \
#; -0.007668; 0.007921; 0.009112; 0.000000; 0.000000; 0.000000 \
#; -0.006338; 0.006547; 0.011025; 0.000000; 0.000000; 0.000000 \
#; -0.016578; 0.017126; 0.023835; 0.000000; 0.000000; 0.000000 \
#; -0.016578; 0.017126; 0.023835; 0.000000; 0.000000; 0.000000 \
#; -0.017835; 0.018424; -0.079252; 0.000000; 0.000000; 0.000000 \
#; -0.017835; 0.018424; -0.079252; 0.000000; 0.000000; 0.000000 \
#; 0.055122; -0.056942; 0.025642; 0.000000; 0.000000; 0.000000 \
#; 0.055122; -0.056942; 0.025642; 0.000000; 0.000000; 0.000000 \
# ]
#metaData: qpt=[0.000000;0.000000;0.000000;8.798623 \
#; 0.000180; -0.000186; 0.000259; 0.000000; 0.000000; 0.000000 \
#; 0.000180; -0.000186; 0.000259; 0.000000; 0.000000; 0.000000 \
#; 0.006338; -0.006547; 0.011025; 0.000000; 0.000000; 0.000000 \
#; 0.007668; -0.007921; 0.009112; 0.000000; 0.000000; 0.000000 \
#; 0.016578; -0.017126; 0.023835; 0.000000; 0.000000; 0.000000 \
#; 0.016578; -0.017126; 0.023835; 0.000000; 0.000000; 0.000000 \
#; 0.017835; -0.018424; -0.079252; 0.000000; 0.000000; 0.000000 \
#; 0.017835; -0.018424; -0.079252; 0.000000; 0.000000; 0.000000 \
#; -0.055122; 0.056942; 0.025642; 0.000000; 0.000000; 0.000000 \
#; -0.055122; 0.056942; 0.025642; 0.000000; 0.000000; 0.000000 \
# ]
#metaData: qpt=[0.000000;0.000000;0.000000;8.817434 \
#; -0.000592; -0.000573; -0.000000; 0.000000; 0.000000; 0.000000 \
#; -0.000592; -0.000573; -0.000000; 0.000000; 0.000000; 0.000000 \
#; 0.007397; 0.007161; 0.000000; 0.000000; 0.000000; 0.000000 \
#; 0.007397; 0.007161; -0.000000; 0.000000; 0.000000; 0.000000 \
#; -0.078187; -0.075688; -0.000000; 0.000000; 0.000000; 0.000000 \
#; -0.078187; -0.075688; -0.000000; 0.000000; 0.000000; 0.000000 \
#; 0.029839; 0.028885; 0.000000; 0.000000; 0.000000; 0.000000 \
#; 0.029839; 0.028885; -0.000000; 0.000000; 0.000000; 0.000000 \
#; 0.029839; 0.028885; -0.000000; 0.000000; 0.000000; 0.000000 \
#; 0.029839; 0.028885; -0.000000; 0.000000; 0.000000; 0.000000 \
# ]
#metaData: qpt=[0.000000;0.000000;0.000000;8.945247 \
#; 0.000000; -0.000000; 0.000000; 0.000000; 0.000000; 0.000000 \
#; 0.000000; -0.000000; -0.000000; 0.000000; 0.000000; 0.000000 \
#; 0.000000; -0.000000; 0.000000; 0.000000; 0.000000; 0.000000 \
#; 0.000000; -0.000000; 0.000000; 0.000000; 0.000000; 0.000000 \
#; -0.000000; -0.000000; 0.000000; 0.000000; 0.000000; 0.000000 \
#; -0.000000; -0.000000; 0.000000; 0.000000; 0.000000; 0.000000 \
#; 0.000000; -0.000000; -0.088306; 0.000000; 0.000000; 0.000000 \
#; 0.000000; 0.000000; 0.088306; 0.000000; 0.000000; 0.000000 \
#; -0.061419; 0.063447; 0.000000; 0.000000; 0.000000; 0.000000 \
#; 0.061419; -0.063447; 0.000000; 0.000000; 0.000000; 0.000000 \
# ]
#metaData: qpt=[0.000000;0.000000;0.000000;13.000832 \
#; 0.000000; -0.000000; 0.000000; 0.000000; 0.000000; 0.000000 \
#; -0.000000; 0.000000; -0.000000; 0.000000; 0.000000; 0.000000 \
#; 0.000000; -0.000000; -0.000000; 0.000000; 0.000000; 0.000000 \
#; -0.000000; 0.000000; 0.000000; 0.000000; 0.000000; 0.000000 \
#; -0.050355; -0.048745; 0.000000; 0.000000; 0.000000; 0.000000 \
#; 0.050355; 0.048745; 0.000000; 0.000000; 0.000000; 0.000000 \
#; 0.000000; -0.000000; -0.073089; 0.000000; 0.000000; 0.000000 \
#; -0.000000; 0.000000; 0.073089; 0.000000; 0.000000; 0.000000 \
#; 0.050836; -0.052514; -0.000000; 0.000000; 0.000000; 0.000000 \
#; -0.050836; 0.052514; 0.000000; 0.000000; 0.000000; 0.000000 \
# ]
