# Phonopy generated file for v_sim 3.6
    7.119791444    0.231230260    7.116035608
   -3.675510852   -3.558017804    4.952025797
    3.559895722    0.000000000    2.476012898 Ba
    0.115615130    3.558017804    2.476012898 Ba
    0.000000000    0.000000000    0.000000000 Zr
    3.675510852    3.558017804    0.000000000 Zr
    5.513266278    5.337026706   -0.000000000  S
    1.837755426    1.779008902    0.000000000  S
    4.048494940    3.172717015    2.476012898  S
   -0.372984089    0.385300788    2.476012898  S
    1.953370556    5.337026706    0.536259105  S
    1.722140296   -1.779008902    4.415766691  S
#metaData: qpt=[0.000000;0.500000;0.000000;1.071437 \
#; 0.006100; -0.006302; 0.008771; 0.010135; -0.010470; 0.014572 \
#; -0.016981; -0.046203; -0.021386; 0.010221; 0.027810; 0.012873 \
#; -0.002825; 0.003619; 0.001821; 0.011369; -0.014561; -0.007327 \
#; -0.003688; 0.006627; 0.018369; -0.000917; 0.001647; 0.004565 \
#; -0.019864; 0.012050; 0.022474; 0.011956; -0.007253; -0.013527 \
#; 0.007109; -0.007344; 0.010222; 0.011812; -0.012202; 0.016982 \
#; -0.014830; -0.015154; 0.010696; 0.005781; 0.005908; -0.004170 \
#; 0.006197; -0.034803; 0.005730; 0.007181; -0.040334; 0.006640 \
#; -0.018420; -0.005734; -0.000466; 0.015894; 0.004948; 0.000402 \
#; 0.010107; 0.005350; 0.016299; 0.025926; 0.013724; 0.041810 \
# ]
#metaData: qpt=[0.000000;0.500000;0.000000;1.071437 \
#; -0.019819; -0.053927; -0.024962; -0.000000; 0.000000; -0.000000 \
#; 0.000000; 0.000000; 0.000000; -0.011830; 0.012220; -0.017008 \
#; -0.008284; 0.010609; 0.005338; -0.008284; 0.010609; 0.005338 \
#; -0.002687; 0.004828; 0.013384; 0.002687; -0.004828; -0.013384 \
#; 0.000000; -0.000000; -0.000000; -0.013786; 0.014241; -0.019821 \
#; -0.023185; 0.014064; 0.026231; -0.000000; 0.000000; -0.000000 \
#; 0.001606; -0.009018; 0.001485; -0.009348; 0.052505; -0.008644 \
#; -0.015687; -0.016030; 0.011315; 0.002694; 0.002753; -0.001943 \
#; -0.004711; -0.002494; -0.007597; -0.027425; -0.014517; -0.044227 \
#; -0.023979; -0.007465; -0.000607; -0.004119; -0.001282; -0.000104 \
# ]
#metaData: qpt=[0.000000;0.500000;0.000000;1.492033 \
#; 0.028446; -0.029386; 0.040899; 0.011270; -0.011642; 0.016203 \
#; -0.009224; 0.008741; 0.012696; 0.023283; -0.022064; -0.032047 \
#; 0.003650; 0.002874; 0.001532; 0.008440; 0.006645; 0.003543 \
#; -0.005213; -0.009977; 0.001096; 0.002255; 0.004315; -0.000474 \
#; -0.008432; 0.002614; 0.007743; 0.021283; -0.006598; -0.019544 \
#; -0.009532; 0.009847; -0.013705; -0.003776; 0.003901; -0.005430 \
#; -0.008555; -0.010719; 0.002039; 0.014039; 0.017588; -0.003345 \
#; 0.013428; 0.012223; -0.000438; 0.002821; 0.002568; -0.000092 \
#; -0.004422; -0.003160; -0.000692; 0.021045; 0.015037; 0.003292 \
#; -0.011644; -0.010740; 0.000486; -0.007096; -0.006545; 0.000296 \
# ]
#metaData: qpt=[0.000000;0.500000;0.000000;1.492033 \
#; -0.025044; 0.023732; 0.034470; -0.000000; 0.000000; -0.000000 \
#; 0.000000; -0.000000; -0.000000; -0.030597; 0.031608; -0.043992 \
#; -0.006502; -0.005119; -0.002729; -0.006502; -0.005119; -0.002729 \
#; -0.004016; -0.007687; 0.000844; 0.004016; 0.007687; -0.000844 \
#; 0.000000; -0.000000; -0.000000; 0.010253; -0.010592; 0.014742 \
#; -0.022893; 0.007097; 0.021021; 0.000000; -0.000000; 0.000000 \
#; 0.002323; 0.002114; -0.000076; -0.013523; -0.012310; 0.000441 \
#; -0.016203; -0.020300; 0.003861; 0.002783; 0.003487; -0.000663 \
#; 0.002308; 0.002129; -0.000096; 0.013439; 0.012396; -0.000561 \
#; -0.021194; -0.015144; -0.003316; -0.003640; -0.002601; -0.000570 \
# ]
#metaData: qpt=[0.000000;0.500000;0.000000;1.776477 \
#; -0.018317; 0.018922; -0.026336; -0.013577; 0.014025; -0.019521 \
#; -0.031805; -0.001063; 0.021358; 0.042909; 0.001435; -0.028814 \
#; 0.001370; 0.001375; -0.001875; 0.009215; 0.009254; -0.012615 \
#; -0.018156; -0.000018; -0.000240; 0.002698; 0.000003; 0.000036 \
#; -0.011993; 0.003937; 0.011171; 0.016181; -0.005312; -0.015071 \
#; 0.004575; -0.004726; 0.006577; 0.003391; -0.003503; 0.004875 \
#; -0.015682; 0.000364; 0.004344; 0.014990; -0.000347; -0.004152 \
#; -0.006171; -0.010506; -0.000891; -0.003117; -0.005307; -0.000450 \
#; -0.006821; -0.002832; 0.006966; 0.013502; 0.005606; -0.013790 \
#; 0.006051; 0.006817; 0.002521; 0.006330; 0.007132; 0.002637 \
# ]
#metaData: qpt=[0.000000;0.500000;0.000000;1.776477 \
#; 0.053412; 0.001786; -0.035866; -0.000000; -0.000000; 0.000000 \
#; 0.000000; -0.000000; 0.000000; -0.022800; 0.023553; -0.032781 \
#; 0.006588; 0.006616; -0.009018; 0.006588; 0.006616; -0.009018 \
#; 0.012979; 0.000013; 0.000171; -0.012979; -0.000013; -0.000171 \
#; 0.000000; -0.000000; -0.000000; 0.005694; -0.005882; 0.008187 \
#; 0.020141; -0.006612; -0.018760; -0.000000; 0.000000; 0.000000 \
#; 0.001170; 0.001993; 0.000169; -0.006814; -0.011601; -0.000984 \
#; 0.021381; -0.000496; -0.005922; -0.003672; 0.000085; 0.001017 \
#; 0.001482; 0.001670; 0.000618; 0.008631; 0.009724; 0.003596 \
#; 0.014909; 0.006190; -0.015227; 0.002561; 0.001063; -0.002615 \
# ]
#metaData: qpt=[0.000000;0.500000;0.000000;2.977416 \
#; 0.005492; -0.005673; 0.007896; -0.000685; 0.000708; -0.000985 \
#; 0.001168; -0.001277; -0.001730; 0.009357; -0.010234; -0.013861 \
#; 0.002455; -0.003144; 0.017052; 0.001910; -0.002446; 0.013268 \
#; 0.009464; -0.009304; 0.003086; -0.012164; 0.011957; -0.003966 \
#; -0.004097; 0.002375; 0.004556; -0.032829; 0.019028; 0.036505 \
#; 0.061958; -0.064004; 0.089080; -0.007733; 0.007988; -0.011118 \
#; 0.001461; 0.000533; -0.000324; -0.031784; -0.011599; 0.007045 \
#; -0.036634; -0.024328; 0.016912; 0.011103; 0.007373; -0.005126 \
#; -0.007870; -0.004771; 0.003999; -0.025967; -0.015743; 0.013195 \
#; 0.044709; 0.018710; -0.008351; 0.002055; 0.000860; -0.000384 \
# ]
#metaData: qpt=[0.000000;0.500000;0.000000;2.977416 \
#; -0.009430; 0.010314; 0.013969; 0.000000; 0.000000; 0.000000 \
#; 0.000000; -0.000000; -0.000000; -0.005535; 0.005717; -0.007957 \
#; -0.002199; 0.002817; -0.015277; -0.002199; 0.002817; -0.015277 \
#; 0.010898; -0.010713; 0.003553; -0.010898; 0.010713; -0.003553 \
#; 0.000000; -0.000000; 0.000000; -0.062439; 0.064501; -0.089772 \
#; 0.033084; -0.019176; -0.036789; -0.000000; 0.000000; 0.000000 \
#; -0.006480; -0.004303; 0.002992; 0.037727; 0.025053; -0.017417 \
#; 0.031359; 0.011444; -0.006951; -0.005386; -0.001966; 0.001194 \
#; -0.007576; -0.003171; 0.001415; -0.044110; -0.018460; 0.008240 \
#; 0.026742; 0.016213; -0.013588; 0.004593; 0.002785; -0.002334 \
# ]
#metaData: qpt=[0.000000;0.500000;0.000000;3.220014 \
#; 0.033487; 0.029554; -0.002056; 0.000000; 0.000000; 0.000000 \
#; 0.000000; 0.000000; -0.000000; 0.006521; -0.006737; 0.009376 \
#; -0.006069; 0.002688; -0.002093; -0.006069; 0.002688; -0.002093 \
#; -0.000334; -0.003236; 0.006152; 0.000334; 0.003236; -0.006152 \
#; 0.000000; -0.000000; 0.000000; -0.027670; 0.028584; -0.039783 \
#; -0.069147; 0.046239; 0.081316; -0.000000; 0.000000; 0.000000 \
#; -0.001204; -0.003083; 0.001090; 0.007012; 0.017951; -0.006344 \
#; -0.022988; -0.033532; 0.013524; 0.003948; 0.005760; -0.002323 \
#; -0.002920; -0.001311; -0.001378; -0.017003; -0.007630; -0.008021 \
#; -0.038031; -0.017992; -0.008104; -0.006532; -0.003090; -0.001392 \
# ]
#metaData: qpt=[0.000000;0.500000;0.000000;3.220014 \
#; 0.000956; -0.000988; 0.001375; -0.006451; 0.006664; -0.009275 \
#; 0.033125; 0.029235; -0.002034; 0.004911; 0.004334; -0.000302 \
#; -0.006893; 0.003053; -0.002377; 0.005113; -0.002265; 0.001763 \
#; -0.000282; -0.002727; 0.005183; -0.000380; -0.003676; 0.006988 \
#; -0.068399; 0.045739; 0.080437; -0.010140; 0.006781; 0.011925 \
#; -0.004058; 0.004192; -0.005834; 0.027371; -0.028275; 0.039353 \
#; -0.022160; -0.032325; 0.013037; -0.007277; -0.010615; 0.004281 \
#; -0.000163; -0.000418; 0.000148; -0.007113; -0.018209; 0.006435 \
#; -0.038578; -0.018251; -0.008220; 0.000885; 0.000418; 0.000188 \
#; -0.005382; -0.002415; -0.002539; 0.016391; 0.007355; 0.007732 \
# ]
#metaData: qpt=[0.000000;0.500000;0.000000;3.786845 \
#; 0.007949; 0.021413; 0.009856; 0.000000; 0.000000; 0.000000 \
#; -0.000000; 0.000000; -0.000000; 0.004095; -0.004230; 0.005887 \
#; -0.018848; 0.009851; 0.001453; -0.018848; 0.009851; 0.001453 \
#; -0.005818; -0.003609; 0.020187; 0.005818; 0.003609; -0.020187 \
#; 0.000000; 0.000000; -0.000000; 0.006751; -0.006974; 0.009707 \
#; 0.027981; -0.001742; -0.020713; -0.000000; 0.000000; 0.000000 \
#; 0.014069; -0.008552; 0.003023; -0.081911; 0.049792; -0.017603 \
#; 0.023199; 0.020022; 0.009297; -0.003985; -0.003439; -0.001597 \
#; 0.000886; 0.005066; -0.015930; 0.005159; 0.029494; -0.092747 \
#; 0.015516; 0.027958; -0.001750; 0.002665; 0.004802; -0.000301 \
# ]
#metaData: qpt=[0.000000;0.500000;0.000000;3.786845 \
#; -0.003384; 0.003496; -0.004865; -0.002305; 0.002382; -0.003315 \
#; 0.004476; 0.012057; 0.005549; -0.006570; -0.017696; -0.008145 \
#; 0.004964; -0.002594; -0.000383; 0.026188; -0.013687; -0.002019 \
#; -0.008084; -0.005015; 0.028049; 0.001532; 0.000951; -0.005317 \
#; 0.015755; -0.000981; -0.011662; -0.023124; 0.001439; 0.017117 \
#; -0.005580; 0.005764; -0.008022; -0.003801; 0.003927; -0.005465 \
#; 0.016355; 0.014115; 0.006554; -0.016928; -0.014610; -0.006784 \
#; 0.075614; -0.045965; 0.016250; 0.034493; -0.020967; 0.007412 \
#; 0.006534; 0.011773; -0.000737; -0.014323; -0.025809; 0.001615 \
#; -0.003765; -0.021522; 0.067678; -0.003637; -0.020793; 0.065386 \
# ]
#metaData: qpt=[0.000000;0.500000;0.000000;4.360746 \
#; 0.009847; -0.008763; -0.013145; 0.000000; -0.000000; 0.000000 \
#; 0.000000; 0.000000; -0.000000; 0.002337; -0.002414; 0.003359 \
#; -0.036867; -0.027360; -0.007676; -0.036867; -0.027360; -0.007676 \
#; -0.027366; -0.037175; 0.005984; 0.027366; 0.037175; -0.005984 \
#; 0.000000; -0.000000; -0.000000; 0.002306; -0.002382; 0.003316 \
#; 0.000666; -0.038932; -0.028436; 0.000000; -0.000000; 0.000000 \
#; -0.001745; 0.001807; 0.000044; 0.010158; -0.010521; -0.000255 \
#; -0.008275; -0.029122; -0.011572; 0.001421; 0.005002; 0.001988 \
#; -0.000028; 0.000034; 0.002512; -0.000164; 0.000197; 0.014625 \
#; -0.010776; -0.026538; -0.015169; -0.001851; -0.004558; -0.002605 \
# ]
#metaData: qpt=[0.000000;0.500000;0.000000;4.360746 \
#; 0.001495; -0.001544; 0.002149; -0.001796; 0.001855; -0.002582 \
#; 0.007568; -0.006735; -0.010103; 0.006301; -0.005607; -0.008411 \
#; -0.051921; -0.038532; -0.010811; 0.004745; 0.003521; 0.000988 \
#; -0.003522; -0.004784; 0.000770; -0.038541; -0.052355; 0.008427 \
#; 0.000512; -0.029920; -0.021854; 0.000426; -0.024909; -0.018194 \
#; 0.001476; -0.001524; 0.002122; -0.001772; 0.001831; -0.002548 \
#; -0.005450; -0.019181; -0.007622; -0.006387; -0.022477; -0.008932 \
#; 0.005159; -0.005343; -0.000130; -0.008923; 0.009242; 0.000224 \
#; -0.009466; -0.023311; -0.013325; -0.005473; -0.013476; -0.007703 \
#; -0.000126; 0.000152; 0.011288; 0.000108; -0.000130; -0.009632 \
# ]
#metaData: qpt=[0.000000;0.500000;0.000000;4.634513 \
#; 0.006486; -0.006701; 0.009326; -0.004504; 0.004653; -0.006476 \
#; -0.008479; -0.006452; 0.001261; -0.012211; -0.009292; 0.001816 \
#; 0.007844; 0.013861; -0.052430; 0.001415; 0.002500; -0.009457 \
#; -0.008557; 0.004878; -0.000812; 0.047443; -0.027045; 0.004503 \
#; -0.005584; 0.005380; 0.007750; -0.008042; 0.007749; 0.011161 \
#; 0.012124; -0.012525; 0.017432; -0.008419; 0.008697; -0.012104 \
#; 0.012968; -0.023355; -0.004361; 0.027773; -0.050018; -0.009340 \
#; -0.016385; -0.009196; -0.004608; 0.016113; 0.009044; 0.004532 \
#; -0.003221; -0.013177; -0.042759; -0.003275; -0.013399; -0.043479 \
#; 0.012516; 0.020267; -0.006086; -0.005844; -0.009463; 0.002842 \
# ]
#metaData: qpt=[0.000000;0.500000;0.000000;4.634513 \
#; -0.014866; -0.011313; 0.002211; 0.000000; -0.000000; 0.000000 \
#; 0.000000; 0.000000; -0.000000; 0.007897; -0.008158; 0.011354 \
#; 0.005636; 0.009959; -0.037672; 0.005636; 0.009959; -0.037672 \
#; 0.034088; -0.019432; 0.003236; -0.034088; 0.019432; -0.003236 \
#; 0.000000; -0.000000; -0.000000; 0.014760; -0.015248; 0.021222 \
#; -0.009790; 0.009434; 0.013587; 0.000000; -0.000000; 0.000000 \
#; 0.003890; 0.002183; 0.001094; -0.022649; -0.012711; -0.006370 \
#; 0.030209; -0.054405; -0.010159; -0.005189; 0.009345; 0.001745 \
#; 0.002338; 0.003786; -0.001137; 0.013614; 0.022044; -0.006620 \
#; -0.004527; -0.018522; -0.060102; -0.000778; -0.003181; -0.010323 \
# ]
#metaData: qpt=[0.000000;0.500000;0.000000;5.181345 \
#; -0.000635; 0.000656; -0.000913; 0.000129; -0.000133; 0.000185 \
#; 0.000795; 0.000948; 0.000128; 0.003927; 0.004678; 0.000630 \
#; 0.030562; -0.035672; 0.001264; 0.020266; -0.023655; 0.000838 \
#; 0.001942; 0.000713; 0.031092; -0.002929; -0.001076; -0.046887 \
#; 0.000263; -0.003432; -0.002649; 0.001298; -0.016943; -0.013076 \
#; 0.003460; -0.003575; 0.004975; -0.000701; 0.000724; -0.001008 \
#; -0.000005; -0.000970; -0.000491; -0.000171; -0.032590; -0.016506 \
#; -0.015158; 0.063207; -0.000873; 0.005879; -0.024513; 0.000339 \
#; -0.001770; -0.010024; -0.008427; -0.004565; -0.025848; -0.021730 \
#; -0.026126; -0.023988; -0.059991; 0.000778; 0.000714; 0.001786 \
# ]
#metaData: qpt=[0.000000;0.500000;0.000000;5.181345 \
#; -0.004007; -0.004773; -0.000643; 0.000000; 0.000000; 0.000000 \
#; 0.000000; -0.000000; -0.000000; 0.000648; -0.000669; 0.000931 \
#; -0.025930; 0.030266; -0.001073; -0.025930; 0.030266; -0.001073 \
#; 0.002485; 0.000913; 0.039781; -0.002485; -0.000913; -0.039781 \
#; 0.000000; -0.000000; -0.000000; -0.003531; 0.003647; -0.005076 \
#; -0.001325; 0.017287; 0.013342; -0.000000; -0.000000; -0.000000 \
#; -0.002752; 0.011476; -0.000159; 0.016023; -0.066816; 0.000923 \
#; 0.000169; 0.032134; 0.016275; -0.000029; -0.005519; -0.002796 \
#; 0.004425; 0.004063; 0.010160; 0.025760; 0.023652; 0.059152 \
#; 0.004825; 0.027323; 0.022971; 0.000829; 0.004693; 0.003945 \
# ]
#metaData: qpt=[0.000000;0.500000;0.000000;5.557612 \
#; -0.001220; 0.004008; 0.003728; 0.000000; -0.000000; 0.000000 \
#; 0.000000; 0.000000; -0.000000; -0.001883; 0.001945; -0.002707 \
#; -0.009656; -0.001055; 0.006017; -0.009656; -0.001055; 0.006017 \
#; -0.009697; -0.001013; 0.005958; 0.009697; 0.001013; -0.005958 \
#; 0.000000; -0.000000; -0.000000; 0.032562; -0.033637; 0.046816 \
#; -0.010454; 0.039008; 0.035298; -0.000000; 0.000000; -0.000000 \
#; -0.009521; -0.006278; -0.002217; 0.055431; 0.036553; 0.012908 \
#; 0.078558; 0.005076; -0.005716; -0.013493; -0.000872; 0.000982 \
#; -0.006511; -0.009388; 0.002111; -0.037904; -0.054658; 0.012291 \
#; 0.047067; 0.037607; -0.050992; 0.008084; 0.006460; -0.008759 \
# ]
#metaData: qpt=[0.000000;0.500000;0.000000;5.557612 \
#; 0.001695; -0.001751; 0.002437; -0.000820; 0.000847; -0.001179 \
#; 0.000531; -0.001745; -0.001623; 0.001098; -0.003608; -0.003356 \
#; 0.012897; 0.001409; -0.008037; 0.004487; 0.000490; -0.002796 \
#; -0.004506; -0.000471; 0.002769; 0.012952; 0.001353; -0.007958 \
#; 0.004552; -0.016987; -0.015372; 0.009410; -0.035115; -0.031775 \
#; -0.029312; 0.030280; -0.042143; 0.014180; -0.014649; 0.020388 \
#; -0.022064; -0.001426; 0.001605; -0.076594; -0.004950; 0.005573 \
#; -0.045753; -0.030170; -0.010654; 0.032710; 0.021570; 0.007617 \
#; -0.027775; -0.022192; 0.030091; -0.038849; -0.031041; 0.042089 \
#; 0.036957; 0.053291; -0.011984; -0.010646; -0.015352; 0.003452 \
# ]
#metaData: qpt=[0.000000;0.500000;0.000000;5.600155 \
#; -0.005269; -0.009685; -0.003294; 0.000000; -0.000000; 0.000000 \
#; 0.000000; 0.000000; -0.000000; -0.000510; 0.000527; -0.000733 \
#; 0.002315; -0.010341; 0.020589; 0.002315; -0.010341; 0.020589 \
#; -0.018293; 0.010948; -0.009040; 0.018293; -0.010948; 0.009040 \
#; -0.000000; -0.000000; -0.000000; -0.032269; 0.033334; -0.046395 \
#; -0.008286; 0.018740; 0.019228; -0.000000; 0.000000; -0.000000 \
#; 0.007653; 0.008274; -0.001341; -0.044556; -0.048168; 0.007806 \
#; 0.064909; -0.028919; -0.004127; -0.011149; 0.004967; 0.000709 \
#; 0.009018; 0.006864; 0.000622; 0.052502; 0.039960; 0.003619 \
#; 0.021927; 0.015482; -0.065924; 0.003766; 0.002659; -0.011323 \
# ]
#metaData: qpt=[0.000000;0.500000;0.000000;5.600155 \
#; -0.000439; 0.000453; -0.000631; -0.000259; 0.000268; -0.000373 \
#; 0.002680; 0.004927; 0.001676; -0.004536; -0.008339; -0.002836 \
#; 0.000815; -0.003643; 0.007254; 0.003170; -0.014163; 0.028200 \
#; 0.025055; -0.014994; 0.012381; -0.006445; 0.003857; -0.003185 \
#; 0.004215; -0.009532; -0.009781; -0.007134; 0.016135; 0.016555 \
#; -0.027782; 0.028700; -0.039944; -0.016414; 0.016956; -0.023599 \
#; -0.042615; 0.018986; 0.002710; 0.050213; -0.022371; -0.003193 \
#; -0.042254; -0.045680; 0.007403; -0.016075; -0.017378; 0.002816 \
#; -0.007911; -0.005585; 0.023784; 0.020795; 0.014682; -0.062518 \
#; 0.040616; 0.030913; 0.002799; 0.034470; 0.026235; 0.002376 \
# ]
#metaData: qpt=[0.000000;0.500000;0.000000;6.715619 \
#; 0.003266; 0.011492; 0.005985; 0.000001; -0.000001; 0.000001 \
#; -0.000001; -0.000004; -0.000002; 0.001813; -0.001873; 0.002606 \
#; -0.000859; 0.019101; 0.018009; -0.000859; 0.019115; 0.018022 \
#; -0.003424; 0.021753; 0.014323; 0.003426; -0.021768; -0.014333 \
#; -0.000015; 0.000012; 0.000019; 0.005486; -0.005667; 0.007893 \
#; 0.042004; -0.033285; -0.053131; 0.000002; -0.000002; 0.000003 \
#; -0.004029; -0.001194; -0.001188; 0.023465; 0.007124; 0.006865 \
#; -0.004292; -0.083059; 0.023244; 0.000746; 0.014269; -0.003990 \
#; -0.001849; -0.003444; 0.001946; -0.010892; -0.020102; 0.011208 \
#; -0.059889; -0.025622; -0.056693; -0.010291; -0.004408; -0.009734 \
# ]
#metaData: qpt=[0.000000;0.500000;0.000000;6.715619 \
#; -0.000282; 0.000286; -0.000406; 0.001791; -0.001850; 0.002575 \
#; -0.003226; -0.011353; -0.005913; -0.000506; -0.001778; -0.000927 \
#; 0.000982; -0.021844; -0.020594; -0.000716; 0.015914; 0.015004 \
#; 0.002855; -0.018137; -0.011942; 0.003913; -0.024858; -0.016367 \
#; -0.041498; 0.032884; 0.052490; -0.006504; 0.005154; 0.008222 \
#; -0.000864; 0.000889; -0.001202; 0.005422; -0.005601; 0.007795 \
#; 0.004128; 0.079850; -0.022346; 0.001384; 0.026949; -0.007545 \
#; 0.000351; 0.000136; 0.000094; 0.023805; 0.007213; 0.006969 \
#; 0.060762; 0.025998; 0.057515; -0.000888; -0.000375; -0.000849 \
#; 0.003556; 0.006532; -0.003617; -0.010467; -0.019324; 0.010779 \
# ]
#metaData: qpt=[0.000000;0.500000;0.000000;8.731188 \
#; 0.000249; -0.000076; -0.000207; -0.000001; 0.000001; -0.000001 \
#; 0.000001; -0.000000; -0.000001; 0.000123; -0.000115; 0.000138 \
#; 0.004438; 0.000089; -0.002546; 0.004393; 0.000088; -0.002521 \
#; 0.003579; 0.000376; -0.002635; -0.003538; -0.000371; 0.002604 \
#; -0.000515; -0.000571; -0.000052; -0.004033; -0.009938; 0.003005 \
#; -0.095332; -0.106064; -0.009395; -0.000014; 0.000014; -0.000020 \
#; -0.000162; -0.000154; -0.000426; 0.001810; 0.001348; 0.004550 \
#; 0.026827; 0.014078; 0.064037; -0.004607; -0.002420; -0.011000 \
#; -0.000425; 0.001107; -0.000201; -0.001707; 0.004305; -0.000891 \
#; -0.023669; 0.066199; -0.008586; -0.004065; 0.011372; -0.001473 \
# ]
#metaData: qpt=[0.000000;0.500000;0.000000;8.731188 \
#; 0.000089; -0.000105; 0.000168; -0.000008; 0.000009; -0.000012 \
#; 0.000019; -0.000005; -0.000017; 0.000234; -0.000060; -0.000227 \
#; 0.004154; 0.000083; -0.002384; 0.003510; 0.000070; -0.002014 \
#; -0.003777; -0.000396; 0.002780; 0.004373; 0.000459; -0.003219 \
#; -0.007448; -0.008257; -0.000752; -0.095394; -0.105378; -0.009872 \
#; 0.009151; 0.004694; 0.004327; -0.000199; 0.000206; -0.000286 \
#; -0.002503; -0.001306; -0.005970; 0.027113; 0.014173; 0.064689 \
#; -0.001920; -0.000612; -0.004354; 0.000335; 0.000076; 0.000742 \
#; -0.005896; 0.016504; -0.002131; -0.023266; 0.065138; -0.008403 \
#; 0.001539; -0.004781; 0.000281; 0.000272; -0.000805; 0.000073 \
# ]
#metaData: qpt=[0.000000;0.500000;0.000000;8.904603 \
#; -0.000183; -0.001120; -0.000613; -0.000064; 0.000066; -0.000092 \
#; -0.000057; -0.000307; -0.000181; 0.000208; -0.000344; 0.000265 \
#; 0.003393; -0.003382; 0.009278; 0.002015; -0.002008; 0.005510 \
#; -0.005480; 0.005766; -0.004106; 0.002884; -0.003034; 0.002161 \
#; -0.001005; 0.000480; 0.001044; 0.010706; -0.011256; 0.016267 \
#; -0.002503; 0.000591; 0.005293; -0.003095; 0.003197; -0.004450 \
#; -0.000804; 0.001171; 0.018987; 0.012833; -0.014364; -0.114154 \
#; 0.005470; -0.005188; -0.007874; -0.004432; 0.004840; 0.034151 \
#; -0.012977; 0.013763; 0.001177; -0.078498; 0.082300; 0.017945 \
#; -0.009747; 0.010765; -0.003937; 0.020968; -0.021882; -0.005942 \
# ]
#metaData: qpt=[0.000000;0.500000;0.000000;8.904603 \
#; 0.000136; 0.000247; 0.000300; -0.000215; 0.000222; -0.000309 \
#; -0.000194; -0.001035; -0.000609; -0.000136; -0.000294; -0.000311 \
#; 0.002408; -0.002401; 0.006586; -0.002237; 0.002230; -0.006117 \
#; -0.001462; 0.001539; -0.001096; -0.007288; 0.007669; -0.005462 \
#; -0.003387; 0.001618; 0.003518; -0.004471; 0.003957; -0.003480 \
#; 0.004731; -0.004296; 0.004165; -0.010434; 0.010778; -0.015001 \
#; 0.004927; -0.004687; -0.007708; -0.001197; 0.001845; 0.032706 \
#; 0.000612; -0.000988; -0.018650; -0.011878; 0.013481; 0.113774 \
#; 0.005763; -0.005491; -0.007547; 0.023609; -0.024651; -0.006542 \
#; -0.039307; 0.041034; 0.010982; 0.069579; -0.072953; -0.015866 \
# ]
#metaData: qpt=[0.000000;0.500000;0.000000;12.646897 \
#; 0.000490; 0.004313; 0.002758; -0.000000; 0.000000; -0.000000 \
#; -0.000000; 0.000000; 0.000000; 0.000128; -0.000132; 0.000183 \
#; -0.001718; 0.014221; 0.008028; -0.001718; 0.014221; 0.008028 \
#; 0.000636; 0.011789; 0.011412; -0.000636; -0.011789; -0.011412 \
#; -0.000000; -0.000000; -0.000000; -0.000501; 0.000518; -0.000720 \
#; -0.065583; -0.064711; -0.000880; -0.000000; -0.000000; 0.000000 \
#; 0.000519; -0.000921; -0.000334; -0.003019; 0.005364; 0.001946 \
#; 0.000102; -0.001201; -0.097141; -0.000018; 0.000206; 0.016685 \
#; 0.000040; -0.000427; -0.001023; 0.000232; -0.002485; -0.005954 \
#; 0.067017; -0.070326; -0.000934; 0.011511; -0.012079; -0.000160 \
# ]
#metaData: qpt=[0.000000;0.500000;0.000000;12.646897 \
#; -0.000070; 0.000072; -0.000100; 0.000107; -0.000110; 0.000153 \
#; -0.000410; -0.003610; -0.002308; -0.000268; -0.002360; -0.001509 \
#; 0.002378; -0.019685; -0.011113; -0.000498; 0.004120; 0.002326 \
#; -0.000184; -0.003416; -0.003307; -0.000880; -0.016319; -0.015797 \
#; 0.054892; 0.054162; 0.000736; 0.035890; 0.035412; 0.000481 \
#; 0.000274; -0.000283; 0.000394; -0.000419; 0.000433; -0.000603 \
#; -0.000076; 0.000892; 0.072174; -0.000071; 0.000830; 0.067125 \
#; 0.001218; -0.002164; -0.000785; -0.002811; 0.004994; 0.001812 \
#; -0.062391; 0.065471; 0.000869; -0.027040; 0.028375; 0.000377 \
#; -0.000160; 0.001717; 0.004114; 0.000172; -0.001846; -0.004424 \
# ]
