# Phonopy generated file for v_sim 3.6
    7.119791444    0.231230260    7.116035608
   -3.675510852   -3.558017804    4.952025797
    3.559895722    0.000000000    2.476012898 Ba
    0.115615130    3.558017804    2.476012898 Ba
    0.000000000    0.000000000    0.000000000 Zr
    3.675510852    3.558017804    0.000000000 Zr
    5.513266278    5.337026706   -0.000000000  S
    1.837755426    1.779008902    0.000000000  S
    4.048494940    3.172717015    2.476012898  S
   -0.372984089    0.385300788    2.476012898  S
    1.953370556    5.337026706    0.536259105  S
    1.722140296   -1.779008902    4.415766691  S
#metaData: qpt=[-0.234272;0.234272;0.500000;1.245965 \
#; 0.007853; -0.008113; 0.000000; -0.033754; -0.032675; -0.000000 \
#; -0.007853; 0.008113; -0.000000; -0.033754; -0.032675; 0.000000 \
#; -0.000000; -0.000000; 0.000000; 0.000949; 0.000918; -0.000000 \
#; -0.000000; -0.000000; -0.000000; -0.000949; -0.000918; 0.000000 \
#; 0.031560; -0.032602; 0.000000; -0.000000; 0.000000; -0.000000 \
#; -0.031560; 0.032602; -0.000000; 0.000000; -0.000000; 0.000000 \
#; -0.016542; -0.016013; 0.000000; -0.005928; -0.005738; 0.000000 \
#; 0.016542; 0.016013; -0.000000; -0.005928; -0.005738; -0.000000 \
#; 0.036689; 0.035516; -0.000000; -0.012987; -0.012572; -0.000000 \
#; -0.036689; -0.035516; 0.000000; -0.012987; -0.012572; 0.000000 \
# ]
#metaData: qpt=[-0.234272;0.234272;0.500000;1.271206 \
#; 0.000000; 0.000000; -0.056246; -0.000000; -0.000000; 0.000000 \
#; 0.000000; 0.000000; 0.056246; -0.000000; -0.000000; -0.000000 \
#; -0.000000; 0.000000; -0.000000; 0.014683; 0.014213; 0.000000 \
#; 0.000000; 0.000000; 0.000000; 0.014683; 0.014213; 0.000000 \
#; 0.000000; -0.000000; -0.000510; -0.000163; -0.000157; 0.000000 \
#; -0.000000; 0.000000; 0.000510; -0.000163; -0.000157; 0.000000 \
#; -0.000000; -0.000000; 0.000000; -0.000000; -0.000000; -0.000000 \
#; 0.000000; 0.000000; 0.000000; 0.000000; 0.000000; 0.000000 \
#; -0.007014; -0.006790; -0.000000; -0.019816; -0.019183; -0.000000 \
#; 0.007014; 0.006790; 0.000000; -0.019816; -0.019183; 0.000000 \
# ]
#metaData: qpt=[-0.234272;0.234272;0.500000;1.573622 \
#; -0.039534; 0.040840; -0.000000; -0.006948; -0.006726; 0.000000 \
#; -0.039534; 0.040840; -0.000000; 0.006948; 0.006726; -0.000000 \
#; 0.006538; -0.006754; -0.010922; -0.000000; -0.000000; 0.000000 \
#; -0.006538; 0.006754; -0.010922; 0.000000; 0.000000; 0.000000 \
#; 0.000000; -0.000000; -0.004832; 0.000339; 0.000328; 0.000000 \
#; -0.000000; -0.000000; -0.004832; -0.000339; -0.000328; 0.000000 \
#; -0.004980; 0.005144; -0.000000; 0.017698; -0.018282; -0.000000 \
#; -0.004980; 0.005144; 0.000000; -0.017698; 0.018282; 0.000000 \
#; 0.000865; -0.000894; 0.005078; 0.002444; -0.002525; -0.001797 \
#; 0.000865; -0.000894; 0.005078; -0.002444; 0.002525; 0.001797 \
# ]
#metaData: qpt=[-0.234272;0.234272;0.500000;1.582800 \
#; -0.039796; 0.041110; 0.000000; -0.008482; -0.008210; 0.000000 \
#; 0.039796; -0.041110; 0.000000; -0.008482; -0.008210; 0.000000 \
#; -0.000000; -0.000000; 0.000000; -0.009598; -0.009291; -0.000000 \
#; 0.000000; -0.000000; 0.000000; 0.009598; 0.009291; -0.000000 \
#; 0.001072; -0.001108; 0.000000; -0.000000; -0.000000; -0.000000 \
#; -0.001072; 0.001108; 0.000000; 0.000000; -0.000000; -0.000000 \
#; 0.005251; 0.005083; -0.000000; -0.013675; -0.013238; 0.000000 \
#; -0.005251; -0.005083; 0.000000; -0.013675; -0.013238; -0.000000 \
#; 0.004794; 0.004641; -0.000000; -0.001697; -0.001643; 0.000000 \
#; -0.004794; -0.004641; -0.000000; -0.001697; -0.001643; -0.000000 \
# ]
#metaData: qpt=[-0.234272;0.234272;0.500000;1.737185 \
#; -0.000000; -0.000000; 0.015857; -0.000000; 0.000000; -0.000000 \
#; 0.000000; 0.000000; -0.015857; -0.000000; 0.000000; 0.000000 \
#; 0.000000; 0.000000; 0.000000; 0.050458; 0.048845; 0.000000 \
#; 0.000000; 0.000000; -0.000000; 0.050458; 0.048845; -0.000000 \
#; 0.000000; 0.000000; 0.003312; 0.014322; 0.013864; -0.000000 \
#; 0.000000; 0.000000; -0.003312; 0.014322; 0.013864; 0.000000 \
#; 0.000000; -0.000000; -0.000000; -0.000000; 0.000000; 0.000000 \
#; -0.000000; -0.000000; 0.000000; -0.000000; 0.000000; -0.000000 \
#; 0.002106; 0.002038; -0.000000; 0.005948; 0.005758; -0.000000 \
#; -0.002106; -0.002038; 0.000000; 0.005948; 0.005758; -0.000000 \
# ]
#metaData: qpt=[-0.234272;0.234272;0.500000;1.792231 \
#; 0.008312; -0.008587; 0.000000; -0.034311; -0.033215; 0.000000 \
#; 0.008312; -0.008587; 0.000000; 0.034311; 0.033215; 0.000000 \
#; 0.016498; -0.017043; 0.004702; 0.000000; -0.000000; 0.000000 \
#; -0.016498; 0.017043; 0.004702; -0.000000; 0.000000; 0.000000 \
#; 0.000000; -0.000000; -0.005219; 0.000914; 0.000884; -0.000000 \
#; 0.000000; -0.000000; -0.005219; -0.000914; -0.000884; -0.000000 \
#; 0.023486; -0.024261; -0.000000; 0.010439; -0.010784; 0.000000 \
#; 0.023486; -0.024261; -0.000000; -0.010439; 0.010784; -0.000000 \
#; 0.001943; -0.002007; 0.043069; 0.005488; -0.005670; -0.015245 \
#; 0.001943; -0.002007; 0.043069; -0.005488; 0.005670; 0.015245 \
# ]
#metaData: qpt=[-0.234272;0.234272;0.500000;1.795123 \
#; 0.000000; -0.000000; -0.053242; -0.000000; -0.000000; -0.000000 \
#; 0.000000; -0.000000; -0.053242; 0.000000; 0.000000; 0.000000 \
#; -0.014183; 0.014652; -0.014880; -0.000000; 0.000000; -0.000000 \
#; -0.014183; 0.014652; 0.014880; 0.000000; -0.000000; -0.000000 \
#; -0.002582; 0.002668; -0.000000; 0.000000; 0.000000; 0.000000 \
#; -0.002582; 0.002668; -0.000000; -0.000000; -0.000000; 0.000000 \
#; 0.000000; -0.000000; 0.001125; 0.000000; -0.000000; -0.008462 \
#; 0.000000; -0.000000; 0.001125; -0.000000; 0.000000; 0.008462 \
#; -0.003188; 0.003293; -0.013051; 0.001128; -0.001166; -0.036869 \
#; -0.003188; 0.003293; -0.013051; -0.001128; 0.001166; 0.036869 \
# ]
#metaData: qpt=[-0.234272;0.234272;0.500000;2.413607 \
#; -0.000000; 0.000000; -0.007987; -0.000000; 0.000000; -0.000000 \
#; 0.000000; -0.000000; -0.007987; -0.000000; 0.000000; -0.000000 \
#; -0.014468; 0.014946; 0.067151; -0.000000; -0.000000; -0.000000 \
#; -0.014468; 0.014946; -0.067151; -0.000000; -0.000000; 0.000000 \
#; -0.014200; 0.014669; 0.000000; 0.000000; -0.000000; -0.000000 \
#; -0.014200; 0.014669; -0.000000; 0.000000; -0.000000; -0.000000 \
#; -0.000000; 0.000000; -0.005873; 0.000000; -0.000000; 0.027740 \
#; -0.000000; -0.000000; -0.005873; -0.000000; 0.000000; -0.027740 \
#; -0.004053; 0.004187; 0.000425; 0.001435; -0.001482; 0.001201 \
#; -0.004053; 0.004187; 0.000425; -0.001435; 0.001482; -0.001201 \
# ]
#metaData: qpt=[-0.234272;0.234272;0.500000;3.073886 \
#; 0.003216; -0.003322; 0.000000; -0.022025; -0.021321; -0.000000 \
#; -0.003216; 0.003322; 0.000000; -0.022025; -0.021321; -0.000000 \
#; -0.000000; 0.000000; -0.000000; 0.005286; 0.005117; -0.000000 \
#; -0.000000; 0.000000; 0.000000; -0.005286; -0.005117; 0.000000 \
#; -0.062945; 0.065024; 0.000000; -0.000000; 0.000000; -0.000000 \
#; 0.062945; -0.065024; -0.000000; 0.000000; -0.000000; 0.000000 \
#; -0.007014; -0.006790; 0.000000; -0.016223; -0.015705; -0.000000 \
#; 0.007014; 0.006790; 0.000000; -0.016223; -0.015705; 0.000000 \
#; -0.034066; -0.032977; -0.000000; 0.012058; 0.011673; -0.000000 \
#; 0.034066; 0.032977; -0.000000; 0.012058; 0.011673; 0.000000 \
# ]
#metaData: qpt=[-0.234272;0.234272;0.500000;3.193013 \
#; -0.000000; 0.000000; 0.018213; 0.000000; 0.000000; 0.000000 \
#; -0.000000; -0.000000; 0.018213; 0.000000; 0.000000; 0.000000 \
#; -0.019775; 0.020428; -0.016145; -0.000000; -0.000000; 0.000000 \
#; -0.019775; 0.020428; 0.016145; 0.000000; 0.000000; 0.000000 \
#; -0.067029; 0.069243; -0.000000; -0.000000; 0.000000; 0.000000 \
#; -0.067029; 0.069243; -0.000000; -0.000000; 0.000000; 0.000000 \
#; 0.000000; 0.000000; 0.001876; 0.000000; 0.000000; -0.001916 \
#; -0.000000; -0.000000; 0.001876; 0.000000; 0.000000; 0.001916 \
#; -0.017452; 0.018028; -0.011217; 0.006177; -0.006381; -0.031689 \
#; -0.017452; 0.018028; -0.011217; -0.006177; 0.006381; 0.031689 \
# ]
#metaData: qpt=[-0.234272;0.234272;0.500000;3.571078 \
#; -0.008686; 0.008972; 0.000000; -0.004175; -0.004041; 0.000000 \
#; -0.008686; 0.008972; -0.000000; 0.004175; 0.004041; 0.000000 \
#; -0.004477; 0.004625; 0.025569; 0.000000; 0.000000; -0.000000 \
#; 0.004477; -0.004625; 0.025569; -0.000000; -0.000000; 0.000000 \
#; -0.000000; 0.000000; 0.086437; -0.003906; -0.003782; -0.000000 \
#; -0.000000; 0.000000; 0.086437; 0.003906; 0.003782; -0.000000 \
#; 0.016065; -0.016596; 0.000000; -0.047305; 0.048867; 0.000000 \
#; 0.016065; -0.016596; -0.000000; 0.047305; -0.048867; -0.000000 \
#; -0.002259; 0.002333; 0.006672; -0.006381; 0.006591; -0.002362 \
#; -0.002259; 0.002333; 0.006672; 0.006381; -0.006591; 0.002362 \
# ]
#metaData: qpt=[-0.234272;0.234272;0.500000;4.264633 \
#; 0.002883; -0.002978; -0.000000; -0.023288; -0.022543; 0.000000 \
#; 0.002883; -0.002978; 0.000000; 0.023288; 0.022543; -0.000000 \
#; -0.008516; 0.008797; -0.008636; -0.000000; 0.000000; -0.000000 \
#; 0.008516; -0.008797; -0.008636; 0.000000; -0.000000; -0.000000 \
#; 0.000000; -0.000000; 0.013523; 0.008790; 0.008509; -0.000000 \
#; 0.000000; 0.000000; 0.013523; -0.008790; -0.008509; 0.000000 \
#; -0.045966; 0.047484; 0.000000; -0.007015; 0.007247; -0.000000 \
#; -0.045966; 0.047484; 0.000000; 0.007015; -0.007247; 0.000000 \
#; -0.001968; 0.002033; -0.069973; -0.005560; 0.005743; 0.024768 \
#; -0.001968; 0.002033; -0.069973; 0.005560; -0.005743; -0.024768 \
# ]
#metaData: qpt=[-0.234272;0.234272;0.500000;4.278879 \
#; -0.000000; -0.000000; -0.006035; 0.000000; 0.000000; -0.000000 \
#; 0.000000; 0.000000; 0.006035; -0.000000; -0.000000; 0.000000 \
#; 0.000000; -0.000000; 0.000000; -0.001861; -0.001801; 0.000000 \
#; -0.000000; 0.000000; 0.000000; -0.001861; -0.001801; 0.000000 \
#; -0.000000; 0.000000; 0.116388; 0.006092; 0.005897; 0.000000 \
#; -0.000000; -0.000000; -0.116388; 0.006092; 0.005897; -0.000000 \
#; 0.000000; -0.000000; -0.000000; 0.000000; -0.000000; 0.000000 \
#; 0.000000; -0.000000; -0.000000; 0.000000; -0.000000; -0.000000 \
#; 0.010179; 0.009854; 0.000000; 0.028756; 0.027837; -0.000000 \
#; -0.010179; -0.009854; 0.000000; 0.028756; 0.027837; 0.000000 \
# ]
#metaData: qpt=[-0.234272;0.234272;0.500000;4.521607 \
#; 0.000000; -0.000000; -0.018975; 0.000000; 0.000000; 0.000000 \
#; 0.000000; -0.000000; -0.018975; -0.000000; -0.000000; -0.000000 \
#; 0.013246; -0.013684; -0.007800; -0.000000; -0.000000; 0.000000 \
#; 0.013246; -0.013684; 0.007800; 0.000000; 0.000000; 0.000000 \
#; -0.041423; 0.042791; 0.000000; 0.000000; 0.000000; 0.000000 \
#; -0.041423; 0.042791; 0.000000; -0.000000; 0.000000; 0.000000 \
#; -0.000000; 0.000000; -0.020051; 0.000000; -0.000000; 0.017743 \
#; -0.000000; 0.000000; -0.020051; -0.000000; 0.000000; -0.017743 \
#; -0.002622; 0.002708; 0.030888; 0.000928; -0.000959; 0.087261 \
#; -0.002622; 0.002708; 0.030888; -0.000928; 0.000959; -0.087261 \
# ]
#metaData: qpt=[-0.234272;0.234272;0.500000;4.562140 \
#; 0.005003; -0.005169; 0.000000; 0.007747; 0.007500; -0.000000 \
#; 0.005003; -0.005169; 0.000000; -0.007747; -0.007500; -0.000000 \
#; 0.023274; -0.024043; 0.011431; -0.000000; 0.000000; -0.000000 \
#; -0.023274; 0.024043; 0.011431; 0.000000; -0.000000; -0.000000 \
#; 0.000000; -0.000000; 0.070254; 0.003129; 0.003029; -0.000000 \
#; 0.000000; -0.000000; 0.070254; -0.003129; -0.003029; -0.000000 \
#; -0.022984; 0.023743; 0.000000; 0.046289; -0.047817; -0.000000 \
#; -0.022984; 0.023743; 0.000000; -0.046289; 0.047817; 0.000000 \
#; 0.006522; -0.006738; -0.006835; 0.018427; -0.019035; 0.002419 \
#; 0.006522; -0.006738; -0.006835; -0.018427; 0.019035; -0.002419 \
# ]
#metaData: qpt=[-0.234272;0.234272;0.500000;4.832480 \
#; -0.000000; 0.000000; 0.013727; 0.000000; 0.000000; -0.000000 \
#; 0.000000; -0.000000; -0.013727; 0.000000; 0.000000; -0.000000 \
#; 0.000000; -0.000000; -0.000000; 0.001632; 0.001580; -0.000000 \
#; 0.000000; -0.000000; 0.000000; 0.001632; 0.001580; -0.000000 \
#; -0.000000; 0.000000; 0.045098; -0.020825; -0.020159; 0.000000 \
#; -0.000000; 0.000000; -0.045098; -0.020825; -0.020159; -0.000000 \
#; -0.000000; -0.000000; -0.000000; 0.000000; -0.000000; 0.000000 \
#; 0.000000; 0.000000; -0.000000; -0.000000; -0.000000; -0.000000 \
#; -0.026154; -0.025318; 0.000000; -0.073887; -0.071525; 0.000000 \
#; 0.026154; 0.025318; 0.000000; -0.073887; -0.071525; -0.000000 \
# ]
#metaData: qpt=[-0.234272;0.234272;0.500000;4.908280 \
#; -0.007171; 0.007408; -0.000000; 0.007760; 0.007512; -0.000000 \
#; 0.007171; -0.007408; 0.000000; 0.007760; 0.007512; -0.000000 \
#; -0.000000; -0.000000; -0.000000; 0.025037; 0.024237; 0.000000 \
#; 0.000000; 0.000000; 0.000000; -0.025037; -0.024237; 0.000000 \
#; 0.003338; -0.003448; -0.000000; 0.000000; 0.000000; 0.000000 \
#; -0.003338; 0.003448; 0.000000; 0.000000; 0.000000; 0.000000 \
#; -0.075730; -0.073309; -0.000000; -0.004807; -0.004654; 0.000000 \
#; 0.075730; 0.073309; -0.000000; -0.004807; -0.004654; -0.000000 \
#; -0.001983; -0.001920; 0.000000; 0.000702; 0.000680; 0.000000 \
#; 0.001983; 0.001920; 0.000000; 0.000702; 0.000680; -0.000000 \
# ]
#metaData: qpt=[-0.234272;0.234272;0.500000;5.056263 \
#; 0.000000; 0.000000; 0.005940; -0.000000; -0.000000; 0.000000 \
#; -0.000000; 0.000000; 0.005940; -0.000000; 0.000000; 0.000000 \
#; -0.039097; 0.040388; -0.014155; -0.000000; 0.000000; 0.000000 \
#; -0.039097; 0.040388; 0.014155; -0.000000; 0.000000; 0.000000 \
#; 0.029644; -0.030623; -0.000000; 0.000000; -0.000000; -0.000000 \
#; 0.029644; -0.030623; -0.000000; 0.000000; -0.000000; -0.000000 \
#; -0.000000; 0.000000; 0.003566; -0.000000; 0.000000; 0.010211 \
#; -0.000000; 0.000000; 0.003566; -0.000000; -0.000000; -0.010211 \
#; -0.011879; 0.012272; 0.020082; 0.004205; -0.004344; 0.056734 \
#; -0.011879; 0.012272; 0.020082; -0.004205; 0.004344; -0.056734 \
# ]
#metaData: qpt=[-0.234272;0.234272;0.500000;5.236799 \
#; 0.001316; -0.001359; 0.000000; -0.003167; -0.003066; -0.000000 \
#; 0.001316; -0.001359; 0.000000; 0.003167; 0.003066; -0.000000 \
#; -0.024285; 0.025087; -0.021535; 0.000000; -0.000000; 0.000000 \
#; 0.024285; -0.025087; -0.021535; -0.000000; 0.000000; 0.000000 \
#; 0.000000; -0.000000; 0.037842; 0.005949; 0.005758; -0.000000 \
#; 0.000000; -0.000000; 0.037842; -0.005949; -0.005758; -0.000000 \
#; 0.050038; -0.051690; 0.000000; 0.038570; -0.039843; 0.000000 \
#; 0.050038; -0.051690; 0.000000; -0.038570; 0.039843; -0.000000 \
#; -0.000506; 0.000523; -0.029097; -0.001431; 0.001478; 0.010300 \
#; -0.000506; 0.000523; -0.029097; 0.001431; -0.001478; -0.010300 \
# ]
#metaData: qpt=[-0.234272;0.234272;0.500000;5.382869 \
#; 0.004864; -0.005024; 0.000000; 0.007901; 0.007648; -0.000000 \
#; -0.004864; 0.005024; 0.000000; 0.007901; 0.007648; -0.000000 \
#; -0.000000; 0.000000; -0.000000; 0.004607; 0.004459; -0.000000 \
#; 0.000000; -0.000000; -0.000000; -0.004607; -0.004459; -0.000000 \
#; 0.003390; -0.003502; -0.000000; 0.000000; 0.000000; 0.000000 \
#; -0.003390; 0.003502; 0.000000; -0.000000; -0.000000; 0.000000 \
#; 0.010915; 0.010566; 0.000000; -0.085492; -0.082759; -0.000000 \
#; -0.010915; -0.010566; 0.000000; -0.085492; -0.082759; 0.000000 \
#; 0.012471; 0.012072; -0.000000; -0.004414; -0.004273; -0.000000 \
#; -0.012471; -0.012072; -0.000000; -0.004414; -0.004273; 0.000000 \
# ]
#metaData: qpt=[-0.234272;0.234272;0.500000;5.855194 \
#; -0.002704; 0.002794; -0.000000; -0.007708; -0.007462; 0.000000 \
#; 0.002704; -0.002794; 0.000000; -0.007708; -0.007462; -0.000000 \
#; 0.000000; -0.000000; 0.000000; 0.026429; 0.025584; -0.000000 \
#; 0.000000; -0.000000; 0.000000; -0.026429; -0.025584; -0.000000 \
#; 0.043722; -0.045166; 0.000000; 0.000000; 0.000000; -0.000000 \
#; -0.043722; 0.045166; -0.000000; 0.000000; 0.000000; -0.000000 \
#; 0.026425; 0.025581; -0.000000; -0.002994; -0.002898; -0.000000 \
#; -0.026425; -0.025581; -0.000000; -0.002994; -0.002898; 0.000000 \
#; -0.051878; -0.050219; -0.000000; 0.018363; 0.017776; -0.000000 \
#; 0.051878; 0.050219; 0.000000; 0.018363; 0.017776; -0.000000 \
# ]
#metaData: qpt=[-0.234272;0.234272;0.500000;5.996062 \
#; -0.000014; 0.000014; 0.000000; 0.003337; 0.003230; -0.000000 \
#; -0.000014; 0.000014; 0.000000; -0.003337; -0.003230; -0.000000 \
#; 0.031125; -0.032152; -0.017169; -0.000000; 0.000000; 0.000000 \
#; -0.031125; 0.032152; -0.017169; 0.000000; -0.000000; 0.000000 \
#; -0.000000; -0.000000; -0.009423; -0.006966; -0.006743; 0.000000 \
#; 0.000000; 0.000000; -0.009423; 0.006966; 0.006743; 0.000000 \
#; 0.035807; -0.036989; 0.000000; -0.023984; 0.024776; 0.000000 \
#; 0.035807; -0.036989; -0.000000; 0.023984; -0.024776; -0.000000 \
#; 0.002306; -0.002383; -0.065622; 0.006516; -0.006731; 0.023228 \
#; 0.002306; -0.002383; -0.065622; -0.006516; 0.006731; -0.023228 \
# ]
#metaData: qpt=[-0.234272;0.234272;0.500000;7.401057 \
#; 0.004818; -0.004977; 0.000000; -0.001086; -0.001051; -0.000000 \
#; -0.004818; 0.004977; -0.000000; -0.001086; -0.001051; 0.000000 \
#; 0.000000; -0.000000; -0.000000; -0.036905; -0.035725; 0.000000 \
#; -0.000000; 0.000000; -0.000000; 0.036905; 0.035725; 0.000000 \
#; 0.025516; -0.026359; 0.000000; 0.000000; 0.000000; -0.000000 \
#; -0.025516; 0.026359; 0.000000; 0.000000; 0.000000; -0.000000 \
#; -0.033886; -0.032802; 0.000000; -0.014996; -0.014517; -0.000000 \
#; 0.033886; 0.032802; 0.000000; -0.014996; -0.014517; -0.000000 \
#; -0.042123; -0.040777; 0.000000; 0.014910; 0.014434; -0.000000 \
#; 0.042123; 0.040777; 0.000000; 0.014910; 0.014434; 0.000000 \
# ]
#metaData: qpt=[-0.234272;0.234272;0.500000;7.589833 \
#; -0.004168; 0.004306; -0.000000; -0.001873; -0.001813; -0.000000 \
#; -0.004168; 0.004306; -0.000000; 0.001873; 0.001813; 0.000000 \
#; -0.004044; 0.004178; 0.060963; -0.000000; -0.000000; 0.000000 \
#; 0.004044; -0.004178; 0.060963; 0.000000; 0.000000; 0.000000 \
#; 0.000000; -0.000000; -0.037404; 0.001046; 0.001012; -0.000000 \
#; -0.000000; 0.000000; -0.037404; -0.001046; -0.001012; -0.000000 \
#; 0.016015; -0.016544; 0.000000; 0.019016; -0.019644; 0.000000 \
#; 0.016015; -0.016544; 0.000000; -0.019016; 0.019644; -0.000000 \
#; 0.000911; -0.000941; -0.042656; 0.002575; -0.002660; 0.015099 \
#; 0.000911; -0.000941; -0.042656; -0.002575; 0.002660; -0.015099 \
# ]
#metaData: qpt=[-0.234272;0.234272;0.500000;8.530727 \
#; 0.000000; -0.000000; -0.001006; -0.000000; -0.000000; 0.000000 \
#; -0.000000; 0.000000; 0.001006; 0.000000; -0.000000; -0.000000 \
#; -0.000000; 0.000000; 0.000000; 0.007859; 0.007608; 0.000000 \
#; -0.000000; 0.000000; -0.000000; 0.007859; 0.007608; -0.000000 \
#; -0.000000; 0.000000; -0.002126; -0.085879; -0.083134; 0.000000 \
#; -0.000000; 0.000000; 0.002126; -0.085879; -0.083134; 0.000000 \
#; -0.000000; 0.000000; 0.000000; 0.000000; -0.000000; -0.000000 \
#; -0.000000; 0.000000; 0.000000; -0.000000; 0.000000; 0.000000 \
#; 0.007429; 0.007191; 0.000000; 0.020986; 0.020315; 0.000000 \
#; -0.007429; -0.007191; 0.000000; 0.020986; 0.020315; -0.000000 \
# ]
#metaData: qpt=[-0.234272;0.234272;0.500000;8.616311 \
#; 0.001178; -0.001217; 0.000000; -0.000425; -0.000412; -0.000000 \
#; 0.001178; -0.001217; -0.000000; 0.000425; 0.000412; 0.000000 \
#; 0.006390; -0.006601; 0.001190; -0.000000; -0.000000; 0.000000 \
#; -0.006390; 0.006601; 0.001190; -0.000000; -0.000000; -0.000000 \
#; 0.000000; -0.000000; 0.005894; -0.052274; -0.050603; 0.000000 \
#; 0.000000; -0.000000; 0.005894; 0.052274; 0.050603; -0.000000 \
#; -0.002506; 0.002589; 0.000000; 0.016247; -0.016784; 0.000000 \
#; -0.002506; 0.002589; -0.000000; -0.016247; 0.016784; -0.000000 \
#; -0.022552; 0.023297; -0.002806; -0.063712; 0.065816; 0.000993 \
#; -0.022552; 0.023297; -0.002806; 0.063712; -0.065816; -0.000993 \
# ]
#metaData: qpt=[-0.234272;0.234272;0.500000;8.653547 \
#; -0.000000; -0.000000; 0.001016; 0.000000; 0.000000; -0.000000 \
#; 0.000000; -0.000000; 0.001016; -0.000000; -0.000000; -0.000000 \
#; 0.006143; -0.006345; -0.012839; 0.000000; 0.000000; 0.000000 \
#; 0.006143; -0.006345; 0.012839; 0.000000; 0.000000; -0.000000 \
#; 0.011701; -0.012088; -0.000000; -0.000000; -0.000000; -0.000000 \
#; 0.011701; -0.012088; 0.000000; -0.000000; -0.000000; -0.000000 \
#; 0.000000; -0.000000; -0.032426; -0.000000; 0.000000; 0.106282 \
#; -0.000000; -0.000000; -0.032426; 0.000000; -0.000000; -0.106282 \
#; -0.026321; 0.027190; -0.008563; 0.009317; -0.009624; -0.024192 \
#; -0.026321; 0.027190; -0.008563; -0.009317; 0.009624; 0.024192 \
# ]
#metaData: qpt=[-0.234272;0.234272;0.500000;9.056879 \
#; -0.000000; -0.000000; -0.000186; -0.000000; -0.000000; 0.000000 \
#; -0.000000; 0.000000; -0.000186; 0.000000; 0.000000; -0.000000 \
#; 0.006014; -0.006213; 0.007388; 0.000000; -0.000000; 0.000000 \
#; 0.006014; -0.006213; -0.007388; 0.000000; -0.000000; -0.000000 \
#; 0.010560; -0.010909; 0.000000; 0.000000; -0.000000; -0.000000 \
#; 0.010560; -0.010909; -0.000000; 0.000000; -0.000000; 0.000000 \
#; -0.000000; -0.000000; -0.054017; -0.000000; -0.000000; -0.054265 \
#; 0.000000; -0.000000; -0.054017; 0.000000; 0.000000; 0.054265 \
#; -0.062662; 0.064732; 0.000296; 0.022180; -0.022913; 0.000836 \
#; -0.062662; 0.064732; 0.000296; -0.022180; 0.022913; -0.000836 \
# ]
#metaData: qpt=[-0.234272;0.234272;0.500000;12.460610 \
#; -0.000000; 0.000000; 0.003783; 0.000000; 0.000000; -0.000000 \
#; 0.000000; 0.000000; 0.003783; -0.000000; -0.000000; 0.000000 \
#; -0.008488; 0.008768; -0.003011; 0.000000; -0.000000; 0.000000 \
#; -0.008488; 0.008768; 0.003011; -0.000000; 0.000000; 0.000000 \
#; -0.000557; 0.000575; -0.000000; 0.000000; 0.000000; 0.000000 \
#; -0.000557; 0.000575; -0.000000; -0.000000; -0.000000; 0.000000 \
#; 0.000000; -0.000000; -0.105700; 0.000000; -0.000000; -0.009559 \
#; 0.000000; -0.000000; -0.105700; -0.000000; -0.000000; 0.009559 \
#; 0.040076; -0.041399; -0.003068; -0.014186; 0.014654; -0.008667 \
#; 0.040076; -0.041399; -0.003068; 0.014186; -0.014654; 0.008667 \
# ]
#metaData: qpt=[-0.234272;0.234272;0.500000;12.522472 \
#; 0.000155; -0.000160; 0.000000; -0.003067; -0.002969; -0.000000 \
#; 0.000155; -0.000160; -0.000000; 0.003067; 0.002969; -0.000000 \
#; -0.009309; 0.009616; -0.002044; 0.000000; -0.000000; 0.000000 \
#; 0.009309; -0.009616; -0.002044; -0.000000; 0.000000; 0.000000 \
#; -0.000000; -0.000000; -0.000864; -0.071626; -0.069337; 0.000000 \
#; 0.000000; 0.000000; -0.000864; 0.071626; 0.069337; 0.000000 \
#; -0.004509; 0.004658; -0.000000; -0.002086; 0.002155; 0.000000 \
#; -0.004509; 0.004658; -0.000000; 0.002086; -0.002155; 0.000000 \
#; 0.016401; -0.016943; -0.003286; 0.046335; -0.047865; 0.001163 \
#; 0.016401; -0.016943; -0.003286; -0.046335; 0.047865; -0.001163 \
# ]
