# Phonopy generated file for v_sim 3.6
    7.125788583    0.000000000   10.019708833
    0.000000000    0.000000000    7.042128924
    0.316594495    7.514781625    0.066203515 Ba
    6.809194088    2.504927208    6.975925409 Ba
    3.879488786    7.514781625    3.454860947 Ba
    3.246299796    2.504927208    3.587267977 Ba
    3.562894291    0.000000000    0.000000000 Zr
    3.562894291    5.009854417    0.000000000 Zr
    0.000000000    0.000000000    3.521064462 Zr
    0.000000000    5.009854417    3.521064462 Zr
    5.079186380    0.323706455    5.020328363  S
    5.079186380    4.686147961    5.020328363  S
    2.046602202    9.696002378    2.021800561  S
    2.046602202    5.333560872    2.021800561  S
    5.609496494    9.696002378    1.499263901  S
    5.609496494    5.333560872    1.499263901  S
    1.516292089    0.323706455    5.542865023  S
    1.516292089    4.686147961    5.542865023  S
    3.518182954    7.514781625    6.607816528  S
    3.607605629    2.504927208    0.434312397  S
    7.081077245    7.514781625    3.955376859  S
    0.044711337    2.504927208    3.086752066  S
#metaData: qpt=[0.500000;0.500000;0.500000;1.379955 \
#; 0.000000; 0.007657; 0.008586; -0.000000; -0.004319; -0.006035 \
#; -0.012835; 0.000776; -0.015470; -0.020596; 0.002758; -0.002128 \
#; -0.009969; -0.001418; 0.012745; 0.006162; 0.003562; -0.007877 \
#; -0.002642; 0.000382; 0.015940; -0.026919; 0.001102; 0.052147 \
#; 0.018743; -0.011842; -0.012361; 0.004679; -0.004789; -0.009795 \
#; 0.002999; 0.002865; -0.005531; -0.014020; -0.006435; 0.000378 \
#; 0.010867; 0.000937; -0.021392; 0.008596; -0.002420; -0.005350 \
#; 0.004855; 0.001256; -0.003428; -0.000352; 0.004209; 0.015989 \
#; 0.008698; -0.006489; -0.006287; 0.002748; -0.004824; -0.005760 \
#; 0.002592; 0.007472; -0.003743; -0.005659; -0.007175; 0.001056 \
#; 0.008065; -0.003776; -0.007620; 0.001262; 0.000658; -0.003260 \
#; -0.000397; -0.001452; -0.001612; -0.007044; 0.003123; 0.001553 \
#; -0.003979; 0.002762; 0.001796; 0.003688; -0.005606; -0.006671 \
#; -0.001711; 0.004466; -0.005260; 0.001655; 0.001188; -0.000013 \
#; 0.003898; -0.001488; -0.000704; -0.007407; -0.003887; 0.008925 \
#; -0.002585; 0.006643; 0.007851; -0.003465; 0.000531; 0.002133 \
#; -0.000011; -0.000790; -0.002774; -0.000045; -0.004675; -0.011841 \
#; 0.005668; -0.001112; -0.034138; -0.007848; 0.000858; 0.023148 \
#; 0.002733; 0.001595; 0.004041; 0.003848; 0.000105; 0.005689 \
#; 0.010968; -0.000766; -0.005344; -0.000419; 0.000212; 0.012670 \
# ]
#metaData: qpt=[0.500000;0.500000;0.500000;1.379955 \
#; 0.000000; -0.004591; 0.024361; 0.000000; -0.001283; 0.004759 \
#; -0.006538; -0.003432; -0.000730; -0.011878; 0.005842; -0.033822 \
#; -0.026843; -0.004576; 0.034317; -0.006912; 0.002092; 0.008836 \
#; -0.007276; -0.001255; 0.015775; 0.021279; 0.002457; -0.016932 \
#; 0.006271; -0.001832; 0.003661; 0.002073; -0.001767; -0.003039 \
#; -0.008735; -0.010608; 0.024388; -0.001401; 0.003744; -0.016019 \
#; -0.003201; 0.003398; -0.007146; 0.002668; -0.000558; -0.002369 \
#; -0.021399; -0.006933; 0.009997; 0.014045; 0.006773; 0.001574 \
#; 0.004096; 0.002566; 0.001878; 0.003271; 0.008198; 0.000229 \
#; -0.002941; -0.003132; 0.012510; -0.002735; 0.000381; -0.002849 \
#; 0.001355; -0.007211; -0.000500; -0.001107; -0.008381; -0.002894 \
#; -0.003263; -0.004731; 0.008545; 0.000700; 0.002128; -0.009610 \
#; -0.003021; -0.000299; 0.001801; -0.001161; -0.000701; -0.003132 \
#; -0.008006; -0.001303; -0.001432; -0.009711; -0.003765; 0.002315 \
#; -0.000358; -0.001600; 0.000377; 0.001838; -0.003173; 0.003289 \
#; 0.004942; 0.005528; 0.002679; 0.010373; 0.005371; -0.001565 \
#; 0.000060; -0.001538; 0.015656; -0.000092; 0.001622; -0.024131 \
#; 0.003544; -0.003285; 0.018230; -0.004228; -0.000492; 0.006391 \
#; -0.002086; 0.001148; -0.003085; 0.010966; 0.002600; 0.016213 \
#; -0.008318; -0.001616; -0.024726; -0.003498; -0.000960; 0.001591 \
# ]
#metaData: qpt=[0.500000;0.500000;0.500000;1.379955 \
#; -0.038183; -0.000000; -0.048814; 0.000000; -0.000000; 0.000000 \
#; -0.000000; -0.001261; -0.000000; 0.000000; 0.003585; -0.000000 \
#; -0.000000; -0.000000; 0.034132; -0.000000; 0.000000; 0.002018 \
#; 0.000000; 0.002572; 0.000000; -0.000000; -0.008972; -0.000000 \
#; 0.010509; -0.003271; 0.005400; 0.014836; -0.004618; 0.007623 \
#; -0.014836; -0.004618; -0.007623; 0.010509; 0.003271; 0.005400 \
#; -0.004720; 0.005403; -0.011976; -0.006663; 0.007628; -0.016908 \
#; 0.006663; 0.007628; 0.016908; -0.004720; -0.005403; -0.011976 \
#; 0.003262; -0.002129; 0.000628; 0.006201; -0.004046; 0.001194 \
#; -0.006731; -0.004392; -0.001296; 0.001945; 0.001269; 0.000375 \
#; 0.006989; -0.001804; 0.001867; 0.007528; -0.001943; 0.002012 \
#; -0.005965; -0.001540; -0.001594; 0.008363; 0.002159; 0.002235 \
#; 0.001573; -0.009483; 0.009311; -0.000890; 0.005368; -0.005271 \
#; 0.001189; 0.007170; 0.007040; 0.001361; 0.008206; 0.008057 \
#; -0.003632; -0.002821; -0.006204; 0.003169; 0.002461; 0.005413 \
#; -0.002372; 0.001842; -0.004051; -0.004196; 0.003259; -0.007168 \
#; -0.005740; -0.000000; 0.008487; 0.014265; -0.000000; -0.021090 \
#; -0.000000; -0.002587; 0.000000; -0.000000; 0.000115; 0.000000 \
#; 0.000001; 0.000000; -0.000195; 0.000151; 0.000000; -0.039623 \
#; 0.000000; 0.004309; -0.000000; 0.000000; 0.001540; 0.000000 \
# ]
#metaData: qpt=[0.500000;0.500000;0.500000;1.379955 \
#; -0.000000; -0.001002; -0.017102; -0.000000; -0.000734; -0.012262 \
#; 0.006402; 0.004707; 0.014273; -0.025380; -0.003293; -0.044270 \
#; 0.018256; -0.007845; -0.023339; 0.014796; -0.000083; -0.018916 \
#; -0.006008; 0.001834; 0.003300; 0.013582; -0.001452; 0.005662 \
#; 0.006665; -0.000878; 0.007803; 0.001629; 0.006032; 0.024771 \
#; 0.011679; 0.005474; -0.000732; -0.006607; -0.000812; -0.007949 \
#; -0.006832; 0.005159; -0.007589; -0.021719; 0.010306; -0.001821 \
#; 0.000659; -0.003341; -0.013320; 0.006961; 0.005199; 0.007523 \
#; 0.004000; 0.000768; 0.001744; 0.002308; 0.000178; 0.010512 \
#; 0.008659; -0.004673; 0.001095; -0.001471; -0.000823; -0.002975 \
#; 0.002359; -0.002324; 0.003354; 0.000569; 0.003367; 0.009774 \
#; 0.002187; 0.008926; -0.003566; -0.003145; -0.005934; -0.000998 \
#; 0.011534; -0.001167; 0.002471; -0.002213; -0.000981; -0.003203 \
#; -0.003280; 0.001038; -0.003959; 0.001735; 0.001909; -0.005137 \
#; -0.008490; 0.008822; -0.003345; 0.003497; -0.006236; 0.004641 \
#; 0.002640; 0.004934; 0.003693; 0.000446; 0.004303; 0.005863 \
#; -0.000078; -0.000374; -0.020581; 0.000050; -0.000156; 0.013081 \
#; 0.010503; 0.002359; -0.000096; -0.001419; 0.001538; 0.003536 \
#; 0.005477; 0.000168; 0.008097; -0.007718; 0.004121; -0.011411 \
#; -0.005204; 0.000907; -0.034146; -0.002739; 0.001310; -0.010860 \
# ]
#metaData: qpt=[0.500000;0.500000;0.500000;1.521571 \
#; -0.000000; -0.005837; 0.003552; -0.000000; -0.002216; -0.004389 \
#; -0.000524; 0.004200; 0.003427; -0.026907; 0.006816; 0.026749 \
#; 0.010094; 0.032794; 0.005962; -0.011070; -0.016141; -0.006538 \
#; 0.009957; 0.006445; 0.005085; 0.028270; 0.009195; 0.006584 \
#; 0.007096; -0.002486; 0.014420; 0.007191; 0.002131; 0.003976 \
#; 0.007436; -0.002527; 0.003374; -0.010922; 0.003683; -0.005020 \
#; -0.027382; -0.017092; -0.005392; -0.008098; -0.006260; -0.004351 \
#; -0.007010; 0.005706; -0.004422; 0.010417; -0.008448; 0.006503 \
#; -0.006124; -0.014440; 0.000779; -0.002133; -0.008648; -0.000674 \
#; -0.000234; 0.015256; -0.000185; -0.001762; -0.021592; -0.001653 \
#; -0.009981; 0.004804; -0.002713; -0.002201; 0.005832; -0.002482 \
#; -0.000629; 0.001185; -0.000606; 0.008473; 0.027224; 0.007761 \
#; 0.003839; -0.002490; 0.002174; -0.003579; -0.000323; -0.006552 \
#; -0.005181; -0.000839; -0.002257; -0.003004; -0.002479; -0.000983 \
#; -0.000594; -0.009475; -0.003017; -0.000245; 0.021924; 0.010925 \
#; 0.001219; -0.012090; 0.004817; 0.000796; -0.012449; 0.004274 \
#; 0.000949; -0.000796; -0.003949; 0.001705; 0.001662; -0.007095 \
#; 0.031086; -0.000871; 0.000014; -0.014310; 0.001180; 0.004534 \
#; -0.013223; -0.003869; 0.006055; -0.010592; -0.006550; 0.004850 \
#; -0.029122; -0.002147; 0.029525; 0.009142; 0.001309; -0.004422 \
# ]
#metaData: qpt=[0.500000;0.500000;0.500000;1.521571 \
#; 0.000000; 0.028625; -0.007219; -0.000000; -0.003521; -0.007761 \
#; -0.001221; 0.013777; -0.002990; 0.022242; -0.006004; -0.005026 \
#; -0.017904; 0.005931; -0.010574; -0.021686; 0.005297; -0.012807 \
#; -0.008558; 0.018791; -0.005018; 0.022063; -0.009547; 0.021426 \
#; -0.012150; -0.008674; 0.004886; -0.006956; -0.002548; -0.002734 \
#; -0.014003; 0.013908; 0.014577; 0.010683; -0.006309; -0.001281 \
#; -0.007754; -0.001489; 0.006138; 0.005778; 0.004898; 0.004093 \
#; -0.025462; 0.011019; 0.006138; 0.001249; 0.001825; -0.005712 \
#; -0.002554; -0.003947; 0.003569; 0.006206; -0.025343; 0.006673 \
#; -0.007242; 0.009561; 0.005937; -0.003928; -0.008388; -0.002941 \
#; -0.002943; -0.001544; 0.003346; -0.002665; 0.024079; -0.002943 \
#; -0.005392; 0.017337; 0.005337; 0.003860; -0.002034; -0.003844 \
#; -0.004471; 0.010044; 0.000156; 0.005013; -0.007961; -0.003478 \
#; 0.005636; 0.009696; -0.002546; 0.005054; 0.009453; -0.008045 \
#; -0.000189; 0.015542; 0.003965; -0.001709; -0.012824; -0.000338 \
#; -0.000804; 0.013727; -0.002567; -0.003023; 0.004250; 0.005618 \
#; 0.003419; 0.001427; -0.014229; -0.001313; -0.005783; 0.005464 \
#; -0.020773; 0.001963; -0.023734; 0.008253; 0.001931; 0.003117 \
#; -0.023180; 0.000961; 0.010615; 0.021775; -0.001867; -0.009971 \
#; -0.027177; 0.001864; -0.000933; -0.011427; 0.004336; 0.004432 \
# ]
#metaData: qpt=[0.500000;0.500000;0.500000;1.521571 \
#; 0.000000; 0.008368; 0.009997; -0.000000; -0.024987; -0.004269 \
#; 0.013702; 0.001006; -0.000670; 0.020948; 0.015380; -0.012030 \
#; 0.027146; -0.012158; 0.016032; -0.009740; -0.004253; -0.005752 \
#; 0.019713; 0.002682; 0.017264; -0.000258; 0.021450; 0.007424 \
#; -0.018889; -0.014802; 0.010607; -0.000468; -0.000175; -0.000176 \
#; 0.003396; -0.006055; -0.009669; 0.012599; -0.004662; 0.004843 \
#; -0.017618; -0.005447; 0.009227; 0.000373; 0.000321; 0.000275 \
#; 0.017506; -0.009050; -0.000847; -0.010265; 0.008760; -0.007401 \
#; -0.006048; -0.003487; 0.005422; -0.003869; 0.016183; -0.002054 \
#; 0.006852; -0.000275; 0.000302; -0.004544; -0.018826; -0.006722 \
#; -0.002911; -0.022460; 0.008378; 0.003679; -0.013737; 0.001912 \
#; 0.004938; -0.000213; -0.001787; -0.001300; 0.016886; 0.000394 \
#; -0.000682; -0.002073; 0.000240; 0.008001; -0.012201; -0.006632 \
#; 0.006409; 0.010400; 0.001438; -0.001700; -0.005036; 0.004949 \
#; 0.000070; -0.003993; 0.000070; -0.003215; -0.011671; 0.002264 \
#; -0.000687; 0.023825; -0.005948; 0.001155; 0.007302; -0.005866 \
#; 0.000079; -0.004064; -0.000328; 0.003755; -0.003789; -0.015628 \
#; -0.017041; -0.002545; -0.003886; 0.020797; 0.001223; 0.020719 \
#; -0.012956; -0.001211; 0.005933; -0.029933; 0.002449; 0.013707 \
#; -0.003871; -0.004832; -0.010871; 0.024038; 0.000292; -0.002826 \
# ]
#metaData: qpt=[0.500000;0.500000;0.500000;1.521571 \
#; 0.042977; -0.000000; -0.025382; 0.000000; -0.000000; 0.000000 \
#; -0.000000; -0.010688; -0.000000; 0.000000; 0.030387; -0.000000 \
#; -0.000000; -0.000000; 0.016170; -0.000000; 0.000000; 0.000956 \
#; 0.000000; 0.006329; 0.000000; -0.000000; -0.022079; -0.000000 \
#; -0.014094; -0.007181; -0.000923; -0.019898; -0.010138; -0.001303 \
#; 0.019898; -0.010138; 0.001303; -0.014094; 0.007181; -0.000923 \
#; 0.003179; 0.005125; 0.007809; 0.004488; 0.007235; 0.011025 \
#; -0.004488; 0.007235; -0.011025; 0.003179; -0.005125; 0.007809 \
#; 0.001069; -0.005061; 0.003572; 0.002032; -0.009619; 0.006790 \
#; -0.002206; -0.010442; -0.007370; 0.000637; 0.003018; 0.002130 \
#; 0.000881; -0.000638; 0.004492; 0.000949; -0.000687; 0.004838 \
#; -0.000752; -0.000544; -0.003834; 0.001054; 0.000763; 0.005375 \
#; -0.002263; -0.027651; -0.005965; 0.001281; 0.015654; 0.003377 \
#; -0.001711; 0.020907; -0.004510; -0.001958; 0.023927; -0.005161 \
#; 0.008598; -0.010781; -0.000885; -0.007502; 0.009407; 0.000772 \
#; 0.005615; 0.007040; -0.000578; 0.009934; 0.012456; -0.001022 \
#; 0.018145; -0.000000; 0.008309; -0.045090; -0.000000; -0.020648 \
#; -0.000000; -0.007207; 0.000000; -0.000000; 0.000320; 0.000000 \
#; -0.000028; 0.000000; -0.000115; -0.005596; 0.000000; -0.023293 \
#; 0.000000; 0.003962; -0.000000; 0.000000; 0.001416; 0.000000 \
# ]
#metaData: qpt=[0.500000;0.500000;0.500000;1.893983 \
#; -0.034709; -0.000000; -0.015710; 0.000000; 0.000000; 0.000000 \
#; 0.000000; 0.002797; 0.000000; -0.000000; -0.007953; -0.000000 \
#; -0.000000; 0.000000; 0.013723; -0.000000; 0.000000; 0.000812 \
#; 0.000000; -0.005684; 0.000000; -0.000000; 0.019831; -0.000000 \
#; -0.021218; 0.005923; -0.011069; -0.029955; 0.008362; -0.015627 \
#; 0.029955; 0.008362; 0.015627; -0.021218; -0.005923; -0.011069 \
#; 0.007767; 0.004072; 0.022898; 0.010966; 0.005749; 0.032327 \
#; -0.010966; 0.005749; -0.032327; 0.007767; -0.004072; 0.022898 \
#; -0.001044; 0.003891; -0.000557; -0.001985; 0.007396; -0.001058 \
#; 0.002155; 0.008028; 0.001148; -0.000623; -0.002320; -0.000332 \
#; 0.000631; -0.001106; 0.001882; 0.000679; -0.001192; 0.002027 \
#; -0.000538; -0.000944; -0.001606; 0.000755; 0.001324; 0.002252 \
#; -0.009621; 0.006586; -0.004274; 0.005447; -0.003729; 0.002419 \
#; -0.007274; -0.004980; -0.003231; -0.008325; -0.005699; -0.003698 \
#; 0.004404; 0.001866; 0.006650; -0.003842; -0.001628; -0.005802 \
#; 0.002876; -0.001218; 0.004343; 0.005088; -0.002156; 0.007683 \
#; -0.008897; -0.000000; 0.001760; 0.022109; 0.000000; -0.004375 \
#; -0.000000; 0.003095; 0.000000; 0.000000; -0.000137; 0.000000 \
#; -0.000005; 0.000000; -0.000024; -0.000963; 0.000000; -0.004814 \
#; 0.000000; -0.000880; -0.000000; 0.000000; -0.000314; -0.000000 \
# ]
#metaData: qpt=[0.500000;0.500000;0.500000;1.893983 \
#; -0.000000; -0.002603; -0.002420; -0.000000; -0.007870; -0.006469 \
#; 0.029901; -0.010363; 0.012850; -0.001645; 0.000204; -0.001115 \
#; 0.005134; 0.005940; -0.002324; 0.016666; 0.016348; -0.007543 \
#; 0.001778; -0.004222; -0.012588; 0.000832; 0.000333; 0.000973 \
#; 0.013747; -0.006337; 0.017967; -0.021562; 0.010236; -0.029461 \
#; -0.032732; -0.004380; 0.003469; -0.021334; -0.002360; 0.004398 \
#; -0.014671; -0.000863; -0.013759; 0.024154; 0.001143; 0.021453 \
#; -0.006360; -0.009661; 0.037372; -0.006054; -0.006648; 0.024570 \
#; -0.001874; -0.000337; 0.001164; 0.002606; -0.000014; -0.001384 \
#; -0.001329; 0.001566; 0.004170; -0.002352; 0.001669; 0.005698 \
#; -0.001409; -0.001181; 0.001120; 0.003023; 0.003078; -0.002866 \
#; -0.007487; -0.010599; 0.001734; -0.002103; -0.002504; 0.000757 \
#; -0.003574; -0.002476; -0.007092; -0.002683; -0.002282; -0.005639 \
#; -0.002350; 0.000960; -0.002774; 0.004862; -0.001447; 0.005638 \
#; 0.009565; -0.009593; 0.003185; 0.004816; -0.004974; 0.001464 \
#; 0.005197; 0.001406; 0.002848; -0.006672; -0.001962; -0.003745 \
#; 0.000483; -0.002718; -0.002418; 0.000012; 0.000001; -0.000060 \
#; 0.008706; -0.000184; -0.001693; 0.018679; -0.000432; -0.003956 \
#; 0.011195; 0.000570; 0.002215; -0.004250; -0.000339; -0.000841 \
#; -0.000690; -0.000023; -0.000336; 0.000352; -0.001556; -0.003915 \
# ]
#metaData: qpt=[0.500000;0.500000;0.500000;1.893983 \
#; -0.000000; 0.006791; -0.008805; 0.000000; 0.013329; -0.003318 \
#; -0.007263; -0.009082; 0.005417; 0.010192; 0.010812; 0.004941 \
#; 0.021697; -0.005735; -0.009820; 0.009676; 0.002706; -0.004380 \
#; -0.021989; -0.003444; 0.012586; 0.000471; 0.004630; -0.004413 \
#; 0.001504; -0.002711; 0.010680; 0.028155; 0.004719; -0.039635 \
#; 0.010359; 0.004611; 0.012828; 0.003152; -0.005152; -0.024404 \
#; -0.009386; 0.001339; -0.000636; 0.038194; -0.014337; -0.035799 \
#; -0.010420; 0.000767; -0.010439; 0.022103; 0.004889; -0.005998 \
#; -0.004529; 0.003721; 0.001254; 0.008593; -0.001133; -0.009170 \
#; -0.000471; 0.003739; 0.003314; 0.005537; 0.004141; -0.002122 \
#; 0.001379; -0.004099; 0.001711; 0.010937; -0.006125; -0.007575 \
#; -0.002134; -0.003431; -0.002181; 0.004874; 0.000522; -0.003894 \
#; 0.001642; 0.003625; 0.001777; -0.001561; 0.003593; 0.000072 \
#; -0.001415; -0.002010; -0.001613; -0.000105; 0.006360; -0.005301 \
#; -0.002674; -0.002009; -0.000880; 0.000840; 0.001386; 0.001955 \
#; 0.000755; 0.000802; 0.001486; 0.005823; 0.009057; -0.000361 \
#; 0.000446; 0.001278; -0.002229; -0.000485; -0.000832; 0.002427 \
#; -0.008560; -0.000608; 0.002685; -0.002588; -0.000199; 0.003270 \
#; 0.005677; 0.001780; 0.001123; -0.015292; -0.000266; -0.003026 \
#; 0.000924; -0.001617; 0.001536; -0.014885; -0.001372; -0.001971 \
# ]
#metaData: qpt=[0.500000;0.500000;0.500000;1.893983 \
#; 0.000000; 0.012368; 0.006081; 0.000000; 0.007154; -0.003971 \
#; -0.002652; -0.002593; 0.005603; -0.012013; -0.010586; -0.013575 \
#; -0.015919; 0.012376; 0.007205; 0.009101; -0.000847; -0.004119 \
#; -0.015934; -0.001313; 0.008541; 0.021524; -0.004256; -0.005054 \
#; -0.015944; 0.001273; 0.005407; 0.002362; 0.005299; -0.024502 \
#; 0.007577; -0.008033; -0.039875; 0.002738; 0.008196; 0.033524 \
#; -0.006417; 0.005317; 0.018575; 0.022111; -0.004686; -0.005114 \
#; 0.036356; 0.008662; -0.012545; -0.029658; -0.004753; 0.000244 \
#; -0.001340; -0.002375; 0.004442; 0.007126; -0.006721; -0.000994 \
#; 0.010740; 0.005354; -0.006164; -0.001929; 0.001011; 0.002514 \
#; -0.004719; 0.007463; -0.000481; 0.002549; 0.003515; -0.005782 \
#; 0.003928; -0.001609; -0.005780; -0.007563; 0.000029; 0.006821 \
#; -0.002927; 0.006342; 0.000082; 0.002523; -0.001001; 0.001303 \
#; 0.002119; 0.000605; 0.004073; 0.002093; 0.005544; 0.000449 \
#; 0.000159; 0.001586; 0.002680; -0.002354; -0.002126; -0.003022 \
#; -0.004378; -0.006078; -0.001298; -0.001720; -0.002079; -0.002653 \
#; 0.000099; 0.000675; -0.000495; 0.000499; 0.000550; -0.002495 \
#; 0.006266; 0.000401; 0.002154; -0.004998; -0.000288; 0.002090 \
#; 0.006935; 0.000651; 0.001372; 0.010508; -0.002523; 0.002079 \
#; -0.014382; 0.001592; -0.004448; -0.011791; -0.000382; -0.001988 \
# ]
#metaData: qpt=[0.500000;0.500000;0.500000;2.079331 \
#; 0.035877; -0.000000; -0.021979; 0.000000; 0.000000; 0.000000 \
#; 0.000000; 0.016573; 0.000000; -0.000000; -0.047118; -0.000000 \
#; -0.000000; 0.000000; 0.012179; -0.000000; 0.000000; 0.000720 \
#; 0.000000; -0.011744; 0.000000; -0.000000; 0.040970; -0.000000 \
#; 0.007147; -0.005379; -0.005716; 0.010090; -0.007595; -0.008070 \
#; -0.010090; -0.007595; 0.008070; 0.007147; 0.005379; -0.005716 \
#; -0.000917; 0.004028; -0.000511; -0.001294; 0.005687; -0.000722 \
#; 0.001294; 0.005687; 0.000722; -0.000917; -0.004028; -0.000511 \
#; -0.001212; 0.006495; -0.002891; -0.002303; 0.012345; -0.005494 \
#; 0.002500; 0.013401; 0.005964; -0.000723; -0.003873; -0.001724 \
#; -0.000662; 0.001291; -0.001450; -0.000713; 0.001391; -0.001562 \
#; 0.000565; 0.001102; 0.001238; -0.000792; -0.001545; -0.001736 \
#; 0.004316; -0.011748; -0.004978; -0.002443; 0.006651; 0.002818 \
#; 0.003263; 0.008883; -0.003764; 0.003735; 0.010166; -0.004308 \
#; -0.006986; 0.000585; 0.007796; 0.006096; -0.000510; -0.006802 \
#; -0.004562; -0.000382; 0.005091; -0.008071; -0.000676; 0.009007 \
#; 0.008258; -0.000000; 0.005758; -0.020521; 0.000000; -0.014308 \
#; 0.000000; -0.003236; 0.000000; 0.000000; 0.000144; 0.000000 \
#; -0.000025; 0.000000; -0.000060; -0.004996; 0.000000; -0.012269 \
#; 0.000000; 0.003264; -0.000000; 0.000000; 0.001166; -0.000000 \
# ]
#metaData: qpt=[0.500000;0.500000;0.500000;2.079331 \
#; 0.000000; 0.028459; 0.004752; -0.000000; -0.013247; 0.004511 \
#; -0.017251; 0.020376; 0.016568; -0.010433; -0.010433; 0.001607 \
#; 0.013169; 0.019334; 0.008067; 0.014069; 0.041331; 0.008619 \
#; 0.016784; 0.023116; 0.004217; -0.015090; -0.013615; -0.012439 \
#; -0.006549; 0.005578; 0.005195; 0.002620; -0.001415; -0.002133 \
#; 0.000934; -0.005994; -0.001192; 0.006306; 0.004511; -0.005059 \
#; -0.000572; -0.002545; -0.000655; -0.001548; 0.002461; -0.001152 \
#; -0.014695; -0.012356; -0.011667; -0.001322; -0.003970; -0.000859 \
#; -0.000593; -0.001549; -0.000088; 0.001531; 0.008361; 0.001430 \
#; -0.007463; -0.008618; -0.008485; -0.003692; -0.003586; -0.004739 \
#; 0.000128; -0.006541; 0.001731; -0.003820; -0.002724; -0.005122 \
#; -0.008997; -0.012887; -0.011398; 0.001661; -0.004190; 0.000509 \
#; 0.000458; 0.007645; 0.001021; 0.005016; -0.000274; -0.005642 \
#; 0.004778; 0.001726; -0.005638; -0.000416; 0.009470; -0.002150 \
#; -0.002157; 0.010021; 0.003581; -0.002585; 0.007117; 0.003154 \
#; -0.002289; -0.005357; 0.002194; -0.001121; -0.006157; 0.003598 \
#; -0.002440; -0.000249; 0.005993; 0.001116; 0.002293; -0.002740 \
#; -0.000738; -0.001406; 0.008110; -0.013817; -0.001220; -0.004753 \
#; 0.008137; -0.002981; -0.005673; -0.008657; 0.001344; 0.006036 \
#; 0.010088; -0.000785; -0.002415; 0.008527; -0.001552; -0.013497 \
# ]
#metaData: qpt=[0.500000;0.500000;0.500000;2.079331 \
#; -0.000000; 0.003855; -0.007276; 0.000000; 0.020000; 0.002791 \
#; 0.004692; 0.000766; 0.001023; 0.017225; 0.027213; -0.016558 \
#; -0.021843; 0.046168; -0.013382; 0.006932; -0.002434; 0.004246 \
#; 0.010398; 0.002778; 0.008308; -0.018308; 0.031783; -0.005463 \
#; 0.004592; 0.000866; -0.003960; 0.000685; 0.004679; -0.000893 \
#; 0.001809; 0.000260; -0.001520; -0.006278; -0.006540; 0.004900 \
#; -0.009996; 0.010223; -0.007816; -0.011394; 0.009563; -0.009048 \
#; -0.002630; -0.002966; -0.002038; -0.003145; 0.000331; -0.002695 \
#; -0.005592; 0.003146; -0.006728; -0.006952; 0.008447; -0.008106 \
#; 0.001509; -0.008117; 0.001245; -0.003070; 0.000780; -0.003019 \
#; -0.006768; 0.014741; -0.009265; -0.006422; 0.005700; -0.007576 \
#; -0.003339; 0.001709; -0.003721; 0.001790; -0.001110; 0.003527 \
#; 0.000149; 0.008475; 0.002123; -0.003253; -0.002833; 0.002583 \
#; -0.004315; 0.002339; 0.004509; -0.000071; 0.006597; -0.001328 \
#; 0.000676; -0.003501; -0.002263; 0.000659; 0.001878; 0.001324 \
#; 0.003346; 0.012610; -0.005277; 0.001587; 0.007536; -0.002565 \
#; 0.000052; -0.001536; -0.000127; -0.003191; 0.000083; 0.007836 \
#; -0.011650; 0.002030; 0.000949; 0.006086; -0.000884; 0.006017 \
#; 0.005126; 0.000549; -0.003574; 0.013167; 0.003264; -0.009180 \
#; 0.008453; 0.002068; -0.013467; 0.007761; -0.000048; -0.003389 \
# ]
#metaData: qpt=[0.500000;0.500000;0.500000;2.079331 \
#; -0.000000; -0.049392; 0.004345; 0.000000; 0.021711; 0.005128 \
#; -0.001437; 0.021936; 0.002624; 0.023663; -0.008374; -0.008527 \
#; 0.011865; 0.005966; 0.007269; 0.015808; 0.007493; 0.009685 \
#; 0.006156; 0.025083; 0.003759; 0.017222; -0.011315; 0.018612 \
#; 0.006916; -0.007196; -0.005399; 0.006228; -0.008729; -0.004713 \
#; 0.004535; 0.001292; -0.003768; -0.007351; -0.009108; 0.005642 \
#; 0.003446; 0.000381; 0.002954; 0.007996; -0.003628; 0.006554 \
#; -0.005199; -0.006304; -0.004000; -0.006838; -0.002172; -0.005667 \
#; -0.000094; -0.005128; -0.000498; 0.005403; -0.002569; 0.005572 \
#; -0.003235; 0.002838; -0.004138; -0.004473; -0.004979; -0.004699 \
#; 0.002835; 0.008382; 0.001285; 0.002761; -0.002685; 0.002051 \
#; -0.003313; -0.010504; -0.004532; -0.002879; 0.008907; -0.001147 \
#; 0.005360; -0.004326; -0.007229; -0.005382; 0.006458; 0.007336 \
#; -0.006512; -0.007510; 0.008994; -0.003105; -0.000868; 0.003279 \
#; -0.003315; 0.012677; 0.005689; 0.003017; -0.007273; -0.003716 \
#; 0.003279; 0.009888; -0.004861; 0.001165; -0.000537; 0.000097 \
#; -0.002612; -0.000195; 0.006415; 0.000867; -0.003845; -0.002128 \
#; -0.011865; -0.001298; -0.014582; 0.003049; -0.001401; 0.007093 \
#; 0.009259; -0.000331; -0.006456; -0.007924; 0.000863; 0.005525 \
#; -0.014134; -0.000628; -0.000532; 0.002892; -0.001670; -0.002699 \
# ]
#metaData: qpt=[0.500000;0.500000;0.500000;3.615177 \
#; 0.000000; 0.008088; 0.007206; 0.000000; 0.004918; -0.003624 \
#; -0.008485; 0.000382; 0.000649; 0.007150; 0.002972; -0.001012 \
#; 0.012892; 0.005195; 0.012381; -0.005557; 0.003887; -0.005336 \
#; -0.012428; 0.001394; -0.016559; 0.010944; 0.007376; 0.014899 \
#; 0.001392; 0.005036; 0.004987; 0.004889; 0.006506; 0.008404 \
#; 0.003738; -0.001235; 0.003380; 0.000774; -0.004881; 0.004468 \
#; 0.003336; -0.003642; 0.000850; 0.005036; -0.010166; 0.005087 \
#; 0.001617; 0.006894; 0.004591; 0.003098; 0.002515; 0.000083 \
#; -0.000405; -0.013970; -0.001763; 0.023723; 0.030482; 0.016891 \
#; 0.020325; -0.045986; 0.016512; 0.007801; -0.002271; 0.004833 \
#; 0.018772; 0.032422; 0.015175; 0.006919; -0.000538; 0.000951 \
#; -0.003171; 0.018422; -0.007444; 0.020047; -0.041751; 0.019296 \
#; 0.005876; -0.008502; -0.009640; -0.000917; -0.006253; 0.003186 \
#; 0.000456; -0.008857; -0.002931; -0.004537; -0.014990; 0.005544 \
#; -0.018405; -0.036476; 0.020915; 0.005992; 0.004855; -0.009106 \
#; -0.002906; -0.000616; 0.005756; 0.015842; -0.038859; -0.015314 \
#; -0.001928; -0.009637; 0.001042; -0.023051; 0.006946; 0.012454 \
#; 0.006377; 0.007389; 0.024543; 0.002232; -0.004137; 0.013650 \
#; 0.019487; 0.001857; -0.007662; 0.038274; -0.003399; -0.015049 \
#; 0.042693; 0.002375; -0.005854; 0.054123; -0.000293; -0.008177 \
# ]
#metaData: qpt=[0.500000;0.500000;0.500000;3.615177 \
#; 0.000000; 0.000891; 0.000227; 0.000000; 0.007821; -0.000241 \
#; -0.019666; 0.000056; 0.026536; -0.004522; 0.000109; 0.006127 \
#; 0.000419; -0.000594; 0.000403; -0.000395; -0.011602; -0.000379 \
#; 0.013474; 0.000157; 0.001507; 0.002315; 0.000265; 0.000296 \
#; -0.002963; 0.008059; 0.004685; 0.002701; -0.006932; -0.003933 \
#; 0.002687; 0.006996; -0.003995; 0.003063; 0.007603; -0.004250 \
#; 0.004117; 0.003340; -0.005335; -0.003506; -0.003141; 0.004785 \
#; -0.003548; 0.003101; 0.004779; -0.003822; 0.003624; 0.005378 \
#; 0.017976; 0.037989; 0.019156; -0.012059; -0.026148; -0.012952 \
#; -0.008260; 0.017467; -0.008816; -0.019897; 0.043423; -0.021390 \
#; 0.004913; -0.008522; 0.006472; -0.004735; 0.011630; -0.006691 \
#; -0.005308; -0.013698; -0.007583; -0.002235; -0.008991; -0.003591 \
#; -0.000094; -0.009726; 0.003726; -0.000219; -0.013786; 0.005402 \
#; -0.000083; 0.010955; 0.004186; 0.000140; -0.012329; -0.004752 \
#; -0.020391; -0.034244; 0.015348; -0.018526; -0.031391; 0.013760 \
#; -0.022499; 0.037496; 0.017073; 0.016177; -0.027250; -0.012134 \
#; -0.000397; 0.004625; 0.000214; -0.000862; 0.001309; 0.000466 \
#; 0.013069; 0.000227; 0.001926; 0.083241; -0.000263; 0.011949 \
#; 0.001287; 0.014404; -0.000506; 0.001203; -0.001688; -0.000473 \
#; 0.002093; 0.000087; -0.007926; -0.008318; -0.000045; 0.033483 \
# ]
#metaData: qpt=[0.500000;0.500000;0.500000;3.615177 \
#; -0.000000; 0.000211; -0.010073; 0.000000; 0.006739; -0.005439 \
#; -0.007574; 0.003148; 0.000874; -0.002599; -0.002860; 0.000753 \
#; -0.016943; 0.000170; -0.016272; -0.010485; 0.004466; -0.010069 \
#; -0.011300; 0.007449; -0.015284; -0.002370; -0.007617; -0.003510 \
#; -0.002675; -0.002915; -0.004073; 0.000127; -0.006138; -0.004921 \
#; 0.003582; -0.009684; 0.010165; 0.002254; -0.000988; 0.002236 \
#; -0.002370; 0.005411; -0.002904; -0.003637; 0.001218; 0.001316 \
#; 0.006627; 0.008605; 0.002804; 0.001120; 0.004215; 0.002723 \
#; -0.013351; -0.022525; -0.009968; 0.005650; 0.032538; 0.006702 \
#; 0.008193; 0.008499; 0.003944; 0.015377; -0.020845; 0.010982 \
#; -0.006980; -0.006763; -0.003442; -0.027721; -0.058041; -0.026476 \
#; 0.025608; -0.039150; 0.019052; -0.012772; 0.028109; -0.013022 \
#; -0.000006; -0.014724; 0.003318; 0.003079; -0.007503; -0.004322 \
#; 0.002156; 0.008878; -0.002192; -0.004409; 0.003894; 0.009570 \
#; -0.004204; -0.020910; 0.000382; -0.010350; -0.019395; 0.011888 \
#; -0.010818; 0.023318; 0.011376; 0.010682; -0.011081; -0.015841 \
#; -0.025255; -0.007902; 0.013644; 0.020977; -0.002626; -0.011333 \
#; -0.000942; -0.010818; 0.001698; 0.005571; -0.005236; 0.019827 \
#; 0.028697; 0.002867; -0.011283; -0.053780; 0.000091; 0.021146 \
#; -0.013791; -0.002272; 0.001368; 0.046493; -0.002526; -0.006651 \
# ]
#metaData: qpt=[0.500000;0.500000;0.500000;3.615177 \
#; -0.024381; 0.000000; 0.023414; -0.000000; -0.000000; -0.000000 \
#; -0.000000; 0.004326; -0.000000; -0.000000; -0.012298; -0.000000 \
#; 0.000000; 0.000000; -0.013983; -0.000000; 0.000000; -0.000827 \
#; -0.000000; -0.001434; -0.000000; 0.000000; 0.005003; 0.000000 \
#; -0.003656; 0.003500; 0.000530; -0.005162; 0.004941; 0.000749 \
#; 0.005162; 0.004941; -0.000749; -0.003656; -0.003500; 0.000530 \
#; 0.001231; 0.005637; -0.005374; 0.001738; 0.007958; -0.007587 \
#; -0.001738; 0.007958; 0.007587; 0.001231; -0.005637; -0.005374 \
#; 0.002465; -0.001564; 0.005090; 0.004685; -0.002973; 0.009674 \
#; -0.005085; -0.003227; -0.010502; 0.001470; 0.000933; 0.003035 \
#; 0.001620; 0.008463; 0.005100; 0.001745; 0.009117; 0.005494 \
#; -0.001382; 0.007223; -0.004353; 0.001938; -0.010127; 0.006103 \
#; -0.030455; -0.056124; 0.026267; 0.017241; 0.031773; -0.014870 \
#; -0.023027; 0.042435; 0.019860; -0.026354; 0.048566; 0.022730 \
#; 0.002524; -0.016901; 0.000288; -0.002202; 0.014747; -0.000251 \
#; 0.001648; 0.011037; 0.000188; 0.002916; 0.019527; 0.000333 \
#; 0.027845; -0.000000; 0.010949; -0.069197; 0.000000; -0.027208 \
#; 0.000000; -0.004153; 0.000000; -0.000000; 0.000184; -0.000000 \
#; -0.000198; -0.000000; -0.000107; -0.040172; -0.000000; -0.021704 \
#; 0.000000; 0.013849; -0.000000; 0.000000; 0.004948; -0.000000 \
# ]
#metaData: qpt=[0.500000;0.500000;0.500000;3.889330 \
#; 0.009808; 0.000000; 0.009330; -0.000000; 0.000000; -0.000000 \
#; -0.000000; -0.004142; -0.000000; -0.000000; 0.011774; -0.000000 \
#; 0.000000; -0.000000; 0.008376; -0.000000; 0.000000; 0.000495 \
#; -0.000000; 0.000767; -0.000000; 0.000000; -0.002675; 0.000000 \
#; 0.005284; 0.007404; 0.001661; 0.007460; 0.010453; 0.002346 \
#; -0.007460; 0.010453; -0.002346; 0.005284; -0.007404; 0.001661 \
#; 0.002492; 0.014464; 0.001782; 0.003518; 0.020420; 0.002516 \
#; -0.003518; 0.020420; -0.002516; 0.002492; -0.014464; 0.001782 \
#; 0.013096; 0.036397; 0.013659; 0.024893; 0.069180; 0.025961 \
#; -0.027022; 0.075097; -0.028182; 0.007809; -0.021703; 0.008144 \
#; 0.005890; 0.023606; 0.008433; 0.006344; 0.025429; 0.009084 \
#; -0.005027; 0.020148; -0.007197; 0.007048; -0.028248; 0.010091 \
#; 0.008091; -0.011185; -0.003106; -0.004580; 0.006332; 0.001758 \
#; 0.006118; 0.008457; -0.002349; 0.007001; 0.009679; -0.002688 \
#; -0.001864; 0.014697; -0.002927; 0.001626; -0.012823; 0.002554 \
#; -0.001217; -0.009597; -0.001911; -0.002154; -0.016980; -0.003382 \
#; -0.015730; -0.000000; -0.004746; 0.039089; 0.000000; 0.011795 \
#; 0.000000; 0.013877; 0.000000; 0.000000; -0.000616; 0.000000 \
#; -0.000207; -0.000000; -0.000016; -0.041986; -0.000000; -0.003281 \
#; 0.000000; 0.023062; -0.000000; 0.000000; 0.008240; -0.000000 \
# ]
#metaData: qpt=[0.500000;0.500000;0.500000;3.889330 \
#; 0.000000; 0.003338; 0.006071; -0.000000; -0.007536; 0.001265 \
#; 0.004076; -0.001064; 0.006334; 0.004259; 0.001760; 0.004745 \
#; 0.006997; -0.000856; -0.006655; 0.001895; -0.002354; -0.001803 \
#; 0.002915; -0.004298; 0.000923; 0.000641; 0.008162; 0.002821 \
#; 0.003141; -0.005696; 0.003349; -0.002903; -0.013302; 0.001246 \
#; 0.002939; -0.020608; -0.002931; -0.005686; 0.009074; -0.001529 \
#; 0.007426; 0.021690; 0.000304; 0.004067; 0.004025; -0.001670 \
#; -0.008321; 0.013333; 0.002225; -0.002030; 0.014130; -0.002000 \
#; 0.008122; 0.013542; 0.007586; 0.000207; -0.012142; -0.003438 \
#; -0.001806; -0.019584; 0.003887; -0.007636; 0.017896; -0.008558 \
#; 0.020318; 0.036167; 0.017496; 0.000680; -0.016778; -0.001743 \
#; -0.013525; 0.009768; -0.009110; -0.010713; 0.044933; -0.013206 \
#; -0.001487; -0.010891; 0.003742; 0.007634; 0.039450; -0.012601 \
#; 0.001501; -0.015681; -0.004111; -0.011233; 0.041978; 0.014841 \
#; 0.017643; 0.041040; -0.016775; -0.006639; -0.043294; 0.011222 \
#; 0.009695; -0.001000; -0.005574; 0.020987; -0.061147; -0.022614 \
#; -0.017214; -0.001575; 0.001345; 0.025818; 0.003938; -0.002018 \
#; 0.009070; -0.017864; 0.003255; -0.035777; -0.002904; -0.005970 \
#; -0.006204; 0.017379; 0.001872; 0.030516; 0.006303; -0.009208 \
#; -0.014766; 0.008759; -0.002502; 0.005037; 0.005354; 0.005074 \
# ]
#metaData: qpt=[0.500000;0.500000;0.500000;3.889330 \
#; 0.000000; 0.002752; -0.002053; -0.000000; -0.003015; 0.000845 \
#; 0.001940; -0.000039; 0.000222; 0.004570; -0.000735; -0.002346 \
#; -0.002454; -0.010000; 0.002334; 0.000845; 0.005952; -0.000804 \
#; -0.002357; -0.000368; 0.004129; -0.007698; -0.003282; 0.011128 \
#; 0.008774; 0.031019; -0.001619; 0.002903; 0.012506; -0.001060 \
#; 0.001684; -0.005430; -0.000188; -0.006846; 0.019827; 0.000241 \
#; -0.006885; -0.000259; 0.004360; -0.003598; -0.002994; 0.001611 \
#; -0.001013; -0.000629; 0.000798; 0.002796; 0.005470; -0.003075 \
#; -0.003041; 0.029686; 0.004133; -0.002657; 0.014430; 0.001361 \
#; -0.002191; -0.012042; 0.000557; 0.001627; 0.019742; -0.002494 \
#; 0.009987; 0.058051; 0.017034; -0.000346; 0.008603; 0.001611 \
#; -0.001236; 0.004820; -0.001427; -0.014503; 0.051969; -0.018848 \
#; 0.012452; 0.032192; -0.012519; -0.023477; -0.054769; 0.022075 \
#; -0.021405; 0.043698; 0.018275; -0.005421; 0.012307; 0.004888 \
#; -0.005800; -0.016285; 0.006453; 0.018170; 0.039436; -0.018526 \
#; 0.004922; -0.002810; -0.004636; 0.000152; 0.001645; -0.000468 \
#; -0.000090; 0.006327; 0.000007; -0.011109; 0.026314; 0.000868 \
#; -0.012934; 0.005876; 0.006749; 0.004979; -0.002731; -0.006111 \
#; -0.004296; 0.002142; 0.001296; -0.010287; -0.000414; 0.003104 \
#; -0.053256; -0.003671; 0.008622; 0.016197; 0.000175; -0.001769 \
# ]
#metaData: qpt=[0.500000;0.500000;0.500000;3.889330 \
#; 0.000000; 0.006101; 0.003577; 0.000000; 0.006458; -0.003772 \
#; -0.005323; 0.000786; -0.009111; 0.002909; 0.001534; 0.002500 \
#; 0.004435; 0.000067; -0.004218; -0.004154; 0.004673; 0.003952 \
#; -0.004741; 0.003927; 0.000111; -0.000033; 0.006661; 0.002784 \
#; -0.001985; -0.008637; 0.000745; 0.003618; -0.003724; 0.003194 \
#; 0.004378; -0.000685; 0.002651; -0.003302; 0.022054; 0.003036 \
#; 0.002510; 0.002156; -0.001108; 0.006884; 0.021307; 0.000562 \
#; 0.005273; -0.019050; 0.001069; 0.008701; -0.013553; -0.002418 \
#; -0.003108; -0.012383; -0.005454; 0.008691; 0.013260; 0.007963 \
#; 0.006477; -0.021600; 0.008912; 0.007519; 0.006660; 0.002673 \
#; 0.005408; -0.002270; 0.003479; 0.018475; 0.040220; 0.016564 \
#; 0.019207; -0.036808; 0.016368; 0.002286; 0.021517; -0.002406 \
#; -0.009434; -0.043742; 0.014247; -0.004061; -0.008408; 0.003073 \
#; -0.012792; 0.042371; 0.015483; 0.009621; -0.042784; -0.013947 \
#; -0.001529; 0.023979; -0.003555; -0.015200; -0.039059; 0.014902 \
#; 0.018618; -0.060551; -0.021386; 0.006870; 0.007913; -0.002313 \
#; 0.010826; 0.004051; -0.000846; 0.023652; 0.005084; -0.001848 \
#; 0.026449; -0.009942; 0.005580; 0.035838; 0.011460; 0.003487 \
#; 0.019028; -0.016532; -0.005742; 0.017870; 0.013149; -0.005392 \
#; -0.013782; 0.007678; -0.000529; -0.002533; -0.003887; -0.007916 \
# ]
#metaData: qpt=[0.500000;0.500000;0.500000;4.446374 \
#; -0.000000; -0.002451; -0.006717; 0.000000; 0.001997; -0.001141 \
#; 0.004629; 0.000918; 0.002784; 0.012189; -0.001654; 0.006772 \
#; -0.009438; -0.001490; 0.007004; -0.002184; 0.001182; 0.001621 \
#; -0.001115; -0.000806; 0.004583; -0.003172; 0.001679; 0.010719 \
#; -0.006458; 0.002485; -0.001911; -0.001564; 0.003226; 0.001508 \
#; -0.001802; 0.002457; -0.002898; 0.006573; -0.000246; 0.004028 \
#; 0.004000; 0.004057; -0.005385; 0.005160; 0.000995; -0.003765 \
#; -0.003914; -0.001116; 0.001451; 0.000360; 0.004115; 0.002879 \
#; -0.004405; 0.005425; 0.004704; -0.013611; -0.008515; 0.000090 \
#; 0.014943; -0.018701; 0.007554; -0.001738; 0.009975; -0.005329 \
#; -0.015527; -0.026089; -0.005075; 0.004395; -0.002362; 0.020974 \
#; -0.004944; -0.000727; -0.018386; 0.026640; -0.028237; 0.040497 \
#; 0.003245; 0.010402; 0.002870; -0.014224; -0.013639; -0.001241 \
#; -0.016720; 0.007917; 0.000719; -0.003794; -0.004863; 0.001540 \
#; 0.011733; 0.014105; -0.018335; -0.018293; -0.008442; 0.045881 \
#; -0.007768; -0.006007; 0.031389; 0.006403; -0.016182; -0.000116 \
#; 0.011897; 0.000619; -0.021883; -0.019365; 0.001998; 0.035619 \
#; 0.040242; 0.001294; 0.044440; -0.038054; 0.000161; -0.039370 \
#; 0.007644; 0.000892; -0.005427; -0.046362; 0.000991; 0.032917 \
#; -0.044349; -0.001063; -0.041551; 0.015130; -0.000597; 0.016582 \
# ]
#metaData: qpt=[0.500000;0.500000;0.500000;4.446374 \
#; -0.000000; 0.001418; -0.003523; -0.000000; -0.002157; -0.003113 \
#; 0.004239; 0.001140; 0.011716; -0.003262; -0.000636; 0.002715 \
#; -0.004740; 0.000136; 0.003517; -0.004714; 0.003260; 0.003498 \
#; 0.012596; -0.001084; -0.006507; 0.006571; 0.000691; -0.007343 \
#; -0.000077; -0.004466; -0.003398; 0.002946; 0.003989; 0.004717 \
#; 0.002765; 0.000337; 0.001363; 0.000057; -0.004000; 0.003037 \
#; -0.007132; 0.000026; 0.004151; 0.006355; -0.001825; -0.002346 \
#; -0.000552; 0.001733; 0.001624; 0.006388; 0.000016; -0.003723 \
#; -0.010001; 0.000299; -0.039275; -0.005143; -0.012080; 0.010650 \
#; 0.011250; -0.004514; 0.006604; 0.017428; -0.004985; 0.042553 \
#; 0.019615; 0.017974; 0.005956; 0.001079; 0.000294; 0.024842 \
#; -0.014638; 0.005440; -0.014758; -0.016712; 0.017177; -0.002067 \
#; -0.014654; -0.009945; 0.009998; -0.016794; -0.022918; 0.020716 \
#; -0.013479; 0.020498; 0.018257; 0.014920; -0.024318; -0.010651 \
#; 0.004620; 0.005553; 0.003646; 0.003332; -0.009010; -0.005314 \
#; 0.000906; 0.012536; -0.000307; 0.011634; -0.015491; -0.024249 \
#; 0.014021; -0.001044; -0.025790; -0.007026; -0.001441; 0.012924 \
#; -0.017134; 0.000700; -0.025478; -0.046087; 0.000565; 0.051203 \
#; 0.021349; 0.002143; -0.015158; -0.024404; -0.000256; 0.017327 \
#; 0.043319; -0.000406; -0.011369; -0.048950; -0.000737; 0.060205 \
# ]
#metaData: qpt=[0.500000;0.500000;0.500000;4.446374 \
#; 0.000000; -0.001914; 0.008214; 0.000000; 0.000582; -0.000305 \
#; 0.006286; -0.000677; 0.009328; 0.006084; 0.002179; 0.001529 \
#; 0.011685; 0.000333; -0.008672; 0.000256; 0.002508; -0.000190 \
#; 0.006368; 0.000539; -0.000060; -0.004631; -0.002182; 0.007447 \
#; -0.004570; -0.002372; -0.004453; 0.000819; -0.000472; 0.000125 \
#; 0.001072; -0.005569; 0.004808; 0.004376; 0.002252; 0.000868 \
#; -0.003766; 0.002850; 0.000062; -0.000757; -0.000515; 0.000830 \
#; 0.008887; 0.000644; -0.004714; -0.003618; 0.002752; 0.004182 \
#; 0.005717; 0.014127; -0.004267; 0.022435; 0.014563; 0.026088 \
#; -0.010503; 0.012811; 0.017176; 0.010011; 0.001036; 0.011917 \
#; -0.018308; -0.016695; -0.036729; -0.016100; -0.007160; -0.022605 \
#; -0.000489; 0.001570; 0.022668; 0.003581; -0.014642; -0.016258 \
#; -0.008240; -0.021949; 0.009455; -0.015871; -0.009200; 0.006212 \
#; -0.010505; 0.016520; 0.000200; 0.014859; -0.010677; -0.014738 \
#; -0.010655; -0.021065; 0.018009; 0.001827; 0.012888; 0.012515 \
#; -0.014865; 0.012929; 0.034254; -0.012772; 0.011397; 0.014731 \
#; -0.009285; -0.000160; 0.017079; 0.025801; 0.001331; -0.047459 \
#; 0.000945; -0.001568; 0.039038; -0.050016; 0.000128; -0.008202 \
#; 0.002384; 0.001678; -0.001693; 0.056642; -0.000298; -0.040216 \
#; -0.034784; 0.001403; -0.011877; -0.017585; 0.000443; 0.049904 \
# ]
#metaData: qpt=[0.500000;0.500000;0.500000;4.446374 \
#; -0.016588; 0.000000; -0.012309; 0.000000; 0.000000; 0.000000 \
#; -0.000000; -0.001058; -0.000000; -0.000000; 0.003009; 0.000000 \
#; 0.000000; -0.000000; -0.011645; -0.000000; 0.000000; -0.000689 \
#; 0.000000; -0.000892; -0.000000; 0.000000; 0.003113; -0.000000 \
#; 0.004982; -0.000066; 0.002863; 0.007034; -0.000094; 0.004043 \
#; -0.007034; -0.000094; -0.004043; 0.004982; 0.000066; 0.002863 \
#; -0.000130; -0.003120; 0.002419; -0.000184; -0.004405; 0.003415 \
#; 0.000184; -0.004405; -0.003415; -0.000130; 0.003120; 0.002419 \
#; 0.009146; 0.013433; 0.011579; 0.017384; 0.025532; 0.022008 \
#; -0.018870; 0.027716; -0.023890; 0.005454; -0.008010; 0.006904 \
#; 0.002380; -0.008404; 0.002801; 0.002563; -0.009053; 0.003018 \
#; -0.002031; -0.007173; -0.002391; 0.002847; 0.010057; 0.003352 \
#; 0.013011; 0.002332; -0.041991; -0.007366; -0.001320; 0.023772 \
#; 0.009837; -0.001763; -0.031749; 0.011259; -0.002018; -0.036337 \
#; 0.018933; 0.016846; -0.004231; -0.016520; -0.014699; 0.003692 \
#; 0.012364; -0.011001; -0.002763; 0.021875; -0.019463; -0.004888 \
#; 0.030035; 0.000000; 0.021325; -0.074639; -0.000000; -0.052994 \
#; 0.000000; -0.002085; 0.000000; 0.000000; 0.000093; 0.000000 \
#; 0.000192; 0.000000; 0.000353; 0.038915; -0.000000; 0.071580 \
#; 0.000000; -0.002102; -0.000000; 0.000000; -0.000751; -0.000000 \
# ]
#metaData: qpt=[0.500000;0.500000;0.500000;4.796877 \
#; -0.000000; -0.001146; -0.002875; 0.000000; 0.010619; -0.001585 \
#; 0.009555; -0.003399; -0.003384; 0.003567; 0.003034; -0.000538 \
#; -0.009136; -0.001920; -0.003891; -0.005765; -0.001508; -0.002456 \
#; 0.002443; -0.006927; 0.004004; 0.003090; 0.006961; 0.002227 \
#; -0.010474; 0.016497; 0.006231; 0.013541; -0.018062; 0.004281 \
#; -0.002020; 0.001472; -0.016369; 0.012231; 0.018371; -0.003898 \
#; 0.003366; -0.001865; -0.010974; 0.006634; -0.013842; 0.016758 \
#; -0.014998; -0.022791; -0.005777; -0.000923; 0.002271; 0.013519 \
#; -0.007041; -0.005961; -0.013781; 0.032688; -0.003548; 0.034069 \
#; -0.032726; -0.016112; -0.032239; -0.000840; -0.009827; 0.006151 \
#; 0.007931; 0.002626; 0.008154; -0.000799; -0.019940; 0.008049 \
#; -0.025625; -0.011173; -0.030647; 0.003547; 0.013539; 0.008091 \
#; 0.011590; -0.019677; -0.006816; 0.035500; -0.007157; -0.034470 \
#; 0.031551; 0.009306; -0.029482; -0.022569; 0.008059; 0.026979 \
#; -0.030730; 0.006911; 0.032801; -0.003583; 0.018761; 0.007840 \
#; -0.010204; -0.019680; 0.014739; -0.017643; 0.011401; 0.011647 \
#; -0.012592; 0.013884; -0.011606; 0.010274; 0.007932; 0.009470 \
#; -0.003399; -0.008110; -0.002894; -0.001380; -0.004013; 0.008179 \
#; 0.003215; -0.004398; 0.001828; -0.005900; 0.002823; -0.003355 \
#; 0.007452; -0.009234; -0.003866; -0.015741; -0.010447; 0.012433 \
# ]
#metaData: qpt=[0.500000;0.500000;0.500000;4.796877 \
#; 0.000000; -0.000699; 0.002493; 0.000000; 0.008834; 0.000588 \
#; 0.004216; 0.001918; 0.001280; 0.000864; -0.002992; 0.001654 \
#; 0.008072; -0.003418; 0.003438; 0.002417; 0.008701; 0.001029 \
#; 0.010496; 0.003746; 0.005766; 0.006044; -0.006681; 0.002761 \
#; -0.013632; 0.016519; -0.010591; 0.000501; -0.002394; -0.006356 \
#; 0.011825; 0.014466; 0.008671; 0.009050; 0.011635; 0.004512 \
#; -0.012272; 0.022211; -0.018179; -0.005555; 0.008070; -0.000737 \
#; 0.010186; 0.018587; 0.015662; 0.005903; 0.011426; 0.011544 \
#; -0.021035; 0.016164; -0.030765; -0.020587; 0.006824; -0.017270 \
#; 0.026176; 0.006662; 0.027070; 0.013947; 0.013633; 0.024165 \
#; -0.030883; 0.018191; -0.034159; 0.001618; 0.004672; -0.002908 \
#; 0.022937; 0.019417; 0.028044; 0.016671; 0.000954; 0.013014 \
#; 0.016475; 0.009720; -0.019249; 0.035225; -0.002043; -0.031503 \
#; 0.032696; -0.006775; -0.031957; -0.020372; -0.011199; 0.015781 \
#; 0.013413; 0.015641; -0.011910; -0.009862; 0.017692; 0.006222 \
#; 0.003273; -0.022312; -0.005486; 0.020099; 0.005450; -0.018689 \
#; 0.007308; 0.013610; 0.006736; -0.010358; 0.007298; -0.009548 \
#; -0.004082; 0.006934; -0.003046; 0.015229; 0.001316; 0.017962 \
#; -0.001179; 0.011622; -0.000670; 0.005107; 0.004198; 0.002904 \
#; 0.005499; 0.009127; 0.001144; -0.012611; 0.005915; 0.002273 \
# ]
#metaData: qpt=[0.500000;0.500000;0.500000;4.796877 \
#; -0.000000; -0.003719; 0.000393; 0.000000; 0.005549; 0.002081 \
#; 0.004054; 0.002905; -0.001500; 0.009862; 0.000444; -0.006806 \
#; 0.000886; 0.011204; 0.000377; 0.006910; -0.004284; 0.002943 \
#; 0.000240; 0.006306; 0.001509; -0.008600; 0.000585; -0.000744 \
#; -0.002206; 0.008919; 0.021873; -0.002010; 0.003655; 0.003042 \
#; 0.005255; 0.004090; 0.012683; 0.009220; 0.016398; -0.012564 \
#; 0.019019; -0.027484; 0.001973; 0.002290; -0.002790; -0.001721 \
#; 0.012389; 0.019893; 0.008799; -0.009268; -0.010970; 0.008186 \
#; 0.021364; -0.028250; 0.020885; -0.006123; -0.011050; -0.003200 \
#; 0.017195; 0.022718; 0.019814; 0.015207; -0.013175; 0.015975 \
#; 0.049788; -0.009640; 0.050146; 0.009476; 0.004789; 0.005217 \
#; 0.014335; 0.013645; 0.018951; -0.043701; 0.000896; -0.039099 \
#; 0.004050; 0.011926; -0.004725; 0.018375; -0.005032; -0.021814 \
#; 0.015525; 0.019067; -0.014968; -0.005564; -0.004265; 0.002096 \
#; 0.014440; 0.006640; -0.016294; -0.004611; 0.008976; 0.016104 \
#; -0.024778; -0.005984; 0.033283; 0.004487; 0.001194; 0.001653 \
#; 0.010280; 0.005606; 0.009475; 0.002041; 0.005804; 0.001881 \
#; 0.017130; 0.001336; 0.008712; -0.008400; 0.005680; -0.000844 \
#; -0.004254; -0.008791; -0.002419; 0.000825; -0.017378; 0.000469 \
#; 0.009537; -0.001402; -0.016732; -0.006516; 0.008882; 0.005275 \
# ]
#metaData: qpt=[0.500000;0.500000;0.500000;4.796877 \
#; 0.015370; -0.000000; -0.006547; -0.000000; 0.000000; -0.000000 \
#; 0.000000; 0.004636; -0.000000; -0.000000; -0.013180; 0.000000 \
#; 0.000000; -0.000000; 0.004664; -0.000000; 0.000000; 0.000276 \
#; 0.000000; -0.001786; -0.000000; 0.000000; 0.006232; -0.000000 \
#; -0.008951; 0.015159; 0.009325; -0.012638; 0.021401; 0.013165 \
#; 0.012638; 0.021401; -0.013165; -0.008951; -0.015159; 0.009325 \
#; 0.006439; -0.006865; -0.008545; 0.009091; -0.009692; -0.012064 \
#; -0.009091; -0.009692; 0.012064; 0.006439; 0.006865; -0.008545 \
#; 0.015575; 0.002787; 0.013977; 0.029604; 0.005298; 0.026566 \
#; -0.032136; 0.005751; -0.028838; 0.009287; -0.001662; 0.008334 \
#; -0.002011; -0.014253; -0.006614; -0.002167; -0.015353; -0.007125 \
#; 0.001717; -0.012165; 0.005645; -0.002407; 0.017056; -0.007915 \
#; -0.015960; 0.021446; 0.025328; 0.009035; -0.012141; -0.014339 \
#; -0.012068; -0.016215; 0.019151; -0.013811; -0.018558; 0.021918 \
#; 0.034801; -0.011425; -0.034530; -0.030365; 0.009969; 0.030129 \
#; 0.022726; 0.007461; -0.022549; 0.040208; 0.013200; -0.039896 \
#; -0.003569; 0.000000; 0.002029; 0.008869; -0.000000; -0.005043 \
#; 0.000000; 0.019819; -0.000000; -0.000000; -0.000880; -0.000000 \
#; 0.000114; 0.000000; -0.000105; 0.023122; -0.000000; -0.021313 \
#; 0.000000; -0.012123; -0.000000; -0.000000; -0.004331; 0.000000 \
# ]
#metaData: qpt=[0.500000;0.500000;0.500000;5.193202 \
#; -0.010999; -0.000000; 0.016536; 0.000000; 0.000000; 0.000000 \
#; -0.000000; 0.001055; -0.000000; -0.000000; -0.003000; 0.000000 \
#; 0.000000; -0.000000; 0.009148; -0.000000; -0.000000; 0.000541 \
#; -0.000000; -0.002134; -0.000000; 0.000000; 0.007443; -0.000000 \
#; -0.000070; -0.002229; -0.003320; -0.000099; -0.003147; -0.004687 \
#; 0.000099; -0.003147; 0.004687; -0.000070; 0.002229; -0.003320 \
#; -0.000698; 0.003839; 0.000442; -0.000986; 0.005419; 0.000625 \
#; 0.000986; 0.005419; -0.000625; -0.000698; -0.003839; 0.000442 \
#; 0.008633; -0.014224; 0.015145; 0.016409; -0.027035; 0.028786 \
#; -0.017813; -0.029348; -0.031248; 0.005148; 0.008481; 0.009031 \
#; -0.016978; -0.004485; -0.017863; -0.018289; -0.004832; -0.019242 \
#; 0.014491; -0.003828; 0.015246; -0.020317; 0.005367; -0.021376 \
#; 0.056928; -0.006386; -0.037021; -0.032228; 0.003615; 0.020958 \
#; 0.043043; 0.004829; -0.027991; 0.049262; 0.005526; -0.032036 \
#; 0.013575; -0.006148; -0.016219; -0.011845; 0.005364; 0.014152 \
#; 0.008865; 0.004015; -0.010591; 0.015684; 0.007103; -0.018739 \
#; 0.007578; -0.000000; -0.018284; -0.018832; 0.000000; 0.045437 \
#; -0.000000; -0.008790; -0.000000; 0.000000; 0.000390; -0.000000 \
#; -0.000147; -0.000000; -0.000277; -0.029770; -0.000000; -0.056179 \
#; -0.000000; 0.000117; -0.000000; 0.000000; 0.000042; 0.000000 \
# ]
#metaData: qpt=[0.500000;0.500000;0.500000;5.193202 \
#; 0.000000; 0.005449; -0.000179; -0.000000; -0.000253; -0.006866 \
#; 0.000386; -0.005523; 0.001410; 0.002438; -0.001782; -0.009014 \
#; -0.000272; 0.000400; -0.000408; 0.008240; 0.000886; 0.012388 \
#; -0.002005; -0.002308; -0.003455; 0.006550; -0.000597; 0.007839 \
#; 0.000325; -0.000880; 0.001346; -0.001152; 0.006783; -0.000166 \
#; -0.000067; -0.000819; 0.000521; 0.001124; 0.007091; -0.000427 \
#; 0.000213; -0.002297; 0.001278; 0.000237; 0.003056; -0.005611 \
#; 0.000128; 0.000408; -0.000452; -0.000358; 0.002332; 0.005616 \
#; -0.025456; 0.008620; -0.021101; -0.026671; 0.001919; -0.012498 \
#; -0.039428; -0.007319; -0.026261; -0.006184; -0.003602; -0.012605 \
#; 0.038597; -0.000832; 0.024827; -0.027265; 0.002265; -0.014657 \
#; 0.046810; 0.006734; 0.033507; 0.022530; 0.005794; 0.014300 \
#; 0.002661; -0.020240; -0.010233; -0.024963; 0.006392; 0.030621 \
#; 0.002530; -0.017610; 0.003103; -0.022915; -0.011842; 0.030511 \
#; 0.007629; 0.018063; 0.000646; -0.033984; 0.015752; 0.037414 \
#; -0.007916; 0.020194; -0.005031; -0.028627; -0.009049; 0.032003 \
#; 0.020911; 0.000192; -0.039460; 0.007787; 0.002033; -0.014694 \
#; -0.014627; 0.000007; 0.025548; -0.001849; 0.000093; 0.004719 \
#; -0.015208; -0.000084; -0.036692; 0.000472; 0.005455; 0.001139 \
#; 0.018430; -0.002056; 0.040997; 0.003454; 0.006266; 0.008865 \
# ]
#metaData: qpt=[0.500000;0.500000;0.500000;5.193202 \
#; -0.000000; -0.004704; -0.002051; -0.000000; 0.001599; -0.004982 \
#; -0.002821; -0.004546; 0.003214; 0.002334; 0.000238; 0.003170 \
#; 0.002105; -0.004452; 0.003165; 0.006114; -0.001160; 0.009192 \
#; 0.000757; -0.001858; 0.003370; -0.008074; 0.000208; -0.014218 \
#; 0.001023; -0.005510; 0.000789; 0.000059; 0.001175; 0.001918 \
#; 0.001260; 0.005424; 0.002679; -0.000264; -0.001336; -0.000308 \
#; -0.000072; -0.003421; 0.004829; 0.000399; -0.002265; -0.000164 \
#; 0.000279; 0.006098; 0.005544; -0.000004; -0.000997; -0.001220 \
#; 0.022687; -0.000410; 0.010867; 0.054227; -0.005732; 0.043023 \
#; 0.044500; -0.000275; 0.028574; -0.027867; -0.006754; -0.021777 \
#; 0.004153; 0.005118; -0.004513; -0.048866; 0.017447; -0.042747 \
#; 0.026210; -0.007653; 0.007756; 0.023239; 0.010488; 0.024389 \
#; -0.015999; 0.011451; 0.023315; -0.000080; -0.016987; -0.006127 \
#; 0.016227; 0.015491; -0.024463; -0.010578; 0.014730; 0.006034 \
#; 0.000290; 0.010656; 0.015157; 0.005769; 0.012262; -0.004186 \
#; 0.019174; 0.008026; -0.024665; -0.016267; -0.020284; 0.014389 \
#; 0.017502; -0.002319; -0.033026; -0.000141; 0.001675; 0.000266 \
#; 0.027310; 0.000031; -0.054658; -0.001783; 0.000066; 0.001670 \
#; -0.011013; -0.001208; -0.026570; 0.004599; -0.006405; 0.011095 \
#; -0.008503; 0.000246; -0.023816; 0.005318; 0.005167; 0.008802 \
# ]
#metaData: qpt=[0.500000;0.500000;0.500000;5.193202 \
#; 0.000000; -0.001701; 0.002720; -0.000000; -0.003568; -0.000613 \
#; 0.009232; 0.000274; -0.015372; 0.004032; -0.002340; -0.004183 \
#; -0.003303; -0.001707; -0.004966; 0.000542; 0.006711; 0.000814 \
#; 0.001655; 0.000056; -0.005388; -0.002356; -0.000966; -0.006441 \
#; 0.000457; 0.001037; 0.004733; 0.000492; -0.004846; -0.002369 \
#; 0.000000; 0.002142; -0.002681; 0.000090; 0.004041; -0.004387 \
#; 0.000911; -0.006362; 0.001119; -0.000627; 0.001387; 0.002975 \
#; -0.000577; -0.002958; 0.000636; -0.000966; -0.004618; 0.001480 \
#; 0.019974; 0.006858; 0.019473; 0.003629; -0.002421; -0.003579 \
#; 0.017188; 0.005340; 0.011898; -0.024118; 0.004811; -0.026109 \
#; 0.001257; 0.020868; -0.014857; 0.017548; -0.016787; 0.020774 \
#; 0.001506; 0.018918; 0.013309; 0.031933; 0.021172; 0.034232 \
#; -0.006202; 0.012545; 0.010883; -0.019143; 0.003962; 0.021652 \
#; -0.005236; -0.004591; 0.006112; 0.018895; 0.010719; -0.024452 \
#; -0.038694; -0.003055; 0.023919; -0.050022; 0.013524; 0.036573 \
#; -0.049220; -0.000148; 0.027354; 0.036179; 0.008061; -0.030726 \
#; -0.001452; 0.007257; 0.002740; 0.008942; 0.003525; -0.016875 \
#; 0.008012; -0.000036; -0.015404; -0.016364; 0.000010; 0.040649 \
#; -0.001388; 0.000629; -0.003348; -0.006019; -0.002188; -0.014523 \
#; 0.006891; -0.002658; 0.010826; -0.028261; -0.000325; -0.055079 \
# ]
#metaData: qpt=[0.500000;0.500000;0.500000;5.417479 \
#; 0.007215; -0.000000; 0.005192; 0.000000; 0.000000; 0.000000 \
#; -0.000000; -0.001085; 0.000000; -0.000000; 0.003085; 0.000000 \
#; 0.000000; 0.000000; 0.009103; -0.000000; -0.000000; 0.000538 \
#; -0.000000; 0.000086; -0.000000; 0.000000; -0.000300; -0.000000 \
#; 0.004361; 0.027107; 0.006037; 0.006157; 0.038270; 0.008523 \
#; -0.006157; 0.038270; -0.008523; 0.004361; -0.027107; 0.006037 \
#; 0.003071; 0.006899; 0.001383; 0.004335; 0.009740; 0.001952 \
#; -0.004335; 0.009740; -0.001952; 0.003071; -0.006899; 0.001383 \
#; -0.007513; -0.005862; -0.011932; -0.014281; -0.011141; -0.022679 \
#; 0.015502; -0.012094; 0.024619; -0.004480; 0.003495; -0.007115 \
#; 0.003588; -0.039691; 0.007021; 0.003865; -0.042755; 0.007563 \
#; -0.003062; -0.033876; -0.005993; 0.004294; 0.047495; 0.008402 \
#; 0.020217; -0.034131; -0.010495; -0.011445; 0.019322; 0.005941 \
#; 0.015286; 0.025807; -0.007935; 0.017494; 0.029535; -0.009081 \
#; -0.010402; 0.010710; 0.015704; 0.009076; -0.009345; -0.013702 \
#; -0.006793; -0.006994; 0.010255; -0.012018; -0.012374; 0.018144 \
#; -0.001580; -0.000000; 0.001407; 0.003925; -0.000000; -0.003497 \
#; -0.000000; 0.003605; 0.000000; 0.000000; -0.000160; -0.000000 \
#; 0.000120; -0.000000; -0.000015; 0.024454; -0.000000; -0.002984 \
#; -0.000000; 0.002265; -0.000000; 0.000000; 0.000809; 0.000000 \
# ]
#metaData: qpt=[0.500000;0.500000;0.500000;5.417479 \
#; -0.000000; -0.001346; -0.003034; 0.000000; 0.000119; 0.007674 \
#; 0.000795; -0.000213; -0.000191; -0.002901; -0.000185; -0.001928 \
#; -0.002754; 0.000261; 0.001982; 0.005919; 0.000246; -0.004260 \
#; -0.000596; -0.002346; 0.001216; 0.000162; -0.001804; -0.003836 \
#; 0.002856; -0.001501; -0.004946; -0.003991; -0.018620; -0.002665 \
#; -0.001707; 0.013490; -0.003693; 0.006483; -0.022485; 0.000740 \
#; -0.008294; -0.045980; 0.008905; 0.000501; 0.009912; -0.003836 \
#; -0.002742; 0.010248; 0.000654; -0.004970; 0.036467; 0.009457 \
#; -0.014604; 0.027336; -0.021550; 0.001179; 0.016413; -0.000743 \
#; 0.000584; -0.019143; -0.001489; -0.010330; -0.002143; -0.016591 \
#; -0.014996; 0.037235; -0.002853; 0.013368; -0.010477; 0.012977 \
#; -0.006740; -0.020820; 0.001420; -0.023295; -0.025219; -0.018140 \
#; -0.004252; 0.013174; 0.006619; -0.000869; 0.049535; 0.003372 \
#; 0.008999; 0.053617; -0.015630; 0.001141; -0.012485; -0.000905 \
#; 0.002377; -0.020097; 0.003368; -0.020492; -0.000661; 0.025151 \
#; 0.009335; -0.017868; -0.020625; -0.010476; -0.016417; 0.008151 \
#; 0.016054; 0.000665; 0.001959; 0.015229; -0.001465; 0.001858 \
#; -0.002914; 0.000710; 0.001419; -0.001538; -0.002058; -0.000393 \
#; -0.003568; -0.000339; -0.003178; -0.001390; -0.000839; -0.001238 \
#; -0.009747; -0.002152; 0.001263; -0.002389; 0.002456; 0.000651 \
# ]
#metaData: qpt=[0.500000;0.500000;0.500000;5.417479 \
#; 0.000000; 0.001311; 0.001779; 0.000000; -0.001790; 0.002973 \
#; 0.002804; -0.000116; 0.001512; 0.004431; 0.000024; -0.002005 \
#; 0.001266; -0.001891; -0.000911; 0.002431; 0.000857; -0.001750 \
#; -0.000642; -0.001201; 0.004330; -0.004078; 0.000320; 0.008317 \
#; 0.008930; 0.041798; 0.006025; -0.000052; 0.001017; 0.000548 \
#; 0.003641; -0.009316; -0.001115; -0.007301; 0.038139; -0.006759 \
#; -0.001049; -0.021824; 0.008526; 0.000682; 0.003439; -0.000575 \
#; -0.004564; 0.029168; 0.006687; -0.001264; -0.007447; -0.005324 \
#; -0.009534; -0.021023; -0.002235; -0.002877; 0.001230; 0.003952 \
#; -0.012414; -0.004867; -0.008165; 0.001606; -0.028203; -0.007811 \
#; -0.021472; 0.002576; -0.030889; 0.006426; -0.010506; 0.001380 \
#; -0.006973; -0.018897; -0.001555; 0.018320; -0.001986; 0.029242 \
#; -0.005578; 0.013509; 0.009622; -0.003392; 0.027015; 0.004974 \
#; -0.000962; -0.010070; 0.000515; 0.002336; -0.023492; -0.002967 \
#; -0.006229; 0.007609; 0.011228; 0.017728; -0.060456; -0.011143 \
#; 0.022170; 0.052952; -0.018277; -0.000983; 0.027956; 0.003682 \
#; 0.009177; 0.001375; 0.001120; -0.001450; 0.003650; -0.000177 \
#; 0.014211; -0.000504; -0.000086; -0.008952; -0.000763; 0.001435 \
#; -0.001375; 0.000497; -0.001225; 0.000832; -0.000791; 0.000741 \
#; 0.012655; 0.000267; -0.003986; -0.009206; 0.001345; 0.001349 \
# ]
#metaData: qpt=[0.500000;0.500000;0.500000;5.417479 \
#; 0.000000; 0.001981; -0.001230; 0.000000; 0.000344; 0.001244 \
#; -0.001705; -0.000026; -0.007329; 0.003550; -0.000054; 0.006808 \
#; -0.001030; 0.001901; 0.000741; 0.000925; 0.001655; -0.000666 \
#; -0.004621; -0.000307; 0.001439; 0.003644; -0.000547; 0.001984 \
#; 0.003037; 0.014758; 0.002299; -0.000566; 0.013019; 0.006861 \
#; -0.000898; -0.012274; 0.007010; -0.001026; 0.010239; -0.003205 \
#; -0.000067; -0.006005; 0.002675; 0.008454; 0.042482; -0.007051 \
#; 0.008925; -0.045411; -0.007703; -0.002789; 0.011751; 0.001279 \
#; -0.004115; -0.004600; -0.003131; 0.020672; -0.060518; 0.013819 \
#; 0.021950; 0.062810; 0.016727; 0.003545; 0.002904; -0.001172 \
#; -0.008309; 0.001986; -0.008543; 0.003961; -0.016784; 0.005564 \
#; 0.004033; 0.014271; 0.006382; -0.001443; -0.016267; 0.002686 \
#; 0.020273; 0.000151; -0.031749; -0.002522; 0.014979; 0.004132 \
#; -0.004537; 0.007702; 0.006496; -0.019223; 0.004546; 0.030021 \
#; -0.005933; -0.029651; -0.003283; 0.003751; -0.010192; 0.001934 \
#; 0.008453; 0.011298; -0.008257; 0.008191; -0.028254; 0.001027 \
#; 0.001863; 0.000727; 0.000227; 0.004306; 0.000687; 0.000525 \
#; -0.014384; 0.000310; -0.004089; -0.010772; -0.000342; -0.001467 \
#; -0.000580; -0.001844; -0.000517; -0.000568; 0.003703; -0.000506 \
#; 0.013963; -0.000624; 0.000281; 0.008679; 0.000300; 0.001818 \
# ]
#metaData: qpt=[0.500000;0.500000;0.500000;6.096174 \
#; 0.000000; 0.002255; -0.000261; -0.000000; -0.000960; -0.001086 \
#; 0.004268; 0.001198; -0.001985; 0.004665; 0.000123; -0.000060 \
#; 0.000733; -0.000396; 0.000087; 0.004107; -0.003519; 0.000489 \
#; 0.005394; -0.001708; -0.000572; -0.002173; -0.000074; -0.001438 \
#; 0.005088; 0.013680; -0.010307; -0.005314; -0.000227; -0.001144 \
#; -0.016767; -0.003416; -0.007112; -0.015111; 0.010491; 0.005085 \
#; -0.012647; 0.001413; 0.004378; -0.001291; -0.005512; -0.004344 \
#; -0.008338; 0.018580; -0.013640; 0.006481; 0.012848; -0.012513 \
#; 0.003485; 0.030382; -0.004969; -0.000913; -0.013673; 0.004537 \
#; 0.001459; -0.002556; 0.002797; -0.000695; 0.015236; 0.004648 \
#; 0.017630; -0.046722; 0.014228; -0.002520; 0.029287; -0.006826 \
#; -0.005773; -0.027502; -0.003531; -0.016659; -0.035575; -0.010126 \
#; 0.014763; -0.044782; -0.011940; 0.007953; -0.009484; -0.004751 \
#; 0.006576; -0.014725; -0.000251; -0.018547; -0.024651; 0.009839 \
#; 0.007838; -0.038768; -0.008088; 0.006480; -0.011317; -0.000512 \
#; -0.009966; -0.022361; 0.010128; 0.010300; 0.002753; -0.003604 \
#; -0.020124; 0.004347; -0.009236; -0.002979; 0.004964; -0.001367 \
#; -0.010231; 0.000032; -0.031969; -0.038619; 0.000112; 0.039139 \
#; -0.012115; 0.004562; -0.034848; 0.002972; -0.003798; 0.008548 \
#; -0.028305; -0.000462; -0.005195; 0.004191; 0.004284; -0.056997 \
# ]
#metaData: qpt=[0.500000;0.500000;0.500000;6.096174 \
#; -0.000000; -0.002464; 0.001840; -0.000000; -0.001161; -0.000807 \
#; 0.004244; 0.000162; -0.000345; -0.003881; 0.002160; 0.000139 \
#; -0.007038; -0.000871; -0.000839; 0.002602; -0.000770; 0.000310 \
#; -0.000527; -0.000411; -0.001136; 0.001242; -0.003048; 0.001252 \
#; -0.011363; 0.001875; -0.004447; -0.011291; -0.010323; 0.005904 \
#; 0.002815; 0.014811; 0.013254; -0.012098; -0.005589; -0.007777 \
#; -0.005197; -0.012466; -0.009251; 0.007404; -0.008887; -0.009390 \
#; 0.016083; -0.007208; 0.002059; -0.009237; 0.014303; -0.009792 \
#; 0.002348; 0.014766; -0.001308; -0.000267; -0.004977; 0.000664 \
#; -0.004403; 0.029368; 0.002190; 0.001490; -0.007415; -0.000087 \
#; -0.004368; -0.001463; 0.002555; -0.016648; 0.030908; -0.008677 \
#; -0.015525; -0.034783; -0.011408; 0.008109; 0.024931; 0.010684 \
#; 0.000289; 0.036079; 0.005262; -0.000730; -0.022462; -0.003544 \
#; 0.004183; -0.012884; 0.001084; 0.002195; 0.010988; -0.001799 \
#; -0.009146; 0.032764; 0.011248; 0.019663; -0.049998; -0.014948 \
#; -0.017784; -0.038806; 0.011744; -0.013460; -0.018669; 0.004046 \
#; -0.001119; 0.004539; -0.000514; -0.036574; -0.003777; -0.016786 \
#; -0.008943; -0.000188; 0.047607; -0.006933; 0.000093; 0.021642 \
#; -0.009110; -0.000238; -0.026205; -0.020504; 0.001526; -0.058982 \
#; 0.022429; -0.007731; 0.001736; 0.022601; 0.000542; -0.004338 \
# ]
#metaData: qpt=[0.500000;0.500000;0.500000;6.096174 \
#; 0.009550; -0.000000; -0.001138; 0.000000; 0.000000; 0.000000 \
#; -0.000000; -0.001299; 0.000000; -0.000000; 0.003692; -0.000000 \
#; -0.000000; 0.000000; -0.002553; -0.000000; 0.000000; -0.000151 \
#; -0.000000; -0.000760; 0.000000; 0.000000; 0.002651; 0.000000 \
#; 0.006195; 0.011489; -0.008173; 0.008746; 0.016220; -0.011539 \
#; -0.008746; 0.016220; 0.011539; 0.006195; -0.011489; -0.008173 \
#; -0.010069; 0.003203; 0.005247; -0.014216; 0.004523; 0.007407 \
#; 0.014216; 0.004523; -0.007407; -0.010069; -0.003203; 0.005247 \
#; 0.013034; -0.030057; 0.008930; 0.024773; -0.057129; 0.016974 \
#; -0.026892; -0.062016; -0.018426; 0.007772; 0.017922; 0.005325 \
#; 0.002371; 0.020169; -0.002687; 0.002554; 0.021727; -0.002894 \
#; -0.002024; 0.017214; 0.002293; 0.002838; -0.024135; -0.003215 \
#; -0.000269; 0.011391; 0.006471; 0.000152; -0.006449; -0.003663 \
#; -0.000203; -0.008612; 0.004892; -0.000232; -0.009857; 0.005599 \
#; 0.002880; 0.017143; 0.001125; -0.002513; -0.014958; -0.000982 \
#; 0.001880; -0.011195; 0.000735; 0.003327; -0.019806; 0.001300 \
#; -0.010660; -0.000000; 0.030665; 0.026491; -0.000000; -0.076204 \
#; 0.000000; 0.009854; 0.000000; 0.000000; -0.000437; -0.000000 \
#; -0.000229; -0.000000; 0.000105; -0.046570; 0.000000; 0.021373 \
#; 0.000000; -0.000252; 0.000000; -0.000000; -0.000090; 0.000000 \
# ]
#metaData: qpt=[0.500000;0.500000;0.500000;6.096174 \
#; -0.000000; 0.001347; 0.000862; 0.000000; 0.002771; 0.000715 \
#; -0.003440; -0.001036; -0.001121; -0.002511; 0.000621; 0.001580 \
#; -0.003055; -0.002953; -0.000364; -0.002857; -0.000558; -0.000340 \
#; 0.005425; 0.001416; 0.001606; -0.005112; -0.000966; 0.000008 \
#; -0.005038; -0.008242; 0.005714; -0.019640; 0.009555; -0.013034 \
#; -0.004424; -0.004714; -0.005106; 0.006206; -0.007871; -0.005106 \
#; 0.007054; -0.002921; -0.004249; -0.015493; -0.023358; -0.015887 \
#; -0.006132; 0.005997; -0.003537; -0.006335; -0.004254; 0.005197 \
#; -0.001885; -0.014515; 0.001565; 0.002175; 0.002070; 0.004820 \
#; -0.001318; 0.019164; 0.006235; 0.000945; -0.006661; -0.000037 \
#; -0.010573; 0.029273; -0.007746; 0.008549; -0.001043; 0.005879 \
#; 0.010243; -0.004162; 0.001023; 0.008702; 0.031391; 0.008065 \
#; 0.022970; -0.039839; -0.013413; -0.000937; -0.008650; -0.000656 \
#; -0.005471; -0.000214; 0.002149; -0.019258; -0.066726; 0.016727 \
#; -0.014876; 0.003098; 0.003999; 0.000917; -0.001836; -0.002671 \
#; 0.002252; 0.011212; -0.004792; -0.009376; -0.052246; 0.012080 \
#; 0.017946; -0.003269; 0.008236; -0.009695; -0.002875; -0.004449 \
#; -0.035170; -0.000093; -0.005718; -0.004813; -0.000071; -0.043391 \
#; 0.007942; 0.004013; 0.022845; -0.009662; -0.006605; -0.027794 \
#; -0.001889; -0.002202; -0.046551; -0.033884; -0.003717; -0.041709 \
# ]
#metaData: qpt=[0.500000;0.500000;0.500000;7.308252 \
#; 0.000000; 0.005068; -0.001238; 0.000000; 0.000892; -0.000577 \
#; 0.000647; 0.002946; -0.000095; 0.000449; -0.003013; 0.001955 \
#; -0.000767; -0.004136; 0.000236; -0.000414; 0.003953; 0.000127 \
#; -0.000119; -0.001428; 0.001090; 0.001169; 0.001644; 0.000283 \
#; 0.013232; 0.002138; -0.020521; 0.000193; -0.000622; 0.006582 \
#; 0.040419; -0.000624; -0.000426; -0.020565; 0.002365; 0.021797 \
#; -0.019890; 0.000975; 0.013307; 0.006432; 0.000119; 0.000274 \
#; 0.000058; -0.003926; 0.041378; 0.021051; 0.001669; -0.020800 \
#; 0.010381; -0.018753; 0.010782; -0.003623; -0.014240; -0.002724 \
#; -0.001754; 0.007974; -0.011994; -0.010944; -0.017018; -0.012901 \
#; 0.007767; 0.010906; 0.005259; -0.002921; 0.013035; -0.005154 \
#; -0.006514; 0.008139; -0.014816; -0.005836; 0.002717; 0.000820 \
#; 0.003094; -0.014909; -0.004910; 0.007239; -0.001003; -0.014517 \
#; 0.013641; 0.004043; -0.022473; 0.020262; 0.006117; -0.024154 \
#; 0.001317; -0.016139; -0.000044; -0.011903; 0.003502; 0.018064 \
#; -0.012873; 0.000272; 0.019638; -0.022510; -0.010820; 0.028546 \
#; -0.018488; -0.000364; 0.008283; 0.017302; 0.000468; -0.007750 \
#; -0.032680; -0.000451; 0.020046; 0.004891; -0.000186; -0.025968 \
#; 0.001248; -0.000504; -0.010720; -0.002711; -0.000539; 0.023312 \
#; 0.017089; 0.000228; -0.028222; -0.018071; 0.000225; -0.014079 \
# ]
#metaData: qpt=[0.500000;0.500000;0.500000;7.308252 \
#; -0.000000; 0.001797; -0.000255; -0.000000; -0.006460; -0.001257 \
#; -0.001113; 0.003920; 0.000539; -0.000496; 0.000544; 0.000691 \
#; -0.000115; -0.000085; 0.000035; -0.000811; -0.004112; 0.000249 \
#; 0.000593; -0.002039; -0.001969; 0.000504; -0.000161; -0.000827 \
#; 0.034954; -0.001363; 0.019692; -0.019766; 0.000840; -0.011860 \
#; 0.008217; -0.001707; -0.016737; -0.008663; -0.002178; -0.024274 \
#; 0.019645; 0.003701; 0.036018; -0.011817; -0.002104; -0.020377 \
#; -0.016253; -0.000545; 0.008217; -0.023813; 0.001212; -0.009154 \
#; -0.017737; 0.008011; -0.030024; 0.007226; -0.008345; 0.012832 \
#; 0.003371; 0.002264; 0.001454; 0.018579; 0.001312; 0.022311 \
#; -0.011142; -0.004840; -0.021347; 0.009124; 0.009275; 0.016254 \
#; 0.009128; 0.008381; 0.011643; 0.008158; 0.005349; 0.013807 \
#; 0.008604; -0.003576; -0.007801; 0.017332; 0.001076; -0.015475 \
#; 0.000551; -0.014193; 0.005343; 0.007309; 0.012969; -0.014016 \
#; -0.009355; 0.009603; 0.009409; -0.015051; 0.019758; 0.015683 \
#; -0.003239; -0.025338; -0.000430; -0.005490; 0.008938; 0.009295 \
#; -0.023383; 0.000701; 0.010477; -0.004310; 0.000515; 0.001931 \
#; -0.008554; -0.000111; 0.002465; 0.025148; -0.000445; 0.026435 \
#; 0.002746; 0.000419; -0.023588; -0.000572; -0.000065; 0.004910 \
#; -0.012698; -0.000043; -0.022434; 0.030340; 0.000298; 0.030915 \
# ]
#metaData: qpt=[0.500000;0.500000;0.500000;7.308252 \
#; -0.001662; 0.000000; -0.000510; 0.000000; 0.000000; -0.000000 \
#; 0.000000; -0.001377; -0.000000; 0.000000; 0.003915; 0.000000 \
#; -0.000000; -0.000000; -0.002599; -0.000000; 0.000000; -0.000154 \
#; -0.000000; -0.002213; 0.000000; 0.000000; 0.007720; 0.000000 \
#; 0.003570; -0.002131; 0.023009; 0.005040; -0.003009; 0.032485 \
#; -0.005038; -0.003009; -0.032485; 0.003569; 0.002132; 0.023010 \
#; 0.022518; 0.000698; 0.003925; 0.031792; 0.000985; 0.005541 \
#; -0.031792; 0.000985; -0.005539; 0.022519; -0.000698; 0.003924 \
#; -0.008375; -0.002534; -0.011063; -0.015919; -0.004816; -0.021029 \
#; 0.017280; -0.005227; 0.022827; -0.004994; 0.001510; -0.006598 \
#; -0.016705; 0.014121; -0.021523; -0.017995; 0.015211; -0.023186 \
#; 0.014258; 0.012052; 0.018370; -0.019990; -0.016897; -0.025756 \
#; 0.001987; 0.017827; -0.008295; -0.001125; -0.010092; 0.004695 \
#; 0.001503; -0.013479; -0.006273; 0.001721; -0.015426; -0.007179 \
#; -0.000216; 0.007088; 0.008354; 0.000188; -0.006185; -0.007288 \
#; -0.000142; -0.004629; 0.005456; -0.000251; -0.008190; 0.009653 \
#; 0.002124; -0.000000; 0.018253; -0.005279; 0.000000; -0.045359 \
#; -0.000001; 0.000610; 0.000001; 0.000000; -0.000027; -0.000001 \
#; -0.000238; -0.000000; -0.000107; -0.048251; -0.000000; -0.021617 \
#; 0.000001; 0.000876; -0.000001; -0.000001; 0.000313; -0.000001 \
# ]
#metaData: qpt=[0.500000;0.500000;0.500000;7.308252 \
#; 0.000000; 0.003011; -0.000869; 0.000000; 0.001102; 0.001584 \
#; -0.000747; -0.003720; -0.001495; -0.000313; -0.004152; 0.000452 \
#; -0.000614; -0.000936; 0.000188; 0.000977; -0.005585; -0.000300 \
#; -0.000786; 0.002046; -0.000956; 0.000397; 0.002028; -0.000543 \
#; -0.028559; -0.002489; 0.021886; 0.021691; 0.001672; -0.014321 \
#; 0.015523; -0.001481; -0.013246; -0.025172; -0.000824; -0.012522 \
#; 0.021045; -0.002446; -0.028983; -0.013735; 0.001893; 0.022041 \
#; -0.012757; -0.001309; 0.015738; -0.012527; 0.002640; -0.025919 \
#; -0.010298; 0.006296; -0.004668; 0.003801; -0.014525; 0.001737 \
#; 0.001560; 0.010099; -0.002608; 0.011241; 0.021838; 0.019940 \
#; -0.005216; 0.011369; -0.002077; 0.005038; 0.003190; -0.000105 \
#; 0.007363; -0.013183; 0.006063; 0.006949; -0.013838; 0.013975 \
#; -0.009366; -0.000537; 0.014665; -0.020060; 0.017645; 0.030629 \
#; 0.015533; 0.010750; -0.015852; 0.005908; -0.003148; -0.011120 \
#; 0.016286; -0.004017; -0.023036; 0.014455; 0.010420; -0.021561 \
#; -0.007527; -0.001844; 0.007221; -0.012727; -0.006130; 0.017805 \
#; 0.021221; -0.000191; -0.009508; 0.025910; 0.000303; -0.011609 \
#; -0.018229; -0.000285; 0.007803; -0.015191; 0.000579; 0.031874 \
#; -0.003472; 0.000689; 0.029830; -0.001884; -0.000197; 0.016182 \
#; -0.008015; 0.000317; -0.014307; 0.024413; -0.000281; -0.014122 \
# ]
#metaData: qpt=[0.500000;0.500000;0.500000;8.244910 \
#; 0.001256; -0.000004; 0.001694; -0.000000; -0.000004; 0.000001 \
#; 0.000003; -0.000016; 0.000010; 0.000012; 0.000041; 0.000014 \
#; -0.000009; -0.000010; 0.001251; 0.000001; 0.000006; 0.000072 \
#; 0.000005; 0.000319; -0.000003; -0.000003; -0.001113; 0.000016 \
#; 0.005121; 0.000941; -0.000122; 0.007116; 0.001314; -0.000143 \
#; -0.007120; 0.001299; 0.000209; 0.004944; -0.000911; -0.000108 \
#; -0.004235; 0.000232; -0.004278; -0.005940; 0.000317; -0.005969 \
#; 0.005808; 0.000330; 0.005915; -0.004109; -0.000222; -0.004139 \
#; -0.006573; -0.000573; 0.006932; -0.012193; -0.001061; 0.012851 \
#; 0.013571; -0.001115; -0.014194; -0.003627; 0.000309; 0.003809 \
#; -0.005936; -0.001798; 0.008544; -0.006031; -0.001926; 0.008854 \
#; 0.005329; -0.001522; -0.007513; -0.006863; 0.002125; 0.009962 \
#; -0.043834; 0.000598; -0.039221; 0.025223; -0.000341; 0.022573 \
#; -0.032205; -0.000451; -0.028799; -0.037368; -0.000528; -0.033408 \
#; 0.051285; -0.000102; 0.046783; -0.045113; 0.000104; -0.041129 \
#; 0.032952; 0.000062; 0.030063; 0.058796; 0.000138; 0.053596 \
#; -0.009705; 0.000075; -0.005479; 0.024085; -0.000184; 0.013712 \
#; 0.000172; -0.013676; 0.000241; -0.000194; 0.000633; 0.000015 \
#; -0.000084; -0.000186; -0.000153; -0.011407; -0.000160; -0.034140 \
#; -0.000167; -0.023051; -0.000307; -0.000080; -0.008251; 0.000150 \
# ]
#metaData: qpt=[0.500000;0.500000;0.500000;8.244910 \
#; -0.000000; 0.000646; -0.000707; 0.000000; 0.000662; 0.000217 \
#; -0.000121; 0.000028; -0.001059; -0.000048; -0.000689; 0.000355 \
#; -0.000727; 0.000039; 0.000986; 0.000177; -0.000088; -0.000240 \
#; -0.000878; -0.000001; 0.001069; 0.000478; -0.000031; -0.000688 \
#; -0.005137; 0.000110; 0.004482; 0.003496; -0.000080; -0.003072 \
#; 0.008691; 0.000377; -0.008369; -0.001608; -0.000274; 0.002394 \
#; -0.004750; -0.001014; 0.000472; 0.003279; 0.000694; -0.000302 \
#; 0.009660; -0.001857; -0.000110; -0.003533; 0.000495; -0.000721 \
#; 0.041391; 0.000008; -0.037947; -0.009598; 0.000356; 0.008277 \
#; -0.068643; -0.000506; 0.062073; 0.001755; 0.000038; -0.001488 \
#; 0.029313; -0.000279; -0.026415; -0.039972; -0.000168; 0.036838 \
#; -0.063850; -0.000160; 0.058200; 0.035781; 0.000497; -0.031992 \
#; 0.004177; -0.000162; 0.003416; 0.000778; 0.001407; 0.003110 \
#; -0.009140; 0.001244; -0.010532; -0.009859; 0.001770; -0.011956 \
#; 0.000693; -0.001755; -0.002446; -0.003825; -0.000814; -0.004813 \
#; 0.008900; 0.000129; 0.007866; 0.010394; -0.002522; 0.013806 \
#; 0.000564; -0.016787; -0.001722; -0.006662; 0.008104; 0.020344 \
#; 0.006554; -0.013804; -0.019964; 0.008785; 0.004922; -0.017060 \
#; -0.004635; 0.010180; 0.002583; -0.014822; -0.007496; 0.008258 \
#; 0.009162; 0.008046; -0.003536; 0.017736; 0.000362; -0.013783 \
# ]
#metaData: qpt=[0.500000;0.500000;0.500000;8.244910 \
#; 0.000017; 0.000263; 0.000700; 0.000000; 0.000297; -0.000098 \
#; -0.000247; -0.000124; -0.000718; -0.000919; 0.000627; -0.001045 \
#; 0.000690; 0.000764; -0.000918; -0.000058; -0.000439; 0.000080 \
#; -0.000375; 0.000000; 0.000212; 0.000227; 0.000013; -0.001199 \
#; -0.003784; -0.001259; -0.002243; 0.003118; -0.000705; -0.005362 \
#; -0.002782; 0.000415; 0.000462; 0.009342; -0.000975; -0.003288 \
#; 0.007946; 0.000247; 0.005206; 0.008336; 0.001089; 0.002028 \
#; 0.001483; 0.000197; 0.001977; -0.001399; -0.000973; -0.005119 \
#; -0.011486; 0.001734; 0.007504; -0.044043; 0.001222; 0.038259 \
#; 0.022965; -0.001420; -0.023440; -0.028514; 0.001390; 0.028534 \
#; -0.010793; 0.001153; 0.008071; -0.038601; 0.000472; 0.034605 \
#; -0.010286; 0.000089; 0.009540; -0.030719; 0.000586; 0.029082 \
#; 0.030777; 0.001499; 0.030715; -0.047634; -0.000686; -0.044817 \
#; -0.046269; -0.001229; -0.040243; -0.015138; -0.000565; -0.012826 \
#; -0.017070; -0.001205; -0.017681; 0.041946; -0.000055; 0.038344 \
#; 0.028805; 0.001095; 0.024632; 0.014165; -0.000136; 0.013324 \
#; -0.001595; -0.005550; 0.004399; 0.006332; 0.013649; -0.018158 \
#; -0.012790; 0.013130; -0.017902; 0.014404; -0.002521; -0.001126 \
#; 0.002122; 0.013798; -0.001185; 0.014050; 0.011844; -0.008374 \
#; 0.012412; -0.007611; 0.022761; 0.005905; -0.001589; -0.011107 \
# ]
#metaData: qpt=[0.500000;0.500000;0.500000;8.244910 \
#; -0.000000; -0.000573; -0.000287; 0.000000; -0.000001; 0.000665 \
#; -0.000744; -0.000496; -0.000770; -0.000318; -0.000459; -0.000997 \
#; -0.000330; 0.000067; 0.000447; 0.000655; -0.000743; -0.000888 \
#; 0.000207; -0.000024; -0.001033; -0.000585; -0.000019; 0.000523 \
#; -0.010755; -0.000539; 0.006199; 0.000818; 0.000660; 0.002089 \
#; -0.000908; -0.000758; 0.003848; 0.002597; -0.001004; 0.002117 \
#; -0.003373; -0.001552; 0.003778; -0.005029; -0.000341; -0.002531 \
#; -0.007149; 0.000727; -0.002595; -0.006646; 0.000273; -0.004079 \
#; 0.054825; 0.001306; -0.052489; 0.017120; -0.000999; -0.014010 \
#; 0.017841; 0.000692; -0.015206; 0.028227; 0.001662; -0.022956 \
#; 0.055917; 0.000150; -0.051452; 0.010293; -0.000401; -0.008773 \
#; 0.028929; 0.000852; -0.025141; -0.006983; 0.000777; 0.007600 \
#; -0.024804; -0.000317; -0.023185; -0.030995; 0.001867; -0.025186 \
#; -0.035296; 0.001020; -0.034134; 0.033730; -0.000868; 0.032320 \
#; 0.020413; 0.000538; 0.019706; 0.014827; -0.001810; 0.010609 \
#; 0.035412; 0.000294; 0.031898; -0.018800; 0.001039; -0.019039 \
#; -0.004607; 0.013058; 0.014068; -0.004653; -0.007198; 0.014210 \
#; -0.005907; -0.005103; 0.016722; 0.016684; 0.013415; 0.009632 \
#; -0.013992; 0.015431; 0.007796; -0.005963; 0.007635; 0.003323 \
#; -0.008963; 0.005382; 0.015374; -0.011693; -0.005766; -0.017419 \
# ]
#metaData: qpt=[0.500000;0.500000;0.500000;8.713861 \
#; 0.000000; 0.000527; -0.000047; 0.000000; 0.000386; 0.000105 \
#; -0.000302; -0.000337; -0.000495; 0.000005; -0.000321; 0.000097 \
#; 0.000180; 0.000578; -0.000172; -0.000343; 0.000907; 0.000328 \
#; 0.000672; -0.000286; -0.000552; -0.000351; -0.000242; 0.000328 \
#; -0.000202; 0.004367; -0.000580; 0.000293; -0.006759; 0.000898 \
#; 0.000296; 0.005600; 0.000743; 0.000217; -0.001554; -0.000213 \
#; 0.000658; 0.000510; 0.000083; -0.001023; -0.000666; -0.000112 \
#; -0.000837; 0.000898; -0.000139; 0.000287; 0.001696; -0.000220 \
#; 0.004026; 0.008982; -0.002386; 0.022800; -0.012067; -0.027099 \
#; 0.020782; 0.010793; -0.024665; 0.017224; 0.005730; -0.019670 \
#; -0.016704; 0.006291; 0.017515; -0.006171; -0.010467; 0.007888 \
#; -0.018813; 0.007161; 0.022504; -0.010040; -0.003416; 0.012622 \
#; 0.017562; -0.008807; 0.011062; -0.002538; -0.008270; -0.004011 \
#; 0.014901; -0.006498; 0.013760; -0.023054; -0.006394; -0.016083 \
#; 0.030153; 0.011618; 0.031616; 0.001029; 0.004638; 0.005084 \
#; 0.021545; 0.003593; 0.018849; -0.030653; 0.009483; -0.030631 \
#; 0.000328; -0.113445; -0.004063; 0.000342; 0.040613; -0.004229 \
#; 0.000444; -0.020967; 0.008245; 0.002002; 0.052716; 0.007907 \
#; 0.003361; -0.022838; 0.000061; 0.001493; -0.002339; 0.000027 \
#; -0.002918; 0.009144; -0.000100; -0.006948; -0.009505; -0.004694 \
# ]
#metaData: qpt=[0.500000;0.500000;0.500000;8.713861 \
#; 0.000236; 0.000679; 0.000102; 0.000000; 0.000307; 0.000083 \
#; 0.000618; -0.000076; 0.000611; -0.000271; -0.000793; -0.000190 \
#; 0.000428; -0.000322; -0.000479; -0.000254; -0.000749; 0.000238 \
#; -0.000082; -0.000227; -0.000101; -0.000226; -0.000184; 0.000307 \
#; 0.000343; 0.001428; -0.000199; -0.000581; 0.001493; -0.000187 \
#; -0.001067; 0.000636; 0.000109; 0.000014; -0.005392; -0.000722 \
#; 0.000290; -0.002491; -0.000327; 0.000131; 0.003499; 0.000471 \
#; -0.000297; -0.007039; 0.000935; 0.000861; 0.001081; -0.000125 \
#; 0.014141; -0.004587; -0.014634; 0.031380; 0.008690; -0.029216 \
#; 0.011350; -0.009167; -0.013437; 0.011418; -0.009942; -0.009291 \
#; -0.028715; 0.000292; 0.031614; -0.023147; 0.007076; 0.017462 \
#; -0.008121; -0.011323; 0.002201; -0.019092; -0.002743; 0.022404 \
#; -0.014261; 0.000141; -0.016581; -0.016226; -0.007479; -0.012999 \
#; 0.001306; -0.012730; 0.001904; 0.009754; -0.009723; 0.009057 \
#; -0.027663; 0.005426; -0.032613; -0.015095; 0.004355; -0.010829 \
#; -0.008696; 0.008387; -0.013536; 0.023495; 0.013396; 0.025220 \
#; -0.000707; 0.029918; -0.001566; 0.002669; 0.025830; -0.007393 \
#; -0.004808; -0.050430; 0.002930; -0.004301; 0.043032; -0.002178 \
#; 0.002660; 0.067060; 0.000031; 0.003609; -0.074437; -0.003495 \
#; -0.001861; 0.048877; 0.004018; 0.001395; 0.007402; 0.009388 \
# ]
#metaData: qpt=[0.500000;0.500000;0.500000;8.713861 \
#; -0.000872; 0.000183; -0.000866; 0.000000; 0.000083; 0.000022 \
#; 0.000167; -0.000320; 0.000165; -0.000073; 0.000639; -0.000051 \
#; 0.000116; -0.000087; 0.000149; -0.000068; -0.000202; 0.000081 \
#; -0.000022; 0.000249; -0.000027; -0.000061; -0.001131; 0.000083 \
#; -0.000580; 0.001229; -0.000152; -0.001107; 0.001594; -0.000189 \
#; 0.000661; 0.001363; 0.000168; -0.000669; -0.002300; -0.000293 \
#; 0.000090; 0.003538; 0.000475; 0.000051; 0.006891; 0.000923 \
#; -0.000096; 0.004044; -0.000543; 0.000244; -0.003919; 0.000530 \
#; -0.004342; 0.004676; 0.000278; -0.007036; 0.013591; 0.000151 \
#; 0.019908; 0.009728; -0.012362; -0.001782; -0.006213; 0.000013 \
#; 0.010211; 0.011089; -0.008562; 0.013103; 0.013772; -0.013706 \
#; -0.017530; 0.006338; 0.015192; 0.016344; -0.013916; -0.014413 \
#; 0.029782; -0.009048; 0.033683; -0.023425; 0.003123; -0.025117 \
#; 0.025784; 0.003430; 0.029369; 0.031741; 0.005235; 0.035471 \
#; 0.007755; 0.006521; 0.006393; -0.017366; -0.003234; -0.016191 \
#; 0.007595; -0.001035; 0.006271; 0.023942; -0.002221; 0.024380 \
#; 0.003125; 0.008083; -0.000483; -0.007519; 0.006978; -0.001849 \
#; -0.001299; -0.045445; 0.000792; -0.001162; 0.013038; -0.000588 \
#; 0.000724; 0.018118; 0.000078; 0.002120; -0.020111; 0.013217 \
#; -0.000503; -0.115812; 0.001085; 0.000377; -0.044097; 0.002536 \
# ]
#metaData: qpt=[0.500000;0.500000;0.500000;8.713861 \
#; 0.000000; 0.000745; -0.000077; -0.000000; -0.000603; -0.000172 \
#; -0.000256; 0.000758; -0.000226; -0.000412; -0.000063; -0.000269 \
#; 0.000224; -0.000019; -0.000214; 0.000592; 0.000264; -0.000566 \
#; -0.000086; 0.000605; 0.000166; -0.000415; -0.000086; 0.000515 \
#; -0.000617; -0.004694; 0.000642; -0.000029; 0.002793; -0.000373 \
#; -0.000052; 0.005693; 0.000763; 0.000604; 0.000321; 0.000030 \
#; -0.000860; 0.004864; 0.000632; 0.000439; -0.000320; -0.000033 \
#; -0.000916; -0.001379; 0.000164; 0.000059; 0.003860; -0.000515 \
#; 0.019430; 0.001540; -0.020737; 0.023300; 0.002498; -0.024491 \
#; 0.009078; 0.003105; -0.010538; -0.035211; 0.007935; 0.036217 \
#; -0.007482; 0.000946; 0.001723; -0.026459; 0.005023; 0.030005 \
#; 0.026857; 0.009119; -0.029124; 0.022990; 0.004729; -0.019455 \
#; 0.016990; 0.005140; 0.014231; 0.014266; 0.014768; 0.016954 \
#; -0.004411; -0.004263; -0.000501; 0.012935; -0.011873; 0.013532 \
#; 0.015893; -0.005375; 0.010610; 0.013849; -0.015852; 0.014690 \
#; 0.002689; 0.006405; 0.009227; 0.006312; 0.011764; 0.002466 \
#; -0.000774; -0.001796; 0.009573; 0.000030; 0.047330; -0.000366 \
#; -0.003173; -0.041571; 0.005590; 0.003977; -0.082837; -0.003301 \
#; -0.005472; -0.062390; -0.000099; 0.002481; -0.056997; 0.000045 \
#; -0.003478; 0.001671; 0.006189; 0.000254; 0.021483; -0.003833 \
# ]
#metaData: qpt=[0.500000;0.500000;0.500000;12.104992 \
#; 0.000000; 0.000142; 0.001374; -0.000000; 0.000224; -0.001113 \
#; 0.002578; -0.000036; 0.001207; -0.000009; -0.000101; -0.000978 \
#; 0.001446; 0.000043; 0.000255; -0.001037; -0.000067; -0.000183 \
#; 0.001611; -0.000043; 0.002841; -0.001083; -0.000100; -0.000351 \
#; 0.000408; 0.005464; 0.000789; -0.000429; -0.007555; -0.001082 \
#; -0.000549; 0.007727; -0.001114; 0.000020; 0.004851; -0.000677 \
#; 0.000035; 0.006221; -0.000872; 0.000093; -0.004651; 0.000645 \
#; -0.000020; 0.007974; 0.001116; 0.000367; -0.005631; -0.000810 \
#; 0.028146; 0.001081; -0.028650; 0.008612; -0.004440; -0.001507 \
#; -0.005770; 0.002948; 0.009684; 0.002714; 0.003653; 0.003439 \
#; -0.030086; 0.001828; 0.027834; -0.000545; 0.002313; -0.005671 \
#; 0.003266; -0.002173; -0.009352; -0.007151; -0.002232; 0.003299 \
#; -0.042698; -0.000153; -0.043045; -0.004180; 0.002276; -0.000277 \
#; -0.028505; 0.000766; -0.028659; 0.036945; 0.000833; 0.035797 \
#; -0.044317; 0.001051; -0.042315; 0.003373; 0.002290; 0.008230 \
#; -0.036045; -0.001198; -0.035077; 0.032109; 0.001063; 0.029475 \
#; 0.000371; -0.071996; -0.000074; 0.001206; -0.001798; -0.000240 \
#; -0.001594; -0.001551; -0.001598; -0.002076; 0.001376; -0.004299 \
#; 0.000584; -0.030942; -0.002108; 0.000713; 0.039488; -0.002574 \
#; -0.000509; -0.045617; 0.001827; 0.000959; 0.016034; 0.003498 \
# ]
#metaData: qpt=[0.500000;0.500000;0.500000;12.104992 \
#; -0.000000; -0.000046; -0.000320; 0.000000; -0.000056; 0.000222 \
#; 0.001220; 0.000006; -0.002582; 0.001947; 0.000023; -0.001906 \
#; -0.000335; 0.000145; -0.000059; 0.000204; -0.000270; 0.000036 \
#; -0.002471; 0.000008; 0.000889; -0.001429; 0.000023; 0.001607 \
#; -0.000110; 0.007392; 0.001027; 0.000128; 0.000608; 0.000093 \
#; 0.000161; -0.000656; 0.000102; 0.000017; 0.007524; -0.001051 \
#; -0.000642; -0.010888; 0.001561; 0.000090; 0.003094; -0.000438 \
#; 0.000121; -0.004019; -0.000569; 0.000555; -0.008335; -0.001199 \
#; 0.046523; -0.001355; -0.043922; -0.004710; 0.001330; 0.002561 \
#; 0.009606; -0.000742; -0.010470; -0.052472; -0.001950; 0.048609 \
#; -0.041521; 0.000100; 0.041592; 0.015912; -0.000840; -0.013968 \
#; 0.023853; 0.000831; -0.021984; 0.045578; 0.000921; -0.044424 \
#; 0.012112; 0.000226; 0.012751; -0.000239; 0.002059; 0.006121 \
#; 0.004495; -0.002629; 0.011474; -0.010017; 0.000472; -0.011704 \
#; 0.012037; 0.001287; 0.013868; -0.003290; 0.004950; 0.003885 \
#; 0.005699; -0.005376; 0.013991; -0.009320; 0.000133; -0.009235 \
#; -0.000062; -0.028093; 0.000012; -0.000271; -0.052355; 0.000054 \
#; 0.000296; 0.000364; 0.002605; 0.001020; -0.000277; -0.003870 \
#; -0.000117; 0.077436; 0.000422; -0.000167; 0.020124; 0.000601 \
#; -0.002206; 0.010298; 0.002687; 0.002089; -0.002781; -0.004269 \
# ]
#metaData: qpt=[0.500000;0.500000;0.500000;12.104992 \
#; 0.003685; -0.000000; -0.000649; 0.000000; -0.000000; 0.000000 \
#; -0.000000; 0.000075; -0.000000; -0.000000; -0.000213; 0.000000 \
#; -0.000000; 0.000000; 0.003656; 0.000000; 0.000000; 0.000216 \
#; -0.000000; -0.000061; -0.000000; 0.000000; 0.000213; 0.000000 \
#; 0.000250; 0.007367; 0.001045; 0.000353; 0.010401; 0.001476 \
#; -0.000353; 0.010401; -0.001476; 0.000250; -0.007367; 0.001045 \
#; -0.000266; -0.000381; 0.000070; -0.000376; -0.000538; 0.000098 \
#; 0.000376; -0.000538; -0.000098; -0.000266; 0.000381; 0.000070 \
#; -0.015760; -0.000652; 0.017932; -0.029954; -0.001239; 0.034084 \
#; 0.032516; -0.001344; -0.037000; -0.009397; 0.000389; 0.010693 \
#; 0.023608; 0.002164; -0.026500; 0.025431; 0.002331; -0.028546 \
#; -0.020149; 0.001847; 0.022618; 0.028250; -0.002589; -0.031711 \
#; -0.033159; 0.004053; -0.026559; 0.018772; -0.002294; 0.015035 \
#; -0.025072; -0.003064; -0.020081; -0.028694; -0.003507; -0.022982 \
#; -0.027140; 0.001615; -0.023122; 0.023681; -0.001409; 0.020175 \
#; -0.017723; -0.001055; -0.015099; -0.031357; -0.001866; -0.026714 \
#; -0.000713; 0.000000; -0.002572; 0.001772; 0.000000; 0.006392 \
#; -0.000000; -0.100037; 0.000000; 0.000000; 0.004440; 0.000000 \
#; -0.000013; 0.000000; -0.000003; -0.002613; -0.000000; -0.000519 \
#; 0.000000; 0.004044; -0.000000; 0.000000; 0.001445; -0.000000 \
# ]
#metaData: qpt=[0.500000;0.500000;0.500000;12.104992 \
#; -0.000000; 0.000099; -0.002246; 0.000000; 0.000121; 0.002255 \
#; 0.001234; 0.000084; 0.000962; -0.000365; 0.000173; -0.000439 \
#; -0.002390; 0.000008; -0.000421; 0.002133; -0.000004; 0.000376 \
#; 0.001155; 0.000096; 0.001406; -0.000575; 0.000172; -0.000536 \
#; -0.000312; 0.000920; 0.000110; -0.000367; -0.004532; -0.000656 \
#; -0.000234; 0.004342; -0.000621; -0.000478; 0.002050; -0.000316 \
#; -0.000390; -0.010054; 0.001429; -0.000058; -0.005986; 0.000840 \
#; 0.000067; 0.002304; 0.000318; -0.000351; 0.011796; 0.001671 \
#; -0.029051; 0.002826; 0.023063; -0.007515; -0.001980; 0.009979 \
#; 0.016907; 0.003163; -0.011241; -0.027952; -0.000099; 0.026187 \
#; 0.031816; -0.004202; -0.024757; 0.000175; 0.001086; -0.003404 \
#; 0.004833; -0.000557; -0.007213; 0.034109; 0.004085; -0.027372 \
#; -0.014713; 0.000946; -0.013595; -0.037990; -0.002505; -0.041283 \
#; 0.025949; -0.002872; 0.029873; 0.025995; 0.000062; 0.026045 \
#; -0.023100; 0.000557; -0.021733; -0.033718; -0.000972; -0.037334 \
#; 0.019044; -0.001506; 0.023598; 0.031455; 0.000096; 0.031541 \
#; -0.000895; -0.035337; 0.000178; -0.002088; 0.008947; 0.000415 \
#; -0.001061; 0.002514; -0.001365; -0.001169; -0.002759; -0.001756 \
#; -0.001182; -0.024542; 0.004264; -0.001165; 0.022918; 0.004205 \
#; -0.000005; 0.078583; 0.000986; 0.000260; -0.037418; 0.002398 \
# ]
