# Phonopy generated file for v_sim 3.6
    7.125788583    0.000000000   10.019708833
    0.000000000    0.000000000    7.042128924
    0.316594495    7.514781625    0.066203515 Ba
    6.809194088    2.504927208    6.975925409 Ba
    3.879488786    7.514781625    3.454860947 Ba
    3.246299796    2.504927208    3.587267977 Ba
    3.562894291    0.000000000    0.000000000 Zr
    3.562894291    5.009854417    0.000000000 Zr
    0.000000000    0.000000000    3.521064462 Zr
    0.000000000    5.009854417    3.521064462 Zr
    5.079186380    0.323706455    5.020328363  S
    5.079186380    4.686147961    5.020328363  S
    2.046602202    9.696002378    2.021800561  S
    2.046602202    5.333560872    2.021800561  S
    5.609496494    9.696002378    1.499263901  S
    5.609496494    5.333560872    1.499263901  S
    1.516292089    0.323706455    5.542865023  S
    1.516292089    4.686147961    5.542865023  S
    3.518182954    7.514781625    6.607816528  S
    3.607605629    2.504927208    0.434312397  S
    7.081077245    7.514781625    3.955376859  S
    0.044711337    2.504927208    3.086752066  S
#metaData: qpt=[0.500000;0.500000;0.000000;1.329819 \
#; -0.000000; -0.012799; -0.001427; 0.000000; 0.000096; 0.000135 \
#; 0.012887; -0.000412; 0.002277; -0.035145; 0.002208; -0.004319 \
#; 0.001043; 0.005426; 0.000030; 0.010993; -0.034081; 0.000314 \
#; 0.041008; -0.006384; 0.005733; 0.020379; -0.001192; 0.002255 \
#; -0.000257; 0.000872; 0.004161; -0.001180; 0.000834; 0.007124 \
#; 0.000995; -0.002269; 0.005229; -0.001731; 0.002183; -0.002430 \
#; -0.009800; -0.008148; -0.002176; 0.004937; 0.003926; 0.001773 \
#; 0.007482; -0.006369; 0.001102; 0.012585; -0.010821; 0.001441 \
#; 0.003565; -0.025771; 0.009340; 0.000736; -0.007566; 0.003268 \
#; 0.000502; 0.010646; 0.004345; 0.000133; -0.016449; -0.005752 \
#; -0.003441; 0.003926; -0.002876; 0.013496; -0.015069; 0.013613 \
#; 0.012991; 0.006056; 0.008212; 0.000811; 0.002471; 0.001071 \
#; -0.001059; -0.018976; 0.002396; -0.001031; -0.004261; 0.001015 \
#; -0.000803; 0.000677; 0.000866; 0.001208; -0.017567; -0.000523 \
#; 0.000490; -0.002290; -0.003716; -0.003393; 0.010797; 0.015123 \
#; 0.000208; -0.012804; 0.011094; -0.000239; -0.005145; 0.005887 \
#; 0.000010; 0.002000; 0.000032; -0.000151; -0.004299; -0.000493 \
#; 0.035212; -0.002112; 0.006198; 0.006781; -0.000053; 0.000977 \
#; 0.010740; -0.011659; -0.002446; 0.000696; -0.003309; -0.000159 \
#; -0.013369; 0.000030; 0.003342; 0.043117; -0.001199; -0.011348 \
# ]
#metaData: qpt=[0.500000;0.500000;0.000000;1.329819 \
#; 0.060168; -0.000000; -0.001719; 0.000000; 0.000000; -0.000000 \
#; 0.000000; -0.009751; -0.000000; -0.000000; 0.034017; 0.000000 \
#; -0.000000; 0.000000; 0.000000; 0.000000; -0.000000; -0.007810 \
#; 0.000000; 0.011763; 0.000000; 0.000000; 0.003372; 0.000000 \
#; -0.006187; -0.005939; -0.001632; -0.008209; -0.007880; -0.002165 \
#; 0.008209; -0.007880; 0.002165; -0.006187; 0.005939; -0.001632 \
#; -0.006411; -0.004230; -0.005584; 0.004832; 0.003188; 0.004208 \
#; -0.004832; 0.003188; -0.004208; -0.006411; 0.004230; -0.005584 \
#; -0.009567; -0.007500; -0.008280; -0.001495; -0.001172; -0.001294 \
#; 0.003393; -0.002660; 0.002936; -0.009070; 0.007110; -0.007849 \
#; -0.000013; -0.000644; -0.000695; 0.000102; 0.005156; 0.005568 \
#; -0.000103; 0.005180; -0.005594; 0.000008; -0.000409; 0.000442 \
#; 0.002529; -0.026062; -0.015647; 0.000316; -0.003253; -0.001953 \
#; 0.000201; 0.002068; -0.001242; 0.002540; 0.026183; -0.015720 \
#; 0.001514; -0.003166; -0.001193; -0.009694; 0.020264; 0.007634 \
#; 0.009189; 0.019209; -0.007236; 0.003438; 0.007186; -0.002707 \
#; 0.009302; 0.000000; 0.002118; -0.057899; -0.000000; -0.013184 \
#; 0.000000; -0.006489; 0.000000; 0.000000; -0.000782; 0.000000 \
#; -0.000815; -0.000000; 0.002659; -0.000131; -0.000000; 0.000427 \
#; -0.000000; -0.001377; -0.000000; 0.000000; 0.011431; -0.000000 \
# ]
#metaData: qpt=[0.500000;0.500000;0.000000;1.329819 \
#; -0.000000; -0.034120; 0.001741; -0.000000; -0.005351; 0.000831 \
#; 0.019093; 0.002004; -0.002662; -0.042562; -0.002264; 0.005232 \
#; 0.006403; -0.002857; 0.000183; -0.013414; 0.010744; -0.000383 \
#; -0.030940; 0.006546; 0.004641; -0.016306; 0.005794; 0.002013 \
#; 0.006226; 0.005262; -0.001061; 0.013147; 0.010769; -0.003528 \
#; 0.009260; -0.008205; -0.000143; -0.005436; 0.004740; 0.000373 \
#; -0.002535; -0.000797; -0.005518; 0.000963; 0.000023; 0.003153 \
#; -0.000048; 0.000947; 0.003419; -0.002442; 0.003981; 0.006831 \
#; -0.003462; 0.014613; -0.014310; -0.001916; 0.007072; -0.005590 \
#; 0.000914; -0.002580; -0.005612; -0.000361; 0.005851; 0.010238 \
#; 0.000209; -0.008913; 0.001844; 0.001317; 0.022420; -0.001262 \
#; 0.002423; -0.011642; 0.005666; -0.000019; 0.000440; 0.001241 \
#; 0.012684; -0.010083; -0.011554; 0.003843; -0.002068; -0.003905 \
#; 0.001188; 0.000913; -0.000502; -0.013151; -0.012690; 0.009516 \
#; -0.000793; -0.008095; -0.001263; 0.000141; 0.023841; 0.006929 \
#; -0.003344; -0.019116; 0.009407; -0.002638; -0.010036; 0.005613 \
#; -0.000116; -0.003896; -0.000378; 0.000168; 0.011089; 0.000547 \
#; 0.044364; 0.002402; 0.011482; 0.011947; 0.001523; 0.003186 \
#; -0.011918; -0.004974; 0.002714; -0.008235; -0.001297; 0.001875 \
#; 0.010742; -0.000865; -0.001942; -0.031676; 0.001363; 0.005338 \
# ]
#metaData: qpt=[0.500000;0.500000;0.000000;1.329819 \
#; -0.000000; -0.006400; -0.007387; 0.000000; 0.002093; -0.000808 \
#; -0.002773; -0.004407; -0.000803; -0.005931; 0.010777; 0.002237 \
#; -0.006227; -0.002133; -0.000178; 0.056908; 0.009104; 0.001625 \
#; -0.015932; -0.031165; 0.000315; -0.006794; -0.012743; -0.000554 \
#; -0.001660; -0.000767; 0.002688; -0.004329; -0.002787; 0.004033 \
#; 0.008799; -0.005875; -0.007401; -0.006153; 0.004388; 0.004117 \
#; 0.010789; 0.010411; -0.003051; -0.005622; -0.005654; 0.002453 \
#; 0.004381; -0.003949; -0.000186; 0.006020; -0.005725; -0.001383 \
#; 0.008297; -0.012048; 0.002216; 0.002240; -0.002709; 0.000994 \
#; -0.004538; -0.012487; -0.005199; 0.008996; 0.023595; 0.011158 \
#; 0.000722; 0.004785; -0.002411; 0.000495; -0.017905; 0.013198 \
#; -0.004507; -0.031454; -0.016580; -0.000953; -0.000430; -0.001204 \
#; 0.003492; -0.004543; 0.002158; 0.000066; 0.000640; 0.001110 \
#; -0.000634; -0.001841; 0.000331; -0.003630; 0.005562; 0.008335 \
#; 0.002248; 0.002994; -0.000722; -0.009100; -0.003115; 0.007597 \
#; 0.007994; -0.010451; -0.006944; 0.004259; -0.002942; -0.004940 \
#; 0.000208; -0.000550; 0.000679; -0.000758; 0.003786; -0.002470 \
#; 0.005510; -0.010669; 0.001954; -0.003528; -0.002485; -0.000629 \
#; 0.053800; 0.000743; -0.012251; 0.014790; 0.001188; -0.003368 \
#; 0.004125; 0.001411; -0.001092; -0.016308; -0.006056; 0.003488 \
# ]
#metaData: qpt=[0.500000;0.500000;0.000000;1.775041 \
#; -0.000000; -0.028284; 0.000406; -0.000000; -0.014306; -0.001617 \
#; -0.017336; -0.007925; -0.035420; 0.018094; -0.004591; 0.037108 \
#; 0.013568; 0.003006; -0.027003; 0.003406; -0.004068; -0.006778 \
#; 0.009211; 0.006673; -0.016174; 0.007713; -0.011518; -0.013285 \
#; 0.002185; -0.002483; -0.006572; 0.003562; -0.006052; 0.000339 \
#; 0.004762; 0.007172; -0.004611; 0.000654; 0.000168; -0.005140 \
#; -0.000734; -0.001206; -0.013448; 0.001624; -0.002637; 0.000516 \
#; -0.001369; -0.002998; 0.003833; 0.001999; 0.001176; 0.012046 \
#; -0.005779; -0.001787; -0.014657; -0.002112; -0.009229; -0.003475 \
#; -0.006075; -0.001570; -0.015733; 0.003275; -0.007458; 0.007187 \
#; -0.003502; -0.006679; -0.009319; 0.002505; 0.006152; 0.000059 \
#; 0.003619; -0.008173; 0.004430; 0.000205; -0.000550; -0.005668 \
#; 0.005710; -0.008061; -0.013620; 0.000391; -0.007907; -0.003377 \
#; 0.004873; 0.002484; -0.010203; -0.004720; -0.010103; 0.012395 \
#; 0.002821; 0.003048; -0.010103; 0.001218; -0.001568; 0.005395 \
#; -0.001542; 0.002561; 0.008628; 0.002271; 0.000924; 0.003185 \
#; 0.005039; 0.002175; -0.013503; 0.002162; -0.002928; -0.005793 \
#; 0.002189; -0.000115; -0.011243; 0.001130; 0.000301; -0.006745 \
#; 0.000496; -0.000892; -0.000109; -0.001157; -0.000535; 0.000253 \
#; -0.006138; -0.001757; -0.014842; 0.009009; -0.000673; 0.021449 \
# ]
#metaData: qpt=[0.500000;0.500000;0.000000;1.775041 \
#; -0.000000; 0.010310; 0.001026; 0.000000; 0.007675; -0.002884 \
#; 0.011712; -0.013677; 0.023140; -0.011861; -0.009784; -0.022971 \
#; 0.024199; -0.005126; -0.048160; 0.008609; 0.014824; -0.017133 \
#; 0.005330; 0.014219; -0.012021; 0.001413; -0.019877; -0.004208 \
#; 0.002794; -0.002341; -0.012997; -0.002285; 0.003951; -0.000598 \
#; -0.000590; -0.002369; -0.007587; 0.002606; 0.002700; -0.009277 \
#; 0.003214; -0.004326; 0.005947; 0.002183; -0.004364; -0.003817 \
#; -0.003508; -0.006353; 0.002490; -0.001428; -0.000963; -0.007926 \
#; 0.000654; 0.006632; -0.003291; 0.004788; -0.009545; 0.012342 \
#; -0.000026; -0.010706; -0.004572; -0.003757; -0.007338; -0.007756 \
#; -0.000166; -0.003220; -0.008764; -0.004627; -0.000771; -0.012997 \
#; -0.003182; -0.002194; -0.003807; -0.003795; 0.005234; -0.015376 \
#; 0.001831; 0.008530; -0.000383; -0.005774; 0.001675; 0.011789 \
#; 0.004118; -0.006458; -0.005709; 0.002101; 0.006933; -0.006668 \
#; 0.003543; 0.000484; -0.001946; 0.004966; 0.004261; -0.013139 \
#; -0.001301; -0.000856; -0.002059; 0.005703; -0.004441; -0.014049 \
#; 0.008830; -0.001356; -0.023661; 0.004836; 0.001647; -0.012959 \
#; 0.003372; -0.000264; -0.005496; 0.001087; 0.000530; -0.000387 \
#; 0.001110; -0.001038; -0.000243; -0.002027; -0.000338; 0.000444 \
#; 0.003746; -0.003093; 0.010180; -0.004825; -0.001539; -0.014360 \
# ]
#metaData: qpt=[0.500000;0.500000;0.000000;1.775041 \
#; -0.031111; -0.000000; -0.061918; 0.000000; -0.000000; 0.000000 \
#; -0.000000; -0.008157; -0.000000; 0.000000; 0.028457; 0.000000 \
#; -0.000000; 0.000000; 0.000000; -0.000000; -0.000000; -0.003708 \
#; -0.000000; 0.019581; -0.000000; -0.000000; 0.005613; 0.000000 \
#; -0.002174; 0.004094; -0.002410; -0.002885; 0.005433; -0.003197 \
#; 0.002885; 0.005433; 0.003197; -0.002174; -0.004094; -0.002410 \
#; -0.002738; 0.002555; -0.011292; 0.002063; -0.001926; 0.008510 \
#; -0.002063; -0.001926; -0.008510; -0.002738; -0.002555; -0.011292 \
#; -0.006392; -0.003173; -0.010409; -0.000999; -0.000496; -0.001626 \
#; 0.002267; -0.001125; 0.003691; -0.006059; 0.003007; -0.009867 \
#; -0.000788; -0.000508; -0.001347; 0.006313; 0.004069; 0.010788 \
#; -0.006342; 0.004088; -0.010838; 0.000501; -0.000323; 0.000856 \
#; 0.003044; 0.005317; -0.016544; 0.000380; 0.000664; -0.002065 \
#; 0.000242; -0.000422; -0.001313; 0.003058; -0.005342; -0.016620 \
#; 0.000592; -0.002288; -0.001955; -0.003792; 0.014642; 0.012513 \
#; 0.003595; 0.013880; -0.011862; 0.001345; 0.005193; -0.004438 \
#; -0.000444; 0.000000; -0.000097; 0.002765; -0.000000; 0.000605 \
#; -0.000000; 0.004155; -0.000000; 0.000000; 0.000500; 0.000000 \
#; -0.012041; 0.000000; -0.032265; -0.001934; 0.000000; -0.005183 \
#; -0.000000; 0.000086; -0.000000; 0.000000; -0.000712; 0.000000 \
# ]
#metaData: qpt=[0.500000;0.500000;0.000000;1.775041 \
#; -0.000000; -0.003886; -0.001180; -0.000000; -0.010313; 0.000454 \
#; 0.007589; 0.000611; 0.011790; -0.002140; 0.006920; -0.003726 \
#; -0.003809; -0.028651; 0.007580; -0.009902; 0.014100; 0.019707 \
#; 0.004475; -0.010056; -0.009162; 0.027806; 0.000888; -0.056243 \
#; -0.002110; 0.001654; 0.010440; 0.001271; -0.000376; -0.009710 \
#; 0.002509; 0.001531; -0.014814; 0.000126; -0.000197; -0.002258 \
#; 0.004353; -0.007428; -0.000587; 0.000798; -0.001204; 0.000764 \
#; 0.002889; 0.005140; -0.001553; -0.003049; -0.004972; -0.000858 \
#; 0.001129; -0.005895; 0.001068; -0.001456; -0.002635; -0.012859 \
#; -0.001174; 0.003862; -0.012300; 0.001219; 0.004865; 0.005000 \
#; 0.005046; -0.011578; 0.014698; -0.000743; 0.005585; 0.000858 \
#; -0.003632; -0.004507; -0.012381; -0.003890; -0.011791; -0.009664 \
#; -0.000699; 0.001108; 0.001985; 0.005207; 0.006515; -0.007043 \
#; 0.003369; -0.004952; -0.004100; -0.004279; 0.004921; 0.006165 \
#; -0.006710; -0.005046; 0.014098; -0.000242; 0.000496; -0.000885 \
#; 0.002822; -0.001659; -0.005210; 0.006482; -0.005022; -0.013921 \
#; -0.000858; -0.000355; 0.002300; -0.004069; 0.000229; 0.010904 \
#; 0.003759; 0.000237; -0.009208; 0.011127; -0.000060; -0.027950 \
#; -0.000934; -0.001115; 0.000204; 0.000197; -0.003810; -0.000043 \
#; 0.000397; 0.000349; 0.008041; -0.000506; 0.001384; -0.003658 \
# ]
#metaData: qpt=[0.500000;0.500000;0.000000;2.045128 \
#; -0.000000; -0.014405; 0.012664; 0.000000; 0.015050; 0.003675 \
#; 0.004422; 0.001891; 0.000873; 0.009065; -0.003006; -0.011303 \
#; -0.006741; 0.025063; -0.009595; 0.023229; -0.002654; 0.033065 \
#; 0.002934; 0.039667; 0.009119; -0.013147; 0.024956; -0.021125 \
#; 0.002933; -0.000004; 0.007647; -0.000384; 0.001314; 0.005004 \
#; 0.003841; 0.004509; -0.010573; -0.004540; -0.002219; -0.001724 \
#; -0.014681; 0.007451; 0.004312; -0.001712; 0.001682; -0.003218 \
#; -0.009865; -0.005906; -0.001216; -0.006759; -0.003656; 0.000952 \
#; -0.008880; 0.005620; -0.005738; -0.008867; 0.007808; -0.008930 \
#; 0.000457; 0.000178; -0.002331; -0.007761; -0.008091; -0.006342 \
#; -0.009499; 0.005466; -0.009852; 0.008716; -0.008924; 0.008541 \
#; -0.009820; -0.004735; -0.013180; 0.003361; 0.000544; 0.003070 \
#; 0.006086; -0.000772; -0.003600; -0.000139; 0.006497; -0.002890 \
#; -0.002686; -0.005621; -0.001369; 0.000476; -0.003797; 0.000545 \
#; 0.004743; 0.002456; -0.006552; 0.002568; -0.008726; 0.001708 \
#; 0.005632; -0.003003; -0.010271; -0.002518; -0.004073; -0.001154 \
#; -0.003797; -0.000728; -0.005867; 0.008031; -0.001602; 0.012406 \
#; -0.005083; 0.000546; 0.001899; -0.001152; 0.000232; -0.008641 \
#; 0.014264; -0.000467; 0.003813; 0.006745; 0.002722; 0.001803 \
#; 0.010903; 0.001828; -0.000949; 0.003559; -0.004296; -0.004539 \
# ]
#metaData: qpt=[0.500000;0.500000;0.000000;2.045128 \
#; 0.000000; -0.017907; 0.002689; -0.000000; -0.048689; -0.002087 \
#; -0.026898; -0.000341; 0.039696; 0.002686; -0.000851; -0.009048 \
#; 0.003828; 0.003382; 0.005448; 0.004932; -0.020693; 0.007020 \
#; -0.009582; 0.011229; -0.012175; -0.002582; -0.004496; 0.010988 \
#; -0.006652; 0.003440; -0.001660; 0.011531; -0.006472; 0.000555 \
#; 0.011837; 0.006893; -0.000571; 0.005526; 0.001889; 0.005811 \
#; -0.002329; -0.000649; 0.009059; 0.007061; -0.004786; 0.003426 \
#; 0.001347; 0.001826; 0.004829; 0.000779; -0.001453; -0.008678 \
#; -0.007083; 0.004167; -0.006764; -0.003012; -0.002934; -0.001875 \
#; -0.005783; 0.000882; -0.004173; 0.001822; 0.000978; 0.003124 \
#; 0.002415; 0.006807; 0.008466; 0.005649; -0.006649; 0.003387 \
#; 0.001097; 0.005045; -0.002974; 0.000093; 0.007914; -0.004799 \
#; 0.003850; 0.001195; -0.004889; 0.009523; -0.008095; -0.006907 \
#; 0.009689; 0.007398; -0.006412; -0.004442; -0.001309; 0.005486 \
#; -0.011261; 0.007376; 0.013816; 0.000932; -0.004305; -0.000743 \
#; -0.000693; -0.000668; -0.001207; 0.011011; 0.009151; -0.012665 \
#; 0.001101; 0.005127; 0.001700; 0.002011; -0.001377; 0.003107 \
#; -0.008139; 0.000131; -0.004394; -0.017426; -0.000079; 0.003972 \
#; 0.003573; 0.001751; 0.000955; -0.001955; -0.000374; -0.000523 \
#; -0.008925; -0.000620; 0.015007; -0.003898; -0.001033; -0.005647 \
# ]
#metaData: qpt=[0.500000;0.500000;0.000000;2.045128 \
#; -0.000000; -0.008990; -0.000156; -0.000000; -0.008483; -0.008518 \
#; -0.005801; -0.002217; 0.010514; 0.001443; -0.000592; 0.010975 \
#; 0.015625; 0.021229; 0.022241; -0.000286; 0.041864; -0.000408 \
#; 0.023898; 0.007808; 0.034804; -0.004139; -0.029255; -0.002729 \
#; -0.004275; 0.004938; 0.011400; 0.002473; -0.001165; 0.001138 \
#; 0.000673; -0.001316; 0.007775; 0.001975; 0.001768; -0.002921 \
#; 0.010334; -0.005796; -0.000516; -0.004177; 0.001976; 0.001885 \
#; -0.015848; -0.008022; 0.004751; -0.001199; -0.001063; -0.001727 \
#; 0.008832; -0.006677; 0.010805; 0.002077; -0.003136; 0.000126 \
#; -0.007331; -0.004716; -0.005418; -0.012170; -0.009135; -0.013285 \
#; 0.004014; -0.000801; 0.007189; -0.008112; 0.005950; -0.005834 \
#; -0.007457; -0.005057; -0.005658; 0.011014; 0.009987; 0.009585 \
#; -0.000179; -0.007115; 0.005559; 0.000415; -0.000918; -0.002404 \
#; 0.004650; -0.003392; -0.005815; -0.000319; -0.006875; -0.004732 \
#; -0.002293; -0.002047; 0.006478; 0.003940; 0.000863; -0.002230 \
#; 0.003977; -0.003400; -0.003730; 0.001399; 0.006220; 0.001275 \
#; 0.005682; 0.001249; 0.008779; 0.000806; 0.000160; 0.001246 \
#; 0.006895; 0.000039; 0.013424; -0.006480; -0.000382; -0.003511 \
#; 0.001432; -0.004536; 0.000383; -0.010093; 0.001208; -0.002698 \
#; 0.003119; -0.003001; 0.004493; 0.015826; -0.000306; 0.002670 \
# ]
#metaData: qpt=[0.500000;0.500000;0.000000;2.045128 \
#; 0.029465; -0.000000; -0.041942; 0.000000; 0.000000; 0.000000 \
#; 0.000000; 0.015731; -0.000000; 0.000000; -0.054881; 0.000000 \
#; 0.000000; -0.000000; -0.000000; 0.000000; -0.000000; 0.016064 \
#; 0.000000; -0.004159; -0.000000; -0.000000; -0.001192; -0.000000 \
#; 0.008409; -0.004356; 0.002065; 0.011158; -0.005781; 0.002740 \
#; -0.011158; -0.005781; -0.002740; 0.008409; 0.004356; 0.002065 \
#; -0.002199; 0.003030; -0.008106; 0.001657; -0.002284; 0.006109 \
#; -0.001657; -0.002284; -0.006109; -0.002199; -0.003030; -0.008106 \
#; -0.001622; -0.008297; -0.007972; -0.000253; -0.001296; -0.001246 \
#; 0.000575; -0.002942; 0.002827; -0.001537; 0.007865; -0.007558 \
#; 0.000494; 0.000335; 0.000274; -0.003955; -0.002685; -0.002199 \
#; 0.003973; -0.002698; 0.002209; -0.000314; 0.000213; -0.000175 \
#; 0.012511; -0.008997; -0.014523; 0.001562; -0.001123; -0.001813 \
#; 0.000993; 0.000714; -0.001152; 0.012569; 0.009039; -0.014590 \
#; -0.001720; 0.001410; 0.001192; 0.011011; -0.009022; -0.007626 \
#; -0.010438; -0.008553; 0.007230; -0.003905; -0.003200; 0.002705 \
#; 0.003049; -0.000000; -0.000815; -0.018979; -0.000000; 0.005073 \
#; 0.000000; -0.005646; -0.000000; 0.000000; -0.000680; -0.000000 \
#; 0.010685; -0.000000; -0.016507; 0.001716; 0.000000; -0.002652 \
#; 0.000000; 0.000086; -0.000000; -0.000000; -0.000718; 0.000000 \
# ]
#metaData: qpt=[0.500000;0.500000;0.000000;3.185391 \
#; 0.000000; 0.000453; 0.002651; -0.000000; -0.007877; -0.005722 \
#; -0.000285; -0.008655; -0.004656; 0.006185; -0.007484; 0.010537 \
#; 0.007193; 0.002752; -0.009550; 0.003332; -0.013431; -0.004424 \
#; 0.002923; -0.005722; 0.001039; 0.005378; 0.006617; -0.006913 \
#; 0.000831; 0.009385; -0.000600; 0.001158; 0.006043; -0.001056 \
#; -0.000059; -0.010534; 0.000392; -0.006484; -0.011482; 0.007328 \
#; 0.006831; -0.005049; 0.007500; 0.004301; 0.006721; 0.004413 \
#; -0.006519; -0.006180; -0.007200; -0.004503; -0.005165; -0.005001 \
#; 0.001689; 0.004411; 0.004307; 0.022993; 0.029345; 0.023721 \
#; 0.008663; -0.022524; 0.019172; -0.011399; 0.005603; -0.004430 \
#; 0.024239; 0.035464; 0.026971; -0.005122; 0.013222; -0.006917 \
#; -0.025808; 0.021162; -0.034547; 0.020195; -0.035332; 0.035229 \
#; 0.002331; 0.007898; 0.005161; -0.013990; -0.015479; 0.026833 \
#; -0.006965; -0.007885; 0.005494; 0.003209; -0.004518; -0.017785 \
#; -0.014402; -0.011173; 0.028515; 0.010606; 0.032578; -0.013818 \
#; 0.030391; -0.038715; -0.048630; -0.006371; -0.008568; 0.009610 \
#; -0.013987; -0.007495; 0.022764; -0.009428; 0.006949; 0.015344 \
#; 0.012186; 0.006357; 0.020385; -0.012603; -0.010283; 0.015936 \
#; -0.014507; -0.008531; 0.005355; 0.021522; 0.001943; -0.007945 \
#; 0.014378; 0.001685; -0.008280; -0.025333; 0.001041; -0.016785 \
# ]
#metaData: qpt=[0.500000;0.500000;0.000000;3.185391 \
#; -0.000000; 0.018878; -0.002691; -0.000000; -0.003543; 0.001182 \
#; 0.001218; 0.000717; 0.003347; 0.008639; 0.005285; 0.006184 \
#; -0.001486; -0.005412; 0.001973; -0.003383; -0.003791; 0.004492 \
#; -0.006645; 0.004041; 0.015694; -0.002175; -0.000548; 0.001919 \
#; 0.007961; -0.009455; -0.008852; 0.005702; -0.010009; -0.006441 \
#; 0.004384; 0.005142; -0.004872; -0.005610; -0.000776; 0.006054 \
#; -0.001201; -0.005828; -0.001109; -0.002243; 0.010302; -0.002733 \
#; 0.002257; -0.010526; 0.002097; 0.003724; -0.005954; 0.003817 \
#; -0.019337; -0.045255; -0.037421; -0.003955; -0.003361; -0.002804 \
#; -0.007245; 0.012152; -0.010108; 0.027548; -0.048357; 0.039353 \
#; -0.009628; -0.007919; -0.013959; -0.018371; -0.019625; -0.041517 \
#; 0.002739; -0.014232; -0.011460; 0.003045; 0.005392; 0.007873 \
#; 0.022933; 0.004997; -0.023973; -0.000441; 0.001033; -0.004346 \
#; -0.006750; 0.005790; 0.005220; -0.025531; 0.015895; 0.033006 \
#; 0.009143; 0.014118; -0.014432; 0.028228; 0.032696; -0.037946 \
#; 0.014510; -0.028946; -0.013363; -0.002425; 0.006905; 0.004990 \
#; 0.001981; 0.002641; -0.003223; 0.007610; -0.008350; -0.012384 \
#; 0.041987; -0.005393; -0.013839; -0.006095; 0.001633; -0.006896 \
#; 0.011709; -0.014570; -0.004322; -0.003047; 0.003078; 0.001125 \
#; -0.009054; -0.000268; -0.007586; 0.004871; -0.000884; -0.037215 \
# ]
#metaData: qpt=[0.500000;0.500000;0.000000;3.185391 \
#; -0.000000; -0.005115; -0.002341; 0.000000; -0.000560; 0.005818 \
#; -0.003207; 0.008977; -0.007282; 0.003730; 0.006992; 0.009846 \
#; -0.007314; 0.005128; 0.009710; -0.002943; -0.014133; 0.003908 \
#; 0.006152; 0.005346; -0.005201; 0.003802; -0.006863; -0.002496 \
#; 0.002551; -0.006677; -0.002950; 0.000149; 0.012001; 0.000214 \
#; 0.001645; -0.006478; -0.001566; 0.003002; 0.013819; -0.003658 \
#; 0.005025; -0.006307; 0.005598; -0.007529; 0.001055; -0.008125 \
#; 0.003099; -0.001586; 0.003281; -0.007889; -0.006164; -0.008672 \
#; 0.022135; 0.027954; 0.022992; -0.001263; 0.005899; 0.005589 \
#; 0.018059; -0.018838; 0.015260; -0.008375; 0.019403; -0.016684 \
#; -0.011050; -0.029850; -0.017306; -0.028026; -0.026330; -0.033593 \
#; -0.011611; -0.003305; -0.010298; -0.026946; 0.039063; -0.037253 \
#; -0.010059; -0.009026; 0.027361; 0.000950; 0.010824; -0.000144 \
#; -0.004337; 0.012513; 0.014328; 0.007374; 0.001159; -0.020505 \
#; 0.004437; -0.012862; -0.009489; 0.023213; 0.034192; -0.039961 \
#; 0.002032; -0.022356; -0.002541; 0.023960; -0.028835; -0.040890 \
#; 0.014371; -0.005318; -0.023389; 0.008652; 0.011028; -0.014081 \
#; -0.000484; -0.005790; 0.028189; 0.002520; 0.010536; 0.012731 \
#; 0.013313; -0.004593; -0.004914; -0.022113; -0.003416; 0.008163 \
#; 0.014573; -0.001726; 0.005560; -0.030781; -0.000949; -0.006446 \
# ]
#metaData: qpt=[0.500000;0.500000;0.000000;3.185391 \
#; -0.011775; -0.000000; -0.015634; 0.000000; 0.000000; -0.000000 \
#; 0.000000; 0.003580; -0.000000; -0.000000; -0.012491; 0.000000 \
#; 0.000000; 0.000000; 0.000000; 0.000000; -0.000000; -0.009367 \
#; 0.000000; 0.016337; -0.000000; -0.000000; 0.004683; -0.000000 \
#; -0.004947; -0.000247; 0.005310; -0.006564; -0.000328; 0.007046 \
#; 0.006564; -0.000328; -0.007046; -0.004947; 0.000247; 0.005310 \
#; 0.003430; -0.012660; 0.004082; -0.002585; 0.009541; -0.003076 \
#; 0.002585; 0.009541; 0.003076; 0.003430; 0.012660; 0.004082 \
#; 0.023620; 0.009341; 0.042116; 0.003690; 0.001459; 0.006580 \
#; -0.008376; 0.003313; -0.014936; 0.022391; -0.008855; 0.039925 \
#; -0.000707; -0.002417; -0.001937; 0.005665; 0.019365; 0.015521 \
#; -0.005692; 0.019454; -0.015593; 0.000450; -0.001537; 0.001232 \
#; -0.033720; -0.057166; 0.047355; -0.004209; -0.007135; 0.005911 \
#; -0.002676; 0.004536; 0.003757; -0.033876; 0.057430; 0.047574 \
#; 0.002317; 0.001160; -0.000804; -0.014829; -0.007423; 0.005149 \
#; 0.014057; -0.007037; -0.004881; 0.005259; -0.002632; -0.001826 \
#; 0.006115; -0.000000; 0.002257; -0.038064; 0.000000; -0.014052 \
#; -0.000000; -0.002921; 0.000000; 0.000000; -0.000352; 0.000000 \
#; 0.024738; 0.000000; 0.040260; 0.003974; -0.000000; 0.006468 \
#; 0.000000; -0.002147; 0.000000; -0.000000; 0.017827; 0.000000 \
# ]
#metaData: qpt=[0.500000;0.500000;0.000000;3.612521 \
#; 0.028924; -0.000000; -0.019960; -0.000000; -0.000000; -0.000000 \
#; -0.000000; -0.003884; -0.000000; 0.000000; 0.013549; -0.000000 \
#; 0.000000; 0.000000; -0.000000; -0.000000; 0.000000; -0.004643 \
#; -0.000000; -0.002771; -0.000000; -0.000000; -0.000794; -0.000000 \
#; 0.003597; -0.003801; 0.002961; 0.004773; -0.005044; 0.003929 \
#; -0.004773; -0.005044; -0.003929; 0.003597; 0.003801; 0.002961 \
#; -0.000319; 0.006424; 0.004237; 0.000240; -0.004841; -0.003193 \
#; -0.000240; -0.004841; 0.003193; -0.000319; -0.006424; 0.004237 \
#; 0.019448; 0.056976; 0.024257; 0.003039; 0.008902; 0.003790 \
#; -0.006897; 0.020205; -0.008602; 0.018436; -0.054011; 0.022995 \
#; -0.001708; 0.000617; -0.000555; 0.013684; -0.004941; 0.004444 \
#; -0.013747; -0.004964; -0.004464; 0.001086; 0.000392; 0.000353 \
#; 0.006329; 0.014041; 0.015505; 0.000790; 0.001753; 0.001935 \
#; 0.000502; -0.001114; 0.001230; 0.006358; -0.014107; 0.015577 \
#; 0.001571; 0.006462; -0.002857; -0.010052; -0.041360; 0.018283 \
#; 0.009529; -0.039208; -0.017332; 0.003565; -0.014667; -0.006484 \
#; -0.013039; -0.000000; -0.001918; 0.081161; 0.000000; 0.011941 \
#; 0.000000; 0.003749; 0.000000; 0.000000; 0.000452; 0.000000 \
#; -0.031741; -0.000000; 0.030886; -0.005099; -0.000000; 0.004962 \
#; 0.000000; 0.002472; -0.000000; 0.000000; -0.020523; -0.000000 \
# ]
#metaData: qpt=[0.500000;0.500000;0.000000;3.612521 \
#; 0.000000; 0.004823; -0.001438; 0.000000; 0.010743; 0.001163 \
#; -0.023963; -0.000448; 0.016570; 0.005480; -0.001057; -0.005383 \
#; 0.007248; 0.000905; 0.005002; 0.008956; -0.005885; 0.006180 \
#; 0.009978; -0.005168; 0.006005; 0.000212; 0.002193; -0.003700 \
#; -0.002338; 0.007483; -0.005198; 0.004512; -0.002405; 0.002172 \
#; 0.004589; 0.003957; 0.003195; 0.002030; 0.001265; 0.001096 \
#; 0.001009; -0.006979; -0.004691; 0.000829; -0.003523; -0.002411 \
#; -0.003791; -0.001359; 0.001392; -0.002162; -0.008197; 0.005641 \
#; 0.009703; 0.017835; 0.002316; 0.008754; -0.012842; 0.000433 \
#; 0.013099; -0.001584; 0.005562; -0.000051; -0.011574; 0.011802 \
#; -0.013727; -0.040615; -0.021813; 0.011839; 0.037272; 0.008778 \
#; 0.010677; -0.036517; 0.022025; 0.014556; -0.040027; 0.011027 \
#; -0.001140; 0.008214; -0.001050; -0.006036; -0.036741; 0.014794 \
#; -0.013244; 0.034912; 0.017157; -0.005636; -0.002240; 0.000634 \
#; -0.001650; 0.000396; -0.017225; 0.003904; 0.025694; -0.002383 \
#; -0.011382; 0.018328; 0.012745; 0.007371; -0.019348; 0.010194 \
#; -0.006375; -0.002319; -0.006203; -0.011106; 0.008182; -0.010807 \
#; 0.015193; 0.006974; -0.006839; 0.066296; -0.004377; 0.011014 \
#; -0.028398; -0.004640; 0.004178; 0.016300; -0.016663; -0.002398 \
#; 0.021429; 0.000800; -0.024074; -0.038331; 0.001274; 0.014096 \
# ]
#metaData: qpt=[0.500000;0.500000;0.000000;3.612521 \
#; -0.000000; -0.001576; -0.003767; -0.000000; -0.005832; 0.000059 \
#; 0.013247; 0.000609; -0.009809; 0.002115; -0.002258; -0.002970 \
#; 0.000368; -0.004540; 0.000254; 0.023465; -0.003689; 0.016192 \
#; 0.009412; -0.011041; 0.006156; -0.004161; -0.002978; -0.000745 \
#; 0.001659; 0.004687; -0.002839; -0.002211; 0.007834; -0.005410 \
#; -0.001700; 0.002467; 0.001384; -0.002057; -0.003332; -0.002450 \
#; -0.003471; 0.006120; 0.004459; 0.000775; 0.001727; 0.001025 \
#; -0.005183; -0.008023; 0.005929; -0.004182; -0.001966; 0.001841 \
#; 0.010339; 0.037874; 0.010173; -0.006413; 0.004435; 0.002869 \
#; -0.009739; 0.010823; -0.005218; 0.004132; -0.027786; 0.018901 \
#; 0.010526; 0.033554; 0.016319; 0.008220; 0.024032; -0.007027 \
#; -0.004374; 0.006086; 0.015070; -0.010990; 0.035544; -0.016960 \
#; -0.005247; 0.021213; -0.003708; -0.000279; 0.008760; -0.003466 \
#; -0.001327; -0.005066; -0.001962; -0.017082; 0.014498; 0.011565 \
#; -0.001786; 0.000973; 0.010829; 0.011710; 0.048079; -0.018114 \
#; -0.018979; 0.040861; 0.021970; -0.006612; 0.022671; -0.000885 \
#; 0.003734; 0.005507; 0.003633; -0.025815; 0.006390; -0.025120 \
#; -0.009634; 0.016681; -0.009343; -0.031899; 0.001745; 0.000449 \
#; -0.066009; 0.000787; 0.009712; -0.009547; 0.008894; 0.001405 \
#; -0.030828; -0.000319; 0.016850; -0.024521; 0.003047; 0.003595 \
# ]
#metaData: qpt=[0.500000;0.500000;0.000000;3.612521 \
#; -0.000000; -0.003536; 0.001102; 0.000000; 0.004392; -0.001653 \
#; -0.002217; 0.000798; -0.001962; -0.006890; 0.000940; 0.002738 \
#; -0.010296; -0.011476; -0.007105; -0.006863; -0.002365; -0.004736 \
#; 0.012564; 0.004597; 0.009776; -0.021755; -0.003901; -0.015368 \
#; -0.001561; 0.004489; -0.003139; -0.000365; -0.002011; 0.001264 \
#; -0.000346; 0.002409; 0.001527; 0.001903; 0.011360; 0.007671 \
#; -0.002208; 0.002960; 0.002227; -0.007237; 0.005845; 0.004781 \
#; -0.002132; -0.000451; 0.000578; 0.001912; 0.002647; -0.001983 \
#; -0.003918; -0.006204; -0.011651; -0.000442; 0.001342; 0.018805 \
#; -0.006315; 0.020889; 0.006808; -0.003312; 0.022703; 0.002361 \
#; 0.003963; 0.022845; 0.017290; -0.002998; -0.003740; 0.004673 \
#; -0.001075; 0.002368; -0.005425; -0.008042; 0.032194; -0.006204 \
#; 0.012292; 0.026019; -0.013074; -0.021557; -0.049816; 0.023422 \
#; -0.013290; 0.057759; 0.022232; -0.001942; 0.017518; 0.006216 \
#; -0.017909; -0.015678; 0.009669; -0.011803; -0.018217; 0.005073 \
#; -0.001511; -0.019014; -0.010119; 0.005309; 0.017179; 0.003840 \
#; 0.010089; 0.016115; 0.009817; 0.009347; 0.006197; 0.009095 \
#; -0.028286; -0.005750; -0.012382; 0.035414; 0.006719; 0.026758 \
#; 0.023900; 0.005988; -0.003516; -0.025797; -0.005178; 0.003795 \
#; -0.063059; -0.001227; 0.006265; -0.018277; -0.001050; -0.003233 \
# ]
#metaData: qpt=[0.500000;0.500000;0.000000;4.089394 \
#; 0.021373; 0.000000; -0.005723; -0.000000; -0.000000; -0.000000 \
#; 0.000000; 0.000144; -0.000000; -0.000000; -0.000504; 0.000000 \
#; -0.000000; -0.000000; 0.000000; -0.000000; -0.000000; -0.009308 \
#; -0.000000; 0.013269; 0.000000; -0.000000; 0.003803; -0.000000 \
#; -0.009621; 0.016218; 0.003878; -0.012766; 0.021520; 0.005145 \
#; 0.012766; 0.021520; -0.005145; -0.009621; -0.016218; 0.003878 \
#; 0.011695; 0.001891; 0.003129; -0.008814; -0.001425; -0.002358 \
#; 0.008814; -0.001425; 0.002358; 0.011695; -0.001891; 0.003129 \
#; 0.021191; -0.012443; 0.030793; 0.003311; -0.001944; 0.004811 \
#; -0.007515; -0.004413; -0.010920; 0.020088; 0.011795; 0.029191 \
#; 0.003571; -0.001937; 0.000893; -0.028611; 0.015520; -0.007153 \
#; 0.028744; 0.015592; 0.007186; -0.002270; -0.001231; -0.000568 \
#; -0.007559; 0.046538; 0.022984; -0.000944; 0.005809; 0.002869 \
#; -0.000600; -0.003693; 0.001824; -0.007594; -0.046754; 0.023091 \
#; -0.001645; -0.002316; 0.003689; 0.010527; 0.014823; -0.023611 \
#; -0.009979; 0.014051; 0.022383; -0.003733; 0.005257; 0.008373 \
#; 0.000504; -0.000000; -0.010852; -0.003136; -0.000000; 0.067552 \
#; -0.000000; 0.025330; -0.000000; -0.000000; 0.003051; 0.000000 \
#; 0.027310; -0.000000; -0.041704; 0.004387; -0.000000; -0.006700 \
#; 0.000000; 0.000361; 0.000000; -0.000000; -0.003000; -0.000000 \
# ]
#metaData: qpt=[0.500000;0.500000;0.000000;4.089394 \
#; -0.000000; -0.009252; 0.005557; -0.000000; -0.000783; -0.001277 \
#; -0.009004; 0.000451; 0.000333; -0.000624; -0.008443; 0.006030 \
#; -0.002931; -0.005679; -0.000785; -0.012759; 0.000865; -0.003417 \
#; -0.013461; -0.000321; -0.003333; -0.004771; -0.000017; -0.005199 \
#; -0.007837; -0.009444; 0.001498; -0.019031; 0.006339; 0.005783 \
#; -0.007486; -0.008206; 0.002694; -0.005894; -0.007224; 0.002177 \
#; -0.002062; -0.005150; -0.000199; -0.002453; -0.003356; -0.000439 \
#; -0.017442; -0.021910; -0.006481; -0.010541; -0.026395; -0.004881 \
#; 0.010813; -0.021077; 0.029550; -0.011527; -0.000785; -0.000752 \
#; -0.010830; 0.007440; 0.001363; 0.000024; -0.038705; -0.000074 \
#; -0.009865; 0.000534; -0.014621; 0.012415; -0.019182; 0.030936 \
#; 0.005246; -0.035913; 0.006179; 0.009958; 0.013889; 0.016595 \
#; -0.031270; 0.018344; 0.023996; 0.003630; 0.006893; -0.006659 \
#; -0.000735; -0.008801; -0.008711; -0.003800; 0.001078; -0.013736 \
#; 0.006420; -0.021474; -0.009450; -0.032098; 0.018990; 0.024284 \
#; -0.004099; 0.001023; -0.015968; -0.009297; -0.022828; 0.009121 \
#; -0.001126; -0.010318; -0.001720; -0.016905; -0.001425; -0.025815 \
#; -0.018300; -0.001840; -0.025162; -0.004669; 0.000196; 0.023686 \
#; -0.001941; -0.016698; -0.041815; 0.000129; -0.005007; 0.002786 \
#; -0.011251; -0.001653; 0.026009; -0.001037; -0.015540; -0.046571 \
# ]
#metaData: qpt=[0.500000;0.500000;0.000000;4.089394 \
#; -0.000000; -0.000500; -0.002338; -0.000000; -0.007533; -0.006955 \
#; 0.000725; -0.010870; -0.005182; -0.006018; 0.000491; 0.000635 \
#; -0.015970; -0.000336; -0.004276; 0.005369; -0.003890; 0.001438 \
#; 0.002242; 0.000019; 0.003221; -0.011453; 0.000413; -0.002751 \
#; 0.002693; -0.005602; -0.001163; 0.007323; -0.004620; -0.002385 \
#; -0.011724; 0.007701; 0.002712; -0.015742; -0.003492; 0.004655 \
#; 0.019106; -0.026889; 0.007311; 0.010623; -0.023438; 0.004687 \
#; -0.003621; -0.000573; -0.001054; 0.001685; 0.008159; 0.001069 \
#; 0.006474; -0.004660; -0.002004; -0.004164; -0.037186; -0.005960 \
#; 0.014015; 0.013723; 0.031414; -0.006615; 0.002137; 0.002029 \
#; -0.000142; -0.044293; 0.004545; -0.007496; 0.010606; -0.012963 \
#; -0.002601; 0.009690; 0.000713; 0.012697; 0.026768; 0.031752 \
#; 0.001948; -0.006967; 0.004991; 0.010679; -0.005063; 0.011199 \
#; -0.031748; -0.019128; 0.020417; 0.013773; 0.001830; -0.011605 \
#; -0.000950; 0.001209; 0.020262; 0.006097; -0.015563; -0.010981 \
#; 0.006918; 0.015668; -0.008324; -0.031636; -0.015522; 0.027049 \
#; -0.021508; 0.001646; -0.032844; 0.003582; -0.007114; 0.005470 \
#; 0.001414; 0.000484; -0.018604; -0.015130; 0.002332; -0.022287 \
#; 0.000411; 0.001879; 0.008860; 0.002470; -0.013893; 0.053201 \
#; 0.001425; -0.019693; 0.037809; -0.007779; 0.004083; 0.013240 \
# ]
#metaData: qpt=[0.500000;0.500000;0.000000;4.089394 \
#; 0.000000; 0.002996; 0.000066; 0.000000; 0.006215; -0.000538 \
#; -0.005565; -0.000741; 0.006168; -0.017539; -0.000314; 0.004199 \
#; -0.001236; -0.006822; -0.000331; -0.000151; -0.009799; -0.000040 \
#; 0.001142; -0.000012; 0.007945; 0.010740; 0.000028; 0.000452 \
#; 0.008439; -0.022617; -0.004017; 0.011346; -0.006610; -0.003655 \
#; 0.010492; 0.006748; -0.003427; -0.009917; -0.022378; 0.004412 \
#; -0.002275; 0.011571; -0.001484; -0.015238; 0.003717; -0.004531 \
#; -0.016851; -0.006436; -0.005181; 0.003208; 0.013144; 0.001860 \
#; 0.021841; -0.006588; 0.003348; -0.014726; 0.027865; -0.015331 \
#; -0.008919; -0.027516; -0.011870; -0.023788; -0.012877; -0.005085 \
#; -0.002602; 0.009509; 0.001011; -0.017809; 0.007084; -0.026804 \
#; -0.016957; -0.005255; -0.026573; 0.007026; 0.016203; 0.007111 \
#; -0.005823; -0.012981; 0.014455; 0.016192; -0.001273; -0.024799 \
#; 0.013676; -0.003192; -0.026364; 0.002296; -0.013049; -0.009122 \
#; -0.012646; -0.008483; -0.003045; 0.008940; -0.038281; -0.018450 \
#; 0.007360; 0.039882; -0.020361; 0.011971; -0.001894; 0.002486 \
#; -0.001549; -0.010587; -0.002365; -0.000447; -0.019650; -0.000682 \
#; 0.006106; -0.000042; -0.047014; 0.012259; 0.000171; 0.047093 \
#; -0.000051; 0.005254; -0.001105; 0.000178; 0.011488; 0.003831 \
#; -0.012260; -0.001444; -0.017008; -0.020849; -0.000356; 0.041542 \
# ]
#metaData: qpt=[0.500000;0.500000;0.000000;4.410032 \
#; 0.000000; 0.004255; -0.002240; -0.000000; 0.005621; -0.007687 \
#; 0.001964; -0.002408; -0.006714; -0.000845; 0.000011; 0.003854 \
#; 0.001473; -0.001110; 0.007171; -0.000429; 0.001546; -0.002090 \
#; -0.000050; -0.000020; -0.004657; -0.000546; -0.004468; -0.012907 \
#; -0.006714; 0.001865; -0.021335; 0.025367; -0.004109; 0.054621 \
#; 0.023741; 0.001433; 0.029782; 0.005500; -0.000133; 0.002788 \
#; -0.010282; 0.003092; 0.034763; -0.007683; 0.001238; 0.016484 \
#; 0.013743; 0.000763; -0.016649; -0.018413; 0.000413; 0.009610 \
#; 0.001291; -0.002628; 0.003501; -0.006193; -0.018719; 0.004087 \
#; 0.020192; -0.012883; 0.011986; -0.000576; -0.001166; -0.002063 \
#; -0.016060; 0.010465; -0.011658; 0.008238; -0.000411; 0.005817 \
#; 0.005836; -0.003764; 0.004992; -0.000358; -0.006386; 0.002186 \
#; 0.010098; 0.012072; -0.002530; 0.015864; 0.019764; -0.001755 \
#; 0.019791; -0.017167; -0.010857; -0.015473; 0.015901; 0.006490 \
#; -0.018994; 0.007501; 0.010665; 0.006594; -0.005842; -0.003587 \
#; 0.004261; 0.003733; -0.002455; -0.001973; 0.014929; 0.003481 \
#; 0.001975; 0.000813; -0.014518; -0.000247; -0.000072; 0.001814 \
#; 0.006057; -0.000511; 0.002680; 0.009127; -0.003094; 0.007239 \
#; -0.001034; 0.002214; 0.000229; -0.008278; 0.003862; 0.001835 \
#; 0.005228; -0.000231; 0.016574; -0.002228; 0.000038; -0.010768 \
# ]
#metaData: qpt=[0.500000;0.500000;0.000000;4.410032 \
#; -0.002688; -0.000000; 0.013088; -0.000000; -0.000000; -0.000000 \
#; -0.000000; -0.002157; -0.000000; -0.000000; 0.007525; 0.000000 \
#; -0.000000; -0.000000; -0.000000; -0.000000; 0.000000; -0.014029 \
#; -0.000000; 0.004056; -0.000000; -0.000000; 0.001163; -0.000000 \
#; 0.018883; -0.001763; 0.029200; 0.025056; -0.002340; 0.038746 \
#; -0.025056; -0.002340; -0.038746; 0.018883; 0.001763; 0.029200 \
#; 0.001420; -0.002336; -0.021689; -0.001070; 0.001761; 0.016346 \
#; 0.001070; 0.001761; -0.016346; 0.001420; 0.002336; -0.021689 \
#; 0.019015; 0.005559; 0.012717; 0.002971; 0.000869; 0.001987 \
#; -0.006743; 0.001971; -0.004510; 0.018026; -0.005270; 0.012055 \
#; -0.000730; -0.000028; -0.001120; 0.005847; 0.000225; 0.008970 \
#; -0.005874; 0.000226; -0.009012; 0.000464; -0.000018; 0.000712 \
#; 0.013415; -0.015390; -0.007493; 0.001674; -0.001921; -0.000935 \
#; 0.001064; 0.001221; -0.000595; 0.013477; 0.015462; -0.007528 \
#; -0.003526; -0.004305; 0.000987; 0.022567; 0.027557; -0.006316 \
#; -0.021392; 0.026123; 0.005988; -0.008003; 0.009772; 0.002240 \
#; -0.002319; -0.000000; -0.000514; 0.014433; -0.000000; 0.003200 \
#; -0.000000; 0.000407; -0.000000; -0.000000; 0.000049; 0.000000 \
#; -0.003443; -0.000000; -0.025311; -0.000553; -0.000000; -0.004066 \
#; 0.000000; -0.000657; 0.000000; -0.000000; 0.005456; -0.000000 \
# ]
#metaData: qpt=[0.500000;0.500000;0.000000;4.410032 \
#; -0.000000; -0.004695; -0.009712; 0.000000; 0.002184; -0.000736 \
#; -0.000278; -0.001018; 0.006728; 0.001141; 0.002747; 0.000406 \
#; 0.000141; 0.003725; 0.000687; -0.001861; 0.000530; -0.009060 \
#; 0.001142; -0.005096; 0.011514; -0.001030; -0.001888; -0.003560 \
#; -0.009026; 0.001381; -0.018718; -0.009479; -0.000866; 0.000832 \
#; -0.011557; -0.002553; -0.030913; 0.010358; 0.003574; 0.039074 \
#; -0.016161; 0.000576; 0.016739; 0.029144; -0.001958; -0.038315 \
#; 0.005628; -0.000238; -0.001951; -0.020511; -0.002848; 0.039970 \
#; -0.023052; -0.013146; -0.011069; 0.001929; -0.011148; 0.001799 \
#; 0.010567; -0.002701; 0.003260; -0.005811; 0.024514; 0.003150 \
#; 0.008986; 0.014727; 0.002271; 0.009059; -0.002943; 0.001842 \
#; -0.011709; -0.015683; -0.009139; -0.010568; 0.013900; -0.002562 \
#; -0.020892; -0.014324; 0.013576; 0.006893; 0.001441; -0.004234 \
#; 0.010938; -0.004299; -0.006844; 0.010892; -0.013424; 0.000108 \
#; 0.000173; -0.001573; -0.002248; 0.009346; 0.010618; -0.008805 \
#; -0.015061; -0.002994; 0.007140; -0.009513; -0.000399; 0.007935 \
#; 0.000564; 0.002390; -0.004143; -0.002355; 0.001889; 0.017309 \
#; -0.005114; -0.003743; -0.010608; -0.002064; -0.000741; 0.011309 \
#; -0.009870; -0.002538; 0.002188; -0.002362; -0.000109; 0.000524 \
#; 0.006391; -0.000055; -0.002338; 0.006763; 0.000279; 0.010000 \
# ]
#metaData: qpt=[0.500000;0.500000;0.000000;4.410032 \
#; -0.000000; 0.000104; -0.002480; -0.000000; -0.001600; -0.005630 \
#; -0.000589; -0.001833; 0.003555; 0.000963; 0.000250; -0.015815 \
#; 0.001079; -0.000870; 0.005253; -0.000475; -0.007781; -0.002314 \
#; -0.002132; -0.000465; -0.005352; -0.000131; -0.003401; 0.002436 \
#; -0.004145; -0.000688; 0.003104; -0.010661; -0.001485; 0.005460 \
#; -0.012022; -0.000754; -0.015329; 0.003384; -0.001941; -0.014733 \
#; 0.004887; -0.001534; -0.017094; -0.025938; 0.002847; 0.043873 \
#; -0.012503; -0.001593; 0.023098; -0.028902; -0.003777; 0.054231 \
#; 0.005890; -0.015529; 0.001808; -0.011372; -0.011089; -0.004650 \
#; 0.010049; -0.010431; 0.001408; -0.009202; -0.011582; -0.003027 \
#; -0.004268; 0.005357; -0.001570; -0.023833; -0.026195; -0.009100 \
#; -0.028102; 0.020290; -0.011735; -0.001456; -0.012012; -0.002460 \
#; 0.005624; -0.006396; -0.006565; -0.007585; -0.005011; 0.005783 \
#; -0.004013; 0.003443; 0.000006; -0.006429; -0.007180; 0.009023 \
#; -0.006108; -0.005082; 0.004596; -0.007676; 0.006390; 0.008608 \
#; -0.009711; -0.004953; 0.010000; -0.012417; -0.001339; 0.008504 \
#; 0.001480; -0.000183; -0.010877; -0.000387; -0.004516; 0.002843 \
#; -0.008437; -0.000701; 0.019012; -0.002063; -0.002306; -0.002504 \
#; -0.001621; -0.001774; 0.000359; -0.006202; -0.000980; 0.001375 \
#; -0.001689; -0.000172; -0.003841; -0.010204; 0.000052; 0.012523 \
# ]
#metaData: qpt=[0.500000;0.500000;0.000000;4.728640 \
#; -0.000000; -0.004207; 0.000358; 0.000000; 0.002467; 0.001520 \
#; -0.000028; -0.009043; -0.000213; -0.005058; -0.000435; -0.001576 \
#; 0.004622; 0.003144; -0.000466; -0.001088; 0.010103; 0.000110 \
#; 0.003243; 0.000066; 0.001336; -0.000640; -0.001367; 0.000055 \
#; -0.026605; -0.037397; 0.019187; 0.011079; -0.010946; -0.001053 \
#; -0.022648; 0.029407; 0.015699; -0.001451; -0.022041; -0.005253 \
#; -0.015421; 0.020218; -0.000163; 0.018720; 0.010594; 0.009389 \
#; 0.020466; 0.022640; 0.001313; 0.013323; -0.019735; 0.009872 \
#; -0.006314; 0.004914; -0.001206; 0.008142; 0.008078; 0.001680 \
#; -0.005849; 0.004092; -0.000386; 0.006225; 0.004842; 0.001292 \
#; -0.007753; -0.019086; -0.003734; 0.002075; -0.012118; 0.006752 \
#; -0.000776; 0.017823; 0.004527; -0.006475; 0.009467; -0.006569 \
#; -0.009831; -0.002468; 0.005386; 0.004251; -0.015206; -0.000011 \
#; 0.002434; -0.012718; -0.004345; 0.009961; 0.003201; -0.004233 \
#; -0.004603; 0.014380; 0.005476; 0.006676; 0.025690; -0.006539 \
#; 0.006922; -0.025763; -0.006947; -0.004423; -0.009114; 0.006232 \
#; 0.025134; -0.000532; -0.003536; -0.001809; -0.002383; 0.000254 \
#; -0.015431; 0.000195; -0.004235; -0.000780; 0.001743; 0.001176 \
#; 0.002178; -0.001088; -0.000131; 0.030265; -0.000015; -0.001823 \
#; -0.011732; 0.001149; -0.000178; -0.046288; -0.000128; -0.002532 \
# ]
#metaData: qpt=[0.500000;0.500000;0.000000;4.728640 \
#; -0.000000; -0.010516; 0.000523; -0.000000; -0.008498; 0.000191 \
#; -0.002594; -0.001900; 0.001518; 0.002565; 0.002609; -0.000953 \
#; 0.000581; 0.002199; -0.000059; -0.001590; -0.004613; 0.000160 \
#; 0.003686; -0.000395; -0.001215; 0.005412; -0.000287; -0.001399 \
#; 0.003587; 0.004708; -0.002500; -0.023774; 0.007340; 0.006484 \
#; -0.038735; 0.000849; 0.013916; 0.000971; 0.002213; 0.000236 \
#; 0.014356; 0.053796; 0.019147; -0.002200; -0.002217; -0.001358 \
#; -0.002484; -0.003183; -0.000046; -0.015287; 0.036072; -0.014840 \
#; -0.003382; -0.021197; -0.004991; -0.005400; -0.022262; -0.005472 \
#; -0.008905; 0.029116; -0.006783; 0.005651; -0.019821; 0.004274 \
#; 0.007563; -0.000169; 0.003119; -0.006894; 0.004534; -0.003397 \
#; -0.013201; 0.006563; -0.007153; -0.007387; 0.003818; -0.003260 \
#; -0.000356; 0.008098; 0.006122; -0.002009; 0.009811; 0.006417 \
#; -0.002268; -0.010697; 0.004725; 0.002092; 0.019689; -0.006118 \
#; 0.004528; -0.005531; 0.000677; -0.004487; 0.000441; -0.000776 \
#; -0.006287; -0.004237; 0.002902; -0.007742; -0.009718; 0.002199 \
#; 0.004381; 0.001270; -0.000616; -0.007843; -0.000895; 0.001103 \
#; 0.042684; 0.000558; -0.002225; 0.039021; 0.000283; -0.002724 \
#; 0.009444; 0.002104; -0.000569; 0.005275; 0.002039; -0.000318 \
#; 0.018979; 0.000187; -0.003440; -0.013119; -0.000368; 0.003930 \
# ]
#metaData: qpt=[0.500000;0.500000;0.000000;4.728640 \
#; 0.007685; -0.000000; 0.000775; -0.000000; 0.000000; -0.000000 \
#; 0.000000; 0.000610; 0.000000; -0.000000; -0.002129; 0.000000 \
#; -0.000000; 0.000000; 0.000000; 0.000000; 0.000000; -0.002527 \
#; -0.000000; -0.014084; -0.000000; -0.000000; -0.004037; -0.000000 \
#; -0.001329; 0.025309; -0.006150; -0.001764; 0.033583; -0.008161 \
#; 0.001764; 0.033583; 0.008161; -0.001329; -0.025309; -0.006150 \
#; -0.028350; -0.015518; -0.014081; 0.021366; 0.011695; 0.010612 \
#; -0.021366; 0.011695; -0.010612; -0.028350; 0.015518; -0.014081 \
#; -0.008283; 0.014523; -0.010408; -0.001294; 0.002269; -0.001626 \
#; 0.002937; 0.005150; 0.003691; -0.007852; -0.013767; -0.009867 \
#; -0.000391; 0.002853; 0.000342; 0.003129; -0.022861; -0.002739 \
#; -0.003144; -0.022967; 0.002752; 0.000248; 0.001814; -0.000217 \
#; -0.011509; -0.025804; 0.007474; -0.001437; -0.003221; 0.000933 \
#; -0.000913; 0.002047; 0.000593; -0.011563; 0.025923; 0.007509 \
#; -0.001580; -0.001636; 0.000225; 0.010116; 0.010473; -0.001441 \
#; -0.009590; 0.009928; 0.001366; -0.003587; 0.003714; 0.000511 \
#; -0.007789; 0.000000; -0.000469; 0.048485; -0.000000; 0.002921 \
#; -0.000000; 0.001858; -0.000000; 0.000000; 0.000224; 0.000000 \
#; 0.040266; -0.000000; 0.005665; 0.006469; -0.000000; 0.000910 \
#; -0.000000; -0.000339; 0.000000; -0.000000; 0.002818; 0.000000 \
# ]
#metaData: qpt=[0.500000;0.500000;0.000000;4.728640 \
#; -0.000000; -0.003005; -0.001870; 0.000000; 0.001987; -0.000374 \
#; -0.004410; 0.005075; -0.000851; -0.000845; -0.009825; -0.000720 \
#; -0.001139; 0.009022; 0.000115; 0.005687; -0.000331; -0.000574 \
#; 0.001930; 0.001485; 0.000083; -0.001234; 0.000767; -0.001326 \
#; -0.021207; -0.030350; 0.015436; -0.025826; 0.002826; 0.008391 \
#; 0.022469; -0.029261; -0.015597; -0.002015; -0.017639; -0.003902 \
#; 0.015371; -0.020023; 0.000196; 0.015314; 0.009672; 0.007944 \
#; 0.016759; 0.017837; 0.001259; -0.012366; 0.037186; -0.014099 \
#; -0.010033; -0.012595; -0.002655; 0.001379; -0.011243; -0.000555 \
#; 0.007481; 0.005111; 0.000082; -0.003026; 0.003525; 0.000619 \
#; 0.005642; -0.004470; 0.007662; -0.010424; -0.021283; -0.005507 \
#; 0.006038; -0.019033; 0.004351; -0.001350; -0.013321; -0.005047 \
#; -0.004336; 0.019567; 0.000406; 0.006882; 0.008787; -0.003591 \
#; 0.008179; -0.000540; -0.003105; -0.001867; -0.013596; -0.003811 \
#; 0.008347; 0.015720; -0.007664; -0.006220; 0.016686; 0.006542 \
#; 0.006342; -0.000661; -0.008648; -0.002755; 0.023737; 0.000438 \
#; -0.010754; -0.001629; 0.001513; 0.028841; -0.000729; -0.004057 \
#; 0.008211; -0.002035; -0.001329; 0.020589; -0.000669; 0.002866 \
#; -0.034728; 0.000316; 0.002092; -0.012949; 0.001300; 0.000780 \
#; -0.033564; -0.000441; -0.002764; -0.011644; 0.001342; 0.000557 \
# ]
#metaData: qpt=[0.500000;0.500000;0.000000;4.910092 \
#; -0.000000; -0.002839; -0.000584; -0.000000; -0.001555; -0.001456 \
#; -0.003991; 0.001193; 0.001580; 0.005784; -0.000122; -0.000982 \
#; 0.002529; -0.000466; -0.000181; -0.001014; 0.002244; 0.000073 \
#; -0.002427; -0.000059; 0.003504; -0.003241; -0.000578; 0.002530 \
#; 0.006585; -0.008153; -0.008987; 0.014484; 0.005504; -0.008450 \
#; 0.016814; 0.007636; -0.016582; -0.005177; -0.000211; 0.004072 \
#; -0.007880; 0.021997; -0.016667; 0.004809; -0.008858; 0.007966 \
#; -0.002661; 0.003586; -0.000309; 0.020240; 0.030721; 0.030359 \
#; 0.034468; 0.003060; 0.031127; 0.021895; 0.009432; 0.015126 \
#; 0.023591; 0.017052; 0.029091; -0.029234; 0.000466; -0.027626 \
#; -0.011409; -0.003193; -0.002773; 0.014822; 0.004124; 0.002362 \
#; 0.013658; -0.010849; -0.001056; 0.001811; -0.014735; -0.005687 \
#; 0.003744; 0.035921; 0.008755; 0.010407; 0.021870; -0.004679 \
#; -0.014265; -0.008542; 0.015165; 0.005984; 0.036798; -0.018296 \
#; -0.005151; -0.015163; 0.005276; 0.004402; 0.019938; -0.001729 \
#; 0.003502; -0.016302; -0.000741; 0.015712; -0.011623; -0.010243 \
#; 0.010341; -0.005786; 0.013768; -0.002335; 0.006996; -0.003109 \
#; 0.019369; 0.001019; -0.025014; 0.003674; 0.003807; -0.019319 \
#; 0.002904; 0.007668; 0.000940; 0.012860; 0.003341; 0.004165 \
#; -0.025381; 0.001249; 0.011249; 0.038760; -0.000334; -0.028300 \
# ]
#metaData: qpt=[0.500000;0.500000;0.000000;4.910092 \
#; 0.000000; -0.001808; 0.003541; 0.000000; -0.000730; 0.000915 \
#; 0.002201; -0.001418; 0.002341; -0.000373; 0.002410; -0.002141 \
#; -0.001589; 0.001447; 0.000114; 0.006151; -0.001400; -0.000441 \
#; -0.003673; 0.001166; 0.000049; -0.003791; 0.000687; -0.000995 \
#; 0.003611; -0.006940; -0.006121; -0.004938; 0.001931; 0.004719 \
#; -0.010800; -0.034996; 0.025184; -0.001181; 0.006768; -0.002363 \
#; -0.028442; 0.015189; -0.029147; 0.008686; -0.008662; 0.010844 \
#; -0.004208; -0.000440; -0.003440; -0.002661; -0.006764; -0.005308 \
#; -0.002890; -0.040024; 0.012408; -0.008282; -0.023335; -0.000352 \
#; -0.002270; -0.005062; -0.008543; -0.008015; 0.016906; 0.003058 \
#; 0.004051; -0.024472; 0.010300; -0.005269; 0.036800; -0.016389 \
#; 0.010362; -0.009099; 0.002184; -0.000034; -0.010947; -0.003214 \
#; -0.036861; -0.004712; 0.028640; -0.018924; -0.008927; 0.009953 \
#; -0.000427; 0.005254; -0.005716; -0.020828; 0.008033; 0.025076 \
#; -0.023366; 0.004980; 0.020226; 0.031276; -0.004647; -0.024228 \
#; 0.007242; -0.010300; -0.010623; 0.016113; -0.003880; -0.018373 \
#; -0.009900; -0.003792; -0.013181; 0.022647; 0.005628; 0.030152 \
#; -0.019918; -0.008557; -0.020773; -0.022524; -0.003345; -0.013058 \
#; -0.028162; -0.002861; -0.009120; -0.012311; -0.004673; -0.003987 \
#; -0.007065; -0.001098; -0.015902; 0.017661; 0.002807; 0.010340 \
# ]
#metaData: qpt=[0.500000;0.500000;0.000000;4.910092 \
#; -0.008556; -0.000000; -0.000614; 0.000000; 0.000000; -0.000000 \
#; 0.000000; -0.000502; -0.000000; -0.000000; 0.001752; -0.000000 \
#; -0.000000; 0.000000; 0.000000; 0.000000; 0.000000; -0.004926 \
#; 0.000000; -0.003620; -0.000000; -0.000000; -0.001038; -0.000000 \
#; -0.013646; 0.009631; 0.015116; -0.018107; 0.012780; 0.020058 \
#; 0.018107; 0.012780; -0.020058; -0.013646; -0.009631; 0.015116 \
#; -0.003412; 0.019249; -0.011913; 0.002572; -0.014506; 0.008978 \
#; -0.002572; -0.014506; -0.008978; -0.003412; -0.019249; -0.011913 \
#; -0.015172; 0.011247; -0.007334; -0.002370; 0.001757; -0.001146 \
#; 0.005380; 0.003988; 0.002601; -0.014383; -0.010661; -0.006952 \
#; 0.005144; 0.001223; 0.004669; -0.041213; -0.009802; -0.037405 \
#; 0.041404; -0.009847; 0.037578; -0.003270; 0.000778; -0.002968 \
#; 0.011085; -0.021628; -0.013781; 0.001384; -0.002700; -0.001720 \
#; 0.000880; 0.001716; -0.001093; 0.011136; 0.021728; -0.013845 \
#; 0.001164; 0.006523; 0.001939; -0.007452; -0.041748; -0.012411 \
#; 0.007064; -0.039575; 0.011766; 0.002643; -0.014805; 0.004401 \
#; 0.006566; 0.000000; -0.002126; -0.040869; -0.000000; 0.013236 \
#; -0.000000; -0.004030; 0.000000; 0.000000; -0.000485; 0.000000 \
#; -0.032865; -0.000000; 0.043757; -0.005280; -0.000000; 0.007030 \
#; 0.000000; 0.001480; -0.000000; -0.000000; -0.012284; 0.000000 \
# ]
#metaData: qpt=[0.500000;0.500000;0.000000;4.910092 \
#; 0.000000; 0.001156; 0.002899; 0.000000; 0.001375; -0.000147 \
#; -0.000250; -0.000503; -0.002233; 0.004333; 0.002161; 0.002476 \
#; 0.000255; -0.000148; -0.000018; 0.005035; 0.002860; -0.000361 \
#; 0.003761; 0.001046; 0.002225; 0.003848; 0.000243; -0.000132 \
#; 0.010729; -0.017238; -0.016553; 0.012037; -0.031180; -0.024289 \
#; 0.008174; 0.009389; -0.010802; -0.007498; 0.000984; 0.005275 \
#; 0.002490; 0.005162; -0.000584; 0.008401; -0.014086; 0.013245 \
#; -0.008740; 0.001988; -0.005742; -0.022988; -0.009305; -0.022123 \
#; 0.011106; -0.009043; 0.019610; -0.006239; 0.005613; -0.005940 \
#; -0.001183; -0.018741; -0.006344; -0.020608; 0.037475; -0.006294 \
#; 0.004080; 0.014403; -0.003762; -0.002612; -0.014222; 0.001914 \
#; 0.009675; 0.042306; 0.018863; -0.005169; 0.007925; 0.001187 \
#; -0.012864; 0.009793; 0.024755; 0.003611; -0.006795; -0.001781 \
#; -0.000187; 0.010132; -0.001001; -0.036666; 0.019767; 0.020165 \
#; 0.014954; 0.005304; -0.013846; -0.017084; -0.000498; 0.021221 \
#; -0.030968; -0.013367; 0.026331; -0.023567; 0.001236; 0.020486 \
#; -0.002128; 0.005002; -0.002833; 0.019499; -0.004010; 0.025961 \
#; 0.037710; -0.007274; 0.015631; 0.010330; -0.000505; 0.017278 \
#; -0.024248; 0.008254; -0.007853; -0.002646; 0.001209; -0.000857 \
#; 0.017206; -0.000166; 0.002738; -0.004120; 0.002386; -0.029139 \
# ]
#metaData: qpt=[0.500000;0.500000;0.000000;5.591283 \
#; -0.004385; 0.000000; 0.000920; -0.000000; -0.000000; -0.000000 \
#; -0.000000; -0.002264; 0.000000; -0.000000; 0.007898; -0.000000 \
#; 0.000000; 0.000000; -0.000000; 0.000000; 0.000000; 0.000536 \
#; -0.000000; 0.000065; -0.000000; 0.000000; 0.000019; 0.000000 \
#; -0.005423; -0.002448; -0.001861; -0.007196; -0.003249; -0.002470 \
#; 0.007196; -0.003249; 0.002470; -0.005423; 0.002448; -0.001861 \
#; -0.016604; -0.011859; -0.008126; 0.012513; 0.008938; 0.006124 \
#; -0.012513; 0.008938; -0.006124; -0.016604; 0.011859; -0.008126 \
#; 0.030566; -0.006807; 0.028963; 0.004776; -0.001064; 0.004525 \
#; -0.010840; -0.002414; -0.010271; 0.028976; 0.006453; 0.027456 \
#; -0.003961; -0.000949; -0.001103; 0.031731; 0.007606; 0.008834 \
#; -0.031878; 0.007641; -0.008874; 0.002518; -0.000603; 0.000701 \
#; 0.011938; 0.035714; -0.019128; 0.001490; 0.004458; -0.002387 \
#; 0.000947; -0.002834; -0.001518; 0.011993; -0.035880; -0.019216 \
#; -0.006287; 0.008357; 0.006240; 0.040241; -0.053486; -0.039940 \
#; -0.038147; -0.050703; 0.037862; -0.014270; -0.018968; 0.014164 \
#; 0.006694; -0.000000; 0.006656; -0.041670; -0.000000; -0.041434 \
#; -0.000000; -0.006109; 0.000000; 0.000000; -0.000736; 0.000000 \
#; 0.011102; -0.000000; -0.000549; 0.001784; 0.000000; -0.000088 \
#; 0.000000; 0.001028; -0.000000; -0.000000; -0.008539; 0.000000 \
# ]
#metaData: qpt=[0.500000;0.500000;0.000000;5.591283 \
#; 0.000000; 0.004074; 0.000298; -0.000000; -0.000784; 0.000196 \
#; 0.000216; -0.000034; 0.000239; -0.002210; 0.000029; 0.000389 \
#; 0.001602; -0.003860; 0.000336; -0.002441; 0.002336; -0.000512 \
#; 0.000613; -0.003569; 0.000399; 0.002322; -0.004146; 0.000514 \
#; -0.008564; -0.005234; 0.001394; -0.006362; -0.003733; 0.000542 \
#; 0.021270; -0.016004; -0.012982; 0.006768; -0.003951; -0.000515 \
#; 0.017683; 0.009856; -0.000136; -0.006276; -0.004871; -0.004302 \
#; -0.005498; 0.004520; -0.004569; -0.005707; 0.004449; -0.003975 \
#; -0.006371; 0.023249; -0.019384; -0.024752; 0.005804; -0.027986 \
#; 0.018241; 0.047805; 0.012123; -0.030791; -0.020986; -0.018458 \
#; -0.024723; 0.011424; -0.027745; 0.030699; 0.002867; 0.033486 \
#; 0.021008; 0.041514; 0.015888; 0.010316; 0.034836; 0.008069 \
#; -0.002423; -0.029747; -0.009482; -0.030507; 0.001725; 0.019725 \
#; -0.008896; -0.012599; 0.015526; -0.028808; -0.019840; 0.015704 \
#; -0.029917; -0.000329; 0.017366; 0.027895; 0.016389; -0.026048 \
#; -0.003047; -0.021406; 0.001049; 0.001679; -0.011030; 0.009241 \
#; -0.005050; 0.004309; -0.000250; 0.005529; -0.004854; 0.000273 \
#; -0.023832; 0.004378; -0.021338; -0.004309; 0.003693; 0.001035 \
#; 0.020750; -0.003112; -0.020633; 0.018955; 0.003230; -0.018847 \
#; 0.021484; 0.002642; -0.021030; -0.003685; -0.003132; 0.009036 \
# ]
#metaData: qpt=[0.500000;0.500000;0.000000;5.591283 \
#; -0.000000; -0.000844; 0.000117; -0.000000; -0.005346; 0.000061 \
#; -0.002872; -0.000011; 0.000530; -0.000328; 0.000012; 0.000443 \
#; 0.000500; -0.000468; 0.000105; -0.000960; -0.005820; -0.000201 \
#; -0.003058; -0.001472; -0.000601; -0.000592; -0.001396; -0.000475 \
#; -0.014825; -0.009514; 0.003850; -0.011725; -0.009506; 0.009325 \
#; -0.001598; 0.002274; 0.004369; 0.013130; -0.008303; -0.003021 \
#; -0.012498; -0.008254; -0.003986; -0.005519; -0.004972; -0.005964 \
#; -0.004785; 0.004640; -0.006216; 0.016887; -0.010235; 0.002479 \
#; 0.000209; 0.036215; 0.005563; -0.026469; 0.004593; -0.010869 \
#; -0.010934; 0.008071; 0.005314; -0.018996; 0.016661; -0.020995 \
#; 0.019741; -0.010985; 0.017648; -0.027306; 0.045927; -0.025574 \
#; -0.036195; -0.030836; -0.037370; -0.016151; 0.005440; -0.015847 \
#; 0.014354; -0.004976; -0.017899; -0.030511; 0.034402; 0.027116 \
#; -0.026612; -0.036177; 0.028451; -0.022446; 0.005547; 0.016112 \
#; 0.004924; 0.025099; -0.008837; -0.016594; -0.007050; 0.000614 \
#; -0.025481; -0.000431; 0.008504; -0.019524; 0.023476; 0.019539 \
#; -0.001657; -0.004493; -0.000082; 0.002228; 0.006118; 0.000110 \
#; 0.009250; 0.001753; 0.001655; 0.028048; 0.001199; 0.027647 \
#; 0.008363; -0.004325; -0.008316; 0.006217; 0.005357; -0.006182 \
#; 0.006443; 0.000858; 0.000590; 0.029624; -0.001254; -0.029775 \
# ]
#metaData: qpt=[0.500000;0.500000;0.000000;5.591283 \
#; 0.000000; 0.003581; -0.000327; -0.000000; -0.002859; -0.000188 \
#; -0.000925; 0.000034; 0.000427; -0.002255; -0.000033; 0.000516 \
#; -0.001534; -0.003592; -0.000322; 0.002678; 0.000381; 0.000562 \
#; -0.000351; 0.004032; 0.000202; 0.001907; 0.004146; 0.000287 \
#; -0.009782; -0.005714; 0.000754; 0.019467; 0.014239; -0.010587 \
#; -0.009575; 0.006505; 0.003628; 0.013449; -0.008333; -0.002549 \
#; -0.000665; 0.000471; 0.002671; -0.007448; -0.006300; -0.006751 \
#; -0.009037; 0.007017; -0.006205; -0.011922; 0.006153; 0.001649 \
#; 0.038172; -0.025114; 0.027018; 0.003884; -0.041800; 0.006850 \
#; -0.032632; -0.012653; -0.031646; 0.000012; 0.032498; 0.011261 \
#; -0.004013; 0.037165; -0.001281; 0.007451; -0.022881; 0.002605 \
#; 0.023422; -0.015914; 0.027348; 0.009664; 0.010141; 0.012324 \
#; 0.037737; -0.021512; -0.024586; -0.011870; 0.021862; 0.020823 \
#; -0.038467; -0.021140; 0.030706; 0.006138; -0.026421; 0.008551 \
#; 0.002782; 0.003408; -0.014230; -0.011995; 0.021016; 0.007004 \
#; 0.016626; -0.015077; -0.022363; 0.028379; 0.006567; -0.016413 \
#; 0.004975; 0.002129; 0.000246; -0.006158; -0.002750; -0.000304 \
#; -0.019903; -0.004856; -0.019898; 0.007259; -0.003616; 0.011914 \
#; -0.023112; -0.004344; 0.022981; -0.018671; 0.005045; 0.018565 \
#; 0.021914; -0.002587; -0.018711; 0.005761; 0.003474; -0.000689 \
# ]
#metaData: qpt=[0.500000;0.500000;0.000000;5.835116 \
#; -0.000000; 0.000776; -0.003293; 0.000000; 0.000175; 0.000182 \
#; -0.003037; 0.000152; 0.003119; 0.006018; -0.000667; -0.006464 \
#; -0.000294; -0.000316; -0.000179; -0.005325; 0.001896; -0.003240 \
#; -0.004531; 0.001105; 0.000964; -0.002054; 0.000252; 0.000628 \
#; 0.003233; -0.000365; 0.004768; 0.005907; 0.001427; 0.010102 \
#; 0.004315; -0.006657; 0.011110; -0.001890; 0.004048; -0.005619 \
#; 0.000975; -0.004211; 0.001287; -0.001326; 0.000713; 0.001581 \
#; 0.003518; -0.008500; -0.011100; 0.004763; -0.013435; -0.016310 \
#; -0.005278; 0.006521; -0.008130; 0.000103; 0.003636; -0.002173 \
#; 0.004828; -0.006118; -0.000912; -0.013350; 0.009631; -0.001615 \
#; 0.004830; 0.008478; 0.002988; -0.006765; -0.041134; -0.000512 \
#; -0.031402; 0.005038; -0.024714; -0.000158; 0.004995; 0.000361 \
#; -0.009487; 0.034060; 0.011427; -0.002062; 0.004933; 0.000991 \
#; -0.001525; -0.003626; 0.001806; -0.000803; -0.007619; 0.011884 \
#; 0.005748; -0.015510; -0.007650; -0.010732; 0.058150; 0.017945 \
#; -0.025249; -0.021042; 0.028877; -0.012759; -0.016673; 0.015122 \
#; 0.001173; -0.004091; -0.001108; -0.011234; 0.011397; 0.010612 \
#; 0.008896; 0.000916; -0.063952; 0.003293; 0.000059; -0.020792 \
#; 0.015740; -0.006830; 0.060739; 0.001644; -0.002105; 0.006344 \
#; -0.008216; 0.000575; -0.019086; 0.027847; -0.008885; 0.067815 \
# ]
#metaData: qpt=[0.500000;0.500000;0.000000;5.835116 \
#; -0.009931; -0.000000; 0.006043; 0.000000; 0.000000; 0.000000 \
#; 0.000000; 0.000582; -0.000000; -0.000000; -0.002029; 0.000000 \
#; 0.000000; -0.000000; 0.000000; 0.000000; -0.000000; -0.006142 \
#; 0.000000; -0.001225; 0.000000; 0.000000; -0.000351; -0.000000 \
#; -0.004208; -0.006765; -0.011017; -0.005584; -0.008976; -0.014618 \
#; 0.005584; -0.008976; 0.014618; -0.004208; 0.006765; -0.011017 \
#; 0.001549; -0.005088; 0.000981; -0.001167; 0.003835; -0.000740 \
#; 0.001167; 0.003835; 0.000740; 0.001549; 0.005088; 0.000981 \
#; 0.015320; 0.031600; 0.012378; 0.002394; 0.004937; 0.001934 \
#; -0.005433; 0.011206; -0.004390; 0.014523; -0.029956; 0.011734 \
#; -0.001223; 0.004884; -0.002709; 0.009799; -0.039134; 0.021700 \
#; -0.009845; -0.039315; -0.021801; 0.000778; 0.003105; 0.001722 \
#; 0.022191; -0.034460; -0.022012; 0.002770; -0.004301; -0.002747 \
#; 0.001761; 0.002734; -0.001747; 0.022294; 0.034619; -0.022114 \
#; -0.002792; -0.000599; 0.001376; 0.017869; 0.003834; -0.008809 \
#; -0.016940; 0.003634; 0.008351; -0.006337; 0.001360; 0.003124 \
#; 0.004675; 0.000000; -0.018039; -0.029098; -0.000000; 0.112288 \
#; -0.000000; -0.016461; 0.000000; -0.000000; -0.001983; 0.000000 \
#; -0.020767; 0.000000; -0.019618; -0.003336; 0.000000; -0.003152 \
#; 0.000000; 0.000204; 0.000000; -0.000000; -0.001697; -0.000000 \
# ]
#metaData: qpt=[0.500000;0.500000;0.000000;5.835116 \
#; -0.000000; -0.001893; 0.000014; 0.000000; 0.001321; 0.000640 \
#; -0.002157; -0.000129; -0.000083; -0.005857; -0.000034; -0.000960 \
#; -0.001035; 0.000416; -0.000630; 0.000023; 0.000716; 0.000014 \
#; -0.007315; 0.000056; -0.008073; 0.002257; -0.000213; 0.002707 \
#; -0.002642; -0.011904; -0.012006; -0.000886; -0.003296; -0.003564 \
#; -0.000636; 0.004120; -0.003723; 0.002960; -0.010861; 0.011805 \
#; -0.002635; -0.002513; 0.005753; 0.005664; 0.003394; -0.011033 \
#; 0.006809; -0.005235; -0.014030; 0.001731; -0.001061; -0.003387 \
#; 0.020979; -0.046475; 0.027675; -0.008063; 0.022780; -0.012415 \
#; -0.007229; -0.012179; -0.008336; -0.023417; -0.049847; -0.030222 \
#; 0.000943; 0.004861; 0.003115; -0.003775; 0.014508; 0.000939 \
#; -0.003417; -0.012499; 0.000759; 0.004478; 0.014892; 0.001362 \
#; 0.020567; 0.024703; -0.013342; -0.009748; -0.016094; 0.004693 \
#; -0.015743; 0.012560; 0.011825; -0.017972; 0.021781; 0.011661 \
#; 0.004930; 0.005773; -0.000771; 0.005759; 0.008768; 0.002811 \
#; 0.005570; -0.007554; 0.003458; -0.000613; -0.002412; -0.001145 \
#; -0.002173; -0.004209; 0.002053; -0.000300; -0.008074; 0.000283 \
#; -0.030683; 0.000017; 0.076036; 0.016254; -0.000177; -0.041810 \
#; 0.000420; -0.012630; 0.001620; -0.003045; 0.005690; -0.011750 \
#; 0.003576; -0.001721; 0.032680; 0.008848; -0.000168; 0.067722 \
# ]
#metaData: qpt=[0.500000;0.500000;0.000000;5.835116 \
#; -0.000000; -0.000094; -0.002764; 0.000000; 0.000333; 0.004335 \
#; -0.002181; -0.000707; 0.002143; -0.003079; -0.000799; 0.004149 \
#; -0.007010; -0.000863; -0.004265; -0.004470; -0.000977; -0.002720 \
#; 0.003680; 0.001324; 0.000335; -0.001319; -0.001170; 0.000547 \
#; -0.001765; -0.007191; -0.007515; -0.000432; 0.001036; 0.000020 \
#; -0.000178; -0.000203; -0.000141; 0.005003; 0.003444; 0.005464 \
#; 0.000339; 0.000651; -0.000957; -0.007727; -0.016024; 0.022622 \
#; 0.003944; -0.002737; -0.007931; -0.001253; 0.002120; 0.003351 \
#; -0.015098; -0.001010; -0.006595; 0.012798; 0.006376; 0.003934 \
#; -0.008718; -0.002135; -0.006454; -0.006825; 0.002916; -0.004675 \
#; 0.021931; -0.013185; 0.019298; 0.022416; -0.008493; 0.018339 \
#; -0.000048; -0.021641; -0.003367; 0.007057; 0.036706; 0.010191 \
#; -0.005706; 0.011065; 0.013579; 0.004497; -0.020426; -0.014097 \
#; -0.009042; -0.036058; 0.015781; -0.003082; -0.024285; 0.006734 \
#; 0.017223; 0.004175; -0.017438; 0.018323; -0.005880; -0.020836 \
#; 0.000677; 0.047703; -0.007165; 0.002436; -0.026927; 0.000266 \
#; -0.013157; -0.004531; 0.012429; -0.011702; -0.005269; 0.011054 \
#; -0.000742; 0.000908; 0.023995; 0.003846; -0.001106; -0.026481 \
#; 0.016396; 0.005355; 0.063269; -0.018435; -0.002484; -0.071138 \
#; -0.011191; -0.010727; -0.026880; -0.015865; -0.008808; -0.044596 \
# ]
#metaData: qpt=[0.500000;0.500000;0.000000;6.696970 \
#; 0.000000; -0.002974; 0.000641; 0.000000; 0.002563; 0.000681 \
#; -0.002748; 0.004654; -0.000176; 0.004101; -0.002403; 0.001337 \
#; 0.005543; -0.001110; -0.000966; -0.005224; 0.003153; 0.000910 \
#; -0.005072; -0.000065; 0.000380; 0.002465; -0.000126; -0.000767 \
#; -0.011419; 0.001777; -0.000781; -0.023438; 0.006477; -0.001927 \
#; 0.015398; -0.012103; -0.000604; 0.018053; 0.000816; 0.001007 \
#; -0.013735; 0.011611; 0.002023; 0.002414; 0.014783; 0.001567 \
#; 0.003083; -0.009449; 0.000924; 0.009819; -0.019615; 0.001745 \
#; 0.021895; -0.009127; 0.035725; 0.012745; -0.028713; 0.021024 \
#; -0.004528; -0.001379; -0.011436; -0.009872; 0.010020; -0.014268 \
#; 0.000001; -0.017081; 0.003651; 0.010339; -0.012926; 0.010902 \
#; 0.000701; 0.040129; -0.007555; -0.010626; 0.008674; -0.021629 \
#; 0.018931; -0.007278; -0.038514; 0.018694; -0.032742; -0.022161 \
#; -0.011901; 0.001689; 0.024029; 0.006818; 0.018179; 0.000287 \
#; 0.009110; -0.023537; -0.002211; 0.008981; -0.011098; -0.019379 \
#; 0.009999; 0.035270; -0.007553; -0.008622; 0.025956; 0.026514 \
#; -0.043043; -0.006696; 0.009566; 0.029227; 0.002412; -0.006495 \
#; 0.040072; -0.004526; -0.019360; -0.018194; -0.006131; -0.000766 \
#; 0.008142; -0.012113; 0.011784; 0.011991; 0.002727; 0.017354 \
#; 0.020254; 0.009966; 0.012050; -0.021848; -0.007357; 0.005908 \
# ]
#metaData: qpt=[0.500000;0.500000;0.000000;6.696970 \
#; -0.000000; -0.005279; -0.000268; 0.000000; 0.001561; -0.000182 \
#; 0.006506; -0.001392; 0.001120; -0.000713; 0.001165; 0.000861 \
#; -0.001480; 0.004127; 0.000258; 0.002186; -0.001849; -0.000381 \
#; -0.008023; 0.000032; 0.001486; -0.000109; 0.000038; 0.000818 \
#; -0.016927; 0.004632; -0.001387; -0.004429; -0.012551; 0.001210 \
#; -0.018066; 0.014527; 0.000745; 0.017621; 0.004532; 0.001410 \
#; 0.016517; -0.013598; -0.002391; 0.006966; 0.014720; 0.001330 \
#; 0.007036; -0.014162; 0.001262; -0.015142; -0.002633; 0.001068 \
#; -0.000193; 0.030426; 0.001348; -0.019915; 0.019590; -0.030036 \
#; -0.012979; -0.015717; -0.017126; -0.008492; 0.019026; -0.015919 \
#; 0.002498; -0.018802; -0.006858; 0.010645; -0.017477; 0.022549 \
#; 0.013756; 0.000753; 0.030586; -0.002417; -0.029075; 0.006210 \
#; -0.006878; 0.035884; -0.003836; -0.014248; 0.015250; 0.026378 \
#; -0.005844; -0.000338; 0.016937; -0.002239; 0.025242; 0.015486 \
#; -0.002839; -0.013946; 0.002964; 0.021634; -0.024831; -0.028063 \
#; 0.020946; 0.016947; -0.033043; 0.007605; -0.022987; -0.017219 \
#; 0.012348; 0.009515; -0.002744; -0.013141; -0.010400; 0.002921 \
#; 0.050925; 0.001995; -0.007271; -0.019964; 0.001731; 0.019147 \
#; -0.003661; -0.011490; -0.005298; -0.003440; 0.007762; -0.004978 \
#; -0.040889; -0.002814; -0.006372; 0.026964; 0.003242; 0.024499 \
# ]
#metaData: qpt=[0.500000;0.500000;0.000000;6.696970 \
#; -0.000001; -0.001907; 0.000817; -0.000000; -0.002167; -0.000272 \
#; -0.001504; -0.000202; -0.000723; -0.006687; -0.004820; -0.000922 \
#; -0.002214; -0.002204; 0.000386; -0.006656; -0.004191; 0.001160 \
#; -0.001979; -0.000132; 0.001166; -0.003753; 0.000005; 0.000469 \
#; -0.011551; -0.014899; 0.001118; -0.020397; -0.008937; -0.000012 \
#; 0.000206; 0.005947; 0.000690; -0.018315; -0.010568; -0.002135 \
#; 0.007355; 0.000631; -0.000300; -0.014469; -0.015756; -0.001068 \
#; -0.017484; -0.008257; 0.001829; -0.009438; -0.015934; 0.002299 \
#; -0.004060; 0.009447; -0.000850; 0.007122; 0.005556; 0.010766 \
#; 0.005368; -0.008498; 0.008926; 0.026802; 0.039413; 0.042170 \
#; -0.003774; 0.019736; -0.002310; 0.010292; 0.034415; 0.030565 \
#; 0.000060; 0.005663; 0.010383; 0.006181; 0.011312; 0.004566 \
#; 0.008298; 0.003230; -0.012830; 0.000666; 0.009591; -0.008784 \
#; 0.013073; 0.006695; -0.026293; 0.025085; 0.041615; -0.033636 \
#; -0.006914; 0.020049; 0.006983; 0.012394; 0.033839; -0.032928 \
#; 0.009243; 0.009511; -0.002646; 0.009217; 0.014540; -0.012439 \
#; 0.007719; -0.000237; -0.001716; 0.047286; -0.012921; -0.010506 \
#; 0.005305; -0.006879; 0.013657; 0.028008; 0.001403; -0.012158 \
#; 0.013183; 0.002537; 0.019068; -0.002149; -0.007969; -0.003112 \
#; 0.010933; -0.002280; -0.005476; 0.048324; -0.011177; 0.016683 \
# ]
#metaData: qpt=[0.500000;0.500000;0.000000;6.696970 \
#; -0.010686; 0.000000; -0.001862; 0.000000; 0.000000; 0.000000 \
#; 0.000000; -0.000055; 0.000000; 0.000001; 0.000192; 0.000000 \
#; 0.000000; 0.000000; -0.000000; 0.000001; 0.000001; 0.001312 \
#; 0.000000; -0.007065; -0.000000; 0.000000; -0.002025; -0.000000 \
#; 0.001679; -0.013372; 0.001613; 0.002228; -0.017745; 0.002141 \
#; -0.002225; -0.017747; -0.002141; 0.001679; 0.013375; 0.001614 \
#; -0.022072; -0.003198; 0.000752; 0.016635; 0.002412; -0.000567 \
#; -0.016631; 0.002411; 0.000567; -0.022070; 0.003200; 0.000752 \
#; 0.001135; 0.035160; 0.021241; 0.000176; 0.005493; 0.003317 \
#; -0.000403; 0.012470; -0.007534; 0.001072; -0.033337; 0.020131 \
#; 0.003416; -0.003744; 0.004913; -0.027363; 0.029968; -0.039366 \
#; 0.027488; 0.030110; 0.039543; -0.002172; -0.002380; -0.003124 \
#; 0.008852; 0.029035; -0.016434; 0.001105; 0.003623; -0.002050 \
#; 0.000701; -0.002305; -0.001301; 0.008891; -0.029176; -0.016508 \
#; 0.002517; -0.003684; -0.004609; -0.016109; 0.023558; 0.029496 \
#; 0.015268; 0.022335; -0.027957; 0.005711; 0.008354; -0.010457 \
#; 0.003224; 0.000000; -0.004668; -0.020083; 0.000002; 0.029058 \
#; -0.000001; -0.017254; -0.000002; -0.000004; -0.002078; 0.000002 \
#; 0.072066; -0.000000; 0.016014; 0.011578; 0.000001; 0.002573 \
#; -0.000001; -0.001278; 0.000001; -0.000006; 0.010617; -0.000002 \
# ]
#metaData: qpt=[0.500000;0.500000;0.000000;8.550524 \
#; -0.000765; -0.000007; 0.000695; -0.000000; -0.000001; -0.000002 \
#; -0.000002; -0.000245; 0.000002; -0.000004; 0.000867; -0.000002 \
#; 0.000003; -0.000006; 0.000003; -0.000001; -0.000016; -0.000424 \
#; -0.000011; -0.000760; -0.000012; -0.000001; -0.000221; 0.000000 \
#; 0.000795; -0.001433; -0.003481; 0.001053; -0.001883; -0.004580 \
#; -0.000982; -0.001920; 0.004595; 0.000704; 0.001455; -0.003448 \
#; 0.002846; 0.001771; -0.001146; -0.002139; -0.001304; 0.000808 \
#; 0.002152; -0.001381; -0.000949; 0.002831; -0.001821; -0.001258 \
#; -0.066813; 0.000048; 0.059012; -0.010589; 0.000111; 0.009257 \
#; 0.024029; 0.000092; -0.021017; -0.063947; -0.000335; 0.055869 \
#; 0.001587; 0.001636; -0.001159; -0.016437; -0.012690; 0.011613 \
#; 0.014989; -0.013015; -0.010612; -0.000942; 0.001032; 0.000564 \
#; 0.027556; -0.006039; 0.001115; 0.003579; -0.000669; 0.000288 \
#; 0.002333; 0.000488; 0.000270; 0.029323; 0.005982; 0.002642 \
#; -0.004614; 0.001415; -0.002662; 0.032223; -0.008961; 0.018785 \
#; -0.029878; -0.008793; -0.017526; -0.011063; -0.003272; -0.006354 \
#; -0.000637; 0.000191; 0.003073; 0.003818; -0.000388; -0.019250 \
#; 0.000105; 0.073730; -0.000018; -0.000020; 0.008678; 0.000057 \
#; 0.005980; 0.001317; -0.005105; 0.000946; -0.000209; -0.000896 \
#; 0.000015; -0.006541; -0.000041; -0.000027; 0.051919; -0.000303 \
# ]
#metaData: qpt=[0.500000;0.500000;0.000000;8.550524 \
#; -0.000012; 0.000450; 0.000060; 0.000000; 0.000067; 0.000101 \
#; 0.000117; -0.000212; -0.000133; 0.000247; 0.000050; 0.000153 \
#; -0.000184; 0.000352; -0.000167; 0.000089; 0.001002; 0.000074 \
#; 0.000683; 0.000029; 0.000757; 0.000050; 0.000234; -0.000019 \
#; -0.002395; -0.000424; 0.001137; -0.003019; -0.001708; -0.000881 \
#; -0.001357; 0.000583; -0.000030; 0.003284; -0.000922; -0.000889 \
#; -0.000139; 0.001030; -0.002145; -0.000278; -0.002707; 0.005106 \
#; -0.000515; 0.002082; 0.003680; 0.000828; 0.002111; 0.004844 \
#; -0.019323; 0.008589; -0.002216; 0.006386; -0.005108; -0.002636 \
#; -0.014072; -0.001633; 0.006361; 0.019809; 0.009903; 0.002474 \
#; 0.023265; -0.002227; -0.013864; 0.046172; -0.007970; -0.034147 \
#; 0.048774; 0.008587; -0.031515; -0.018979; -0.000963; 0.019626 \
#; 0.050145; 0.001346; 0.046727; -0.002476; -0.005113; -0.003430 \
#; -0.005179; -0.000652; -0.007641; -0.051985; 0.003977; -0.048035 \
#; -0.023624; 0.000632; -0.016161; -0.016909; -0.009880; -0.005558 \
#; -0.025725; 0.009263; -0.012284; -0.016751; 0.002408; -0.017239 \
#; 0.001540; -0.011910; 0.001365; -0.000407; 0.024223; -0.000706 \
#; -0.006541; 0.005736; 0.001149; 0.001250; 0.013317; -0.003536 \
#; 0.000394; -0.082227; 0.001425; 0.001002; 0.013081; 0.004973 \
#; -0.000923; 0.018665; 0.002555; 0.001658; -0.005657; 0.018907 \
# ]
#metaData: qpt=[0.500000;0.500000;0.000000;8.550524 \
#; 0.000000; 0.001076; -0.000021; 0.000000; 0.000270; -0.000031 \
#; 0.000278; 0.000067; -0.000375; -0.000647; -0.000023; 0.000693 \
#; 0.000056; -0.000098; 0.000051; -0.000039; -0.000433; -0.000035 \
#; 0.000190; -0.000026; -0.000184; 0.000221; -0.000076; 0.000048 \
#; 0.000387; -0.001211; -0.002706; -0.000051; -0.002573; -0.005031 \
#; -0.000655; 0.002953; -0.005281; -0.000587; -0.001085; 0.002623 \
#; -0.003429; -0.000673; -0.001498; 0.001623; 0.001031; -0.000696 \
#; 0.001693; -0.000897; -0.000373; 0.003216; -0.001079; 0.000523 \
#; -0.023318; -0.009342; 0.011123; -0.013963; -0.000999; 0.004848 \
#; -0.012777; 0.004460; 0.003714; 0.018607; -0.009353; -0.009088 \
#; 0.005207; 0.002722; -0.008764; -0.049968; -0.002764; 0.047623 \
#; -0.053220; 0.002571; 0.048624; 0.001018; 0.001270; -0.000757 \
#; 0.049209; -0.007746; 0.034664; 0.025437; -0.001126; 0.019970 \
#; 0.012805; 0.001329; 0.011029; -0.051540; -0.009273; -0.036718 \
#; 0.002226; 0.004844; 0.007179; 0.018141; -0.009004; -0.003816 \
#; 0.021194; 0.007851; 0.000325; 0.013242; 0.006592; 0.002537 \
#; -0.000488; -0.032701; -0.000415; 0.000234; 0.080329; 0.000199 \
#; 0.001676; -0.002177; -0.018905; -0.000629; -0.004123; -0.005637 \
#; -0.000149; 0.025138; -0.000752; -0.000311; -0.005636; -0.001572 \
#; -0.002309; -0.005872; -0.003652; 0.006535; 0.003101; 0.001095 \
# ]
#metaData: qpt=[0.500000;0.500000;0.000000;8.550524 \
#; -0.000000; 0.000016; -0.000329; -0.000000; -0.000033; -0.000237 \
#; 0.000057; 0.000596; -0.000001; 0.000111; -0.000469; -0.000017 \
#; 0.000430; 0.000240; 0.000391; -0.000595; 0.000234; -0.000541 \
#; 0.000150; -0.000536; 0.000198; -0.000091; -0.000681; -0.000114 \
#; -0.000945; -0.000085; 0.000612; 0.003300; 0.002162; 0.001543 \
#; -0.003533; 0.002133; -0.001294; 0.001087; -0.000174; -0.000553 \
#; -0.001137; 0.002412; -0.005691; -0.000257; -0.000954; 0.001668 \
#; -0.000307; 0.000858; 0.001439; -0.001275; -0.002178; -0.005345 \
#; -0.025089; 0.009120; 0.011749; -0.019188; 0.004178; 0.013521 \
#; 0.027788; 0.008807; -0.014603; -0.013705; -0.001729; 0.011352 \
#; -0.007373; 0.002575; -0.007294; 0.034676; -0.005908; -0.012478 \
#; -0.011408; -0.003638; -0.007672; -0.028254; -0.004713; 0.011532 \
#; 0.018813; 0.010252; 0.015846; 0.003353; 0.007585; 0.000242 \
#; -0.016276; 0.007513; -0.014072; 0.006834; -0.009608; 0.002715 \
#; 0.040961; -0.001417; 0.038511; -0.053020; -0.001387; -0.042975 \
#; 0.028612; 0.001845; 0.029185; 0.057670; -0.000808; 0.048930 \
#; -0.004109; 0.000647; -0.003488; 0.004118; -0.000556; 0.003496 \
#; -0.001567; -0.036819; 0.001650; 0.001276; -0.033951; -0.001111 \
#; -0.002622; -0.020472; -0.013249; -0.002616; 0.015318; -0.013220 \
#; -0.000008; -0.048359; 0.003405; -0.000117; 0.052443; 0.004090 \
# ]
#metaData: qpt=[0.500000;0.500000;0.000000;8.649262 \
#; -0.001310; -0.000005; 0.000688; 0.000000; 0.000024; 0.000025 \
#; 0.000016; 0.000018; 0.000013; 0.000009; 0.000027; 0.000007 \
#; 0.000146; -0.000001; 0.000074; -0.000122; -0.000000; 0.000161 \
#; -0.000068; -0.000215; -0.000036; 0.000128; -0.000066; 0.000068 \
#; -0.002074; 0.001171; -0.001560; -0.002836; 0.001590; -0.002125 \
#; 0.002926; 0.001149; 0.001836; -0.001891; -0.002115; -0.002183 \
#; -0.000441; -0.003947; -0.002715; 0.001282; 0.002366; 0.001280 \
#; -0.000572; 0.002748; -0.001800; -0.000774; 0.003761; -0.002467 \
#; -0.022432; 0.000127; 0.002974; -0.011835; -0.000495; 0.008155 \
#; 0.003667; -0.001671; 0.002922; -0.027450; -0.001011; 0.008540 \
#; -0.009257; -0.002489; 0.008875; 0.008647; 0.014362; -0.008526 \
#; -0.010476; 0.014880; 0.010352; -0.006005; -0.002884; 0.005269 \
#; 0.065318; -0.005724; 0.061065; 0.010565; -0.002403; 0.007820 \
#; 0.008486; -0.001241; 0.005943; 0.066840; 0.006074; 0.061562 \
#; 0.000382; -0.003351; -0.001930; 0.006727; 0.010295; 0.007431 \
#; -0.008185; 0.011135; -0.008369; 0.001282; 0.002618; -0.001178 \
#; 0.003224; 0.009247; -0.000616; -0.015636; 0.003567; -0.011525 \
#; -0.000145; -0.048414; 0.000843; 0.000455; 0.003411; -0.002472 \
#; -0.005093; -0.001718; -0.022600; 0.000914; 0.004625; -0.005132 \
#; 0.001694; 0.016588; -0.001101; 0.000576; -0.086222; -0.000359 \
# ]
#metaData: qpt=[0.500000;0.500000;0.000000;8.649262 \
#; 0.000000; 0.000008; 0.000030; -0.000000; -0.000068; 0.000031 \
#; -0.001255; 0.000037; 0.000616; -0.000326; -0.000020; 0.000150 \
#; 0.000181; -0.000213; 0.000092; -0.000175; 0.000007; -0.000089 \
#; 0.000096; -0.000004; 0.000104; -0.000138; -0.000007; -0.000284 \
#; -0.002406; 0.002595; -0.002707; 0.001762; -0.002542; 0.002449 \
#; 0.002277; 0.000877; 0.001416; 0.002486; 0.002336; 0.002547 \
#; -0.000331; -0.003073; -0.002119; -0.001363; -0.003169; -0.001836 \
#; -0.001561; 0.003022; -0.001661; 0.001610; -0.002127; 0.000994 \
#; -0.004553; 0.001009; 0.004123; 0.002634; -0.017182; -0.001854 \
#; 0.004900; 0.012787; -0.003939; 0.003572; 0.006133; -0.003118 \
#; -0.033495; 0.003158; 0.013286; 0.005874; 0.000203; -0.007188 \
#; -0.006847; -0.000876; 0.008198; 0.014606; 0.001980; 0.004189 \
#; 0.001860; -0.000768; 0.000630; -0.012456; -0.012938; -0.009430 \
#; -0.011659; 0.008652; -0.008359; -0.000352; 0.001036; 0.000142 \
#; 0.070096; -0.002927; 0.062137; 0.006054; 0.000461; 0.007640 \
#; 0.023860; 0.000327; 0.020750; -0.058762; -0.002530; -0.057629 \
#; 0.000993; -0.063634; -0.003444; -0.000696; -0.012260; 0.002415 \
#; -0.001083; 0.009599; -0.002459; 0.014410; 0.012604; 0.015658 \
#; 0.001695; -0.007568; -0.001469; 0.002417; 0.074609; -0.002096 \
#; -0.007999; 0.008459; -0.020032; -0.001442; -0.006442; -0.001303 \
# ]
#metaData: qpt=[0.500000;0.500000;0.000000;8.649262 \
#; -0.000240; 0.000028; 0.000009; -0.000000; -0.000134; -0.000135 \
#; -0.000089; -0.000162; -0.000074; -0.000052; 0.000078; -0.000036 \
#; -0.000797; 0.000008; -0.000406; 0.000666; 0.000001; 0.000380 \
#; 0.000369; -0.000025; 0.000197; -0.000700; 0.000019; -0.000372 \
#; -0.000117; 0.002064; -0.001539; 0.000310; 0.002545; -0.001743 \
#; -0.000801; 0.004956; 0.003325; -0.001113; 0.003091; 0.001865 \
#; -0.003708; 0.001789; 0.002568; -0.002395; 0.001975; 0.002254 \
#; -0.001484; -0.000114; 0.000590; -0.001891; -0.000776; 0.001210 \
#; -0.014889; 0.006112; 0.010558; 0.043199; 0.003768; -0.040374 \
#; 0.028716; 0.011544; -0.025479; 0.019687; -0.000931; -0.021252 \
#; 0.048062; 0.002945; -0.045731; -0.027027; 0.006889; 0.024422 \
#; 0.036930; 0.004453; -0.034299; 0.034423; 0.008988; -0.030552 \
#; 0.018808; 0.005784; 0.014147; -0.010834; 0.009949; 0.000681 \
#; -0.016559; 0.008807; -0.004877; 0.012229; -0.007575; 0.013041 \
#; -0.010105; 0.008804; 0.003229; 0.014548; 0.004583; 0.006222 \
#; -0.003908; -0.003169; 0.001339; -0.025201; 0.007273; -0.010172 \
#; -0.003855; -0.050533; 0.015298; -0.000215; -0.019494; -0.011285 \
#; 0.000790; -0.045680; -0.004605; -0.002486; -0.056010; 0.013510 \
#; -0.007372; 0.009390; 0.001448; -0.010649; -0.025274; 0.008438 \
#; -0.009259; -0.034976; 0.006018; -0.003147; 0.008936; 0.001962 \
# ]
#metaData: qpt=[0.500000;0.500000;0.000000;8.649262 \
#; -0.000000; 0.000110; -0.000131; 0.000000; 0.000126; 0.000007 \
#; -0.000218; -0.000029; 0.000271; 0.000182; 0.000127; -0.000171 \
#; 0.000040; -0.000052; 0.000021; 0.000771; 0.000062; 0.000393 \
#; 0.000458; 0.000024; 0.000202; 0.000942; 0.000006; 0.000443 \
#; 0.000342; 0.000958; -0.000578; 0.002406; 0.004880; -0.002721 \
#; 0.001182; -0.000924; -0.000267; 0.000685; -0.002363; -0.001482 \
#; 0.000830; -0.001781; -0.001577; 0.001809; -0.001278; -0.001547 \
#; -0.000742; -0.000608; 0.000696; -0.003869; -0.004028; 0.004249 \
#; -0.024408; 0.005954; 0.022763; -0.044940; 0.001458; 0.041701 \
#; -0.052196; 0.001235; 0.048407; 0.025175; -0.006711; -0.023316 \
#; -0.006726; -0.007180; 0.003578; -0.031170; 0.007449; 0.031847 \
#; 0.049121; -0.003430; -0.042009; 0.002537; -0.006232; -0.000357 \
#; 0.011861; 0.006613; 0.003147; 0.015022; -0.001715; 0.002125 \
#; 0.012879; 0.000665; 0.002056; -0.010432; -0.011658; 0.001109 \
#; 0.006000; -0.010814; 0.006227; 0.005366; 0.006647; -0.005311 \
#; -0.021210; -0.005700; -0.009344; -0.013524; -0.012364; -0.008873 \
#; -0.000397; 0.047223; 0.001375; 0.003697; -0.026945; -0.012817 \
#; 0.005414; -0.048440; -0.007868; 0.006317; -0.003272; -0.012442 \
#; -0.008996; 0.036985; 0.007799; -0.000965; 0.049442; 0.000837 \
#; 0.009163; -0.002196; -0.011832; -0.006019; 0.032512; 0.009700 \
# ]
#metaData: qpt=[0.500000;0.500000;0.000000;12.420436 \
#; 0.000000; -0.001501; -0.000098; 0.000000; 0.000874; 0.000050 \
#; 0.002721; 0.000307; -0.000287; -0.000333; 0.001558; 0.000155 \
#; 0.001068; 0.001602; 0.000110; 0.002082; -0.001216; 0.000214 \
#; -0.002577; 0.000447; -0.000250; -0.000151; -0.000088; 0.000112 \
#; -0.000056; 0.004323; 0.000631; -0.001602; -0.007663; -0.000871 \
#; -0.010048; 0.008573; 0.000224; 0.017489; 0.002444; -0.002891 \
#; 0.011065; -0.007303; 0.002658; 0.003800; 0.013262; -0.001359 \
#; 0.005742; -0.000179; 0.000808; -0.010124; -0.000965; -0.001609 \
#; -0.005766; -0.000745; 0.008299; -0.017377; -0.000532; 0.017642 \
#; -0.022910; 0.000493; 0.023330; -0.038481; -0.002156; 0.033045 \
#; -0.019295; -0.001548; 0.019785; 0.010364; 0.000871; -0.012524 \
#; 0.043900; 0.000973; -0.039992; -0.001605; -0.002659; -0.002215 \
#; -0.010109; 0.001780; -0.008144; -0.017709; 0.000806; -0.016135 \
#; -0.036117; -0.000079; -0.035017; -0.020270; 0.002476; -0.022586 \
#; -0.022798; 0.000924; -0.019142; 0.013796; -0.001587; 0.011503 \
#; 0.036163; -0.001974; 0.037407; 0.021940; 0.001614; 0.017577 \
#; -0.000220; -0.059358; 0.000066; -0.000677; 0.021973; 0.000202 \
#; 0.000278; -0.006163; -0.000971; -0.001822; 0.002277; -0.002534 \
#; -0.001473; 0.056045; 0.002161; 0.000479; -0.011019; -0.000703 \
#; -0.000630; -0.018223; -0.000490; 0.001931; -0.049317; -0.002425 \
# ]
#metaData: qpt=[0.500000;0.500000;0.000000;12.420436 \
#; -0.000000; -0.000838; -0.000107; -0.000000; -0.000114; -0.000074 \
#; -0.002746; -0.001451; 0.000296; -0.001404; 0.001194; 0.000217 \
#; -0.001571; -0.002190; -0.000162; 0.002281; -0.000676; 0.000235 \
#; -0.001543; 0.000342; -0.000093; 0.000286; 0.000416; -0.000099 \
#; -0.004047; -0.009193; -0.000737; 0.007934; 0.005109; -0.000416 \
#; -0.014975; -0.002641; 0.002554; 0.005024; -0.009298; 0.000610 \
#; -0.003981; -0.011373; 0.001060; -0.012187; 0.003492; -0.002272 \
#; -0.012078; -0.002760; -0.002151; 0.006533; 0.005819; 0.001787 \
#; -0.015285; -0.000291; 0.016303; 0.004354; 0.001299; -0.006371 \
#; 0.040875; 0.000285; -0.039706; -0.011869; -0.001593; 0.008413 \
#; 0.035534; 0.000947; -0.034101; 0.003082; 0.001315; -0.005874 \
#; 0.031799; 0.001477; -0.027453; -0.014635; 0.002681; 0.018057 \
#; -0.017268; 0.001086; -0.015806; 0.006956; -0.001605; 0.004717 \
#; 0.033789; 0.001394; 0.031353; -0.025107; 0.001427; -0.026178 \
#; 0.036921; -0.000119; 0.033601; 0.008782; -0.001797; 0.006000 \
#; 0.034635; -0.000496; 0.033119; -0.007771; -0.003020; -0.002391 \
#; 0.000582; 0.066358; -0.000173; -0.000610; 0.028159; 0.000181 \
#; -0.000180; -0.005831; -0.001058; 0.001782; -0.005146; 0.002898 \
#; -0.001326; 0.030667; 0.001945; -0.001267; -0.002401; 0.001858 \
#; 0.001242; 0.041180; -0.000246; 0.001268; -0.046661; -0.001350 \
# ]
#metaData: qpt=[0.500000;0.500000;0.000000;12.420436 \
#; -0.000000; -0.002434; 0.000112; -0.000000; -0.000365; 0.000041 \
#; -0.001352; 0.001023; 0.000087; 0.000890; -0.001396; 0.000051 \
#; 0.000882; -0.000670; 0.000091; -0.002393; 0.000204; -0.000246 \
#; -0.003045; -0.000400; -0.000355; -0.001118; -0.000293; -0.000179 \
#; -0.010277; -0.001433; 0.001285; -0.022137; 0.002714; 0.003604 \
#; -0.001920; -0.004892; 0.000984; 0.004189; -0.000777; -0.000496 \
#; -0.006557; -0.001603; -0.000721; -0.000899; 0.003134; -0.000582 \
#; -0.001577; -0.007702; -0.001338; 0.004306; -0.016774; -0.001791 \
#; 0.052063; -0.002281; -0.045783; 0.026774; -0.000626; -0.024868 \
#; 0.007619; -0.000025; -0.006641; -0.011828; -0.000833; 0.008562 \
#; -0.007308; 0.001701; 0.004385; 0.038406; -0.003048; -0.032221 \
#; 0.002286; 0.000693; -0.003186; -0.010950; 0.000309; 0.010440 \
#; 0.047346; 0.002253; 0.048568; 0.024127; 0.000229; 0.023749 \
#; 0.002374; 0.000428; 0.001732; -0.009648; 0.001550; -0.010677 \
#; -0.004248; -0.001659; -0.006890; 0.031954; 0.002619; 0.034948 \
#; 0.007794; 0.000548; 0.007905; -0.008916; 0.000242; -0.007696 \
#; -0.000381; 0.025684; 0.000113; 0.000676; -0.014625; -0.000201 \
#; 0.001693; 0.006374; 0.000773; 0.000980; 0.003263; 0.001103 \
#; 0.001471; 0.073877; -0.002158; 0.000828; 0.020238; -0.001215 \
#; -0.000048; -0.026116; 0.000711; 0.001775; 0.051008; -0.003191 \
# ]
#metaData: qpt=[0.500000;0.500000;0.000000;12.420436 \
#; 0.004433; 0.000000; -0.000456; 0.000000; 0.000000; 0.000000 \
#; 0.000000; 0.000238; 0.000000; 0.000000; -0.000829; -0.000000 \
#; -0.000000; -0.000000; 0.000000; -0.000000; 0.000000; -0.000208 \
#; 0.000000; 0.002891; 0.000000; 0.000000; 0.000829; -0.000000 \
#; -0.001230; 0.008288; 0.001372; -0.001632; 0.010997; 0.001821 \
#; 0.001632; 0.010997; -0.001821; -0.001230; -0.008288; 0.001372 \
#; 0.014654; 0.001579; 0.001900; -0.011044; -0.001190; -0.001432 \
#; 0.011044; -0.001190; 0.001432; 0.014654; -0.001579; 0.001900 \
#; -0.025672; -0.003150; 0.028266; -0.004011; -0.000492; 0.004416 \
#; 0.009104; -0.001117; -0.010024; -0.024336; 0.002986; 0.026795 \
#; -0.004651; -0.000079; 0.004661; 0.037261; 0.000630; -0.037344 \
#; -0.037434; 0.000633; 0.037517; 0.002957; -0.000050; -0.002963 \
#; -0.032974; 0.002361; -0.026213; -0.004116; 0.000295; -0.003272 \
#; -0.002616; -0.000187; -0.002080; -0.033127; -0.002372; -0.026334 \
#; -0.005980; 0.000226; -0.005538; 0.038277; -0.001445; 0.035443 \
#; -0.036286; -0.001370; -0.033599; -0.013574; -0.000512; -0.012569 \
#; -0.000465; 0.000000; -0.000683; 0.002897; -0.000000; 0.004250 \
#; -0.000000; -0.098890; 0.000000; 0.000000; -0.011911; 0.000000 \
#; -0.001332; -0.000000; -0.000397; -0.000214; 0.000000; -0.000064 \
#; 0.000000; -0.001488; 0.000000; -0.000000; 0.012357; 0.000000 \
# ]
