# Phonopy generated file for v_sim 3.6
    7.125788583    0.000000000   10.019708833
    0.000000000    0.000000000    7.042128924
    0.316594495    7.514781625    0.066203515 Ba
    6.809194088    2.504927208    6.975925409 Ba
    3.879488786    7.514781625    3.454860947 Ba
    3.246299796    2.504927208    3.587267977 Ba
    3.562894291    0.000000000    0.000000000 Zr
    3.562894291    5.009854417    0.000000000 Zr
    0.000000000    0.000000000    3.521064462 Zr
    0.000000000    5.009854417    3.521064462 Zr
    5.079186380    0.323706455    5.020328363  S
    5.079186380    4.686147961    5.020328363  S
    2.046602202    9.696002378    2.021800561  S
    2.046602202    5.333560872    2.021800561  S
    5.609496494    9.696002378    1.499263901  S
    5.609496494    5.333560872    1.499263901  S
    1.516292089    0.323706455    5.542865023  S
    1.516292089    4.686147961    5.542865023  S
    3.518182954    7.514781625    6.607816528  S
    3.607605629    2.504927208    0.434312397  S
    7.081077245    7.514781625    3.955376859  S
    0.044711337    2.504927208    3.086752066  S
#metaData: qpt=[0.000000;0.000000;0.500000;1.279522 \
#; 0.034521; 0.000000; 0.030160; 0.000000; 0.000000; 0.000000 \
#; 0.019355; 0.000000; -0.003491; 0.001145; 0.000000; -0.000206 \
#; 0.001686; 0.000000; -0.002292; -0.028512; -0.000000; 0.038759 \
#; 0.000000; -0.000000; -0.000000; -0.000000; -0.000000; -0.024700 \
#; 0.010302; 0.010162; 0.002646; 0.000304; 0.000300; 0.000078 \
#; 0.010302; -0.010162; 0.002646; 0.000304; -0.000300; 0.000078 \
#; 0.000161; 0.000159; -0.000041; -0.005458; -0.005384; 0.001402 \
#; 0.000161; -0.000159; -0.000041; -0.005458; 0.005384; 0.001402 \
#; -0.000769; 0.009462; -0.000216; -0.001034; 0.012727; -0.000291 \
#; -0.000769; -0.009462; -0.000216; -0.001034; -0.012727; -0.000291 \
#; 0.009841; 0.010320; 0.005137; -0.011723; -0.012293; -0.006119 \
#; 0.009841; -0.010320; 0.005137; -0.011723; 0.012293; -0.006119 \
#; 0.015548; 0.006929; -0.007946; -0.011559; -0.005151; 0.005908 \
#; 0.015548; -0.006929; -0.007946; -0.011559; 0.005151; 0.005908 \
#; 0.009150; -0.006335; -0.004489; 0.007682; -0.005319; -0.003769 \
#; 0.009150; 0.006335; -0.004489; 0.007682; 0.005319; -0.003769 \
#; 0.020708; 0.000000; 0.032782; 0.004702; 0.000000; 0.007444 \
#; 0.009359; 0.000000; 0.018663; -0.001551; 0.000000; -0.003093 \
#; -0.003143; 0.000000; 0.004543; -0.018967; -0.000000; 0.027415 \
#; -0.000653; 0.000000; -0.000010; 0.002876; -0.000000; 0.000043 \
# ]
#metaData: qpt=[0.000000;0.000000;0.500000;1.279522 \
#; 0.000000; -0.000000; -0.022076; -0.000000; -0.000000; -0.011079 \
#; 0.024727; 0.000000; 0.033613; 0.014296; -0.000000; 0.019434 \
#; -0.009704; -0.000000; -0.001750; 0.016785; -0.000000; 0.003027 \
#; -0.015484; 0.000000; 0.013528; 0.030854; -0.000000; -0.026956 \
#; 0.004806; 0.004741; 0.001234; 0.002592; 0.002557; 0.000666 \
#; 0.004806; -0.004741; 0.001234; 0.002592; -0.002557; 0.000666 \
#; -0.004893; -0.004826; 0.001257; 0.009071; 0.008948; -0.002330 \
#; -0.004893; 0.004826; 0.001257; 0.009071; -0.008948; -0.002330 \
#; 0.003357; 0.001496; 0.001716; 0.019081; 0.008503; 0.009752 \
#; 0.003357; -0.001496; 0.001716; 0.019081; -0.008503; 0.009752 \
#; -0.010970; 0.007595; -0.005382; 0.004732; -0.003277; 0.002322 \
#; -0.010970; -0.007595; -0.005382; 0.004732; 0.003277; 0.002322 \
#; 0.001269; -0.015619; -0.000357; -0.000223; 0.002748; 0.000063 \
#; 0.001269; 0.015619; -0.000357; -0.000223; -0.002748; 0.000063 \
#; 0.006063; 0.006358; -0.003165; 0.014054; 0.014738; -0.007335 \
#; 0.006063; -0.006358; -0.003165; 0.014054; -0.014738; -0.007335 \
#; -0.002278; 0.000000; 0.000034; -0.001874; -0.000000; 0.000028 \
#; 0.018362; -0.000000; 0.026540; 0.005698; -0.000000; 0.008236 \
#; -0.002812; 0.000000; 0.005607; 0.009060; -0.000000; -0.018067 \
#; -0.013491; 0.000000; 0.021357; 0.016399; -0.000000; -0.025961 \
# ]
#metaData: qpt=[0.000000;0.000000;0.500000;1.490080 \
#; 0.000000; 0.024928; -0.000000; 0.000000; 0.015577; 0.000000 \
#; 0.000000; 0.005630; -0.000000; -0.000000; 0.005452; 0.000000 \
#; 0.000000; 0.021422; 0.000000; 0.000000; -0.032969; 0.000000 \
#; 0.000000; 0.012701; 0.000000; 0.000000; -0.024123; -0.000000 \
#; -0.000406; 0.020029; 0.000040; -0.000290; 0.014297; 0.000028 \
#; 0.000406; 0.020029; -0.000040; 0.000290; 0.014297; -0.000028 \
#; -0.000455; 0.022414; -0.000044; 0.000770; -0.037960; 0.000075 \
#; 0.000455; 0.022414; 0.000044; -0.000770; -0.037960; -0.000075 \
#; 0.000666; -0.001899; 0.000391; 0.004811; -0.011644; 0.002307 \
#; -0.000666; -0.001899; -0.000391; -0.004811; -0.011644; -0.002307 \
#; -0.004761; 0.017767; -0.003831; 0.001828; -0.006530; 0.001399 \
#; 0.004761; 0.017767; 0.003831; -0.001828; -0.006530; -0.001399 \
#; -0.002992; 0.014918; 0.003338; 0.000165; -0.001285; -0.000299 \
#; 0.002992; 0.014918; -0.003338; -0.000165; -0.001285; 0.000299 \
#; -0.000695; 0.000076; -0.000065; -0.002466; 0.002253; 0.000262 \
#; 0.000695; 0.000076; 0.000065; 0.002466; 0.002253; -0.000262 \
#; -0.000000; 0.007509; 0.000000; -0.000000; 0.008095; -0.000000 \
#; 0.000000; 0.012234; 0.000000; -0.000000; 0.005443; 0.000000 \
#; 0.000000; 0.007018; -0.000000; 0.000000; -0.020034; -0.000000 \
#; 0.000000; 0.015024; 0.000000; 0.000000; -0.016801; 0.000000 \
# ]
#metaData: qpt=[0.000000;0.000000;0.500000;1.490080 \
#; 0.000000; -0.026669; 0.000000; 0.000000; 0.005655; -0.000000 \
#; -0.000000; -0.038665; -0.000000; 0.000000; 0.007131; 0.000000 \
#; -0.000000; -0.002874; 0.000000; 0.000000; -0.007292; 0.000000 \
#; -0.000000; -0.008203; 0.000000; -0.000000; -0.028227; -0.000000 \
#; 0.000877; -0.043217; -0.000086; -0.000176; 0.008698; 0.000017 \
#; -0.000877; -0.043217; 0.000086; 0.000176; 0.008698; -0.000017 \
#; 0.000140; -0.006923; 0.000014; 0.000479; -0.023615; 0.000047 \
#; -0.000140; -0.006923; -0.000014; -0.000479; -0.023615; -0.000047 \
#; 0.002433; -0.011886; 0.002653; 0.001748; -0.009107; 0.002047 \
#; -0.002433; -0.011886; -0.002653; -0.001748; -0.009107; -0.002047 \
#; -0.000942; 0.000304; 0.000038; 0.002383; -0.002234; 0.000267 \
#; 0.000942; 0.000304; -0.000038; -0.002383; -0.002234; -0.000267 \
#; 0.003150; -0.007864; -0.001570; -0.003698; 0.008795; 0.001735 \
#; -0.003150; -0.007864; 0.001570; 0.003698; 0.008795; -0.001735 \
#; 0.004551; -0.017012; -0.003670; 0.002301; -0.008300; -0.001780 \
#; -0.004551; -0.017012; 0.003670; -0.002301; -0.008300; 0.001780 \
#; -0.000000; -0.022538; 0.000000; -0.000000; 0.000166; -0.000000 \
#; -0.000000; -0.019636; 0.000000; 0.000000; 0.008064; 0.000000 \
#; -0.000000; -0.006080; 0.000000; 0.000000; -0.011931; 0.000000 \
#; -0.000000; -0.001110; 0.000000; -0.000000; -0.010985; 0.000000 \
# ]
#metaData: qpt=[0.000000;0.000000;0.500000;1.614602 \
#; 0.000000; -0.000000; 0.009275; 0.000000; 0.000000; 0.001899 \
#; -0.028027; 0.000000; 0.035089; -0.007487; -0.000000; 0.009373 \
#; 0.002119; 0.000000; 0.005192; -0.007931; 0.000000; -0.019435 \
#; 0.006048; 0.000000; 0.008109; -0.029536; 0.000000; -0.039603 \
#; -0.008977; 0.003981; -0.007322; -0.002116; 0.000938; -0.001726 \
#; -0.008977; -0.003981; -0.007322; -0.002116; -0.000938; -0.001726 \
#; 0.002798; -0.001241; -0.002282; -0.011870; 0.005263; 0.009681 \
#; 0.002798; 0.001241; -0.002282; -0.011870; -0.005263; 0.009681 \
#; -0.007679; 0.008553; -0.003089; -0.016423; 0.018294; -0.006607 \
#; -0.007679; -0.008553; -0.003089; -0.016423; -0.018294; -0.006607 \
#; 0.003689; -0.011362; -0.001226; -0.002926; 0.009010; 0.000972 \
#; 0.003689; 0.011362; -0.001226; -0.002926; -0.009010; 0.000972 \
#; 0.000214; 0.008476; -0.003343; -0.000100; -0.003963; 0.001563 \
#; 0.000214; -0.008476; -0.003343; -0.000100; 0.003963; 0.001563 \
#; -0.010879; 0.010491; 0.004985; -0.013719; 0.013230; 0.006286 \
#; -0.010879; -0.010491; 0.004985; -0.013719; -0.013230; 0.006286 \
#; 0.000389; 0.000000; -0.015363; 0.000176; 0.000000; -0.006958 \
#; -0.017734; 0.000000; 0.029624; -0.000670; 0.000000; 0.001119 \
#; 0.000173; 0.000000; -0.000345; -0.004575; 0.000000; 0.009133 \
#; 0.007559; 0.000000; 0.010741; -0.016691; 0.000000; -0.023718 \
# ]
#metaData: qpt=[0.000000;0.000000;0.500000;1.614602 \
#; -0.030149; 0.000000; 0.040425; 0.000000; 0.000000; 0.000000 \
#; -0.008194; 0.000000; 0.020081; -0.000485; -0.000000; 0.001188 \
#; -0.001713; 0.000000; -0.002144; 0.028959; 0.000000; 0.036256 \
#; -0.000000; -0.000000; 0.000000; 0.000000; 0.000000; 0.009467 \
#; -0.012190; 0.005405; -0.009942; -0.000360; 0.000160; -0.000294 \
#; -0.012190; -0.005405; -0.009942; -0.000360; -0.000160; -0.000294 \
#; -0.000272; 0.000121; 0.000222; 0.009219; -0.004088; -0.007519 \
#; -0.000272; -0.000121; 0.000222; 0.009219; 0.004088; -0.007519 \
#; -0.000141; -0.005582; -0.002202; -0.000190; -0.007508; -0.002961 \
#; -0.000141; 0.005582; -0.002202; -0.000190; 0.007508; -0.002961 \
#; -0.011258; 0.010857; -0.005158; 0.013410; -0.012932; 0.006144 \
#; -0.011258; -0.010857; -0.005158; 0.013410; 0.012932; 0.006144 \
#; -0.014549; 0.016207; 0.005853; 0.010817; -0.012049; -0.004351 \
#; -0.014549; -0.016207; 0.005853; 0.010817; 0.012049; -0.004351 \
#; -0.003606; 0.011106; -0.001199; -0.003028; 0.009324; -0.001006 \
#; -0.003606; -0.011106; -0.001199; -0.003028; -0.009324; -0.001006 \
#; -0.017868; 0.000000; 0.025390; -0.004057; 0.000000; 0.005765 \
#; -0.004517; 0.000000; -0.009016; 0.000748; -0.000000; 0.001494 \
#; 0.002901; 0.000000; 0.004846; 0.017508; 0.000000; 0.029246 \
#; 0.000094; 0.000000; 0.003735; -0.000416; 0.000000; -0.016447 \
# ]
#metaData: qpt=[0.000000;0.000000;0.500000;1.749805 \
#; 0.000000; -0.000000; 0.009271; -0.000000; -0.000000; -0.003325 \
#; -0.037280; 0.000000; -0.037757; 0.010936; 0.000000; 0.011076 \
#; 0.002825; 0.000000; 0.000002; 0.009631; 0.000000; 0.000007 \
#; 0.013549; -0.000000; -0.012863; 0.037770; 0.000000; -0.035858 \
#; -0.008924; 0.002065; 0.006068; 0.002907; -0.000673; -0.001976 \
#; -0.008924; -0.002065; 0.006068; 0.002907; 0.000673; -0.001976 \
#; 0.003753; -0.000868; 0.002552; 0.011523; -0.002666; 0.007835 \
#; 0.003753; 0.000868; 0.002552; 0.011523; 0.002666; 0.007835 \
#; -0.001211; -0.004698; 0.000268; -0.000805; -0.003126; 0.000179 \
#; -0.001211; 0.004698; 0.000268; -0.000805; 0.003126; 0.000179 \
#; -0.001771; -0.002124; 0.000882; 0.004793; 0.005747; -0.002388 \
#; -0.001771; 0.002124; 0.000882; 0.004793; -0.005747; -0.002388 \
#; -0.003132; -0.004313; -0.001503; 0.004707; 0.006482; 0.002258 \
#; -0.003132; 0.004313; -0.001503; 0.004707; -0.006482; 0.002258 \
#; 0.002647; 0.006951; 0.000929; 0.000978; 0.002569; 0.000343 \
#; 0.002647; -0.006951; 0.000929; 0.000978; -0.002569; 0.000343 \
#; -0.010736; 0.000000; -0.002711; 0.001307; 0.000000; 0.000330 \
#; -0.004544; 0.000000; 0.021214; 0.002533; -0.000000; -0.011829 \
#; 0.006094; 0.000000; 0.001682; 0.010930; 0.000000; 0.003017 \
#; 0.000987; -0.000000; 0.002946; 0.008107; 0.000000; 0.024202 \
# ]
#metaData: qpt=[0.000000;0.000000;0.500000;1.749805 \
#; 0.040127; 0.000000; 0.038095; -0.000000; -0.000000; -0.000000 \
#; 0.010020; 0.000000; -0.000007; 0.000593; -0.000000; -0.000000 \
#; -0.002294; 0.000000; 0.002323; 0.038783; 0.000000; -0.039279 \
#; -0.000000; 0.000000; 0.000000; 0.000000; 0.000000; 0.009849 \
#; 0.012113; -0.002803; -0.008236; 0.000358; -0.000083; -0.000243 \
#; 0.012113; 0.002803; -0.008236; 0.000358; 0.000083; -0.000243 \
#; -0.000277; 0.000064; -0.000188; 0.009381; -0.002171; 0.006379 \
#; -0.000277; -0.000064; -0.000188; 0.009381; 0.002171; 0.006379 \
#; 0.003373; 0.004645; -0.001618; 0.004537; 0.006248; -0.002177 \
#; 0.003373; -0.004645; -0.001618; 0.004537; -0.006248; -0.002177 \
#; 0.001814; 0.004765; -0.000637; -0.002161; -0.005676; 0.000759 \
#; 0.001814; -0.004765; -0.000637; -0.002161; 0.005676; 0.000759 \
#; -0.001167; -0.004528; -0.000259; 0.000868; 0.003367; 0.000192 \
#; -0.001167; 0.004528; -0.000259; 0.000868; -0.003367; 0.000192 \
#; 0.003914; 0.004692; 0.001950; 0.003286; 0.003939; 0.001637 \
#; 0.003914; -0.004692; 0.001950; 0.003286; -0.003939; 0.001637 \
#; 0.007964; 0.000000; -0.023776; 0.001808; -0.000000; -0.005399 \
#; 0.012346; 0.000000; -0.003408; -0.002046; -0.000000; 0.000565 \
#; 0.000850; 0.000000; 0.003971; 0.005132; 0.000000; 0.023962 \
#; -0.002395; 0.000000; 0.000605; 0.010546; 0.000000; -0.002664 \
# ]
#metaData: qpt=[0.000000;0.000000;0.500000;1.905173 \
#; 0.000000; 0.005401; -0.000000; 0.000000; 0.004761; -0.000000 \
#; 0.000000; -0.034385; 0.000000; 0.000000; -0.005295; 0.000000 \
#; 0.000000; 0.001901; 0.000000; -0.000000; 0.026737; 0.000000 \
#; 0.000000; -0.000123; -0.000000; -0.000000; -0.043325; 0.000000 \
#; -0.002827; 0.031996; 0.023738; 0.000062; -0.000701; -0.000520 \
#; 0.002827; 0.031996; -0.023738; -0.000062; -0.000701; 0.000520 \
#; 0.000371; -0.004205; 0.003120; -0.001607; 0.018191; -0.013496 \
#; -0.000371; -0.004205; -0.003120; 0.001607; 0.018191; 0.013496 \
#; 0.008499; -0.005027; 0.008589; 0.012202; -0.008147; 0.011144 \
#; -0.008499; -0.005027; -0.008589; -0.012202; -0.008147; -0.011144 \
#; 0.002162; 0.001570; 0.005817; -0.004890; 0.000104; -0.008497 \
#; -0.002162; 0.001570; -0.005817; 0.004890; 0.000104; 0.008497 \
#; 0.001273; -0.004780; 0.003847; -0.002920; 0.004755; -0.000909 \
#; -0.001273; -0.004780; -0.003847; 0.002920; 0.004755; 0.000909 \
#; 0.010434; -0.008872; -0.007101; 0.009686; -0.007478; -0.007558 \
#; -0.010434; -0.008872; 0.007101; -0.009686; -0.007478; 0.007558 \
#; 0.000000; 0.007140; 0.000000; 0.000000; 0.001092; -0.000000 \
#; -0.000000; 0.008198; -0.000000; 0.000000; -0.001648; -0.000000 \
#; 0.000000; -0.000367; 0.000000; -0.000000; 0.003559; -0.000000 \
#; -0.000000; -0.002029; 0.000000; 0.000000; 0.005141; -0.000000 \
# ]
#metaData: qpt=[0.000000;0.000000;0.500000;1.905173 \
#; -0.000000; -0.026076; -0.000000; 0.000000; 0.034599; 0.000000 \
#; 0.000000; 0.019818; -0.000000; -0.000000; -0.018048; -0.000000 \
#; -0.000000; 0.028549; -0.000000; 0.000000; 0.019883; -0.000000 \
#; -0.000000; -0.007177; 0.000000; 0.000000; 0.000572; 0.000000 \
#; -0.000754; 0.008537; 0.006334; 0.001467; -0.016604; -0.012319 \
#; 0.000754; 0.008537; -0.006334; -0.001467; -0.016604; 0.012319 \
#; 0.002118; -0.023977; 0.017789; 0.001873; -0.021198; 0.015727 \
#; -0.002118; -0.023977; -0.017789; -0.001873; -0.021198; -0.015727 \
#; -0.002758; 0.006669; 0.003635; -0.001594; 0.000989; -0.001553 \
#; 0.002758; 0.006669; -0.003635; 0.001594; 0.000989; 0.001553 \
#; -0.003925; 0.002661; -0.003533; -0.013685; 0.011294; -0.009750 \
#; 0.003925; 0.002661; 0.003533; 0.013685; 0.011294; 0.009750 \
#; -0.000404; 0.000791; -0.000295; -0.014865; 0.009541; 0.014067 \
#; 0.000404; 0.000791; 0.000295; 0.014865; 0.009541; -0.014067 \
#; -0.005340; -0.000617; 0.010209; -0.000282; 0.001448; -0.001349 \
#; 0.005340; -0.000617; -0.010209; 0.000282; 0.001448; 0.001349 \
#; 0.000000; 0.003618; -0.000000; -0.000000; -0.004179; 0.000000 \
#; 0.000000; 0.000752; -0.000000; -0.000000; -0.003498; 0.000000 \
#; -0.000000; -0.007286; -0.000000; -0.000000; -0.004103; -0.000000 \
#; -0.000000; -0.004273; -0.000000; -0.000000; -0.005824; 0.000000 \
# ]
#metaData: qpt=[0.000000;0.000000;0.500000;2.072147 \
#; 0.000000; -0.023332; -0.000000; -0.000000; -0.018429; 0.000000 \
#; -0.000000; -0.034949; 0.000000; -0.000000; -0.032253; 0.000000 \
#; 0.000000; 0.014725; -0.000000; -0.000000; -0.016742; 0.000000 \
#; -0.000000; -0.027503; -0.000000; -0.000000; 0.033443; 0.000000 \
#; -0.002657; 0.024267; -0.004035; -0.002279; 0.020815; -0.003461 \
#; 0.002657; 0.024267; 0.004035; 0.002279; 0.020815; 0.003461 \
#; -0.000646; 0.005897; 0.000980; 0.000700; -0.006390; -0.001062 \
#; 0.000646; 0.005897; -0.000980; -0.000700; -0.006390; 0.001062 \
#; 0.000236; -0.000413; 0.000405; -0.005732; 0.008252; -0.008790 \
#; -0.000236; -0.000413; -0.000405; 0.005732; 0.008252; 0.008790 \
#; -0.005323; 0.003670; -0.005825; 0.001046; -0.000801; 0.001191 \
#; 0.005323; 0.003670; 0.005825; -0.001046; -0.000801; -0.001191 \
#; -0.000941; -0.006654; -0.003248; -0.000093; -0.000208; -0.000057 \
#; 0.000941; -0.006654; 0.003248; 0.000093; -0.000208; 0.000057 \
#; 0.000347; -0.001845; -0.001320; 0.002062; -0.009750; -0.007134 \
#; -0.000347; -0.001845; 0.001320; -0.002062; -0.009750; 0.007134 \
#; 0.000000; 0.004871; 0.000000; 0.000000; 0.006200; 0.000000 \
#; -0.000000; 0.006070; -0.000000; -0.000000; 0.003418; -0.000000 \
#; 0.000000; 0.001891; -0.000000; -0.000000; -0.003190; -0.000000 \
#; -0.000000; 0.000303; 0.000000; -0.000000; -0.000146; -0.000000 \
# ]
#metaData: qpt=[0.000000;0.000000;0.500000;2.072147 \
#; -0.000000; -0.029414; -0.000000; 0.000000; 0.031775; 0.000000 \
#; 0.000000; 0.016481; -0.000000; -0.000000; -0.015017; -0.000000 \
#; 0.000000; -0.032863; 0.000000; 0.000000; -0.034376; 0.000000 \
#; -0.000000; -0.021417; -0.000000; 0.000000; -0.020624; -0.000000 \
#; -0.000648; 0.005919; -0.000984; 0.000697; -0.006369; 0.001059 \
#; 0.000648; 0.005919; 0.000984; -0.000697; -0.006369; -0.001059 \
#; -0.002476; 0.022612; 0.003760; -0.002475; 0.022602; 0.003758 \
#; 0.002476; 0.022612; -0.003760; 0.002475; 0.022602; -0.003758 \
#; -0.000944; -0.006605; 0.003217; -0.000055; -0.000832; 0.000449 \
#; 0.000944; -0.006605; -0.003217; 0.000055; -0.000832; -0.000449 \
#; 0.000298; -0.001215; 0.000918; 0.002069; -0.009848; 0.007197 \
#; -0.000298; -0.001215; -0.000918; -0.002069; -0.009848; -0.007197 \
#; 0.000660; -0.000878; -0.000970; -0.005699; 0.008215; 0.008746 \
#; -0.000660; -0.000878; 0.000970; 0.005699; 0.008215; -0.008746 \
#; -0.005389; 0.003740; 0.005911; 0.000627; -0.000356; -0.000641 \
#; 0.005389; 0.003740; -0.005911; -0.000627; -0.000356; 0.000641 \
#; 0.000000; 0.000232; 0.000000; -0.000000; -0.000244; -0.000000 \
#; -0.000000; 0.002006; -0.000000; 0.000000; -0.003119; 0.000000 \
#; -0.000000; 0.005774; 0.000000; 0.000000; 0.003898; -0.000000 \
#; -0.000000; 0.004413; -0.000000; -0.000000; 0.006534; 0.000000 \
# ]
#metaData: qpt=[0.000000;0.000000;0.500000;2.250978 \
#; -0.000000; -0.000000; -0.016859; -0.000000; 0.000000; -0.014618 \
#; 0.008491; -0.000000; -0.020286; 0.008290; -0.000000; -0.019805 \
#; -0.031286; -0.000000; -0.013885; 0.032046; 0.000000; 0.014223 \
#; 0.030353; -0.000000; 0.017344; -0.035005; 0.000000; -0.020003 \
#; 0.006449; 0.002742; 0.001404; 0.005934; 0.002523; 0.001292 \
#; 0.006449; -0.002742; 0.001404; 0.005934; -0.002523; 0.001292 \
#; 0.000773; 0.000329; -0.000168; -0.000840; -0.000357; 0.000183 \
#; 0.000773; -0.000329; -0.000168; -0.000840; 0.000357; 0.000183 \
#; 0.000729; -0.000596; 0.000872; -0.009702; 0.007935; -0.011606 \
#; 0.000729; 0.000596; 0.000872; -0.009702; -0.007935; -0.011606 \
#; -0.010337; 0.005790; -0.011408; 0.001648; -0.000923; 0.001819 \
#; -0.010337; -0.005790; -0.011408; 0.001648; 0.000923; 0.001819 \
#; -0.004138; -0.007121; 0.001175; -0.000311; -0.000535; 0.000088 \
#; -0.004138; 0.007121; 0.001175; -0.000311; 0.000535; 0.000088 \
#; -0.000239; -0.001408; -0.000290; -0.001500; -0.008829; -0.001819 \
#; -0.000239; 0.001408; -0.000290; -0.001500; 0.008829; -0.001819 \
#; 0.004072; 0.000000; 0.003706; 0.005548; -0.000000; 0.005049 \
#; 0.006856; -0.000000; 0.007840; 0.004205; -0.000000; 0.004808 \
#; -0.001823; -0.000000; 0.005362; 0.002972; 0.000000; -0.008743 \
#; 0.004377; -0.000000; -0.009891; -0.003213; 0.000000; 0.007260 \
# ]
#metaData: qpt=[0.000000;0.000000;0.500000;2.250978 \
#; -0.046332; -0.000000; 0.026475; -0.000000; -0.000000; 0.000000 \
#; 0.044708; -0.000000; -0.019842; 0.002644; -0.000000; -0.001173 \
#; 0.000701; 0.000000; 0.001674; -0.011846; -0.000000; -0.028301 \
#; -0.000000; -0.000000; -0.000000; 0.000000; 0.000000; -0.022314 \
#; -0.001141; -0.000485; -0.000248; -0.000034; -0.000014; -0.000007 \
#; -0.001141; 0.000485; -0.000248; -0.000034; 0.000014; -0.000007 \
#; 0.000259; 0.000110; -0.000056; -0.008760; -0.003724; 0.001908 \
#; 0.000259; -0.000110; -0.000056; -0.008760; 0.003724; 0.001908 \
#; 0.002476; 0.004261; 0.000703; 0.003330; 0.005731; 0.000946 \
#; 0.002476; -0.004261; 0.000703; 0.003330; -0.005731; 0.000946 \
#; -0.000977; -0.005749; 0.001184; 0.001163; 0.006848; -0.001411 \
#; -0.000977; 0.005749; 0.001184; 0.001163; -0.006848; -0.001411 \
#; -0.007808; 0.006386; 0.009340; 0.005805; -0.004748; -0.006944 \
#; -0.007808; -0.006386; 0.009340; 0.005805; 0.004748; -0.006944 \
#; 0.008017; -0.004491; -0.008848; 0.006731; -0.003770; -0.007428 \
#; 0.008017; 0.004491; -0.008848; 0.006731; 0.003770; -0.007428 \
#; -0.005295; 0.000000; -0.011965; -0.001202; 0.000000; -0.002717 \
#; 0.003439; 0.000000; 0.010119; -0.000570; 0.000000; -0.001677 \
#; -0.001315; 0.000000; 0.001503; -0.007935; -0.000000; 0.009073 \
#; 0.001524; -0.000000; -0.001387; -0.006711; 0.000000; 0.006107 \
# ]
#metaData: qpt=[0.000000;0.000000;0.500000;3.215487 \
#; 0.000000; 0.000000; -0.006928; -0.000000; 0.000000; -0.002227 \
#; 0.009847; -0.000000; 0.008791; 0.003821; 0.000000; 0.003411 \
#; -0.008399; -0.000000; 0.001140; 0.021646; 0.000000; -0.002939 \
#; -0.007807; -0.000000; 0.002073; 0.024283; -0.000000; -0.006449 \
#; -0.002103; -0.000816; -0.001016; -0.000745; -0.000289; -0.000360 \
#; -0.002103; 0.000816; -0.001016; -0.000745; 0.000289; -0.000360 \
#; 0.003438; 0.001334; -0.001662; -0.009701; -0.003763; 0.004689 \
#; 0.003438; -0.001334; -0.001662; -0.009701; 0.003763; 0.004689 \
#; -0.006835; -0.001434; -0.003712; -0.020069; -0.004210; -0.010898 \
#; -0.006835; 0.001434; -0.003712; -0.020069; 0.004210; -0.010898 \
#; 0.010293; -0.014131; 0.005140; -0.006473; 0.008886; -0.003232 \
#; 0.010293; 0.014131; 0.005140; -0.006473; -0.008886; -0.003232 \
#; 0.016321; 0.047416; -0.010077; -0.005558; -0.016148; 0.003432 \
#; 0.016321; -0.047416; -0.010077; -0.005558; 0.016148; 0.003432 \
#; -0.013027; -0.025252; 0.007696; -0.020717; -0.040157; 0.012239 \
#; -0.013027; 0.025252; 0.007696; -0.020717; 0.040157; 0.012239 \
#; 0.048951; 0.000000; 0.023013; 0.028969; -0.000000; 0.013619 \
#; -0.062406; 0.000000; -0.030004; -0.009231; -0.000000; -0.004438 \
#; 0.000191; 0.000000; -0.000306; -0.001294; -0.000000; 0.002071 \
#; 0.013910; 0.000000; -0.007367; -0.023505; -0.000000; 0.012448 \
# ]
#metaData: qpt=[0.000000;0.000000;0.500000;3.215487 \
#; -0.025508; -0.000000; -0.006774; 0.000000; 0.000000; -0.000000 \
#; -0.023178; 0.000000; -0.003147; -0.001371; 0.000000; -0.000186 \
#; -0.000624; -0.000000; 0.000557; 0.010543; 0.000000; -0.009413 \
#; 0.000000; 0.000000; -0.000000; -0.000000; 0.000000; 0.007277 \
#; 0.010287; 0.003991; 0.004973; 0.000304; 0.000118; 0.000147 \
#; 0.010287; -0.003991; 0.004973; 0.000304; -0.000118; 0.000147 \
#; 0.000066; 0.000026; -0.000032; -0.002230; -0.000865; 0.001078 \
#; 0.000066; -0.000026; -0.000032; -0.002230; 0.000865; 0.001078 \
#; 0.010287; 0.029886; 0.006352; 0.013836; 0.040198; 0.008543 \
#; 0.010287; -0.029886; 0.006352; 0.013836; -0.040198; 0.008543 \
#; 0.015735; 0.030500; 0.009296; -0.018743; -0.036331; -0.011073 \
#; 0.015735; -0.030500; 0.009296; -0.018743; 0.036331; -0.011073 \
#; 0.017014; 0.003569; -0.009239; -0.012649; -0.002653; 0.006869 \
#; 0.017014; -0.003569; -0.009239; -0.012649; 0.002653; 0.006869 \
#; 0.009313; -0.012785; -0.004650; 0.007818; -0.010733; -0.003904 \
#; 0.009313; 0.012785; -0.004650; 0.007818; 0.010733; -0.003904 \
#; 0.026634; 0.000000; 0.014105; 0.006048; -0.000000; 0.003203 \
#; 0.001291; 0.000000; 0.002065; -0.000214; 0.000000; -0.000342 \
#; -0.010313; -0.000000; 0.004958; -0.062236; 0.000000; 0.029922 \
#; -0.012596; -0.000000; 0.005921; 0.055469; 0.000000; -0.026077 \
# ]
#metaData: qpt=[0.000000;0.000000;0.500000;3.334811 \
#; -0.000000; -0.002284; -0.000000; -0.000000; -0.001613; 0.000000 \
#; -0.000000; 0.002980; -0.000000; 0.000000; -0.000104; 0.000000 \
#; 0.000000; 0.005816; -0.000000; 0.000000; 0.002021; -0.000000 \
#; -0.000000; -0.005709; -0.000000; -0.000000; -0.002529; 0.000000 \
#; -0.007706; 0.002448; -0.000099; 0.019507; -0.006197; 0.000249 \
#; 0.007706; 0.002448; 0.000099; -0.019507; -0.006197; -0.000249 \
#; -0.002522; 0.000801; 0.000032; 0.008836; -0.002807; -0.000113 \
#; 0.002522; 0.000801; -0.000032; -0.008836; -0.002807; 0.000113 \
#; -0.027857; -0.033490; -0.021259; 0.025555; 0.018005; 0.016803 \
#; 0.027857; -0.033490; 0.021259; -0.025555; 0.018005; -0.016803 \
#; 0.004496; 0.012893; 0.005021; 0.040494; 0.037324; 0.028493 \
#; -0.004496; 0.012893; -0.005021; -0.040494; 0.037324; -0.028493 \
#; -0.003574; -0.010381; 0.004019; 0.042040; 0.022988; -0.026235 \
#; 0.003574; -0.010381; -0.004019; -0.042040; 0.022988; 0.026235 \
#; -0.023471; -0.005307; 0.013050; 0.031595; 0.022238; -0.020770 \
#; 0.023471; -0.005307; -0.013050; -0.031595; 0.022238; 0.020770 \
#; 0.000000; -0.008424; 0.000000; 0.000000; 0.013214; -0.000000 \
#; -0.000000; -0.002882; 0.000000; 0.000000; 0.015411; -0.000000 \
#; 0.000000; -0.000663; -0.000000; 0.000000; 0.006827; -0.000000 \
#; -0.000000; -0.003048; -0.000000; -0.000000; 0.006164; -0.000000 \
# ]
#metaData: qpt=[0.000000;0.000000;0.500000;3.334811 \
#; 0.000000; 0.001962; 0.000000; 0.000000; 0.005927; 0.000000 \
#; -0.000000; -0.000730; -0.000000; -0.000000; -0.006114; -0.000000 \
#; 0.000000; -0.000739; -0.000000; -0.000000; 0.002889; 0.000000 \
#; 0.000000; -0.001383; 0.000000; -0.000000; -0.002431; -0.000000 \
#; -0.009121; 0.002897; -0.000117; 0.001114; -0.000354; 0.000014 \
#; 0.009121; 0.002897; 0.000117; -0.001114; -0.000354; -0.000014 \
#; 0.020469; -0.006502; -0.000262; -0.004572; 0.001452; 0.000058 \
#; -0.020469; -0.006502; 0.000262; 0.004572; 0.001452; -0.000058 \
#; 0.012661; -0.000872; 0.006246; -0.040247; -0.025208; -0.025795 \
#; -0.012661; -0.000872; -0.006246; 0.040247; -0.025208; 0.025795 \
#; 0.025821; 0.006994; 0.014601; 0.029705; 0.021766; 0.019710 \
#; -0.025821; 0.006994; -0.014601; -0.029705; 0.021766; -0.019710 \
#; 0.016063; 0.024142; -0.013284; 0.034220; 0.029376; -0.023619 \
#; -0.016063; 0.024142; 0.013284; -0.034220; 0.029376; 0.023619 \
#; 0.001383; 0.009998; -0.002825; -0.040720; -0.038201; 0.028793 \
#; -0.001383; 0.009998; 0.002825; 0.040720; -0.038201; -0.028793 \
#; -0.000000; -0.006852; -0.000000; -0.000000; -0.000582; -0.000000 \
#; 0.000000; -0.006494; 0.000000; 0.000000; 0.002209; 0.000000 \
#; -0.000000; 0.014342; 0.000000; -0.000000; -0.006334; -0.000000 \
#; 0.000000; 0.015666; 0.000000; 0.000000; -0.000369; -0.000000 \
# ]
#metaData: qpt=[0.000000;0.000000;0.500000;3.484387 \
#; 0.009175; 0.000000; 0.008914; 0.000000; -0.000000; 0.000000 \
#; -0.003019; 0.000000; -0.002152; -0.000179; 0.000000; -0.000127 \
#; 0.000511; -0.000000; -0.000513; -0.008647; -0.000000; 0.008674 \
#; -0.000000; 0.000000; -0.000000; -0.000000; 0.000000; 0.000828 \
#; -0.004113; -0.002760; -0.008188; -0.000122; -0.000082; -0.000242 \
#; -0.004113; 0.002760; -0.008188; -0.000122; 0.000082; -0.000242 \
#; -0.000171; -0.000115; 0.000341; 0.005792; 0.003887; -0.011530 \
#; -0.000171; 0.000115; 0.000341; 0.005792; -0.003887; -0.011530 \
#; 0.011647; 0.025405; 0.005393; 0.015665; 0.034171; 0.007253 \
#; 0.011647; -0.025405; 0.005393; 0.015665; -0.034171; 0.007253 \
#; -0.027643; -0.018594; -0.019806; 0.032927; 0.022148; 0.023592 \
#; -0.027643; 0.018594; -0.019806; 0.032927; -0.022148; 0.023592 \
#; -0.031075; -0.012652; 0.023651; 0.023103; 0.009407; -0.017584 \
#; -0.031075; 0.012652; 0.023651; 0.023103; -0.009407; -0.017584 \
#; -0.004341; -0.026810; -0.000903; -0.003645; -0.022508; -0.000758 \
#; -0.004341; 0.026810; -0.000903; -0.003645; 0.022508; -0.000758 \
#; 0.043451; 0.000000; -0.023863; 0.009867; -0.000000; -0.005419 \
#; -0.052432; 0.000000; -0.000648; 0.008689; -0.000000; 0.000107 \
#; -0.004683; -0.000000; -0.004275; -0.028257; 0.000000; -0.025796 \
#; -0.009021; -0.000000; 0.002045; 0.039727; 0.000000; -0.009008 \
# ]
#metaData: qpt=[0.000000;0.000000;0.500000;3.484387 \
#; 0.000000; 0.000000; 0.000826; -0.000000; -0.000000; -0.000057 \
#; 0.008662; 0.000000; 0.008688; -0.000089; 0.000000; -0.000089 \
#; -0.000031; 0.000000; 0.000022; -0.003024; -0.000000; 0.002156 \
#; 0.000635; -0.000000; -0.000617; 0.009153; 0.000000; -0.008893 \
#; -0.005790; -0.003885; -0.011526; 0.000230; 0.000155; 0.000459 \
#; -0.005790; 0.003885; -0.011526; 0.000230; -0.000155; 0.000459 \
#; -0.000164; -0.000110; 0.000326; -0.004112; -0.002759; 0.008185 \
#; -0.000164; 0.000110; 0.000326; -0.004112; 0.002759; 0.008185 \
#; -0.025200; -0.010260; -0.019180; -0.029400; -0.011970; -0.022376 \
#; -0.025200; 0.010260; -0.019180; -0.029400; 0.011970; -0.022376 \
#; 0.003335; 0.020597; -0.000694; -0.004583; -0.028305; 0.000954 \
#; 0.003335; -0.020597; -0.000694; -0.004583; 0.028305; 0.000954 \
#; -0.014821; -0.032330; 0.006862; 0.012704; 0.027711; -0.005882 \
#; -0.014821; 0.032330; 0.006862; 0.012704; -0.027711; -0.005882 \
#; -0.034763; -0.023383; 0.024907; -0.025296; -0.017015; 0.018124 \
#; -0.034763; 0.023383; 0.024907; -0.025296; 0.017015; 0.018124 \
#; -0.040256; -0.000000; -0.009128; -0.006248; 0.000000; -0.001417 \
#; 0.027865; -0.000000; -0.025438; -0.006628; 0.000000; 0.006051 \
#; -0.012299; 0.000000; 0.000152; -0.051704; 0.000000; 0.000639 \
#; -0.006834; -0.000000; -0.003753; 0.044031; 0.000000; 0.024181 \
# ]
#metaData: qpt=[0.000000;0.000000;0.500000;3.926779 \
#; -0.000000; 0.000000; 0.000956; 0.000000; -0.000000; 0.015521 \
#; -0.000029; -0.000000; 0.000030; -0.011642; 0.000000; 0.012315 \
#; -0.000303; 0.000000; 0.015235; 0.000001; 0.000000; -0.000037 \
#; 0.011624; -0.000000; 0.011891; -0.000716; -0.000000; -0.000732 \
#; 0.000101; -0.000232; 0.000893; 0.003153; -0.007262; 0.027918 \
#; 0.000101; 0.000232; 0.000893; 0.003153; 0.007262; 0.027918 \
#; -0.003072; 0.007076; 0.027200; 0.000098; -0.000226; -0.000870 \
#; -0.003072; -0.007076; 0.027200; 0.000098; 0.000226; -0.000870 \
#; -0.002469; 0.025787; 0.001606; 0.002083; -0.021757; -0.001355 \
#; -0.002469; -0.025787; 0.001606; 0.002083; 0.021757; -0.001355 \
#; 0.000802; 0.007601; 0.024682; 0.000594; 0.005622; 0.018257 \
#; 0.000802; -0.007601; 0.024682; 0.000594; -0.005622; 0.018257 \
#; -0.000590; -0.006666; 0.019839; -0.000699; -0.007901; 0.023515 \
#; -0.000590; 0.006666; 0.019839; -0.000699; 0.007901; 0.023515 \
#; -0.001906; 0.020217; -0.001726; 0.002577; -0.027333; 0.002333 \
#; -0.001906; -0.020217; -0.001726; 0.002577; 0.027333; 0.002333 \
#; -0.004389; 0.000000; -0.008810; 0.026895; -0.000000; 0.053985 \
#; 0.005148; 0.000000; 0.001887; 0.022415; -0.000000; 0.008216 \
#; -0.025984; 0.000000; 0.053115; 0.005967; 0.000000; -0.012198 \
#; -0.022005; 0.000000; 0.006915; -0.003591; -0.000000; 0.001129 \
# ]
#metaData: qpt=[0.000000;0.000000;0.500000;3.926779 \
#; -0.011646; 0.000000; 0.011914; -0.000000; -0.000000; -0.000000 \
#; 0.000303; -0.000000; 0.015208; 0.000018; 0.000000; 0.000899 \
#; -0.000687; 0.000000; -0.000727; 0.011622; 0.000000; 0.012293 \
#; -0.000000; -0.000000; -0.000000; 0.000000; -0.000000; 0.015551 \
#; 0.003072; -0.007076; 0.027202; 0.000091; -0.000209; 0.000804 \
#; 0.003072; 0.007076; 0.027202; 0.000091; 0.000209; 0.000804 \
#; 0.000093; -0.000215; -0.000825; -0.003153; 0.007263; 0.027920 \
#; 0.000093; 0.000215; -0.000825; -0.003153; -0.007263; 0.027920 \
#; 0.000546; 0.006167; 0.018356; 0.000734; 0.008296; 0.024690 \
#; 0.000546; -0.006167; 0.018356; 0.000734; -0.008296; 0.024690 \
#; 0.002061; -0.021859; -0.001866; -0.002455; 0.026038; 0.002223 \
#; 0.002061; 0.021859; -0.001866; -0.002455; -0.026038; 0.002223 \
#; 0.002593; -0.027076; 0.001686; -0.001927; 0.020130; -0.001253 \
#; 0.002593; 0.027076; 0.001686; -0.001927; -0.020130; -0.001253 \
#; -0.000764; -0.007241; 0.023513; -0.000642; -0.006079; 0.019740 \
#; -0.000764; 0.007241; 0.023513; -0.000642; 0.006079; 0.019740 \
#; 0.021743; 0.000000; 0.006833; 0.004937; 0.000000; 0.001552 \
#; 0.026302; 0.000000; 0.053764; -0.004359; 0.000000; -0.008909 \
#; -0.003760; 0.000000; 0.001378; -0.022689; 0.000000; 0.008316 \
#; 0.006034; 0.000000; -0.012112; -0.026574; 0.000000; 0.053341 \
# ]
#metaData: qpt=[0.000000;0.000000;0.500000;3.951299 \
#; 0.000000; -0.000000; 0.000237; 0.000000; -0.000000; 0.000558 \
#; -0.004889; 0.000000; -0.000403; -0.013699; 0.000000; -0.001130 \
#; -0.006829; -0.000000; -0.000075; 0.002437; 0.000000; 0.000027 \
#; -0.014957; -0.000000; 0.000956; 0.006357; 0.000000; -0.000406 \
#; 0.005152; -0.000534; -0.004135; 0.013192; -0.001367; -0.010587 \
#; 0.005152; 0.000534; -0.004135; 0.013192; 0.001367; -0.010587 \
#; 0.021317; -0.002209; 0.017108; -0.008326; 0.000863; -0.006682 \
#; 0.021317; 0.002209; 0.017108; -0.008326; -0.000863; -0.006682 \
#; 0.002973; 0.006032; 0.005501; -0.005079; -0.010305; -0.009396 \
#; 0.002973; -0.006032; 0.005501; -0.005079; 0.010305; -0.009396 \
#; -0.003997; 0.001452; -0.021048; -0.001221; 0.000443; -0.006430 \
#; -0.003997; -0.001452; -0.021048; -0.001221; -0.000443; -0.006430 \
#; -0.006562; -0.003674; 0.025907; -0.003841; -0.002151; 0.015166 \
#; -0.006562; 0.003674; 0.025907; -0.003841; 0.002151; 0.015166 \
#; -0.002530; -0.003677; 0.006760; 0.008281; 0.012036; -0.022128 \
#; -0.002530; 0.003677; 0.006760; 0.008281; -0.012036; -0.022128 \
#; 0.006956; 0.000000; -0.000349; 0.038532; -0.000000; -0.001933 \
#; 0.030634; 0.000000; -0.001642; 0.048207; -0.000000; -0.002585 \
#; 0.060958; -0.000000; 0.003141; -0.038737; -0.000000; -0.001996 \
#; 0.082016; -0.000000; 0.004331; -0.014805; -0.000000; -0.000782 \
# ]
#metaData: qpt=[0.000000;0.000000;0.500000;3.951299 \
#; -0.016252; 0.000000; -0.001038; 0.000000; 0.000000; 0.000000 \
#; -0.007239; -0.000000; 0.000079; -0.000428; -0.000000; 0.000005 \
#; 0.000859; 0.000000; -0.000071; -0.014520; -0.000000; 0.001198 \
#; -0.000000; 0.000000; 0.000000; 0.000000; 0.000000; -0.000606 \
#; 0.022875; -0.002370; -0.018358; 0.000676; -0.000070; -0.000542 \
#; 0.022875; 0.002370; -0.018358; 0.000676; 0.000070; -0.000542 \
#; -0.000418; 0.000043; -0.000336; 0.014156; -0.001467; 0.011361 \
#; -0.000418; -0.000043; -0.000336; 0.014156; 0.001467; 0.011361 \
#; -0.004537; -0.002540; -0.017911; -0.006102; -0.003416; -0.024091 \
#; -0.004537; 0.002540; -0.017911; -0.006102; 0.003416; -0.024091 \
#; -0.005568; -0.008092; -0.014877; 0.006632; 0.009639; 0.017721 \
#; -0.005568; 0.008092; -0.014877; 0.006632; -0.009639; 0.017721 \
#; 0.004723; 0.009582; -0.008738; -0.003511; -0.007124; 0.006496 \
#; 0.004723; -0.009582; -0.008738; -0.003511; 0.007124; 0.006496 \
#; -0.003201; 0.001162; 0.016856; -0.002687; 0.000976; 0.014151 \
#; -0.003201; -0.001162; 0.016856; -0.002687; -0.000976; 0.014151 \
#; 0.081272; -0.000000; -0.004292; 0.018455; -0.000000; -0.000975 \
#; 0.071253; -0.000000; -0.003672; -0.011807; -0.000000; 0.000608 \
#; 0.009338; -0.000000; 0.000501; 0.056349; 0.000000; 0.003021 \
#; -0.008670; -0.000000; -0.000435; 0.038182; 0.000000; 0.001916 \
# ]
#metaData: qpt=[0.000000;0.000000;0.500000;4.131186 \
#; 0.000000; 0.019554; -0.000000; 0.000000; 0.003060; 0.000000 \
#; -0.000000; 0.001886; 0.000000; -0.000000; -0.001912; 0.000000 \
#; -0.000000; 0.003816; 0.000000; 0.000000; -0.020808; -0.000000 \
#; 0.000000; 0.001174; 0.000000; -0.000000; 0.007852; -0.000000 \
#; 0.017687; 0.000908; 0.019964; 0.001387; 0.000071; 0.001565 \
#; -0.017687; 0.000908; -0.019964; -0.001387; 0.000071; -0.001565 \
#; 0.003441; 0.000177; -0.003884; -0.010827; -0.000556; 0.012220 \
#; -0.003441; 0.000177; 0.003884; 0.010827; -0.000556; -0.012220 \
#; 0.006824; 0.007350; 0.011975; 0.009790; 0.025086; 0.020463 \
#; -0.006824; 0.007350; -0.011975; -0.009790; 0.025086; -0.020463 \
#; 0.009527; -0.034578; 0.006592; -0.009968; 0.025761; -0.009250 \
#; -0.009527; -0.034578; -0.006592; 0.009968; 0.025761; 0.009250 \
#; 0.008939; -0.050073; -0.002204; -0.003737; 0.032038; -0.001586 \
#; -0.008939; -0.050073; 0.002204; 0.003737; 0.032038; 0.001586 \
#; -0.003519; -0.036477; 0.013556; -0.005812; -0.032050; 0.016023 \
#; 0.003519; -0.036477; -0.013556; 0.005812; -0.032050; -0.016023 \
#; -0.000000; -0.017478; 0.000000; 0.000000; -0.003922; 0.000000 \
#; -0.000000; -0.025678; -0.000000; 0.000000; 0.002056; -0.000000 \
#; 0.000000; -0.002315; 0.000000; -0.000000; 0.007623; 0.000000 \
#; 0.000000; -0.008408; -0.000000; -0.000000; 0.018316; 0.000000 \
# ]
#metaData: qpt=[0.000000;0.000000;0.500000;4.131186 \
#; -0.000000; -0.007691; -0.000000; -0.000000; -0.001970; 0.000000 \
#; 0.000000; 0.021139; 0.000000; -0.000000; 0.000828; 0.000000 \
#; -0.000000; -0.002278; 0.000000; 0.000000; 0.001422; 0.000000 \
#; 0.000000; 0.001045; 0.000000; 0.000000; 0.019764; 0.000000 \
#; 0.011239; 0.000577; 0.012686; -0.001656; -0.000085; -0.001869 \
#; -0.011239; 0.000577; -0.012686; 0.001656; -0.000085; 0.001869 \
#; -0.001474; -0.000076; 0.001664; 0.017680; 0.000907; -0.019956 \
#; 0.001474; -0.000076; -0.001664; -0.017680; 0.000907; 0.019956 \
#; 0.006815; -0.033910; 0.002644; 0.006886; -0.048824; -0.000617 \
#; -0.006815; -0.033910; -0.002644; -0.006886; -0.048824; 0.000617 \
#; 0.003094; 0.034089; 0.012374; -0.006049; -0.034580; -0.016953 \
#; -0.003094; 0.034089; -0.012374; 0.006049; -0.034580; 0.016953 \
#; -0.010063; -0.016428; 0.018921; 0.006415; 0.020333; -0.014288 \
#; 0.010063; -0.016428; -0.018921; -0.006415; 0.020333; 0.014288 \
#; 0.010217; -0.036334; -0.007238; 0.009260; -0.023218; -0.008754 \
#; -0.010217; -0.036334; 0.007238; -0.009260; -0.023218; 0.008754 \
#; -0.000000; -0.020013; -0.000000; -0.000000; -0.002385; 0.000000 \
#; -0.000000; -0.006910; 0.000000; -0.000000; 0.003965; -0.000000 \
#; -0.000000; -0.003752; 0.000000; -0.000000; -0.025486; 0.000000 \
#; -0.000000; 0.005774; -0.000000; -0.000000; -0.016957; 0.000000 \
# ]
#metaData: qpt=[0.000000;0.000000;0.500000;4.503460 \
#; -0.000000; -0.001706; 0.000000; 0.000000; 0.000605; 0.000000 \
#; 0.000000; 0.004375; -0.000000; -0.000000; 0.000014; -0.000000 \
#; -0.000000; 0.001286; 0.000000; 0.000000; -0.005666; 0.000000 \
#; -0.000000; -0.000772; -0.000000; -0.000000; 0.007002; 0.000000 \
#; -0.051626; -0.008647; 0.013149; -0.008540; -0.001430; 0.002175 \
#; 0.051626; -0.008647; -0.013149; 0.008540; -0.001430; -0.002175 \
#; -0.002726; -0.000457; -0.000694; -0.024826; -0.004158; -0.006323 \
#; 0.002726; -0.000457; 0.000694; 0.024826; -0.004158; 0.006323 \
#; 0.002670; 0.011349; 0.007562; 0.008059; 0.022120; 0.017368 \
#; -0.002670; 0.011349; -0.007562; -0.008059; 0.022120; -0.017368 \
#; 0.013368; 0.021917; 0.022163; -0.014269; -0.020970; -0.022567 \
#; -0.013368; 0.021917; -0.022163; 0.014269; -0.020970; 0.022567 \
#; -0.015343; -0.014589; 0.020685; 0.010529; 0.012124; -0.015145 \
#; 0.015343; -0.014589; -0.020685; -0.010529; 0.012124; 0.015145 \
#; -0.002528; 0.007153; -0.000890; -0.005445; 0.002583; 0.003850 \
#; 0.002528; 0.007153; 0.000890; 0.005445; 0.002583; -0.003850 \
#; -0.000000; 0.008932; -0.000000; 0.000000; 0.002908; 0.000000 \
#; 0.000000; 0.006515; 0.000000; 0.000000; 0.000209; 0.000000 \
#; -0.000000; 0.001225; 0.000000; 0.000000; 0.006750; -0.000000 \
#; -0.000000; 0.000777; 0.000000; 0.000000; 0.000845; -0.000000 \
# ]
#metaData: qpt=[0.000000;0.000000;0.500000;4.503460 \
#; -0.000000; -0.005105; 0.000000; -0.000000; -0.004854; 0.000000 \
#; 0.000000; 0.004191; -0.000000; 0.000000; 0.004023; -0.000000 \
#; -0.000000; -0.003646; -0.000000; 0.000000; 0.002419; 0.000000 \
#; -0.000000; 0.001694; -0.000000; 0.000000; -0.000638; 0.000000 \
#; 0.012676; 0.002123; -0.003228; 0.021520; 0.003604; -0.005481 \
#; -0.012676; 0.002123; 0.003228; -0.021520; 0.003604; 0.005481 \
#; 0.036246; 0.006071; 0.009231; -0.037741; -0.006321; -0.009612 \
#; -0.036246; 0.006071; -0.009231; 0.037741; -0.006321; 0.009612 \
#; 0.003566; 0.005330; 0.005680; -0.018263; -0.018204; -0.024999 \
#; -0.003566; 0.005330; -0.005680; 0.018263; -0.018204; 0.024999 \
#; 0.005431; -0.007145; 0.001785; -0.002557; -0.002604; -0.003525 \
#; -0.005431; -0.007145; -0.001785; 0.002557; -0.002604; 0.003525 \
#; -0.008457; -0.024808; 0.018943; 0.000752; -0.001627; 0.000040 \
#; 0.008457; -0.024808; -0.018943; -0.000752; -0.001627; -0.000040 \
#; 0.001110; 0.003374; -0.002539; 0.019521; 0.030144; -0.031528 \
#; -0.001110; 0.003374; 0.002539; -0.019521; 0.030144; 0.031528 \
#; 0.000000; 0.000539; -0.000000; -0.000000; -0.001013; -0.000000 \
#; 0.000000; -0.005152; 0.000000; 0.000000; -0.004530; 0.000000 \
#; -0.000000; -0.003179; 0.000000; 0.000000; 0.005691; -0.000000 \
#; -0.000000; -0.007914; 0.000000; -0.000000; 0.005060; -0.000000 \
# ]
#metaData: qpt=[0.000000;0.000000;0.500000;4.627205 \
#; -0.000000; -0.011096; 0.000000; 0.000000; 0.002868; 0.000000 \
#; 0.000000; 0.009855; -0.000000; 0.000000; -0.001846; -0.000000 \
#; -0.000000; 0.002756; -0.000000; 0.000000; 0.010796; 0.000000 \
#; -0.000000; -0.003023; -0.000000; 0.000000; -0.009176; 0.000000 \
#; 0.011596; 0.001727; -0.013165; -0.003382; -0.000504; 0.003840 \
#; -0.011596; 0.001727; 0.013165; 0.003382; -0.000504; -0.003840 \
#; -0.002714; -0.000404; -0.003082; -0.012177; -0.001814; -0.013825 \
#; 0.002714; -0.000404; 0.003082; 0.012177; -0.001814; 0.013825 \
#; 0.006592; 0.052734; -0.000847; 0.006212; 0.039266; 0.000166 \
#; -0.006592; 0.052734; 0.000847; -0.006212; 0.039266; -0.000166 \
#; -0.012236; 0.006627; -0.008090; 0.026883; -0.020178; 0.018294 \
#; 0.012236; 0.006627; 0.008090; -0.026883; -0.020178; -0.018294 \
#; -0.017510; 0.015793; 0.012161; 0.023444; -0.017219; -0.015919 \
#; 0.017510; 0.015793; -0.012161; -0.023444; -0.017219; 0.015919 \
#; -0.007749; -0.060454; -0.000854; -0.002404; -0.027621; -0.001085 \
#; 0.007749; -0.060454; 0.000854; 0.002404; -0.027621; 0.001085 \
#; -0.000000; 0.005230; -0.000000; -0.000000; -0.000759; -0.000000 \
#; 0.000000; 0.012672; 0.000000; 0.000000; -0.006236; 0.000000 \
#; -0.000000; -0.002050; 0.000000; 0.000000; -0.005364; -0.000000 \
#; -0.000000; -0.000642; 0.000000; 0.000000; -0.014287; -0.000000 \
# ]
#metaData: qpt=[0.000000;0.000000;0.500000;4.627205 \
#; -0.000000; 0.009496; 0.000000; 0.000000; 0.001778; -0.000000 \
#; 0.000000; -0.010836; -0.000000; 0.000000; -0.002593; 0.000000 \
#; 0.000000; -0.001698; -0.000000; 0.000000; 0.009881; 0.000000 \
#; 0.000000; 0.001369; 0.000000; 0.000000; -0.011378; 0.000000 \
#; 0.012344; 0.001839; -0.014015; 0.001805; 0.000269; -0.002050 \
#; -0.012344; 0.001839; 0.014015; -0.001805; 0.000269; 0.002050 \
#; -0.002514; -0.000374; -0.002854; 0.011815; 0.001760; 0.013414 \
#; 0.002514; -0.000374; 0.002854; -0.011815; 0.001760; -0.013414 \
#; -0.013578; 0.012868; -0.009487; -0.025920; 0.019503; -0.017643 \
#; 0.013578; 0.012868; 0.009487; 0.025920; 0.019503; 0.017643 \
#; 0.006659; 0.049270; -0.000486; -0.004634; -0.044610; 0.001292 \
#; -0.006659; 0.049270; 0.000486; 0.004634; -0.044610; -0.001292 \
#; -0.007492; -0.058286; -0.000810; 0.005090; 0.030421; -0.000298 \
#; 0.007492; -0.058286; 0.000810; -0.005090; 0.030421; 0.000298 \
#; -0.019793; 0.012419; 0.013244; -0.021924; 0.017229; 0.014991 \
#; 0.019793; 0.012419; -0.013244; 0.021924; 0.017229; -0.014991 \
#; -0.000000; 0.013393; -0.000000; -0.000000; 0.005015; -0.000000 \
#; 0.000000; 0.005716; 0.000000; -0.000000; -0.000554; -0.000000 \
#; 0.000000; 0.000061; -0.000000; 0.000000; 0.014124; -0.000000 \
#; -0.000000; -0.002334; 0.000000; 0.000000; 0.004741; -0.000000 \
# ]
#metaData: qpt=[0.000000;0.000000;0.500000;4.674586 \
#; 0.011986; 0.000000; -0.016221; 0.000000; 0.000000; -0.000000 \
#; 0.009269; 0.000000; -0.007497; 0.000548; -0.000000; -0.000443 \
#; 0.000447; 0.000000; 0.000971; -0.007566; -0.000000; -0.016423 \
#; 0.000000; 0.000000; 0.000000; 0.000000; 0.000000; 0.007996 \
#; -0.020837; 0.011479; 0.024037; -0.000616; 0.000339; 0.000710 \
#; -0.020837; -0.011479; 0.024037; -0.000616; -0.000339; 0.000710 \
#; -0.000219; 0.000121; -0.000253; 0.007424; -0.004090; 0.008564 \
#; -0.000219; -0.000121; -0.000253; 0.007424; 0.004090; 0.008564 \
#; -0.009892; 0.000790; -0.004542; -0.013305; 0.001062; -0.006109 \
#; -0.009892; -0.000790; -0.004542; -0.013305; -0.001062; -0.006109 \
#; -0.021122; 0.013231; -0.013063; 0.025159; -0.015760; 0.015560 \
#; -0.021122; -0.013231; -0.013063; 0.025159; 0.015760; 0.015560 \
#; -0.025391; 0.024814; 0.018300; 0.018877; -0.018448; -0.013605 \
#; -0.025391; -0.024814; 0.018300; 0.018877; 0.018448; -0.013605 \
#; -0.010744; 0.017705; 0.009843; -0.009019; 0.014864; 0.008263 \
#; -0.010744; -0.017705; 0.009843; -0.009019; -0.014864; 0.008263 \
#; 0.026825; 0.000000; 0.052576; 0.006091; 0.000000; 0.011939 \
#; 0.020437; 0.000000; 0.025659; -0.003387; -0.000000; -0.004252 \
#; -0.002963; -0.000000; 0.008730; -0.017879; -0.000000; 0.052681 \
#; -0.000208; -0.000000; 0.005519; 0.000918; -0.000000; -0.024304 \
# ]
#metaData: qpt=[0.000000;0.000000;0.500000;4.674586 \
#; -0.000000; -0.000000; -0.007806; -0.000000; 0.000000; -0.001733 \
#; -0.007289; 0.000000; 0.015822; -0.002076; -0.000000; 0.004507 \
#; 0.002544; -0.000000; 0.002058; -0.008930; 0.000000; -0.007223 \
#; 0.002597; -0.000000; 0.003515; -0.011701; -0.000000; -0.015836 \
#; 0.007200; -0.003966; -0.008306; 0.001823; -0.001004; -0.002103 \
#; 0.007200; 0.003966; -0.008306; 0.001823; 0.001004; -0.002103 \
#; -0.005117; 0.002819; -0.005902; 0.020208; -0.011132; 0.023312 \
#; -0.005117; -0.002819; -0.005902; 0.020208; 0.011132; 0.023312 \
#; 0.012926; -0.012633; 0.009316; 0.028878; -0.028222; 0.020813 \
#; 0.012926; 0.012633; 0.009316; 0.028878; 0.028222; 0.020813 \
#; -0.011133; 0.018347; -0.010200; 0.008534; -0.014063; 0.007818 \
#; -0.011133; -0.018347; -0.010200; 0.008534; 0.014063; 0.007818 \
#; -0.015132; 0.001208; 0.006949; 0.006773; -0.000541; -0.003110 \
#; -0.015132; -0.001208; 0.006949; 0.006773; 0.000541; -0.003110 \
#; 0.019984; -0.012518; -0.012360; 0.026072; -0.016332; -0.016125 \
#; 0.019984; 0.012518; -0.012360; 0.026072; 0.016332; -0.016125 \
#; 0.000851; 0.000000; 0.022530; 0.000402; 0.000000; 0.010655 \
#; -0.018096; 0.000000; -0.053321; -0.000982; -0.000000; -0.002894 \
#; 0.001123; -0.000000; -0.001410; -0.020685; 0.000000; 0.025970 \
#; 0.011760; -0.000000; -0.023049; -0.024867; -0.000000; 0.048740 \
# ]
#metaData: qpt=[0.000000;0.000000;0.500000;5.089827 \
#; -0.008292; -0.000000; 0.001165; -0.000000; -0.000000; 0.000000 \
#; 0.000852; 0.000000; -0.000747; 0.000050; -0.000000; -0.000044 \
#; 0.000487; -0.000000; 0.000065; -0.008233; -0.000000; -0.001092 \
#; -0.000000; 0.000000; -0.000000; 0.000000; 0.000000; 0.000632 \
#; 0.037850; -0.002079; 0.009470; 0.001118; -0.000061; 0.000280 \
#; 0.037850; 0.002079; 0.009470; 0.001118; 0.000061; 0.000280 \
#; -0.001240; 0.000068; 0.000310; 0.041967; -0.002305; -0.010500 \
#; -0.001240; -0.000068; 0.000310; 0.041967; 0.002305; -0.010500 \
#; -0.014121; 0.003025; -0.008749; -0.018994; 0.004069; -0.011768 \
#; -0.014121; -0.003025; -0.008749; -0.018994; -0.004069; -0.011768 \
#; -0.002257; -0.003370; 0.002041; 0.002688; 0.004014; -0.002432 \
#; -0.002257; 0.003370; 0.002041; 0.002688; -0.004014; -0.002432 \
#; 0.004797; 0.003808; 0.001344; -0.003566; -0.002831; -0.000999 \
#; 0.004797; -0.003808; 0.001344; -0.003566; 0.002831; -0.000999 \
#; -0.018502; 0.003489; 0.011039; -0.015533; 0.002929; 0.009267 \
#; -0.018502; -0.003489; 0.011039; -0.015533; -0.002929; 0.009267 \
#; -0.032920; 0.000000; -0.005176; -0.007475; 0.000000; -0.001175 \
#; -0.041903; 0.000000; 0.024088; 0.006944; -0.000000; -0.003992 \
#; -0.006266; -0.000000; 0.000459; -0.037816; -0.000000; 0.002772 \
#; 0.010229; 0.000000; 0.005314; -0.045046; -0.000000; -0.023402 \
# ]
#metaData: qpt=[0.000000;0.000000;0.500000;5.089827 \
#; -0.000000; -0.000000; -0.000628; 0.000000; -0.000000; 0.000072 \
#; -0.008235; 0.000000; 0.001092; 0.000448; 0.000000; -0.000059 \
#; -0.000046; 0.000000; -0.000041; -0.000852; -0.000000; -0.000748 \
#; 0.000939; 0.000000; 0.000132; 0.008238; -0.000000; 0.001157 \
#; 0.041837; -0.002298; 0.010467; -0.003519; 0.000193; -0.000881 \
#; 0.041837; 0.002298; 0.010467; -0.003519; -0.000193; -0.000881 \
#; -0.003174; 0.000174; 0.000794; -0.037733; 0.002073; 0.009440 \
#; -0.003174; -0.000174; 0.000794; -0.037733; -0.002073; 0.009440 \
#; -0.004086; -0.003244; 0.001145; -0.004362; -0.003463; 0.001223 \
#; -0.004086; 0.003244; 0.001145; -0.004362; 0.003463; 0.001223 \
#; -0.013338; 0.002515; -0.007958; 0.020142; -0.003798; 0.012017 \
#; -0.013338; -0.002515; -0.007958; 0.020142; 0.003798; 0.012017 \
#; -0.017273; 0.003700; 0.010701; 0.016181; -0.003466; -0.010025 \
#; -0.017273; -0.003700; 0.010701; 0.016181; 0.003466; -0.010025 \
#; 0.002926; 0.004370; 0.002647; 0.001938; 0.002894; 0.001753 \
#; 0.002926; -0.004370; 0.002647; 0.001938; -0.002894; 0.001753 \
#; -0.045914; 0.000000; 0.023853; -0.005063; -0.000000; 0.002630 \
#; -0.036863; 0.000000; -0.002702; 0.010508; -0.000000; 0.000770 \
#; 0.011643; -0.000000; 0.006693; 0.040847; 0.000000; 0.023481 \
#; -0.003700; -0.000000; 0.000582; 0.033554; 0.000000; -0.005275 \
# ]
#metaData: qpt=[0.000000;0.000000;0.500000;5.099093 \
#; -0.000000; -0.001120; 0.000000; -0.000000; -0.002104; -0.000000 \
#; 0.000000; 0.008594; -0.000000; -0.000000; 0.006302; 0.000000 \
#; 0.000000; 0.001948; 0.000000; 0.000000; -0.000694; 0.000000 \
#; -0.000000; 0.005714; -0.000000; -0.000000; -0.008918; -0.000000 \
#; -0.012352; 0.005112; -0.024924; -0.006255; 0.002589; -0.012622 \
#; 0.012352; 0.005112; 0.024924; 0.006255; 0.002589; 0.012622 \
#; -0.012644; 0.005233; 0.025513; 0.015195; -0.006289; -0.030662 \
#; 0.012644; 0.005233; -0.025513; -0.015195; -0.006289; 0.030662 \
#; 0.002292; -0.002026; 0.000644; -0.009200; 0.021359; -0.025649 \
#; -0.002292; -0.002026; -0.000644; 0.009200; 0.021359; 0.025649 \
#; 0.026222; -0.033347; 0.025095; -0.007638; 0.008557; -0.005294 \
#; -0.026222; -0.033347; -0.025095; 0.007638; 0.008557; 0.005294 \
#; 0.025687; -0.028663; -0.017602; -0.002208; 0.003644; 0.003571 \
#; -0.025687; -0.028663; 0.017602; 0.002208; 0.003644; -0.003571 \
#; 0.002645; -0.006238; -0.007543; -0.001286; -0.008425; -0.016314 \
#; -0.002645; -0.006238; 0.007543; 0.001286; -0.008425; 0.016314 \
#; 0.000000; -0.010203; -0.000000; -0.000000; -0.008880; 0.000000 \
#; 0.000000; -0.007101; 0.000000; -0.000000; -0.001250; -0.000000 \
#; -0.000000; -0.007699; -0.000000; -0.000000; 0.015144; -0.000000 \
#; -0.000000; -0.010052; 0.000000; -0.000000; 0.007524; 0.000000 \
# ]
#metaData: qpt=[0.000000;0.000000;0.500000;5.099093 \
#; -0.000000; -0.010378; 0.000000; -0.000000; -0.002114; 0.000000 \
#; 0.000000; -0.001950; -0.000000; -0.000000; 0.000689; 0.000000 \
#; -0.000000; 0.002701; 0.000000; 0.000000; -0.010309; 0.000000 \
#; -0.000000; 0.000729; -0.000000; -0.000000; 0.002269; -0.000000 \
#; 0.019585; -0.008106; 0.039520; 0.002678; -0.001108; 0.005404 \
#; -0.019585; -0.008106; -0.039520; -0.002678; -0.001108; -0.005404 \
#; -0.004892; 0.002025; 0.009871; 0.012952; -0.005360; -0.026136 \
#; 0.004892; 0.002025; -0.009871; -0.012952; -0.005360; 0.026136 \
#; -0.010560; 0.010753; -0.005438; -0.023520; 0.026818; -0.017117 \
#; 0.010560; 0.010753; 0.005438; 0.023520; 0.026818; 0.017117 \
#; 0.001465; -0.009895; 0.015408; 0.002550; 0.003463; -0.009255 \
#; -0.001465; -0.009895; -0.015408; -0.002550; 0.003463; 0.009255 \
#; -0.006924; 0.017678; 0.022099; 0.006476; -0.012156; -0.013034 \
#; 0.006924; 0.017678; -0.022099; -0.006476; -0.012156; 0.013034 \
#; -0.017397; 0.022773; 0.017782; -0.021054; 0.025819; 0.018482 \
#; 0.017397; 0.022773; -0.017782; 0.021054; 0.025819; -0.018482 \
#; 0.000000; 0.012034; -0.000000; 0.000000; 0.003580; -0.000000 \
#; 0.000000; 0.016982; 0.000000; -0.000000; -0.000475; 0.000000 \
#; -0.000000; -0.001911; -0.000000; -0.000000; 0.006952; -0.000000 \
#; 0.000000; -0.006499; -0.000000; -0.000000; 0.011862; 0.000000 \
# ]
#metaData: qpt=[0.000000;0.000000;0.500000;5.390005 \
#; 0.002305; 0.000000; 0.009831; -0.000000; -0.000000; 0.000000 \
#; -0.002155; -0.000000; -0.011213; -0.000127; -0.000000; -0.000663 \
#; 0.000048; -0.000000; 0.000116; -0.000807; 0.000000; -0.001956 \
#; -0.000000; 0.000000; -0.000000; 0.000000; 0.000000; -0.005775 \
#; 0.000536; -0.000069; 0.002457; 0.000016; -0.000002; 0.000073 \
#; 0.000536; 0.000069; 0.002457; 0.000016; 0.000002; 0.000073 \
#; 0.000087; -0.000011; -0.000401; -0.002957; 0.000380; 0.013563 \
#; 0.000087; 0.000011; -0.000401; -0.002957; -0.000380; 0.013563 \
#; 0.018159; 0.003086; 0.022187; 0.024424; 0.004150; 0.029843 \
#; 0.018159; -0.003086; 0.022187; 0.024424; -0.004150; 0.029843 \
#; -0.013567; 0.001022; -0.018377; 0.016160; -0.001217; 0.021890 \
#; -0.013567; -0.001022; -0.018377; 0.016160; 0.001217; 0.021890 \
#; 0.016934; 0.014717; -0.014286; -0.012590; -0.010942; 0.010621 \
#; 0.016934; -0.014717; -0.014286; -0.012590; 0.010942; 0.010621 \
#; -0.023310; -0.014543; 0.022757; -0.019570; -0.012209; 0.019105 \
#; -0.023310; 0.014543; 0.022757; -0.019570; 0.012209; 0.019105 \
#; -0.040043; -0.000000; 0.021556; -0.009093; 0.000000; 0.004895 \
#; 0.047143; -0.000000; -0.044137; -0.007812; -0.000000; 0.007314 \
#; -0.001719; -0.000000; -0.009225; -0.010371; -0.000000; -0.055672 \
#; 0.005891; 0.000000; 0.015177; -0.025945; -0.000000; -0.066837 \
# ]
#metaData: qpt=[0.000000;0.000000;0.500000;5.390005 \
#; -0.000000; 0.000000; -0.003939; 0.000000; 0.000000; 0.004223 \
#; 0.000585; -0.000000; -0.001419; -0.000558; -0.000000; 0.001352 \
#; -0.001489; -0.000000; 0.007747; -0.001563; 0.000000; 0.008133 \
#; 0.001686; -0.000000; -0.007189; 0.001572; 0.000000; -0.006706 \
#; 0.002081; -0.000268; 0.009544; -0.002103; 0.000271; -0.009644 \
#; 0.002081; 0.000268; 0.009544; -0.002103; -0.000271; -0.009644 \
#; 0.000381; -0.000049; -0.001747; 0.000377; -0.000048; -0.001729 \
#; 0.000381; 0.000049; -0.001747; 0.000377; 0.000048; -0.001729 \
#; 0.020971; 0.018226; 0.017691; 0.002345; 0.002038; 0.001978 \
#; 0.020971; -0.018226; 0.017691; 0.002345; -0.002038; 0.001978 \
#; -0.003697; -0.002306; -0.003609; -0.030211; -0.018848; -0.029494 \
#; -0.003697; 0.002306; -0.003609; -0.030211; 0.018848; -0.029494 \
#; -0.003382; -0.000575; 0.004132; 0.030246; 0.005140; -0.036957 \
#; -0.003382; 0.000575; 0.004132; 0.030246; -0.005140; -0.036957 \
#; -0.020944; 0.001577; 0.028370; 0.002563; -0.000193; -0.003472 \
#; -0.020944; -0.001577; 0.028370; 0.002563; 0.000193; -0.003472 \
#; 0.022005; -0.000000; -0.056688; -0.014953; -0.000000; 0.038521 \
#; 0.005818; -0.000000; -0.031229; -0.008756; -0.000000; 0.047003 \
#; 0.039801; 0.000000; 0.037264; 0.026444; -0.000000; 0.024758 \
#; -0.023079; 0.000000; -0.012424; -0.033963; -0.000000; -0.018283 \
# ]
#metaData: qpt=[0.000000;0.000000;0.500000;5.651964 \
#; -0.006511; -0.000000; 0.010139; 0.000000; -0.000000; 0.000000 \
#; 0.005558; 0.000000; -0.009277; 0.000329; -0.000000; -0.000549 \
#; 0.000199; 0.000000; 0.000250; -0.003370; 0.000000; -0.004222 \
#; 0.000000; 0.000000; 0.000000; 0.000000; -0.000000; 0.001202 \
#; -0.000089; 0.005140; -0.003183; -0.000003; 0.000152; -0.000094 \
#; -0.000089; -0.005140; -0.003183; -0.000003; -0.000152; -0.000094 \
#; 0.000009; -0.000543; -0.000336; -0.000318; 0.018392; 0.011389 \
#; 0.000009; 0.000543; -0.000336; -0.000318; -0.018392; 0.011389 \
#; -0.006117; -0.000954; 0.001090; -0.008228; -0.001283; 0.001466 \
#; -0.006117; 0.000954; 0.001090; -0.008228; 0.001283; 0.001466 \
#; 0.003623; 0.019040; -0.002522; -0.004316; -0.022680; 0.003004 \
#; 0.003623; -0.019040; -0.002522; -0.004316; 0.022680; 0.003004 \
#; 0.004848; -0.043720; -0.003653; -0.003604; 0.032505; 0.002716 \
#; 0.004848; 0.043720; -0.003653; -0.003604; -0.032505; 0.002716 \
#; -0.008028; 0.035044; 0.002256; -0.006739; 0.029420; 0.001894 \
#; -0.008028; -0.035044; 0.002256; -0.006739; -0.029420; 0.001894 \
#; 0.058939; -0.000000; 0.052377; 0.013383; 0.000000; 0.011893 \
#; -0.061951; -0.000000; -0.037050; 0.010266; 0.000000; 0.006140 \
#; 0.002126; -0.000000; -0.006810; 0.012829; -0.000000; -0.041095 \
#; 0.004747; 0.000000; 0.003576; -0.020905; -0.000000; -0.015747 \
# ]
#metaData: qpt=[0.000000;0.000000;0.500000;5.651964 \
#; -0.000000; -0.000000; 0.001201; 0.000000; -0.000000; 0.000042 \
#; 0.003361; 0.000000; -0.004210; 0.000318; -0.000000; -0.000399 \
#; -0.000525; -0.000000; -0.000876; 0.005543; -0.000000; 0.009252 \
#; 0.000230; -0.000000; 0.000358; -0.006507; -0.000000; -0.010133 \
#; 0.000317; -0.018361; 0.011370; 0.000021; -0.001193; 0.000739 \
#; 0.000317; 0.018361; 0.011370; 0.000021; 0.001193; 0.000739 \
#; 0.000006; -0.000333; -0.000206; -0.000089; 0.005132; 0.003178 \
#; 0.000006; 0.000333; -0.000206; -0.000089; -0.005132; 0.003178 \
#; 0.003431; -0.030939; 0.002585; 0.004973; -0.044842; 0.003747 \
#; 0.003431; 0.030939; 0.002585; 0.004973; 0.044842; 0.003747 \
#; 0.007019; -0.030641; 0.001972; -0.007784; 0.033983; -0.002187 \
#; 0.007019; 0.030641; 0.001972; -0.007784; -0.033983; -0.002187 \
#; 0.008439; 0.001316; 0.001504; -0.005822; -0.000908; -0.001038 \
#; 0.008439; -0.001316; 0.001504; -0.005822; 0.000908; -0.001038 \
#; 0.004185; 0.021992; 0.002913; 0.003773; 0.019830; 0.002627 \
#; 0.004185; -0.021992; 0.002913; 0.003773; -0.019830; 0.002627 \
#; 0.020724; 0.000000; -0.015611; 0.005483; -0.000000; -0.004130 \
#; -0.012896; -0.000000; -0.041310; 0.001671; -0.000000; 0.005353 \
#; -0.008070; -0.000000; 0.004826; -0.062275; 0.000000; 0.037244 \
#; -0.015458; -0.000000; 0.013737; 0.058429; 0.000000; -0.051924 \
# ]
#metaData: qpt=[0.000000;0.000000;0.500000;5.877923 \
#; -0.000000; 0.005359; 0.000000; 0.000000; 0.004392; 0.000000 \
#; -0.000000; 0.001754; -0.000000; 0.000000; 0.005944; -0.000000 \
#; -0.000000; -0.000433; -0.000000; -0.000000; -0.006533; -0.000000 \
#; -0.000000; -0.003921; -0.000000; -0.000000; -0.004232; -0.000000 \
#; -0.005709; -0.002066; 0.012483; -0.008328; -0.003013; 0.018210 \
#; 0.005709; -0.002066; -0.012483; 0.008328; -0.003013; -0.018210 \
#; 0.003526; 0.001276; 0.007710; 0.008668; 0.003136; 0.018952 \
#; -0.003526; 0.001276; -0.007710; -0.008668; 0.003136; -0.018952 \
#; -0.010123; 0.003505; -0.016830; -0.039001; 0.019043; -0.036257 \
#; 0.010123; 0.003505; 0.016830; 0.039001; 0.019043; 0.036257 \
#; -0.023494; 0.012587; -0.016084; -0.022879; 0.009870; -0.027980 \
#; 0.023494; 0.012587; 0.016084; 0.022879; 0.009870; 0.027980 \
#; 0.008861; -0.002546; -0.017422; 0.030833; -0.015190; -0.027965 \
#; -0.008861; -0.002546; 0.017422; -0.030833; -0.015190; 0.027965 \
#; 0.024769; -0.012843; -0.019164; 0.031045; -0.013833; -0.035701 \
#; -0.024769; -0.012843; 0.019164; -0.031045; -0.013833; 0.035701 \
#; -0.000000; 0.005272; 0.000000; -0.000000; -0.005956; 0.000000 \
#; 0.000000; -0.009696; -0.000000; -0.000000; 0.000571; 0.000000 \
#; 0.000000; 0.008084; -0.000000; 0.000000; -0.001838; -0.000000 \
#; 0.000000; -0.006423; 0.000000; -0.000000; 0.007651; -0.000000 \
# ]
#metaData: qpt=[0.000000;0.000000;0.500000;5.877923 \
#; -0.000000; -0.003018; 0.000000; -0.000000; -0.004916; 0.000000 \
#; 0.000000; -0.005875; -0.000000; 0.000000; -0.002890; -0.000000 \
#; -0.000000; -0.004827; -0.000000; 0.000000; -0.003888; -0.000000 \
#; -0.000000; -0.002785; -0.000000; -0.000000; -0.006344; 0.000000 \
#; 0.007045; 0.002549; -0.015404; 0.006159; 0.002228; -0.013466 \
#; -0.007045; 0.002549; 0.015404; -0.006159; 0.002228; 0.013466 \
#; 0.006013; 0.002175; 0.013147; 0.008112; 0.002935; 0.017737 \
#; -0.006013; 0.002175; -0.013147; -0.008112; 0.002935; -0.017737 \
#; -0.023994; 0.010285; -0.029689; 0.021294; -0.011465; 0.014288 \
#; 0.023994; 0.010285; 0.029689; -0.021294; -0.011465; -0.014288 \
#; 0.027713; -0.014146; 0.022595; -0.028448; 0.012497; -0.033635 \
#; -0.027713; -0.014146; -0.022595; 0.028448; 0.012497; 0.033635 \
#; -0.029435; 0.013158; 0.033630; 0.027516; -0.014206; -0.021607 \
#; 0.029435; 0.013158; -0.033630; -0.027516; -0.014206; 0.021607 \
#; 0.025638; -0.013500; -0.018768; -0.020447; 0.008579; 0.026255 \
#; -0.025638; -0.013500; 0.018768; 0.020447; 0.008579; -0.026255 \
#; -0.000000; 0.009988; 0.000000; 0.000000; 0.000211; -0.000000 \
#; 0.000000; -0.001386; 0.000000; -0.000000; 0.008174; -0.000000 \
#; 0.000000; -0.000033; 0.000000; -0.000000; 0.009712; -0.000000 \
#; -0.000000; 0.007954; -0.000000; -0.000000; -0.000040; 0.000000 \
# ]
#metaData: qpt=[0.000000;0.000000;0.500000;6.125647 \
#; -0.000000; 0.000000; 0.001491; -0.000000; -0.000000; -0.000656 \
#; 0.001843; -0.000000; 0.001639; -0.000684; -0.000000; -0.000608 \
#; 0.000605; 0.000000; 0.000218; 0.001630; 0.000000; 0.000589 \
#; -0.001056; -0.000000; 0.000360; -0.002403; -0.000000; 0.000818 \
#; 0.008411; 0.028917; -0.002547; -0.003406; -0.011708; 0.001031 \
#; 0.008411; -0.028917; -0.002547; -0.003406; 0.011708; 0.001031 \
#; -0.001534; -0.005275; -0.000465; -0.003789; -0.013028; -0.001148 \
#; -0.001534; 0.005275; -0.000465; -0.003789; 0.013028; -0.001148 \
#; 0.021402; -0.019881; 0.017698; 0.012175; -0.011310; 0.010068 \
#; 0.021402; 0.019881; 0.017698; 0.012175; 0.011310; 0.010068 \
#; 0.003631; 0.003166; 0.000229; -0.012433; -0.010841; -0.000785 \
#; 0.003631; -0.003166; 0.000229; -0.012433; 0.010841; -0.000785 \
#; -0.002219; 0.017460; 0.008366; 0.003900; -0.030691; -0.014705 \
#; -0.002219; -0.017460; 0.008366; 0.003900; 0.030691; -0.014705 \
#; -0.020558; 0.038902; 0.025399; -0.006003; 0.011360; 0.007417 \
#; -0.020558; -0.038902; 0.025399; -0.006003; -0.011360; 0.007417 \
#; 0.014561; 0.000000; -0.032946; -0.002815; -0.000000; 0.006369 \
#; -0.013452; -0.000000; 0.016736; 0.008784; 0.000000; -0.010928 \
#; -0.018595; -0.000000; -0.034160; -0.028477; 0.000000; -0.052314 \
#; 0.006561; -0.000000; 0.010699; 0.033938; 0.000000; 0.055341 \
# ]
#metaData: qpt=[0.000000;0.000000;0.500000;6.125647 \
#; 0.002625; 0.000000; 0.000894; 0.000000; 0.000000; 0.000000 \
#; -0.001736; -0.000000; 0.000627; -0.000103; 0.000000; 0.000037 \
#; -0.000116; 0.000000; 0.000103; 0.001963; -0.000000; -0.001745 \
#; 0.000000; 0.000000; -0.000000; 0.000000; -0.000000; -0.001629 \
#; 0.004087; 0.014049; -0.001238; 0.000121; 0.000415; -0.000037 \
#; 0.004087; -0.014049; -0.001238; 0.000121; -0.000415; -0.000037 \
#; -0.000268; -0.000921; -0.000081; 0.009070; 0.031183; 0.002747 \
#; -0.000268; 0.000921; -0.000081; 0.009070; -0.031183; 0.002747 \
#; -0.002677; 0.021067; -0.010094; -0.003601; 0.028336; -0.013577 \
#; -0.002677; -0.021067; -0.010094; -0.003601; -0.028336; -0.013577 \
#; 0.013770; -0.026058; 0.017013; -0.016402; 0.031039; -0.020266 \
#; 0.013770; 0.026058; 0.017013; -0.016402; -0.031039; -0.020266 \
#; -0.019760; 0.018356; 0.016340; 0.014691; -0.013647; -0.012149 \
#; -0.019760; -0.018356; 0.016340; 0.014691; 0.013647; -0.012149 \
#; 0.009920; 0.008650; -0.000626; 0.008328; 0.007262; -0.000526 \
#; 0.009920; -0.008650; -0.000626; 0.008328; -0.007262; -0.000526 \
#; -0.033708; 0.000000; 0.054967; -0.007654; 0.000000; 0.012481 \
#; 0.033553; -0.000000; -0.061638; -0.005560; -0.000000; 0.010214 \
#; -0.002626; -0.000000; -0.003268; -0.015850; -0.000000; -0.019719 \
#; -0.003284; -0.000000; -0.007431; 0.014463; 0.000000; 0.032723 \
# ]
#metaData: qpt=[0.000000;0.000000;0.500000;6.934427 \
#; 0.000000; 0.000000; -0.001225; 0.000000; 0.000000; 0.008300 \
#; -0.000045; 0.000000; -0.001860; 0.000218; 0.000000; 0.008919 \
#; 0.001375; -0.000000; -0.003814; 0.000287; -0.000000; -0.000795 \
#; -0.001407; 0.000000; 0.005216; -0.000208; -0.000000; 0.000770 \
#; 0.000697; 0.003409; -0.005299; -0.003921; -0.019167; 0.029797 \
#; 0.000697; -0.003409; -0.005299; -0.003921; 0.019167; 0.029797 \
#; 0.000308; 0.001508; 0.002344; 0.000055; 0.000268; 0.000417 \
#; 0.000308; -0.001508; 0.002344; 0.000055; -0.000268; 0.000417 \
#; 0.027773; -0.025481; 0.012828; -0.014915; 0.013684; -0.006889 \
#; 0.027773; 0.025481; 0.012828; -0.014915; -0.013684; -0.006889 \
#; -0.023330; 0.016679; -0.010455; -0.026283; 0.018790; -0.011779 \
#; -0.023330; -0.016679; -0.010455; -0.026283; -0.018790; -0.011779 \
#; 0.012125; 0.010415; -0.004140; 0.022579; 0.019393; -0.007708 \
#; 0.012125; -0.010415; -0.004140; 0.022579; -0.019393; -0.007708 \
#; -0.015245; -0.019643; 0.004760; 0.013532; 0.017436; -0.004225 \
#; -0.015245; 0.019643; 0.004760; 0.013532; -0.017436; -0.004225 \
#; -0.001443; 0.000000; 0.019206; 0.003724; -0.000000; -0.049553 \
#; 0.000089; 0.000000; -0.001055; 0.005009; -0.000000; -0.059486 \
#; 0.006101; 0.000000; 0.035928; -0.000108; 0.000000; -0.000637 \
#; -0.006349; 0.000000; -0.041767; -0.002461; 0.000000; -0.016189 \
# ]
#metaData: qpt=[0.000000;0.000000;0.500000;6.934427 \
#; -0.001422; -0.000000; -0.005272; 0.000000; -0.000000; 0.000000 \
#; 0.001402; 0.000000; 0.003889; 0.000083; -0.000000; 0.000230 \
#; -0.000013; -0.000000; 0.000538; 0.000222; 0.000000; -0.009095 \
#; -0.000000; 0.000000; 0.000000; -0.000000; 0.000000; -0.008390 \
#; 0.000313; 0.001531; -0.002380; 0.000009; 0.000045; -0.000070 \
#; 0.000313; -0.001531; -0.002380; 0.000009; -0.000045; -0.000070 \
#; 0.000118; 0.000575; 0.000894; -0.003981; -0.019459; -0.030251 \
#; 0.000118; -0.000575; 0.000894; -0.003981; 0.019459; -0.030251 \
#; 0.015291; 0.013134; 0.005220; 0.020567; 0.017666; 0.007021 \
#; 0.015291; -0.013134; 0.005220; 0.020567; -0.017666; 0.007021 \
#; -0.013106; -0.016888; -0.004093; 0.015612; 0.020116; 0.004875 \
#; -0.013106; 0.016888; -0.004093; 0.015612; -0.020116; 0.004875 \
#; 0.025298; -0.023211; -0.011685; -0.018809; 0.017257; 0.008687 \
#; 0.025298; 0.023211; -0.011685; -0.018809; -0.017257; 0.008687 \
#; -0.026916; 0.019243; 0.012062; -0.022597; 0.016155; 0.010127 \
#; -0.026916; -0.019243; 0.012062; -0.022597; -0.016155; 0.010127 \
#; -0.006641; -0.000000; 0.043683; -0.001508; 0.000000; 0.009919 \
#; 0.006019; 0.000000; -0.035450; -0.000997; 0.000000; 0.005874 \
#; 0.000819; -0.000000; 0.009726; 0.004942; 0.000000; 0.058695 \
#; -0.000884; 0.000000; -0.011768; 0.003895; -0.000000; 0.051826 \
# ]
#metaData: qpt=[0.000000;0.000000;0.500000;7.242586 \
#; 0.000000; 0.000000; 0.001740; -0.000000; 0.000000; -0.004182 \
#; -0.000297; 0.000000; -0.001700; 0.000610; 0.000000; 0.003490 \
#; -0.004008; -0.000000; -0.004135; -0.001952; -0.000000; -0.002014 \
#; -0.004164; 0.000000; -0.003658; -0.001732; 0.000000; -0.001522 \
#; 0.000043; 0.001712; 0.000541; -0.000095; -0.003797; -0.001200 \
#; 0.000043; -0.001712; 0.000541; -0.000095; 0.003797; -0.001200 \
#; 0.001253; 0.050163; -0.015855; 0.000565; 0.022624; -0.007151 \
#; 0.001253; -0.050163; -0.015855; 0.000565; -0.022624; -0.007151 \
#; 0.014686; -0.028674; 0.011738; -0.003674; 0.007174; -0.002937 \
#; 0.014686; 0.028674; 0.011738; -0.003674; -0.007174; -0.002937 \
#; 0.008218; -0.012388; 0.006209; 0.015853; -0.023896; 0.011977 \
#; 0.008218; 0.012388; 0.006209; 0.015853; 0.023896; 0.011977 \
#; -0.004660; -0.003717; 0.002466; -0.018624; -0.014856; 0.009855 \
#; -0.004660; 0.003717; 0.002466; -0.018624; 0.014856; 0.009855 \
#; -0.014827; -0.017390; 0.007300; 0.007687; 0.009015; -0.003784 \
#; -0.014827; 0.017390; 0.007300; 0.007687; -0.009015; -0.003784 \
#; 0.001788; -0.000000; -0.013117; -0.002518; -0.000000; 0.018473 \
#; -0.000603; 0.000000; 0.003832; 0.002577; -0.000000; -0.016373 \
#; 0.003054; 0.000000; 0.039020; 0.000715; -0.000000; 0.009134 \
#; 0.002204; 0.000000; 0.030240; 0.001565; 0.000000; 0.021472 \
# ]
#metaData: qpt=[0.000000;0.000000;0.500000;7.242586 \
#; 0.004510; -0.000000; -0.003962; 0.000000; -0.000000; 0.000000 \
#; 0.004450; -0.000000; -0.004591; 0.000263; 0.000000; -0.000271 \
#; 0.000040; -0.000000; -0.000229; -0.000678; -0.000000; 0.003875 \
#; 0.000000; -0.000000; 0.000000; 0.000000; -0.000000; -0.004530 \
#; -0.001374; -0.055005; -0.017386; -0.000041; -0.001625; -0.000514 \
#; -0.001374; 0.055005; -0.017386; -0.000041; 0.001625; -0.000514 \
#; -0.000003; -0.000123; 0.000039; 0.000104; 0.004163; -0.001316 \
#; -0.000003; 0.000123; 0.000039; 0.000104; -0.004163; -0.001316 \
#; 0.011455; 0.009137; 0.006061; 0.015407; 0.012289; 0.008153 \
#; 0.011455; -0.009137; 0.006061; 0.015407; -0.012289; 0.008153 \
#; 0.010738; 0.012595; 0.005287; -0.012791; -0.015002; -0.006297 \
#; 0.010738; -0.012595; 0.005287; -0.012791; 0.015002; -0.006297 \
#; -0.012149; 0.023720; 0.009710; 0.009032; -0.017635; -0.007219 \
#; -0.012149; -0.023720; 0.009710; 0.009032; 0.017635; -0.007219 \
#; -0.013676; 0.020614; 0.010333; -0.011481; 0.017306; 0.008674 \
#; -0.013676; -0.020614; 0.010333; -0.011481; -0.017306; 0.008674 \
#; -0.002636; 0.000000; 0.036167; -0.000599; -0.000000; 0.008212 \
#; -0.003095; -0.000000; 0.039536; 0.000513; 0.000000; -0.006551 \
#; -0.000433; 0.000000; -0.002749; -0.002611; 0.000000; -0.016589 \
#; -0.000684; -0.000000; -0.005017; 0.003012; -0.000000; 0.022093 \
# ]
#metaData: qpt=[0.000000;0.000000;0.500000;8.307550 \
#; 0.000000; 0.000439; 0.000000; -0.000000; -0.000004; 0.000000 \
#; -0.000000; -0.000536; 0.000000; -0.000000; 0.000004; -0.000000 \
#; 0.000000; 0.000090; 0.000000; -0.000000; 0.000263; -0.000000 \
#; 0.000000; -0.000111; -0.000000; -0.000000; -0.000399; -0.000000 \
#; -0.003833; -0.000445; 0.002339; 0.001137; 0.000132; -0.000694 \
#; 0.003833; -0.000445; -0.002339; -0.001137; 0.000132; 0.000694 \
#; -0.000062; -0.000007; -0.000038; -0.005646; -0.000655; -0.003445 \
#; 0.000062; -0.000007; 0.000038; 0.005646; -0.000655; 0.003445 \
#; 0.033372; 0.000813; -0.046996; 0.030333; 0.000088; -0.043283 \
#; -0.033372; 0.000813; 0.046996; -0.030333; 0.000088; 0.043283 \
#; -0.003134; 0.001667; 0.005931; -0.007204; -0.003102; 0.007598 \
#; 0.003134; 0.001667; -0.005931; 0.007204; -0.003102; -0.007598 \
#; -0.019296; -0.002905; -0.025056; 0.010513; 0.002709; 0.012671 \
#; 0.019296; -0.002905; 0.025056; -0.010513; 0.002709; -0.012671 \
#; 0.041499; 0.001404; 0.058099; 0.027069; 0.001440; 0.037442 \
#; -0.041499; 0.001404; -0.058099; -0.027069; 0.001440; -0.037442 \
#; 0.000000; -0.019560; 0.000000; 0.000000; -0.003637; -0.000000 \
#; 0.000000; 0.019620; -0.000000; 0.000000; -0.004095; 0.000000 \
#; 0.000000; -0.006534; 0.000000; -0.000000; -0.012421; -0.000000 \
#; 0.000000; 0.001316; 0.000000; 0.000000; 0.014183; -0.000000 \
# ]
#metaData: qpt=[0.000000;0.000000;0.500000;8.307550 \
#; 0.000000; 0.000310; 0.000000; 0.000000; 0.000275; 0.000000 \
#; -0.000000; -0.000172; 0.000000; 0.000000; -0.000218; 0.000000 \
#; -0.000000; 0.000294; 0.000000; 0.000000; -0.000448; -0.000000 \
#; -0.000000; -0.000197; -0.000000; 0.000000; 0.000393; -0.000000 \
#; 0.004884; 0.000567; -0.002980; 0.002834; 0.000329; -0.001729 \
#; -0.004884; 0.000567; 0.002980; -0.002834; 0.000329; 0.001729 \
#; 0.002877; 0.000334; 0.001755; -0.002777; -0.000322; -0.001694 \
#; -0.002877; 0.000334; -0.001755; 0.002777; -0.000322; 0.001694 \
#; -0.006997; -0.000287; 0.009752; -0.020831; -0.003962; 0.026329 \
#; 0.006997; -0.000287; -0.009752; 0.020831; -0.003962; -0.026329 \
#; -0.047387; -0.001749; 0.066217; 0.014468; 0.000993; -0.019818 \
#; 0.047387; -0.001749; -0.066217; -0.014468; 0.000993; 0.019818 \
#; -0.045095; -0.000656; -0.063890; -0.000457; -0.000489; -0.000229 \
#; 0.045095; -0.000656; 0.063890; 0.000457; -0.000489; 0.000229 \
#; -0.005013; 0.000740; -0.007809; 0.006049; 0.003443; 0.005650 \
#; 0.005013; 0.000740; 0.007809; -0.006049; 0.003443; -0.005650 \
#; -0.000000; -0.007758; 0.000000; -0.000000; -0.011945; -0.000000 \
#; -0.000000; 0.011491; 0.000000; 0.000000; 0.008057; -0.000000 \
#; -0.000000; -0.006552; 0.000000; 0.000000; 0.018942; -0.000000 \
#; 0.000000; 0.013095; 0.000000; 0.000000; -0.014978; 0.000000 \
# ]
#metaData: qpt=[0.000000;0.000000;0.500000;8.497409 \
#; -0.000000; -0.000662; -0.000000; -0.000000; -0.000518; -0.000000 \
#; 0.000000; 0.000847; -0.000000; 0.000000; 0.000226; -0.000000 \
#; -0.000000; -0.000528; -0.000000; 0.000000; 0.000148; 0.000000 \
#; 0.000000; 0.000174; 0.000000; 0.000000; 0.000575; -0.000000 \
#; 0.000142; -0.002674; 0.000334; -0.000233; 0.004365; -0.000546 \
#; -0.000142; -0.002674; -0.000334; 0.000233; 0.004365; 0.000546 \
#; -0.000252; 0.004738; 0.000592; 0.000513; -0.009625; -0.001203 \
#; 0.000252; 0.004738; -0.000592; -0.000513; -0.009625; 0.001203 \
#; 0.001116; -0.010505; 0.002143; -0.018975; -0.013756; 0.022110 \
#; -0.001116; -0.010505; -0.002143; 0.018975; -0.013756; -0.022110 \
#; 0.015204; 0.016075; -0.019254; -0.012860; 0.000523; 0.011989 \
#; -0.015204; 0.016075; 0.019254; 0.012860; 0.000523; -0.011989 \
#; -0.009372; 0.016045; -0.003969; 0.011141; 0.003832; 0.011690 \
#; 0.009372; 0.016045; 0.003969; -0.011141; 0.003832; -0.011690 \
#; -0.003824; -0.013389; -0.007687; 0.012731; -0.011567; 0.008506 \
#; 0.003824; -0.013389; 0.007687; -0.012731; -0.011567; -0.008506 \
#; -0.000000; -0.006429; -0.000000; -0.000000; -0.056859; 0.000000 \
#; -0.000000; 0.056362; 0.000000; -0.000000; -0.027591; 0.000000 \
#; -0.000000; -0.042081; -0.000000; 0.000000; 0.076755; -0.000000 \
#; -0.000000; -0.037474; 0.000000; -0.000000; 0.083195; 0.000000 \
# ]
#metaData: qpt=[0.000000;0.000000;0.500000;8.497409 \
#; 0.000000; 0.000559; 0.000000; -0.000000; -0.000221; -0.000000 \
#; 0.000000; -0.000151; 0.000000; 0.000000; -0.000527; 0.000000 \
#; 0.000000; -0.000636; -0.000000; -0.000000; -0.000603; -0.000000 \
#; 0.000000; 0.000817; -0.000000; -0.000000; 0.000197; -0.000000 \
#; 0.000275; -0.005169; 0.000646; -0.000501; 0.009401; -0.001175 \
#; -0.000275; -0.005169; -0.000646; 0.000501; 0.009401; 0.001175 \
#; 0.000109; -0.002043; -0.000255; -0.000250; 0.004694; 0.000587 \
#; -0.000109; -0.002043; 0.000255; 0.000250; 0.004694; -0.000587 \
#; 0.012819; -0.013503; -0.007999; 0.006902; 0.009477; -0.009404 \
#; -0.012819; -0.013503; 0.007999; -0.006902; 0.009477; 0.009404 \
#; -0.012053; -0.000257; 0.011464; -0.005605; 0.017691; -0.000090 \
#; 0.012053; -0.000257; -0.011464; 0.005605; 0.017691; 0.000090 \
#; 0.008031; -0.004695; 0.006158; 0.017227; 0.016660; 0.021343 \
#; -0.008031; -0.004695; -0.006158; -0.017227; 0.016660; -0.021343 \
#; -0.019714; -0.010294; -0.021755; 0.002812; 0.012358; 0.006417 \
#; 0.019714; -0.010294; 0.021755; -0.002812; 0.012358; -0.006417 \
#; -0.000000; 0.072841; 0.000000; -0.000000; -0.054955; -0.000000 \
#; -0.000000; 0.006223; -0.000000; -0.000000; -0.087312; -0.000000 \
#; -0.000000; -0.032420; -0.000000; 0.000000; -0.053730; -0.000000 \
#; -0.000000; 0.056872; -0.000000; 0.000000; -0.006313; 0.000000 \
# ]
#metaData: qpt=[0.000000;0.000000;0.500000;8.577128 \
#; -0.000000; -0.000140; -0.000000; 0.000000; 0.000478; -0.000000 \
#; 0.000000; 0.000239; 0.000000; -0.000000; -0.000458; -0.000000 \
#; -0.000000; 0.000116; 0.000000; 0.000000; -0.000558; -0.000000 \
#; -0.000000; -0.000024; 0.000000; -0.000000; 0.000586; -0.000000 \
#; -0.001034; -0.004200; -0.003688; -0.000127; -0.000514; -0.000452 \
#; 0.001034; -0.004200; 0.003688; 0.000127; -0.000514; 0.000452 \
#; -0.000847; -0.003440; 0.003021; -0.000342; -0.001389; 0.001220 \
#; 0.000847; -0.003440; -0.003021; 0.000342; -0.001389; -0.001220 \
#; 0.016901; -0.013215; -0.017755; -0.022689; -0.004667; 0.010244 \
#; -0.016901; -0.013215; 0.017755; 0.022689; -0.004667; -0.010244 \
#; 0.000929; -0.010574; -0.006950; 0.035989; -0.002000; -0.021952 \
#; -0.000929; -0.010574; 0.006950; -0.035989; -0.002000; 0.021952 \
#; 0.022117; -0.011028; 0.019435; -0.030938; -0.001696; -0.016799 \
#; -0.022117; -0.011028; -0.019435; 0.030938; -0.001696; 0.016799 \
#; 0.008373; -0.013820; 0.013208; 0.029676; -0.003753; 0.019377 \
#; -0.008373; -0.013820; -0.013208; -0.029676; -0.003753; -0.019377 \
#; 0.000000; 0.068128; -0.000000; 0.000000; -0.021201; -0.000000 \
#; 0.000000; 0.038917; -0.000000; -0.000000; 0.038605; 0.000000 \
#; -0.000000; 0.044064; -0.000000; -0.000000; 0.056446; -0.000000 \
#; 0.000000; 0.049744; 0.000000; -0.000000; -0.023815; -0.000000 \
# ]
#metaData: qpt=[0.000000;0.000000;0.500000;8.577128 \
#; 0.000000; -0.000367; -0.000000; -0.000000; -0.000457; 0.000000 \
#; 0.000000; 0.000378; 0.000000; 0.000000; 0.000427; -0.000000 \
#; 0.000000; -0.000435; -0.000000; 0.000000; -0.000280; -0.000000 \
#; -0.000000; 0.000397; -0.000000; 0.000000; 0.000302; -0.000000 \
#; -0.000523; -0.002123; -0.001865; 0.000749; 0.003042; 0.002671 \
#; 0.000523; -0.002123; 0.001865; -0.000749; 0.003042; -0.002671 \
#; 0.000797; 0.003237; -0.002843; -0.000671; -0.002724; 0.002393 \
#; -0.000797; 0.003237; 0.002843; 0.000671; -0.002724; -0.002393 \
#; -0.021648; -0.005322; 0.009246; 0.031269; -0.009807; -0.023967 \
#; 0.021648; -0.005322; -0.009246; -0.031269; -0.009807; 0.023967 \
#; -0.026513; 0.012603; 0.022923; 0.015742; 0.006801; -0.004946 \
#; 0.026513; 0.012603; -0.022923; -0.015742; 0.006801; 0.004946 \
#; 0.015646; 0.008856; 0.003644; -0.023572; 0.010861; -0.020172 \
#; -0.015646; 0.008856; -0.003644; 0.023572; 0.010861; 0.020172 \
#; 0.025467; -0.009043; 0.020161; -0.025446; -0.005835; -0.011124 \
#; -0.025467; -0.009043; -0.020161; 0.025446; -0.005835; 0.011124 \
#; -0.000000; 0.053350; 0.000000; 0.000000; 0.013981; -0.000000 \
#; 0.000000; -0.021325; -0.000000; 0.000000; -0.068359; 0.000000 \
#; 0.000000; 0.009586; 0.000000; 0.000000; 0.053972; -0.000000 \
#; 0.000000; -0.070907; 0.000000; 0.000000; -0.007939; 0.000000 \
# ]
#metaData: qpt=[0.000000;0.000000;0.500000;8.629774 \
#; -0.000000; -0.000000; -0.000027; -0.000000; -0.000000; -0.000503 \
#; 0.000002; -0.000000; -0.000002; -0.000389; 0.000000; 0.000289 \
#; -0.000314; -0.000000; 0.000414; -0.000002; 0.000000; 0.000003 \
#; -0.000499; -0.000000; 0.000035; 0.000026; 0.000000; -0.000002 \
#; -0.000088; 0.000005; 0.000031; -0.003780; 0.000206; 0.001309 \
#; -0.000088; -0.000005; 0.000031; -0.003780; -0.000206; 0.001309 \
#; -0.007909; 0.000432; -0.002739; 0.000185; -0.000010; 0.000064 \
#; -0.007909; -0.000432; -0.002739; 0.000185; 0.000010; 0.000064 \
#; 0.015007; -0.004155; -0.013968; -0.012441; 0.003445; 0.011580 \
#; 0.015007; 0.004155; -0.013968; -0.012441; -0.003445; 0.011580 \
#; 0.038220; -0.002370; -0.050514; 0.028785; -0.001785; -0.038044 \
#; 0.038220; 0.002370; -0.050514; 0.028785; 0.001785; -0.038044 \
#; 0.029201; 0.000347; 0.042518; 0.035224; 0.000418; 0.051288 \
#; 0.029201; -0.000347; 0.042518; 0.035224; -0.000418; 0.051288 \
#; 0.008162; 0.002732; 0.016678; -0.010837; -0.003628; -0.022144 \
#; 0.008162; -0.002732; 0.016678; -0.010837; 0.003628; -0.022144 \
#; 0.003143; 0.000000; -0.001028; -0.018265; 0.000000; 0.005972 \
#; -0.000888; -0.000000; -0.000134; -0.004028; -0.000000; -0.000605 \
#; -0.026509; 0.000000; -0.007116; 0.005847; 0.000000; 0.001570 \
#; -0.019965; -0.000000; -0.004035; -0.003436; -0.000000; -0.000694 \
# ]
#metaData: qpt=[0.000000;0.000000;0.500000;8.629774 \
#; 0.000499; 0.000000; 0.000035; 0.000000; 0.000000; -0.000000 \
#; 0.000313; 0.000000; 0.000413; 0.000019; 0.000000; 0.000024 \
#; -0.000023; -0.000000; -0.000017; 0.000388; 0.000000; 0.000289 \
#; -0.000000; -0.000000; 0.000000; -0.000000; -0.000000; -0.000503 \
#; 0.007907; -0.000432; -0.002738; 0.000234; -0.000013; -0.000081 \
#; 0.007907; 0.000432; -0.002738; 0.000234; 0.000013; -0.000081 \
#; -0.000112; 0.000006; -0.000039; 0.003780; -0.000206; 0.001309 \
#; -0.000112; -0.000006; -0.000039; 0.003780; 0.000206; 0.001309 \
#; -0.027298; -0.000324; 0.039749; -0.036717; -0.000436; 0.053464 \
#; -0.027298; 0.000324; 0.039749; -0.036717; 0.000436; 0.053464 \
#; -0.008723; -0.002920; 0.017825; 0.010390; 0.003478; -0.021232 \
#; -0.008723; 0.002920; 0.017825; 0.010390; -0.003478; -0.021232 \
#; -0.015643; 0.004331; -0.014560; 0.011630; -0.003220; 0.010825 \
#; -0.015643; -0.004331; -0.014560; 0.011630; 0.003220; 0.010825 \
#; -0.036645; 0.002272; -0.048433; -0.030764; 0.001908; -0.040660 \
#; -0.036645; -0.002272; -0.048433; -0.030764; -0.001908; -0.040660 \
#; 0.019755; -0.000000; -0.003993; 0.004486; -0.000000; -0.000907 \
#; 0.026781; 0.000000; -0.007189; -0.004438; 0.000000; 0.001191 \
#; 0.000674; -0.000000; -0.000101; 0.004069; -0.000000; -0.000612 \
#; -0.004104; 0.000000; -0.001342; 0.018074; 0.000000; 0.005910 \
# ]
#metaData: qpt=[0.000000;0.000000;0.500000;12.043024 \
#; -0.000496; 0.000000; 0.003356; -0.000000; -0.000000; -0.000000 \
#; 0.000038; -0.000000; 0.003554; 0.000002; -0.000000; 0.000210 \
#; 0.000029; -0.000000; 0.000215; -0.000494; -0.000000; -0.003632 \
#; 0.000000; 0.000000; 0.000000; 0.000000; -0.000000; -0.003828 \
#; 0.001319; -0.001458; 0.016143; 0.000039; -0.000043; 0.000477 \
#; 0.001319; 0.001458; 0.016143; 0.000039; 0.000043; 0.000477 \
#; -0.000042; 0.000047; 0.000515; 0.001424; -0.001574; -0.017426 \
#; -0.000042; -0.000047; 0.000515; 0.001424; 0.001574; -0.017426 \
#; -0.000623; -0.000955; 0.003189; -0.000837; -0.001284; 0.004290 \
#; -0.000623; 0.000955; 0.003189; -0.000837; 0.001284; 0.004290 \
#; 0.036762; -0.000240; -0.038541; -0.043789; 0.000285; 0.045908 \
#; 0.036762; 0.000240; -0.038541; -0.043789; -0.000285; 0.045908 \
#; -0.045953; 0.000398; -0.047916; 0.034165; -0.000296; 0.035624 \
#; -0.045953; -0.000398; -0.047916; 0.034165; 0.000296; 0.035624 \
#; 0.002549; -0.001251; -0.000593; 0.002140; -0.001050; -0.000498 \
#; 0.002549; 0.001251; -0.000593; 0.002140; 0.001050; -0.000498 \
#; 0.002145; 0.000000; 0.005974; 0.000487; -0.000000; 0.001357 \
#; 0.000553; -0.000000; -0.007903; -0.000092; 0.000000; 0.001310 \
#; 0.000368; 0.000000; -0.000904; 0.002219; 0.000000; -0.005457 \
#; -0.000162; -0.000000; -0.001675; 0.000712; -0.000000; 0.007378 \
# ]
#metaData: qpt=[0.000000;0.000000;0.500000;12.043024 \
#; 0.000000; -0.000000; 0.002400; -0.000000; 0.000000; -0.002982 \
#; -0.000333; -0.000000; 0.002445; 0.000367; -0.000000; -0.002694 \
#; -0.000028; -0.000000; 0.002637; -0.000025; 0.000000; 0.002392 \
#; 0.000387; -0.000000; 0.002614; 0.000311; 0.000000; 0.002104 \
#; 0.000926; -0.001023; 0.011328; -0.001083; 0.001197; -0.013251 \
#; 0.000926; 0.001023; 0.011328; -0.001083; -0.001197; -0.013251 \
#; -0.001003; 0.001109; 0.012276; -0.000857; 0.000948; 0.010494 \
#; -0.001003; -0.001109; 0.012276; -0.000857; -0.000948; 0.010494 \
#; 0.057220; -0.000496; -0.059663; 0.002202; -0.000019; -0.002296 \
#; 0.057220; 0.000496; -0.059663; 0.002202; 0.000019; -0.002296 \
#; -0.000644; 0.000316; -0.000150; -0.003266; 0.001603; -0.000760 \
#; -0.000644; -0.000316; -0.000150; -0.003266; -0.001603; -0.000760 \
#; -0.000040; -0.000062; -0.000206; 0.001043; 0.001599; 0.005342 \
#; -0.000040; 0.000062; -0.000206; 0.001043; -0.001599; 0.005342 \
#; -0.056095; 0.000366; -0.058809; 0.011058; -0.000072; 0.011593 \
#; -0.056095; -0.000366; -0.058809; 0.011058; 0.000072; 0.011593 \
#; 0.000572; 0.000000; -0.005931; -0.000453; -0.000000; 0.004696 \
#; 0.001105; 0.000000; 0.002717; -0.001959; 0.000000; -0.004818 \
#; -0.000488; 0.000000; -0.006977; -0.000275; 0.000000; -0.003936 \
#; -0.001366; -0.000000; 0.003803; -0.001725; -0.000000; 0.004803 \
# ]
#metaData: qpt=[0.000000;0.000000;0.500000;12.487341 \
#; -0.000000; 0.000231; -0.000000; 0.000000; 0.001971; 0.000000 \
#; 0.000000; -0.000306; 0.000000; -0.000000; -0.001447; -0.000000 \
#; -0.000000; 0.002010; 0.000000; -0.000000; 0.000595; -0.000000 \
#; 0.000000; -0.001522; 0.000000; -0.000000; -0.000570; -0.000000 \
#; -0.000346; 0.000651; -0.003213; 0.001061; -0.001998; 0.009864 \
#; 0.000346; 0.000651; 0.003213; -0.001061; -0.001998; -0.009864 \
#; 0.001026; -0.001931; -0.009535; -0.000156; 0.000295; 0.001454 \
#; -0.001026; -0.001931; 0.009535; 0.000156; 0.000295; -0.001454 \
#; -0.034340; 0.001006; 0.031911; 0.021905; 0.000593; -0.021657 \
#; 0.034340; 0.001006; -0.031911; -0.021905; 0.000593; 0.021657 \
#; -0.004178; -0.003155; 0.007335; 0.009326; -0.003108; -0.005679 \
#; 0.004178; -0.003155; -0.007335; -0.009326; -0.003108; 0.005679 \
#; 0.008216; -0.002475; 0.005281; -0.005050; -0.003639; -0.008683 \
#; -0.008216; -0.002475; -0.005281; 0.005050; -0.003639; 0.008683 \
#; 0.027627; 0.000636; 0.027195; -0.029740; 0.000850; -0.027658 \
#; -0.027627; 0.000636; -0.027195; 0.029740; 0.000850; 0.027658 \
#; -0.000000; 0.001635; -0.000000; -0.000000; -0.059961; 0.000000 \
#; 0.000000; 0.020656; 0.000000; 0.000000; 0.060144; 0.000000 \
#; -0.000000; -0.064192; -0.000000; 0.000000; -0.008664; -0.000000 \
#; 0.000000; 0.059912; 0.000000; 0.000000; 0.032438; 0.000000 \
# ]
#metaData: qpt=[0.000000;0.000000;0.500000;12.487341 \
#; 0.000000; -0.000035; -0.000000; 0.000000; 0.001625; 0.000000 \
#; -0.000000; 0.000438; -0.000000; 0.000000; -0.002050; 0.000000 \
#; -0.000000; -0.001125; -0.000000; -0.000000; -0.000960; -0.000000 \
#; 0.000000; 0.001745; -0.000000; 0.000000; 0.000946; -0.000000 \
#; 0.000578; -0.001088; 0.005371; -0.000862; 0.001623; -0.008011 \
#; -0.000578; -0.001088; -0.005371; 0.000862; 0.001623; 0.008011 \
#; 0.001107; -0.002085; -0.010293; 0.000138; -0.000261; -0.001287 \
#; -0.001107; -0.002085; 0.010293; -0.000138; -0.000261; 0.001287 \
#; 0.003283; -0.004203; 0.001277; 0.009068; 0.001306; -0.010082 \
#; -0.003283; -0.004203; -0.001277; -0.009068; 0.001306; 0.010082 \
#; -0.020955; -0.000796; 0.020959; -0.034764; 0.000702; 0.032639 \
#; 0.020955; -0.000796; -0.020959; 0.034764; 0.000702; -0.032639 \
#; 0.013224; -0.001156; 0.011478; 0.038526; -0.000163; 0.036818 \
#; -0.013224; -0.001156; -0.011478; -0.038526; -0.000163; -0.036818 \
#; -0.002181; -0.003724; -0.006018; -0.009983; 0.002396; -0.007060 \
#; 0.002181; -0.003724; 0.006018; 0.009983; 0.002396; 0.007060 \
#; -0.000000; 0.022109; 0.000000; -0.000000; -0.064443; -0.000000 \
#; 0.000000; 0.005334; 0.000000; 0.000000; 0.064554; 0.000000 \
#; 0.000000; 0.058996; 0.000000; 0.000000; 0.023738; 0.000000 \
#; -0.000000; -0.041813; -0.000000; 0.000000; -0.043007; -0.000000 \
# ]
