nep4 3 Ba Zr S 
cutoff 8 4 150 20
n_max 4 4
basis_size 8 8
l_max 4 2 0
ANN 30 0
 -6.4660242e-04
  3.7664946e-04
 -5.4142915e-04
  5.7305984e-04
  1.4420414e-04
 -2.1875385e-04
 -5.5760430e-04
  6.4300431e-04
 -2.0022148e-04
 -3.2191284e-03
 -3.3802085e-04
  2.4372558e-04
 -1.5537269e-04
 -4.0541581e-06
  4.0552404e-04
 -8.3938718e-04
  7.9368780e-05
  7.1465882e-05
 -1.6542550e-04
  6.6330846e-05
 -6.0751190e-04
  3.2924282e-04
 -2.4931051e-04
 -1.7564473e-04
 -3.6953550e-04
 -7.7261485e-04
 -7.2843919e-04
  2.6302616e-04
 -7.6714139e-05
 -1.9036661e-04
  3.2090843e-02
  3.6530951e-01
 -6.5739238e-01
  4.2897901e-03
 -4.2554545e-01
  1.2463974e-03
  1.2114631e-01
  3.0811812e-04
 -3.2417035e-01
  3.9283642e-01
  1.2177125e-01
  8.7925576e-04
  7.7430398e-04
  8.3831137e-01
 -3.0410246e-04
  1.7842363e-01
  1.1009473e-05
 -5.7403516e-04
  1.3828070e-02
 -2.7506950e-01
  2.5969861e-02
  3.6754071e-05
 -1.0645532e-04
  3.7583196e-01
  3.4067791e-02
 -4.3628426e-04
 -6.4160784e-05
  1.5626292e-04
  8.0861890e-04
 -2.6008794e-03
  4.9366809e-05
  1.5138934e-04
 -5.5796048e-04
 -3.5248732e-04
  2.6332325e-04
  2.0168669e-04
 -1.6300514e-04
  3.8160160e-04
 -1.2963344e-04
  3.7554486e-04
 -3.1848229e-04
 -4.0726522e-05
 -1.2651483e-04
  4.2167222e-04
  1.3467276e-03
 -2.0011757e-04
 -5.4666615e-04
 -8.4745028e-04
 -2.5205754e-04
  2.3282396e-04
 -7.5549347e-04
 -5.4937578e-04
  5.0507748e-04
 -6.2680442e-04
 -1.5084479e-04
 -4.1124971e-05
  2.6111348e-04
  3.3019434e-04
 -3.0219616e-04
  6.9442802e-05
  1.1270401e+00
  1.9296643e-01
  1.0136263e-04
 -5.1332993e-04
 -1.8738033e-01
  7.1520329e-01
 -3.7288224e-05
 -5.7241763e-04
 -1.4278951e-01
  1.0060793e-03
 -3.8617172e-06
 -1.5654002e-04
 -2.6649763e-04
 -1.0801732e-04
 -4.8694148e-04
 -3.5009638e-04
 -1.3344918e-04
  3.1821156e-04
 -3.5931088e-03
 -1.4232971e-01
  2.2710119e-05
  2.0663522e-04
 -8.9027750e-04
  1.0246558e-01
  6.6224858e-03
  7.1246905e-04
  2.8002833e-04
  2.7979855e-04
 -9.2197175e-04
 -1.8901736e-05
  3.1441328e-04
 -3.6144900e-04
  5.3305575e-04
 -8.7070497e-05
  4.7735093e-06
 -2.4180951e-04
 -1.5004197e-04
 -1.4451417e-03
  1.4290414e-03
  6.4995902e-04
 -2.1879244e-04
 -1.8475550e-05
 -3.2434240e-04
  8.7002903e-04
 -3.3289092e-04
  1.5673713e-07
 -9.4075644e-05
 -1.1439989e-03
 -1.3492162e-04
 -7.7469122e-05
 -9.6117117e-04
  1.2263863e-03
 -8.2017752e-05
 -2.6730201e-04
  3.0437316e-04
 -2.8315681e-04
  8.1520178e-04
  1.1400472e-04
 -2.0758327e-05
  5.8813387e-04
 -1.3446094e-01
  3.0452199e-04
 -1.2779660e-03
  3.1485941e-04
 -1.8075782e-04
  1.7517959e-04
  5.8131194e-04
 -4.9697590e-04
 -5.7373705e-05
  5.4598303e-04
 -1.3667977e-04
  2.4750049e-04
 -5.8025878e-05
  4.3349806e-05
  4.6715988e-05
 -2.9505503e-05
 -2.1670162e-04
 -5.3370831e-04
 -1.3867468e-03
 -3.8108314e-04
  2.0608364e-04
  2.9480550e-04
  2.1375121e-04
  2.2723230e-04
 -3.1546148e-04
 -3.8117453e-04
  6.6123561e-05
 -4.2127806e-04
 -1.9604233e-04
 -7.4666529e-04
 -1.6094204e+00
 -3.7433118e-05
 -1.7610591e-05
 -1.2360878e+00
  1.7762542e+00
  8.7618508e-05
 -5.8344932e-04
 -4.5718663e-04
  5.9794885e-04
 -2.3799646e-04
 -1.9079253e-04
 -9.2107097e-05
  4.9379789e-05
  5.2354960e-03
 -9.5315778e-01
 -5.9003616e-04
 -3.3936734e-04
 -2.6029014e-04
  4.7689627e-04
  5.2442640e-02
 -1.3128332e-03
  9.8488181e-06
  2.7152972e-04
 -5.3277500e-03
 -2.2658994e-03
 -3.3021209e-04
 -1.5173132e-04
  1.6216013e-04
  2.4480803e-04
  7.9566432e-04
 -8.2421541e-01
 -4.8727778e-01
  2.8510025e-02
 -6.2873811e-01
  8.6279482e-01
 -2.1435039e-02
 -2.8668057e-02
 -1.5829279e-04
  4.4874410e-05
 -2.0023751e-01
 -1.6064492e-04
  4.6939900e-04
 -3.5385787e-04
  1.0578900e-03
 -2.5868684e-04
 -2.1969527e-01
  8.8401175e-05
 -3.4445501e-04
 -5.7264371e-04
  7.0557415e-02
 -1.5420310e-01
 -1.4237080e-04
 -1.9589943e-04
 -3.7128526e-01
 -5.2329812e-02
  4.0846653e-04
 -5.8368565e-05
 -9.3102419e-05
  1.1263181e-03
  1.7649883e-03
  8.8689895e-03
  2.8401174e-02
 -5.3270184e-04
 -5.0409144e-04
  1.6859066e-03
 -2.8988312e-04
  1.5199947e-03
 -4.6910049e-05
  7.6826202e-04
  8.3037553e-04
 -3.6082169e-05
 -2.7903990e-04
 -7.0620922e-04
  4.0544354e-04
  3.0102092e-04
  2.6048670e-04
 -1.0917194e-04
 -6.7803514e-05
  5.4056215e-04
 -2.4469227e-03
  7.7908399e-04
  7.1955255e-05
 -7.7019003e-04
  1.0146513e-02
  8.9530915e-02
  5.7457032e-04
  5.7620538e-05
  2.9781973e-04
 -3.4904515e-05
  1.2061396e-04
 -1.1139806e-04
  7.0674755e-02
  4.9125100e-04
  3.2568528e-04
  7.6829299e-04
  1.5861647e-03
  4.5111626e-03
  4.6065694e-04
  1.6055835e-02
  8.3245886e-03
 -1.4191902e-04
  3.5968077e-04
 -7.8727759e-04
  1.3355616e-03
 -4.8114071e-04
  3.8887380e-04
  1.1774928e-03
 -3.6365932e-04
  1.1363088e-03
 -2.4014229e-03
 -1.7145449e-04
  3.4712127e-04
  2.6379013e-04
  1.7797868e-04
  2.6855578e-03
 -2.9681428e-04
 -2.2166313e-04
  2.4864299e-04
 -1.6444337e-03
 -2.0884527e-04
 -5.0146115e-01
 -1.3880496e-01
 -3.9220482e-04
  6.2873587e-04
  5.8250171e-01
 -1.0667044e-04
 -1.3775143e-03
 -5.1490887e-04
  1.6166493e-01
 -4.3077573e-01
 -1.1292507e-03
 -2.1172479e-04
  5.9044198e-04
  2.0294210e-03
  1.9467633e-03
  5.1636805e-05
  2.1012138e-04
  2.4456758e-04
 -3.8143945e-01
  4.2249367e-02
 -1.8111677e-03
 -1.7869068e-04
 -4.1401014e-04
 -1.7747292e-02
 -2.2356646e-04
  4.5715930e-04
  1.9722039e-04
  2.4815460e-04
  1.4999148e-05
 -8.6307648e-04
 -1.0429987e-04
  5.1110890e-04
  3.1021871e-05
 -3.1709683e-04
 -7.2147633e-04
 -2.3719089e-04
  1.5234135e-04
 -2.5772082e-04
  2.2984702e-04
  1.1838143e-04
  9.3105977e-04
 -4.9893669e-04
 -5.1110546e-04
  9.3035633e-05
  6.1954488e-04
 -4.3341821e-05
 -1.9866102e-03
 -3.4498857e-04
 -6.4535241e-04
 -3.7571535e-05
 -1.2444676e-03
  2.8922010e-04
 -1.7413194e-04
 -2.2439167e-04
  5.2304368e-04
  1.0395540e-04
  9.6773001e-05
  1.2909153e-03
 -3.2182459e-05
  1.4913437e-04
  4.0595970e-04
 -1.3225347e-04
 -4.5140022e-01
  3.4924061e-04
  1.3220048e-04
  1.5787579e-04
  4.9073966e-05
  8.9082913e-04
 -7.1599334e-04
 -8.2459877e-04
  1.0384065e-04
  3.5149997e-01
  3.9610377e-04
  1.1351890e-03
  1.7277669e-04
  1.3858686e-06
 -4.1246106e-04
  3.9502094e-04
  1.4608299e-05
  7.0309138e-04
 -1.2121255e-03
  5.0753576e-04
 -4.2148145e-05
 -1.3300625e-03
 -3.4594734e-04
  1.2727776e-03
 -2.7664841e-05
 -8.8662229e-05
 -8.2199549e-04
  5.8237673e-04
 -2.6610974e-04
 -1.6618123e-04
 -5.6189456e-04
  8.9920060e-05
 -6.2207633e-04
 -9.1514329e-04
  3.1239004e-04
  1.0207772e-03
 -1.5262618e-04
 -1.8780776e-05
  3.3053843e-04
 -1.4479026e-04
  1.6199627e-04
 -2.5349436e-05
 -1.0488750e-03
  5.9106998e-04
 -2.3643703e-04
 -5.2314217e-04
  3.0347586e-04
 -1.0424028e-03
  3.0991249e-04
 -4.0264762e-04
 -1.3556802e+00
 -3.8959042e-04
  1.2589079e-04
 -3.8924842e-04
  1.6030483e-04
  2.6414229e-04
 -6.0817256e-04
 -7.4704131e-04
  1.1580764e-01
  7.7739000e-01
  6.1204467e-02
 -6.9927394e-01
 -1.1264877e+00
  5.9860569e-01
  4.7318509e-01
 -2.7816603e-04
 -9.6675152e-01
 -8.3736546e-02
  1.6701616e-01
  1.7093495e-01
  1.1569833e-04
 -4.0216339e-01
 -1.5279472e-01
  1.4428008e-02
  3.9001301e-05
 -4.2810821e-04
 -1.3637214e-05
 -3.1159905e-01
  3.7423322e-01
  7.1843009e-05
 -9.8153978e-05
  8.7183195e-01
  3.7603331e-01
  3.4913101e-04
  9.6368596e-05
  3.6010581e-05
 -1.3260765e-01
 -1.2376181e-01
  1.4846533e-04
  6.7059440e-04
  1.1625081e-04
  5.1628533e-05
  7.9154770e-04
  1.6270451e-04
  7.6724886e-04
 -4.6320697e-06
  3.3243260e-04
  1.0563732e-03
  1.7808313e-03
  9.1603934e-04
  3.9165869e-05
  6.5808381e-06
  1.6312073e-04
 -1.2714439e-04
 -4.5628264e-04
 -3.6080871e-04
  7.9396588e-04
 -3.2566232e-04
 -1.4112245e-04
 -2.8014454e-04
 -6.8524189e-04
  2.0478207e-03
  1.3891471e-04
 -9.4646144e-05
 -6.9384254e-04
  2.0066365e-05
 -1.1294363e-03
  2.5058439e-04
 -1.0944507e+00
 -7.2730017e-01
 -1.6119858e-02
 -1.2977592e-02
 -1.3085548e-02
 -1.2136465e+00
 -1.2543832e-01
 -3.2823111e-03
 -6.9899358e-02
 -2.5249364e-02
 -2.2857354e-03
 -6.4493576e-03
  8.9838119e-05
  2.9542556e-03
  9.9184155e-04
 -1.1055094e-01
 -4.3826253e-04
  5.5619562e-04
 -5.7231594e-02
  8.5052736e-02
 -1.3930655e-01
  1.4311973e-04
  1.8662889e-05
 -3.9513111e-01
 -3.0036159e-02
 -5.0575498e-05
 -3.4387701e-04
  1.0900789e-04
  9.8747827e-02
 -1.4394186e-04
 -7.1444570e-05
  1.3881139e-04
  8.1245869e-04
 -1.1217189e-03
  4.6556749e-04
 -2.7327344e-04
 -2.3678546e-04
 -8.4402019e-01
 -2.2231285e-05
  8.9597702e-04
  1.3422091e-03
 -4.6213652e-04
 -4.9178892e-05
  5.5847171e-04
 -8.1488711e-04
  8.9588045e-04
 -1.4974439e-04
  1.8265613e-04
  1.3274751e-03
  1.0169460e-03
  1.2048487e-04
  1.1742864e-04
 -1.1038837e-03
  4.4343772e-04
  3.5644462e-05
 -4.3969328e-04
 -5.9234066e-04
 -1.4507554e-04
 -6.7705894e-04
 -5.5141918e-05
  3.9628822e-01
 -9.9294245e-02
 -1.7505978e-01
  2.6204760e+00
 -2.8491681e+00
  1.5165076e-01
  2.8137822e-04
  4.5663762e-04
  1.0675799e-04
  1.3942829e-01
  2.6282834e-04
  5.3390185e-04
  4.2838283e-04
 -1.2664443e-03
 -1.0367521e-03
 -1.2144784e-04
 -8.6476369e-04
 -9.3309558e-05
 -1.1905715e-03
 -5.6035489e-02
  4.8591610e-02
 -2.2926799e-04
 -5.1258691e-04
  2.6312029e-01
  2.1147379e-03
  2.0953057e-04
 -9.3195791e-04
 -5.3317787e-04
 -4.6493701e-04
 -9.8401029e-04
 -3.0541759e+00
 -2.8690910e-03
  1.2189931e+00
  2.1769435e+00
  5.3784311e-01
  6.1987627e-01
 -4.8925722e-01
  3.7960289e-04
  4.6523726e-01
  2.8186202e-01
 -3.5589069e-01
 -4.6329334e-02
 -2.0730279e-04
  1.2455197e-02
  2.2544870e-01
 -2.0812169e-01
  1.0164001e-03
  2.1249738e-04
 -2.6030097e-02
  2.1029292e-01
 -3.4102082e-02
 -2.1054025e-04
 -2.3287165e-04
 -4.6647155e-01
 -5.2135117e-02
 -4.4484728e-04
  3.7577195e-04
 -9.0960959e-05
  4.7728364e-04
  4.2008474e-03
  3.8519508e-04
  2.5414291e-04
 -2.3077101e-04
 -3.6295091e-06
 -6.0391502e-04
 -7.0966629e-04
  8.0008706e-04
  3.9647025e-04
 -1.2218699e-04
 -2.1065945e-04
 -4.1075705e-06
 -1.4557576e-04
  2.7214011e-04
 -1.1761763e-04
 -1.9619166e-04
 -1.1943631e-04
  2.4824307e-04
 -4.6607645e-04
  1.1344299e-03
 -2.2770937e-04
  2.3715413e-04
  2.1071521e-04
  8.5413936e-05
 -1.7303380e-04
 -9.9774392e-05
 -2.1561176e-05
  5.3682528e-05
 -4.3892529e-04
 -3.1554652e-04
  7.6266799e-05
 -4.5426009e-04
  8.1219216e-04
 -2.9450495e-04
  3.5028690e-05
  4.9319619e-04
 -2.8861899e-04
 -2.5248714e-04
  2.3571789e-04
 -2.3302520e-04
 -1.7299409e-03
  1.9285748e-04
  3.1001525e-04
  4.7659237e-04
 -2.4998665e-04
 -3.3698379e-04
  2.3142266e-04
 -7.8127370e-04
 -4.4282374e-04
 -1.2607870e-03
  1.4726965e-04
  7.4894744e-04
 -5.7904399e-04
  8.9132192e-04
  4.9608632e-04
 -2.1998688e-04
  6.2724936e-04
  4.1686502e-04
 -2.8228335e-04
  1.8222129e-03
  4.7036161e-04
 -2.6334399e-05
 -3.1671120e-04
  3.5089397e-04
 -9.2877548e-05
  5.9956210e-06
  6.1243650e-04
  8.3781582e-05
 -1.2317802e-04
 -4.1992127e-04
  6.5452477e-04
  2.6468513e-05
 -9.8138792e-04
  9.5162267e-04
 -6.1601709e-04
  1.0931162e-04
  6.6602347e-06
  2.0330663e-04
 -1.1140077e-04
 -1.1437716e-03
  1.9578809e-04
 -3.4831581e-04
 -1.7395515e-04
 -1.7525963e-05
  1.4553529e-04
  3.3304517e-04
  3.2234041e-04
  3.4344138e-04
  2.3447323e-05
 -3.3637547e-04
 -8.0766028e-04
 -7.8890049e-01
 -8.4621620e-01
 -7.9349674e-02
  1.8980623e+00
 -9.0220487e-01
  6.2423393e-02
 -4.4251287e-01
 -8.5467420e-04
 -1.8084979e-04
 -1.3534719e-02
 -1.2096097e-01
 -1.4908534e-02
 -9.0798087e-05
  3.2211896e-03
  7.9171769e-02
 -7.7873386e-02
  2.5754998e-04
 -6.2432938e-04
 -7.4048281e-01
  1.0818769e-01
 -5.8554273e-02
 -4.9764744e-04
  3.0663033e-04
 -3.7884822e-01
 -2.1330332e-02
  1.5264934e-05
 -4.5166467e-05
  5.3273118e-04
  6.1026809e-04
  3.4373228e-05
 -1.1269712e-04
  1.2275539e-04
  4.0644416e-04
 -3.6692922e-04
  2.7796323e-04
  1.6967005e-04
  2.1993543e-04
  5.2193813e-05
 -7.2680746e-04
 -4.1582156e-04
  1.0653020e-04
 -6.5404165e-04
 -3.9850845e-04
  5.5207091e-04
  1.5727238e-04
  4.0572217e-01
  6.7074376e-05
  3.3437539e-04
 -1.3468233e-04
 -5.8799541e-01
 -2.5525453e-04
 -7.5475528e-04
 -2.7570985e-03
  4.3840875e-04
  1.8119288e-04
 -4.1886227e-04
 -3.2328600e-05
  2.4020929e-04
  1.7835904e-04
 -9.9087163e-05
 -1.2182571e+00
 -4.0374477e-03
 -1.7467306e-04
  5.7086698e-04
 -2.0018561e-01
 -8.8688983e-03
  6.9826737e-04
  5.2256742e-04
 -9.6030417e-04
 -1.0376921e-01
 -2.9111363e-04
 -2.0243226e-04
 -2.3378704e-04
 -9.2357426e-04
  1.0846319e-03
 -2.0664393e-04
 -6.1753767e-06
 -4.0014194e-05
 -6.9716945e-04
  2.4650958e-01
 -3.7828667e-04
  1.5309225e-04
 -3.6697070e-06
 -2.5515107e-03
 -4.7030722e-04
 -1.1809771e-04
  6.7491274e-05
  1.5393572e-04
 -4.5209192e-04
  6.5304915e-04
  1.3525652e-03
  5.9547059e-02
  8.0385470e-01
 -1.8194455e-01
  8.0294275e-01
  6.4040860e-04
  3.8121874e-04
 -2.1584683e-04
 -2.4079927e-04
  6.7123282e-04
  9.1413989e-05
 -8.2255650e-04
  8.6240756e-04
  7.6449607e-05
 -2.9723326e-04
 -1.2629747e-03
  3.5821207e-04
  6.2734040e-04
 -3.6501786e-04
 -1.4484093e-03
  4.9588887e-04
  1.2437520e-04
 -6.9112393e-05
  1.7539152e-03
  9.9563028e-04
 -1.1675531e-04
 -7.0885743e-04
 -7.4092456e-04
 -4.0572675e-04
  6.0908857e-04
 -5.4335541e-01
 -3.3125490e-01
 -5.9575289e-03
 -2.0960748e-01
  9.7082013e-01
 -8.9895129e-02
 -8.2546817e-03
 -8.1695395e-04
  4.5047291e-03
 -2.5869247e-01
  6.2940562e-05
  6.4483807e-05
 -1.2320392e-04
 -8.5578114e-04
 -3.0194406e-04
  3.9000093e-05
 -3.8579662e-04
 -3.2024737e-04
 -5.1389199e-01
  1.5989691e-02
 -2.4985746e-02
 -6.4591673e-04
 -1.6325981e-04
 -2.0878477e-01
 -2.0011954e-03
 -4.8491338e-04
 -6.1129854e-04
  3.8351686e-04
 -9.6132763e-04
  3.2306621e-03
 -3.3659652e-01
 -1.6251432e-03
 -9.1056128e-05
  1.4256292e-03
  7.9953875e-03
 -2.0226666e-03
 -6.3207105e-04
 -1.0870630e-03
 -5.8007555e-04
 -5.4416461e-03
 -3.2442546e-04
  2.3091439e-04
 -4.2365218e-04
  5.4194534e-04
 -2.8279960e-01
 -8.7863422e-04
  3.0713072e-05
  7.0441666e-04
 -4.2992982e-04
 -2.1848077e-04
 -2.7387001e-04
  3.7197923e-04
 -8.3013112e-04
 -3.8669740e-03
 -6.4636639e-04
  3.2831414e-04
  1.2259027e-04
 -2.8388886e-04
 -1.7569003e-04
  5.3942064e-04
 -6.7486486e-05
  2.7273133e-01
 -1.6980435e-01
 -6.1515182e-02
  5.4802060e-01
 -1.3038680e-04
  1.0112649e-03
  7.2880095e-05
  2.3528960e-02
  3.0431310e-02
 -1.0721227e-04
  7.0480077e-05
  1.1089470e-04
 -1.1744435e-03
  9.2147922e-05
 -4.5181124e-04
 -2.2825608e-07
  4.5338351e-05
  5.6882587e-04
 -1.1120533e-03
  1.1422195e-02
 -4.4072200e-05
  3.4501293e-04
  2.9149506e-02
  2.7330220e-04
 -3.8522828e-07
  9.9126960e-04
 -5.8127880e-05
  1.6722387e-04
 -9.6332212e-04
  7.7158153e-01
  1.2845862e-01
  8.6913630e-04
  1.4793026e-01
 -3.5587681e-04
 -1.0800433e-01
 -3.1950065e-01
 -3.2863042e-01
 -1.1351147e+00
  1.3930820e+00
 -4.4294320e-02
 -1.2761216e-04
 -1.5850368e-01
 -8.5627726e-05
 -2.9257178e-01
  4.6438923e-01
  1.0123140e-01
  6.3983774e-01
  7.9997581e-01
 -6.1085217e-02
  6.2583554e-01
  5.3792825e-04
  6.9153350e-04
 -3.6548802e-01
 -7.2025556e-05
  9.7735232e-01
  4.9947208e-01
 -8.8691562e-02
  5.0675374e-01
  5.5412400e-01
 -9.1019553e-01
  1.0879245e+00
  1.2771720e-03
  1.0559502e+00
 -5.1339780e-04
 -3.8945835e-02
 -1.2617556e+00
 -1.3579552e+00
  1.9390450e+00
  2.9710433e+00
 -7.4947810e-01
  9.6358638e-04
 -4.1720688e-01
  6.7155347e-03
  2.5266991e+00
  4.9566483e-01
 -1.1844267e+00
  2.2042935e-01
  1.5933470e+00
 -3.1314240e+00
  4.2604554e-01
 -1.8920492e-04
  4.2989548e-05
 -1.5785308e+00
  5.6412513e-04
 -8.5394448e-01
  7.2945040e-01
 -9.5089912e-01
 -5.8846444e-01
  9.0857279e-01
  1.2958179e-03
  1.7330822e-02
 -1.8462598e-01
  3.2700124e-04
 -3.8943524e-04
  4.2678660e-04
  3.1020213e-04
 -2.7604809e-04
  4.1131416e-04
  3.7469971e-04
  3.6194248e-05
 -6.1481987e-05
 -4.5113525e-04
 -3.3332576e-04
  2.6780731e-04
  5.1104918e-04
  2.6133080e-04
  7.5122953e-05
  2.2933458e-03
  3.3757981e-04
  1.2232353e-03
  7.7911239e-04
  4.0764658e-04
 -5.4626219e-04
 -6.5094151e-04
 -4.2312223e-04
 -3.3644555e-04
 -1.4644886e-04
  4.3400886e-04
  9.5791509e-04
 -3.1589359e-01
  1.2704315e+00
  2.1983275e+00
 -5.8664513e+00
  2.7416101e+00
 -1.1627317e-01
 -2.3999766e-01
 -1.9805884e-01
  1.6501200e-01
  1.5181174e-03
 -2.6344565e-01
 -3.4353390e-02
  1.3958621e-01
  1.0512257e+00
 -4.9007013e-02
 -2.4548207e-01
 -2.3467381e-01
 -3.9389986e-01
  2.5714293e-01
 -4.0926901e-03
 -1.0726284e-01
  5.8895666e-02
 -7.6100022e-01
  4.4660717e-03
 -1.6582903e-02
  4.2754941e-02
 -4.1602625e-04
 -1.9878546e-04
  1.1728381e-01
  8.8944609e-05
  1.4707241e+00
 -2.1248215e-03
  2.3257896e-01
 -1.6993459e+00
 -3.4936383e-01
 -1.3693821e-03
  2.8640500e-01
  2.5709295e-01
  2.8275702e-02
  1.8524716e-04
 -8.8395027e-04
 -4.8276191e-04
  1.1047836e-01
 -5.3211331e-02
  1.5066918e+00
  1.9857115e-01
 -2.3168856e-02
 -4.6109395e-05
 -1.5021539e-03
  3.8230082e-04
  5.6781542e-01
  2.4713872e-02
  8.3874700e-05
  2.5609707e-02
  5.7306065e-04
  1.3569357e-03
 -1.1446838e-04
  1.1949394e-04
 -8.9911075e-05
 -1.4660992e-04
 -1.0125632e-01
  1.9281106e-01
 -2.1606790e-01
  3.4863081e-02
 -1.1513203e-01
  1.3448516e+00
 -1.1301089e-01
 -1.1615705e-01
  5.9586680e-01
 -6.5712404e-04
  7.9334193e-01
  2.6382628e-01
  2.1682112e-03
  3.2782692e-03
  1.0037409e-06
  2.1338417e-01
  3.2469768e-02
  5.1856413e-02
  5.0281358e-01
  2.0757043e-03
 -2.1417718e-02
  1.4008310e-04
  5.4463349e-02
 -1.2781198e-01
  5.5443088e-04
 -1.1484709e-04
  2.7860541e-04
 -2.2447779e-04
 -3.5718107e-04
  8.2641127e-06
 -1.0192338e+00
 -1.5667578e+00
  2.3245633e+00
 -6.3195676e-01
  5.5962437e-01
  2.6606277e-01
  1.5165874e-02
 -1.0634295e+00
  6.0491343e-03
 -8.4697822e-04
 -8.1032276e-02
 -1.1236773e-01
 -9.5895055e-04
 -3.9002731e-01
 -2.8041236e-03
  7.8094438e-02
  1.6860522e-03
 -1.9350095e-02
  5.7053405e-01
 -1.4428272e-03
 -1.7486578e-01
 -1.4503641e-04
 -2.4352308e-01
 -6.2340724e-01
  2.6796345e-04
 -3.4871892e-04
 -2.1276716e-04
 -3.9268160e-04
 -5.7389596e-05
  6.0556090e-04
 -1.5878543e+00
  3.6228409e+00
  7.2918899e-02
 -8.7061453e-01
  2.4975348e-01
 -1.6181718e-01
  1.1268070e-01
 -1.6990538e-01
 -2.1912026e-01
  8.0504477e-01
  8.5584569e-01
  6.5191013e-01
  6.7564559e-01
  7.1772281e-04
  2.4517459e-01
  8.5268281e-03
  4.7664309e-01
  2.6965645e-01
 -3.8867527e-01
  1.8128313e-01
  9.4254024e-02
 -2.0854418e-01
  2.0345592e+00
  3.6053377e-01
  4.0141124e-02
 -1.6056659e-03
 -5.9424747e-05
  4.4508735e-04
  9.5841169e-05
 -7.5817021e-04
 -4.4854259e-01
 -5.1492667e-01
 -5.0166553e-01
  7.8251271e-04
  4.1041911e-02
  1.1915898e-04
  2.8531416e-03
 -2.0564392e-01
  4.5728296e-01
  1.0901317e-03
  2.1892815e-04
 -2.1943182e-02
 -1.2528113e-04
 -4.4769581e-04
 -1.5527518e-03
  1.0636145e-03
  1.1654894e-03
 -1.1037641e-03
 -3.7628938e-02
 -7.8293786e-04
 -4.5453209e-01
 -2.9206125e-04
 -9.8241412e-04
 -3.0528851e-02
 -2.7930283e-04
  8.3278207e-04
  3.3766334e-04
 -4.9158389e-05
  6.5428438e-04
  4.8774463e-04
  1.8511052e+00
 -1.7696136e-01
  1.2956432e+00
 -8.5366720e-01
  1.0824909e+00
  1.1808872e-02
  7.7625436e-01
  2.1417276e-03
 -1.0007439e-01
  2.5540713e-04
 -7.0877999e-02
 -4.0068696e-04
 -2.5350751e-05
 -8.8911525e-05
 -7.4353034e-04
 -4.8534364e-01
 -4.2762040e-04
 -8.8008745e-03
 -6.0375553e-02
 -4.6526108e-04
 -4.5855672e-04
  4.1778105e-01
 -6.9872755e-01
 -3.8618144e-02
 -9.3990311e-05
 -1.4284834e-04
 -4.3665335e-04
 -2.2496810e-05
 -6.5643235e-06
  1.8416269e-04
 -1.6167856e-05
 -2.1525162e-04
 -4.4434061e-04
 -1.2709168e-04
 -1.1778346e-04
 -7.0263265e-04
  1.3743165e-04
  2.8200579e-04
  7.2942104e-04
  4.5037601e-04
  2.4098459e-04
 -1.2003336e-04
  9.4158044e-05
  5.7518616e-04
 -1.3982103e-04
 -4.8108099e-04
 -1.2484533e-03
  3.2463032e-04
 -9.5096091e-04
  4.8886046e-05
 -4.4645672e-04
 -5.6321471e-04
 -3.0174744e-04
 -3.5302487e-04
  3.4858458e-04
 -1.2349161e-04
 -7.1553851e-04
  1.3284411e-04
  1.7388022e-04
 -4.0740088e-05
 -3.2344544e-01
 -7.1969652e-01
  1.5178710e+00
 -2.9114583e-01
  7.4553752e-01
 -3.5135177e-01
  4.5948189e-01
  2.1097651e-02
 -2.8490004e-04
  4.5544995e-04
 -6.6429947e-04
 -3.2265879e-02
  1.0656605e-03
 -1.6415076e-02
  6.5748015e-04
 -3.8051358e-01
 -1.9423051e-02
 -2.2351738e-02
 -3.1148696e-01
 -1.8824580e-03
 -1.5477292e-03
  3.7137076e-04
 -5.1320775e-04
  9.4822690e-06
  2.1374848e-04
  9.8239793e-04
 -1.1752194e-04
  2.7287361e-04
  6.6191168e-04
  1.5183771e-04
 -1.2146237e+00
  3.4831164e+00
  2.5197288e-01
 -1.1719314e+00
 -1.1875027e-01
  7.1872282e-04
  7.2424877e-01
 -5.1145744e-05
 -1.3630105e-02
 -3.1087562e-05
 -1.5918484e-01
  1.8724327e-01
  4.1971907e-01
  8.1336630e-06
  7.2009856e-04
  2.1145619e-01
  9.7818591e-02
  1.0114234e-01
  4.5529646e-01
  1.7732965e-03
  4.6610233e-01
  2.5648120e-04
  5.5528724e-01
  1.4780189e-01
  6.1139121e-04
  2.9947970e-04
 -5.6055555e-04
  4.0813081e-04
 -5.7411374e-04
 -2.6867769e-04
  3.0559086e-04
 -3.3879219e-04
  3.6454046e-04
  7.1690074e-04
  4.9034954e-04
 -1.2660199e-03
  1.0875579e-05
  1.6378610e-04
  4.1561274e-05
 -2.5897629e-05
  1.1381054e-03
  7.8271993e-04
  1.8422437e-01
  2.2529111e-04
 -2.5694634e-04
  8.6700439e-04
  2.6869567e-04
 -2.5926434e-05
 -7.9321762e-05
  1.8646840e-04
  2.4687234e-04
  3.4291681e-04
  1.9655225e-04
 -1.9645013e-05
  8.8754721e-04
 -1.4696462e-04
  1.3199160e-04
 -1.6576028e-04
 -9.6410897e-04
 -3.9384980e-04
 -1.4621125e-05
  2.8103875e-04
  4.2665335e-05
 -1.8468879e-04
 -2.0963470e-04
  1.9155128e-04
  9.3536128e-06
  1.3226236e-04
  1.4001275e-04
  5.1515579e-04
  1.5432929e-04
 -3.0924811e-04
  5.8421731e-05
  3.5495075e-04
  1.4765505e-05
  6.2126463e-05
  4.1223635e-04
  1.6263114e-04
  5.0817085e-05
  8.3097068e-05
 -3.3016320e-04
 -3.9508083e-04
 -8.0404972e-04
  4.3898015e-04
  2.3102036e-04
 -2.1078535e-04
 -2.4484334e-04
  8.4192835e-04
 -3.3127677e-04
  1.3490857e-04
 -1.9252142e-04
 -4.1884885e-04
  1.0258041e-04
 -1.3413541e-04
 -6.6802278e-04
  2.0904298e-04
  8.6173488e-05
  4.9106649e-04
 -2.5542928e-03
 -3.9528628e-04
 -3.2755500e-04
 -7.0384855e-04
 -1.0726623e-04
 -9.4483083e-05
 -9.1316426e-05
  3.8073788e-04
  2.3660599e-04
  3.5395520e-04
 -4.2513924e-04
  2.1198603e-04
  5.6633842e-04
 -1.1055965e-03
 -1.8206923e-04
 -7.2535110e-04
  2.7320211e-04
 -6.2213803e-04
 -4.1565316e-05
  8.5002580e-04
 -1.6303697e-03
  1.6775436e-04
  3.2949606e-01
 -4.2949599e-01
 -8.6990225e-01
 -8.7543362e-01
 -7.8095067e-01
  4.0371029e-04
  3.6242835e-02
  5.7355885e-04
 -4.2924666e-04
  8.6855853e-04
  6.0525956e-05
 -1.7623790e-02
 -8.4803771e-04
 -1.7395265e-04
 -2.2258968e-05
  8.3977124e-03
 -2.2347945e-01
 -7.7995248e-03
 -4.6339899e-02
 -1.0858169e-03
 -1.1203402e-01
 -1.2629522e-03
 -4.9470656e-02
  6.2634426e-01
 -2.3333372e-04
 -1.3435341e-04
 -1.0483600e-03
  3.5003684e-06
 -5.8259303e-04
 -1.0238196e-04
  3.2902830e-05
 -5.6576871e-05
  2.4357293e-04
 -9.9969050e-04
 -2.6720975e-04
 -2.7234497e-04
 -4.3503501e-04
  9.7347633e-04
  1.5566427e-06
 -4.4483226e-05
  1.0599675e-04
  5.6733104e-04
 -5.0442957e-04
  2.9867422e-04
  6.0975555e-05
  3.2485780e-04
  1.9252255e-03
 -1.4271976e-04
  9.6556330e-05
  1.2585307e-03
  1.3325067e-04
  9.7989767e-05
 -6.5573827e-06
  7.1421772e-04
  8.9764898e-04
 -1.3803403e-06
 -1.2650515e-04
 -1.3060617e-04
  2.5632905e-04
  2.5616888e-05
  1.0969030e+00
 -2.6567823e-01
  5.7689470e-01
  8.3185774e-01
 -1.8098149e-01
  2.3666767e-02
  7.7601528e-01
 -4.9149811e-02
  1.6458597e-04
  1.7195794e-03
 -8.2549208e-01
  2.9833578e-05
 -4.4833039e-05
 -9.4675552e-03
  7.8569363e-05
  1.9282156e-01
  1.2951776e-04
 -7.6525233e-04
  1.3122535e+00
 -1.2816601e-03
 -2.5781475e-03
 -3.0080831e-04
 -2.8733846e-03
  7.2771721e-02
 -2.7710330e-04
  3.5635818e-04
  6.5181270e-04
 -8.9721525e-06
 -1.7602937e-04
 -1.1203107e-04
 -4.8988259e-05
 -9.8740842e-05
 -4.8841187e-04
 -1.6257519e-04
  6.3614786e-04
  6.2102720e-04
  2.1493087e-04
 -1.2605879e-03
  3.2263840e-04
  7.8747165e-04
  2.6454055e-04
 -6.8199029e-04
 -9.8262855e-05
 -1.8470413e-05
 -3.4659129e-02
 -1.1003275e-04
 -7.4251020e-06
 -3.3245535e-04
 -2.7236170e-05
  1.2218766e-03
  4.7984868e-06
  5.7934230e-04
  3.4885595e-04
  4.1587223e-04
 -4.9061247e-04
  2.3956348e-03
 -2.6823144e-04
 -3.2974730e-04
 -3.1533535e-04
  3.0952125e-04
  1.2707744e-03
 -1.9214097e-01
 -5.6631100e-01
  3.5405139e-06
  5.1053863e-05
 -7.6622784e-04
  7.7147369e-04
  6.1298738e-07
 -1.5722496e-04
  6.4607611e-04
 -1.4314280e-03
 -2.7475446e-03
 -1.1904499e-05
 -7.5647193e-05
  2.5956176e-04
 -1.6008742e-05
 -4.1297032e-04
 -3.8181769e-04
 -3.8023103e-02
  5.9881923e-04
  4.6954831e-04
  4.9768769e-05
 -3.9968890e-04
  2.2714250e-05
 -1.1594481e-04
  1.1442761e-03
 -4.0191211e-04
  2.3885616e-04
  1.5401616e-04
 -8.6540310e-04
  2.2289062e-06
  1.0763156e-02
  1.4857024e-04
  9.7742130e-04
  3.8873067e-04
 -4.5994163e-04
 -2.8205859e-03
  3.4239469e-04
 -2.5859143e-04
 -2.0321512e-04
 -2.3666848e-04
  3.8942593e-04
  1.5928416e-03
  2.0303341e-04
  1.7196432e-04
  1.8798854e-03
 -1.8218267e-03
  5.5043616e-05
  1.3115350e-04
 -4.6317575e-05
  7.6747412e-04
 -4.6358480e-05
  6.3299970e-04
 -9.2971098e-04
  2.7922392e-04
 -1.4373862e-04
  3.8520235e-04
 -4.7769448e-05
  2.8324860e-01
  4.4293958e-04
  1.0842631e-04
  5.3131555e-07
 -3.7732909e-05
  1.1308539e-04
  2.0819205e-04
  3.1394215e-04
  3.7647822e-04
 -1.3870122e-03
  3.5951397e-04
 -2.9124983e-04
 -6.9831481e-04
  1.4575015e-04
  2.5521922e-05
  1.8566553e-03
  9.4893068e-04
 -1.5343049e-04
 -1.6720071e-04
 -2.5768424e-04
  4.8599261e-04
 -6.8818634e-05
 -2.6706932e-04
 -1.6247081e-04
  1.7772026e-04
  1.8075964e-03
 -4.1526888e-04
 -1.4049081e-04
 -1.6098350e-04
  6.0343911e-04
 -3.2196438e-04
 -4.1145258e-04
 -7.5453805e-04
  1.0919675e-03
  2.0137880e-04
  3.4649298e-04
  8.3691732e-05
 -2.1502351e-04
 -5.1246025e-04
 -3.8378559e-05
  1.8190763e-04
  5.1543821e-04
 -2.1930337e-03
 -2.1249469e-05
  7.6925833e-05
 -2.2721248e-04
  9.2663825e-02
  9.9251862e-04
 -6.3117687e-04
  3.2901467e-04
 -1.8366403e-04
  1.4179513e-04
 -1.9085658e-04
 -9.4871553e-05
  4.1095645e-04
 -7.9603051e-04
 -2.8504282e-05
 -5.4473005e-04
 -3.8440374e-04
 -7.3636613e-05
  1.8469915e-04
  9.1893238e-04
 -1.4344709e-04
  5.5856439e-03
  3.5601521e-01
 -2.6016837e-04
  3.1902421e-01
 -8.5295096e-06
 -4.1237997e-04
  3.6004331e-04
  1.0475256e-04
  6.3360574e-05
 -3.1651589e-04
 -2.2349809e-04
 -1.5059426e-04
  4.3278074e-04
  1.4164378e-05
 -3.1827512e-04
  3.7990812e-05
 -2.8705652e-04
  2.9518571e-02
 -3.4675533e-05
  4.8464941e-04
  3.3030522e-04
 -4.5343852e-04
 -1.0130630e-03
  2.3770596e-04
 -5.6094214e-05
  3.5052464e-04
 -1.9969435e-04
 -2.3291298e-04
  9.3417009e-05
  4.8136758e-04
 -3.5453937e-04
 -1.2369509e-04
 -4.8216311e-06
 -4.1135128e-05
 -7.9572994e-05
  1.0334746e-04
 -1.2068926e-04
 -1.9724891e-04
 -1.9327820e-04
  1.3437650e-04
  1.7567540e-05
  1.3249295e-04
  5.1179243e-04
 -4.5126497e-05
  4.3549147e-04
 -1.1717340e-03
 -3.3107004e-04
 -2.9826911e-05
 -2.2665208e-04
  3.8483435e-05
  1.1706849e-04
  3.5921410e-05
  1.9442392e-04
  2.4351572e-04
  3.9854640e-04
  2.2226255e-04
 -3.2635656e-04
  5.9371412e-04
  1.9043745e-04
  1.4046048e-01
 -4.7905603e-01
 -1.3503273e-03
 -4.7108912e-04
 -2.0269018e-01
 -2.7530879e-04
 -4.1450113e-01
  1.1379150e-04
 -3.0651665e-04
  1.6461271e-04
 -1.7711165e-03
 -3.2847533e-05
  4.6655998e-05
  3.9963877e-05
 -1.7650843e-04
 -1.2125197e-01
  6.1654224e-04
 -6.5559015e-04
 -2.8053695e-01
  1.4515185e-04
 -5.3954287e-04
  8.0640329e-04
 -1.2124192e-03
  2.5613359e-04
  3.7548487e-04
  3.0589171e-04
 -1.6532349e-03
 -6.8045838e-04
 -6.9302012e-05
  1.9715348e-04
 -1.5758074e-04
 -1.0636361e-04
 -4.7340553e-04
 -6.1327955e-05
  4.6310310e-05
  5.7537854e-05
 -6.0822128e-04
  4.7504497e-04
 -2.8107729e-04
 -1.7279561e-04
 -1.1031682e-04
 -2.4925629e-04
 -4.2864520e-04
 -1.1193359e-04
 -1.1015635e-04
 -9.9599257e-04
  2.5249712e-04
 -8.1882688e-05
 -9.5973235e-05
 -5.1683721e-05
  4.2797945e-04
  2.8658006e-04
  1.0950473e-04
  4.2993986e-05
 -3.8951536e-04
 -1.2407926e-04
 -3.7102500e-04
 -3.8756008e-04
  1.0895458e-04
 -1.9794452e-04
  2.0510741e-04
  6.2821084e-04
  1.9553714e-03
 -8.8121131e-05
 -2.6687427e-04
  3.5470122e-04
 -5.3312315e-04
 -1.6179126e-04
 -3.1885033e-04
  8.3816674e-05
  8.3828882e-06
 -1.0300908e-03
 -6.3258543e-05
  2.1536626e-04
  3.9867265e-04
 -9.0929847e-05
 -5.2181934e-04
 -2.3367614e-04
  1.2745461e-04
  5.4166547e-04
  7.9998856e-05
  2.2750357e-04
 -8.7648223e-05
 -2.9376999e-04
 -1.7373270e-04
  1.3811162e-04
  2.4337677e-04
  6.6215976e-04
  8.1342435e-04
 -1.4646574e-04
  1.1332529e+00
 -1.9712272e-01
  2.8346768e-01
  5.3277257e-04
 -5.1960289e-01
 -2.3924933e-04
 -5.7592243e-04
  9.2670862e-03
  3.9875291e-02
  3.0908882e-04
 -2.2101551e-03
  7.3051371e-05
  1.2836412e-03
 -4.8457122e-01
 -1.1586837e-04
  1.4714788e-01
  9.3153583e-05
 -5.4332712e-03
 -6.5853761e-04
 -5.3119764e-04
  4.2951337e-01
  9.7637785e-05
  1.5650765e-04
 -2.4156210e-04
  8.5681240e-04
  4.4757288e-04
  1.9122032e-04
  7.0354174e-04
  1.2079247e-04
 -2.9052614e-04
  1.3657233e+00
  2.7587254e+00
  7.8155923e-01
 -2.7362733e+00
  3.5495300e+00
 -2.9214144e-01
 -7.5270243e-02
  1.4547172e+00
  1.8768694e-01
 -1.9629662e-01
 -1.9490433e-01
 -5.8753282e-04
 -2.7492899e-01
  1.5000400e-01
 -4.1613662e-01
 -3.0492155e-02
  1.1420272e-03
  4.6469122e-01
  4.5860288e-01
 -2.8755569e-01
 -1.0992063e+00
  8.6465216e-01
 -1.6461532e-01
  2.3203747e+00
 -4.6562357e-03
  2.2584544e-01
  1.7205387e-04
 -7.4199706e-05
  3.0022895e-01
 -1.7337919e-04
  6.3885504e-04
  4.9735454e-04
 -6.4883592e-05
  7.2988309e-04
 -4.8960457e-05
 -5.1618845e-04
  1.9561963e-03
  2.4989591e-05
  2.0969295e-05
 -6.9785590e-04
 -1.2742737e-03
 -8.3996484e-04
 -1.4752214e-03
 -7.2855772e-05
 -2.2809498e-04
 -7.9745980e-04
 -4.1372952e-04
  1.4186628e-03
 -1.2630066e-04
  3.5866044e-04
  3.9492321e-04
  1.3963153e-04
  7.7229040e-04
 -6.3914183e-04
 -5.9054256e-04
 -1.9044465e-04
 -4.7043894e-04
  2.4680575e-04
  8.8606794e-06
  2.0286553e-04
 -2.7769879e-01
 -5.7628248e-02
  4.8026663e-01
 -7.7442253e-01
  2.4294029e-01
  3.2211599e-01
 -4.8736399e-01
  4.0810817e-01
 -6.1426236e-04
  4.2136782e-01
  7.7001542e-01
  1.8066703e-04
 -4.9551635e-04
  3.1201821e-04
  3.6152166e-01
 -2.8617503e-04
 -4.5342097e-01
 -1.4019114e-04
  4.6347478e-01
 -6.3221574e-01
  1.0839335e-04
 -9.0596965e-05
  6.1589692e-02
 -5.5618689e-04
 -2.2729483e-01
  9.3031814e-04
  7.0401198e-01
 -4.9253395e-01
 -3.1590533e-01
  5.2274059e-04
  5.3010488e-01
 -3.1146667e+00
 -1.3338294e+00
  2.3772457e+00
 -1.5664153e+00
  3.0405338e+00
 -1.0750356e+00
 -1.6908650e+00
 -2.1924011e-01
 -1.2194939e+00
  1.6993955e+00
  4.2834383e-04
 -9.6857082e-05
 -7.4753836e-05
 -1.2223951e+00
  5.3505320e-04
 -2.3060768e+00
  2.7037565e-06
 -1.0672879e+00
  6.8415904e-01
 -3.5246869e-04
 -1.7246074e-03
 -1.1805159e-04
  1.9924402e-04
 -8.0363387e-01
 -1.4633888e-04
  4.6185365e-01
 -2.8933730e+00
 -3.1763699e+00
  1.4026786e-03
  7.1171999e-01
 -1.0333011e+00
 -2.8223541e-01
 -2.3136623e-04
  7.0486379e-01
  5.6030851e-02
  9.4067633e-02
 -2.8910404e-01
 -1.0128576e+00
 -1.6158354e+00
  5.4441509e-05
 -2.9241124e-01
  1.0191596e-01
 -1.8819883e+00
 -2.2700895e-04
  9.3855408e-05
 -1.5774870e-04
 -3.9131354e-04
 -2.5249230e-02
 -3.7290359e-01
 -1.7701066e-04
 -2.6280421e-03
  4.4289225e-04
 -2.4536109e-01
  2.1066018e-04
  7.3427153e-05
  1.1215319e-02
 -1.1262612e-04
  1.8948175e-04
 -2.7999270e-04
  3.1565577e-01
  1.6458616e+00
  3.4709819e-02
  1.1208593e-01
  3.3241135e-01
  3.5744733e-01
  1.8473181e+00
 -6.7870075e-01
  1.5091960e-01
 -2.9929104e-01
 -8.8439427e-02
  1.5056602e-02
  5.0996506e-04
 -1.3113107e-01
 -9.5185417e-01
 -1.0733724e-01
  2.3738022e-01
 -1.4788342e-01
  5.0637931e-01
 -3.6367586e-01
 -4.1754857e-02
  2.6682753e-04
 -7.7524632e-02
 -4.2935461e-04
 -4.0634066e-01
 -2.5233657e-03
  1.7200602e-04
  4.1280786e-05
  1.6749819e-01
 -4.5483368e-03
 -1.2287080e-03
 -2.3796772e-04
  2.6404488e-04
 -2.7351605e-04
 -3.0052869e-04
 -5.8076868e-04
 -3.5711969e-04
  1.4927299e-04
 -3.8766803e-04
 -1.7051723e-04
  4.8081620e-04
 -2.2334121e-04
  8.2681741e-05
 -2.8143809e-04
  4.7950607e-02
  6.6247967e-04
 -7.5030934e-05
  1.9079910e-04
 -6.8887474e-04
 -6.0187765e-05
  9.3195867e-04
 -1.8828310e-04
 -2.3831948e-04
  1.1886570e-03
  1.0465399e-05
 -7.8417826e-05
 -3.7425302e-04
 -5.8683497e-04
  8.5917833e-05
  2.7045619e-04
  1.2527242e-04
  3.2592635e-04
 -5.6818704e-04
 -3.0148556e-04
 -6.3692918e-04
 -2.3977773e-04
  4.3948347e-04
  4.5868088e-04
 -1.0876638e-04
  1.6739333e-04
 -2.1440093e-04
  1.7450259e-04
 -9.3631597e-06
 -2.5848107e-04
  6.3123810e-04
 -4.4344299e-04
  2.3492200e-04
 -1.1843574e-03
 -2.0868151e-04
  1.4060797e-04
 -1.9612147e-04
 -2.1563565e-04
  1.1366452e-05
  1.7634900e-04
  1.2133621e-03
 -7.8518171e-04
  1.4687226e-04
  2.7082334e-04
  1.8523454e-03
  2.5739419e-04
 -4.2447406e-01
 -2.0123626e-01
  1.8078159e+00
  6.5658140e-01
 -2.0172831e-01
 -7.8865939e-01
  4.7792681e-02
 -3.3623269e-01
  5.3028935e-01
 -5.7752645e-01
 -2.5306919e-01
  1.6398271e+00
 -1.2375765e-01
 -4.0393874e-01
  2.9305846e-05
 -8.9316082e-04
 -3.3737707e-04
 -6.7240554e-01
 -8.1044364e-01
  2.9751429e-01
 -1.2899204e-01
 -5.4944825e-04
 -1.3918129e-01
  8.3966084e-02
 -2.0738468e-01
 -1.0896700e-02
 -4.0718782e-04
  4.6871568e-04
  1.8248428e+00
 -4.1165366e-04
 -4.9454690e-04
 -3.2694679e-04
  2.3073299e-04
  1.2823715e-04
  1.6233485e-04
 -3.9186532e-05
  5.6919665e-04
 -5.6591810e-04
 -1.5404092e-03
  1.4843170e-04
  3.3539630e-04
  2.4754039e-04
  3.5016178e-04
  8.6504877e-02
 -1.7019983e-04
 -1.5278292e-04
 -2.0325207e-04
 -1.1710420e-03
 -7.2024935e-01
 -6.2370142e-03
 -3.7375797e-04
  2.6710646e-04
 -5.5410166e-04
 -1.3022809e-01
 -6.2517403e-04
 -1.0367201e-03
  1.3503768e-05
  8.5226733e-05
 -3.6453832e-05
 -9.6122082e-04
 -6.5630453e-04
 -5.7654473e-04
  4.3786017e-04
 -6.1279477e-04
  1.7781318e-04
  1.4722680e-04
  1.3347049e-04
  6.1859604e-04
  2.9654877e-02
  1.3563509e-01
  9.1454731e-03
  5.1212020e-04
  1.2837315e+00
 -4.9476537e-01
 -5.0886392e-05
  5.8781449e-04
 -1.9318628e-04
 -2.2084586e-01
 -3.2752023e-06
 -4.2252298e-04
 -2.7319202e-05
 -1.6925600e-03
  2.1989061e-04
 -1.1158324e-05
 -6.1761518e-04
  2.9526738e-05
 -3.3723062e-04
  2.6724185e-04
  9.4105191e-05
 -1.0929232e-04
  2.3445120e+00
  5.3227758e-01
 -1.5552303e-01
 -1.7547631e+00
  2.8149610e+00
 -3.3263880e-01
 -7.4259065e-02
 -1.1465029e-01
  1.3924494e-01
  3.4020601e-03
  4.5363426e-01
 -4.0559493e-02
 -4.5960286e-01
  1.2464136e+00
  2.9871705e-01
  1.9819146e-01
 -3.0915377e+00
 -6.0891849e-01
  6.6822243e-01
  1.5842403e-01
  2.4485132e-02
 -1.8403628e-04
  1.5833549e-01
  1.3003349e+00
 -8.4395311e-04
  1.1346651e-04
 -7.4431166e-02
 -2.4805364e-01
 -4.2286652e-01
  6.1551189e-05
 -1.0319476e+00
 -1.4584576e+00
 -1.1660747e-01
  8.1896156e-01
 -1.0772910e+00
 -1.1424945e-01
 -1.1007567e-01
  2.6389617e-02
  1.3578954e+00
 -5.0130647e-01
 -6.8378437e-01
  2.4302640e+00
 -5.6492869e-02
  1.1394407e-01
 -2.3087460e-01
 -4.5846631e-03
 -6.1822903e-01
 -4.4113346e-03
 -8.2284279e-02
 -3.5478052e-01
 -1.5841576e+00
  4.2843896e-01
 -1.7371734e+00
 -1.1363194e+00
 -9.8051590e-01
  1.2928252e-01
 -2.4762030e-01
  3.5623813e-01
 -1.0772372e+00
  7.2592139e-01
  1.6341385e+00
 -1.6579077e-01
 -3.5258660e-01
  3.5871178e-01
  7.6746976e-01
 -6.4260679e-01
  5.3411734e-01
  2.3286159e-01
 -6.7253733e-01
 -1.2398394e-01
 -2.9083627e-01
  8.3855373e-01
  6.1753839e-01
 -1.1942129e+00
  5.0878668e-01
 -1.2317535e+00
  2.7055591e-01
  4.4713348e-01
 -5.3210270e-01
  1.7930377e+00
  1.1806325e-03
 -2.6298498e-04
  4.5290578e-02
  3.8057077e-01
  1.1124568e+00
  2.9164646e-04
  7.3852283e-01
 -8.0471946e-04
  1.0285530e+00
  1.8260351e-01
  1.6546717e-03
  1.4698728e-03
 -4.0108613e-03
 -1.2899614e-04
 -9.9681772e-04
 -2.0298688e-04
  6.9865515e-04
  9.9732913e-04
  1.8965076e-03
 -6.5266923e-04
 -1.1847516e-03
 -8.7589660e-04
 -7.0213596e-04
  1.6007343e-03
  1.1248543e-03
 -1.3291289e-05
 -1.7197624e-04
 -3.7143374e-04
 -1.6016397e-01
  1.7442380e-03
 -3.1995383e-04
  2.3094040e-05
 -1.1908220e-04
 -2.1204862e-05
  3.8330446e-03
 -1.4211386e-04
  4.5002886e-04
  1.7259463e-04
 -6.5108346e-05
  5.4995868e-02
  4.0768314e-04
 -2.0776387e-02
 -2.5160669e-04
  3.2929212e-02
 -1.6868938e-04
  1.3907162e-02
  1.4619878e-01
  3.5018497e-03
 -5.1961420e-03
 -3.1497997e-01
 -1.0307635e-04
 -3.2438416e-04
  2.7975453e-02
 -1.8836501e-04
 -1.3494972e-04
 -3.3580693e-03
 -1.3877914e-04
  5.5881683e-05
 -1.6380588e+00
 -8.5123088e-03
  1.6692578e-04
  6.5901477e-05
  1.9583204e-05
  4.3016914e-04
 -2.8471829e-04
 -5.2797276e-04
 -5.0125929e-04
 -4.1370725e-04
 -3.0117357e-04
 -5.3261878e-04
  3.3536497e-01
  1.2221851e+00
 -1.4254571e-01
  6.8228034e-04
 -8.6298473e-03
  1.6436425e-01
  3.8916446e-04
  1.3214390e-01
  3.3924845e-04
  4.3220283e-04
 -8.2588756e-01
 -1.2964483e-01
  4.4242549e-01
 -1.3754572e+00
  8.7159604e-02
 -1.3445124e-05
  1.3210932e-03
 -2.0284958e-04
  5.8781326e-01
  1.6180666e-01
  8.3871430e-04
 -5.2738225e-04
  2.6338210e-03
 -9.9478028e-05
  1.7256972e-04
 -7.9966238e-04
  4.9680285e-04
 -8.1248843e-05
 -6.5035872e-02
 -4.7046127e-04
 -5.1034355e-01
 -8.7030798e-01
 -6.4025992e-01
  2.6927562e+00
 -3.9108077e-01
 -2.3312981e-01
  1.5055142e-01
 -3.7662637e-01
  1.2810440e+00
 -1.5422192e-01
  1.4053674e+00
  9.1974258e-01
 -3.3214092e-01
  2.1888385e+00
 -2.8412813e-01
 -1.7424498e-02
 -4.2118773e-01
  6.0033977e-01
  1.1174799e+00
 -4.0506443e-01
  5.9025645e-01
  1.2513469e-03
  4.8550166e-02
 -7.1308613e-01
  9.4037688e-01
  2.1002583e-04
 -9.6444070e-02
 -5.6670636e-02
  5.0591552e-03
  6.0576468e-04
  4.6366882e-01
 -1.1968029e-01
  2.1646032e-01
 -9.5311552e-01
  2.7062541e-01
 -1.3825434e-01
 -1.8355465e-01
  7.8777814e-01
 -4.0157354e-01
  4.1258910e-01
  1.5208799e-01
 -1.5939467e-04
 -1.1829433e-01
 -1.6495695e+00
  7.2065836e-01
  2.0056350e-04
 -7.2858413e-05
  3.9971728e-04
  1.1627233e+00
  2.4978168e-01
  3.3413377e-04
 -2.0369829e-05
  9.3786936e-04
  2.0944492e-04
  4.1938946e-03
  9.5442861e-02
  2.3358673e-04
  7.5720462e-05
 -1.1262942e-02
  3.8591760e-01
 -7.2187424e-04
  5.6880170e-01
  1.3135611e+00
  5.8369961e-04
 -1.0824952e-02
 -1.5795080e-04
 -1.1990331e-03
 -4.9619848e-01
 -2.2412825e-01
  5.9642768e-01
 -2.8263425e-04
 -1.9962639e-04
 -2.3399202e-04
  5.1918536e-01
  8.2449704e-01
 -6.3250039e-04
  1.0665614e-03
 -2.7720851e-05
 -4.0298790e-01
  2.6451692e-01
  8.3301580e-05
 -9.6030111e-05
  1.3226182e-03
 -6.4135244e-04
  7.3078545e-03
  2.5872482e-04
  9.8570690e-06
 -2.6073016e-04
  1.3040846e-04
 -2.1701720e-05
  8.9340421e-05
 -5.4037443e-04
 -4.9166277e-04
 -4.2737407e-05
  3.4732107e-04
  1.5697150e-03
  1.3312558e-03
  9.8427583e-04
 -2.3170041e-04
  2.1791460e-04
  3.6729293e-04
  1.2428923e-05
 -2.0124468e-04
 -6.0618739e-04
  2.2518022e-04
 -2.3660970e-04
  2.1421388e-04
 -9.2190126e-04
 -1.1194176e-03
 -1.3279481e-04
 -2.5093270e-04
  4.9065991e-04
  1.2281600e-04
 -1.8259708e-04
  4.9785143e-05
 -1.7471047e-03
 -1.2527411e-04
  7.9178229e-05
  1.3770079e-04
 -1.3187589e-04
 -4.5600609e-04
  3.8280466e-01
  6.5480702e-04
  8.0338732e-04
  2.5346337e-04
 -6.3116301e-04
  3.3307977e-03
 -3.4498246e-04
 -2.9025180e-03
 -3.3601499e-01
  1.0572271e-03
  9.0723770e-05
 -4.9417984e-04
  1.5742795e-01
 -1.1400365e-04
 -5.4190867e-04
  1.2797286e-03
  8.0836726e-05
  7.2311437e-01
 -5.0120900e-04
 -1.6917801e-04
  9.3020164e-05
 -4.4848994e-04
 -8.1485568e-04
 -8.2415424e-04
  2.8468267e-04
 -9.3524264e-05
  6.3017476e-04
 -4.9139420e-04
 -1.6931266e-03
 -3.4155181e-04
 -2.0703567e-04
 -7.0971306e-05
 -5.2950595e-04
 -3.0749494e-03
 -2.1726421e-04
 -1.2886131e-04
  4.1321586e-05
 -2.7970196e-04
  3.9229213e-04
  4.0957757e-04
  3.1115316e-04
 -1.1004082e-04
 -1.4378739e-03
  1.6808620e-04
  3.5869591e-05
  9.4222931e-05
  5.0493941e-04
 -4.3833611e-04
 -3.8010082e-03
  2.2984204e-01
  6.6735427e-04
  4.6533259e-04
  2.1592668e-05
 -3.4979133e-05
  5.8104208e-05
  1.8949789e-04
  7.5418578e-04
  6.8155274e-04
 -4.3192591e-05
 -2.6985977e-04
 -4.4409186e-05
  1.3313699e-04
  2.9336981e-04
  2.8825656e-04
  3.3403645e-05
 -6.8329117e-04
 -3.9157542e-04
  5.1937980e-04
  9.3443407e-05
  4.1532546e-04
 -2.0438980e-03
  1.0026650e-03
 -9.4545912e-04
 -1.1982511e-05
  2.3043798e-05
 -3.8737699e-04
 -3.1180211e-04
  7.9730526e-04
 -1.7979086e-05
 -1.7185572e-04
  1.4422194e-03
 -3.8281013e-04
 -3.5112392e-04
  9.9682138e-06
  1.0760953e-04
 -2.5109953e-01
  3.7119287e-04
 -1.3434951e-03
 -5.7834972e-05
 -5.4065713e-05
  9.8143041e-04
 -1.4735154e-02
 -9.7761827e-04
 -7.9456007e-04
  3.3713132e-04
  2.0332205e-04
 -1.0696532e-03
  2.6606626e-04
 -9.6046140e-05
  5.0041574e-04
 -3.1269537e-04
  5.1331259e-03
 -2.1253985e-01
 -2.4102203e-04
  7.1696367e-04
 -2.5079389e-05
  8.3842885e-04
 -1.5300912e-02
  1.1238147e-04
  2.4148668e-04
 -2.7057179e-04
  4.3076320e-04
  9.8776676e-05
  1.5859798e-04
 -9.5951604e-05
  2.2082182e-04
  3.2044158e-04
  3.2180286e-04
 -7.7688797e-05
  2.3743184e+00
  9.0947904e-02
  8.1564081e-01
 -5.4617798e-01
  4.7055596e-01
  4.1077125e-01
  1.0009153e-03
 -1.2563914e+00
  7.6388620e-02
 -4.7219895e-02
  8.7592030e-01
 -1.1759015e-04
  1.7185876e-01
 -1.4186453e+00
  2.0578753e-02
  3.1931484e-01
  8.7342009e-02
  1.7848352e-02
  5.7254481e-04
  1.1830326e+00
  6.3801810e-02
 -4.2391868e-04
  2.5895782e-02
 -1.7175779e-01
  1.4490655e-01
  2.2295020e-03
  3.9898185e-03
  5.4111413e-04
  1.5135886e-04
  2.0146336e-04
  6.2554749e-04
 -1.4843420e+00
  1.5014827e-01
  1.0795664e+00
  2.9059174e-02
  2.0077118e-01
  3.3037074e-02
 -1.0814699e+00
 -1.2210629e+00
  2.0111108e-02
 -1.4914703e+00
  7.6019589e-04
 -9.0349946e-05
  1.7433393e+00
 -6.9312704e-01
 -1.8508655e-01
  1.9907857e-04
 -1.1366793e-01
  9.9116021e-01
 -1.4841724e-02
 -1.0311872e+00
  7.7101540e-05
 -2.7374935e-03
 -1.1895086e-02
  1.2831409e-04
 -1.7603165e-01
  3.4788877e-04
  3.9292008e-04
  1.5415108e-02
 -4.6365145e-01
 -2.4319341e+00
  1.0100865e+00
  1.4679956e+00
  2.8474889e+00
  5.7910532e-01
  4.6137750e-01
  5.8359343e-01
  1.7013170e-01
  3.8903645e-01
 -8.5875058e-01
 -1.4746449e-03
  2.1491003e+00
  2.4731047e-05
  1.8604206e+00
 -6.5618336e-02
  1.1027654e-01
  3.7974417e-01
 -5.4356700e-04
  1.2246944e+00
  1.3142482e+00
 -3.2813370e-04
  6.5059576e-04
 -1.5657103e-03
  3.4302253e-01
 -6.5187189e-05
 -3.5999183e-04
 -2.3680355e-01
  2.8640793e-03
 -4.9631146e-01
 -1.3077096e-04
 -4.0392042e-05
  3.8542104e-01
 -1.0611199e-04
  1.0893520e-03
  3.5904068e-04
 -2.6499259e-04
 -1.0655976e-03
 -1.3453620e-04
  4.7793554e-04
  1.7696634e-03
 -9.2537596e-04
 -2.0256019e-04
 -6.3439336e-04
  1.1765803e-03
 -4.9745400e-02
 -6.0276641e-04
 -3.9066483e-05
  3.9657229e-05
  2.4010721e-04
  6.4947183e-04
  3.7149952e-05
  8.7285662e-05
 -8.3841973e-05
  9.0443573e-05
  4.3614279e-04
  1.4275269e-03
 -2.7421053e-04
 -3.4802369e-04
 -1.2909419e-04
 -2.9789033e-05
 -1.0105357e-01
  6.7515321e-02
 -1.8180266e-04
 -1.4281794e+00
  1.2891748e+00
  1.2245384e-01
 -1.1937938e+00
  1.2201856e-01
  1.2800342e-01
 -2.0356521e-02
 -9.4961256e-02
 -1.3888265e-04
 -2.7706280e-01
  5.1038045e-01
 -1.3363533e-04
  2.2675706e-01
 -1.0317940e-01
  1.7783235e-01
 -1.2758135e+00
  1.6057383e-01
  8.3724078e-04
 -9.8201586e-04
 -5.3181185e-04
  5.8904642e-01
  1.7432669e-01
  4.3536816e-03
 -4.4978864e-05
 -4.9984921e-04
 -1.6756581e-01
  1.3534333e-01
 -6.3394213e-01
 -1.4626800e-01
  6.3751534e-02
 -1.4244737e-01
  3.6068329e-01
 -1.0825849e+00
  4.2684544e-02
  2.9306164e-01
  8.0865234e-01
 -1.5200658e-01
  3.1782040e-01
  1.5420891e+00
  1.1615992e-01
 -7.7204704e-01
 -1.4498977e-01
  5.6152773e-04
  7.6207779e-02
 -9.8536778e-03
  4.5384648e-01
 -4.6197230e-01
  2.6675055e-04
  7.7107316e-04
 -7.8192752e-05
  4.6824950e-01
 -9.7063668e-02
 -8.9300174e-04
 -1.5843536e-01
  3.8811771e-04
  1.5956392e+00
  4.1996198e-05
 -5.7485135e-04
  6.6773966e-04
  1.3935368e-03
 -9.9503587e-04
 -1.0838009e-04
  9.4918914e-06
  2.8036881e-04
 -1.1634439e-04
 -5.9421809e-04
  3.9658698e-04
  4.2112562e-04
  5.8440008e-04
  6.9149514e-04
 -4.5646844e-05
 -3.7959425e-04
  8.0411346e-04
 -2.0292272e-04
  1.2413602e-04
 -8.8223687e-04
 -3.6493680e-04
 -1.9095026e-04
  1.4586769e-04
 -2.3033106e-04
 -1.3318594e-03
 -7.8860212e-05
 -1.3465328e-04
  5.7213558e-05
  6.8092755e-05
 -3.8104813e-04
 -2.7010325e-04
 -1.2586199e-01
 -2.3979931e-04
  3.7261462e-04
  5.8775216e-01
 -4.3951324e-04
 -8.2507841e-02
  2.1288131e-04
  5.5653151e-02
  2.6566049e-01
  7.6237220e-01
  4.4944536e-04
  2.7779827e-01
  6.7678135e-04
  3.5316101e-01
  5.5864686e-04
 -4.7458091e-04
 -1.1623234e-04
 -1.6221163e-03
 -2.9340541e-04
  3.7430992e-04
 -1.4969823e-03
  3.0257556e-04
 -1.2872249e-04
 -3.4607027e-04
 -2.5954454e-03
 -7.4922707e-04
 -6.3132675e-04
  1.5650480e-03
 -2.2715467e-03
 -1.6340553e-05
  1.8191884e-01
 -1.0390632e+00
  8.6763402e-04
  3.3251727e-05
  2.9935630e-04
 -4.3673503e-05
  3.5646238e-04
  7.2461105e-04
  1.3391811e-02
  4.8328492e-01
  2.8308874e-03
 -1.9236246e-05
  3.1524285e-04
  6.7401260e-01
 -7.7534613e-04
 -1.8781028e-04
  1.5405084e-04
 -7.5354491e-04
  3.3349764e-01
 -2.6067489e-01
 -3.6586323e-04
  8.7042652e-05
 -1.6656548e-06
 -6.3587300e-04
 -6.8624417e-05
 -5.6602136e-04
 -3.2463149e-04
 -3.8775920e-07
 -1.4365010e-01
  1.0045442e-04
 -1.8723212e-01
  9.5608413e-01
  2.2644346e-04
  1.0474559e-05
 -1.4025080e-01
 -3.8724008e-01
  1.1852846e-03
 -8.6055428e-01
  8.6058647e-04
  4.1623017e-01
  6.5305106e-02
 -1.1703745e+00
 -2.1969509e-01
  6.0409880e-01
  9.8303694e-01
  1.2377306e+00
  2.7071629e-04
  8.8950771e-01
 -5.4767827e-04
 -6.4167212e-04
  4.2001251e-05
 -4.9465024e-01
 -9.8300499e-01
  3.4180066e-01
  1.2547625e-03
 -3.9041859e-01
 -3.2663631e-01
 -6.6953746e-04
 -5.2411348e-01
  4.3562981e-01
  5.5811805e-01
 -8.4449649e-01
  3.8850479e-02
 -1.8599430e-04
 -8.6512023e-01
 -3.6077315e-01
 -1.8145928e-01
  2.5735693e+00
 -2.1888552e+00
  1.8710079e+00
  5.2808410e-01
 -4.8148260e-01
  4.8626563e-01
  1.8306440e+00
  9.9880195e-01
  4.7158346e-01
  5.1454088e-04
 -3.1745949e-01
  1.3018287e-04
  5.2709224e-06
  2.2863707e-01
  7.8443843e-01
 -6.2603128e-01
 -1.0350273e+00
  2.5990283e-01
  7.8134680e-01
 -8.2424456e-01
 -8.6754203e-02
 -5.9222072e-01
 -6.7786795e-01
 -2.0501409e+00
  6.7122227e-01
  1.8754435e+00
 -6.7052442e-01
  7.6925278e-01
 -8.6841297e-01
 -5.3819323e-01
 -1.4351090e+00
  7.1255875e-01
  3.5015827e-01
  7.3359042e-01
  5.8208574e-02
  4.1742068e-02
  7.9164427e-04
  6.8623036e-02
  1.1808331e-01
 -1.1465324e-01
 -2.9025689e-01
  2.1139941e+00
 -1.9916246e+00
 -4.9678481e-01
  1.7742953e+00
  9.4948256e-01
  8.7043613e-01
  5.7618463e-01
  8.2506007e-01
  6.4429903e-01
 -1.1052169e+00
 -2.8434235e-01
  6.3359791e-01
 -2.4253669e+00
  2.5447839e-01
  5.0591111e-01
 -1.1206323e+00
  1.2131025e+00
 -1.1546487e+00
  2.6444772e-01
  1.4165587e+00
  1.6746906e+00
  2.4440062e-01
 -9.3789577e-02
 -5.6190419e-01
  1.8302195e+00
 -2.0827761e+00
 -2.8182369e-01
  2.5739205e+00
 -1.5926991e+00
 -3.2942116e+00
  1.6001965e+00
  3.4184510e-01
 -1.6307276e+00
  1.1557904e+00
 -9.5200837e-01
  7.0431870e-01
  8.2189053e-01
 -1.3389446e-01
 -4.7709867e-01
  3.3452135e-01
  8.0727421e-02
  1.1412730e+00
 -8.0091625e-01
 -3.7810582e-01
 -5.5274449e-02
 -1.8240656e+00
  1.4128535e+00
 -8.4970021e-01
 -1.6296623e+00
 -1.8411081e-02
 -9.5206052e-02
  4.8460475e-01
 -1.5432184e+00
 -4.2292333e-01
 -1.3224972e+00
  2.3008601e-01
  7.1518660e-01
 -4.2997870e-01
  7.5429946e-02
 -3.2093365e-02
  2.4112654e+00
  5.6594574e-01
  1.3438109e-01
  9.7815394e-01
 -4.6925634e-01
 -3.6690325e-02
  2.1148132e-02
 -4.4700786e-01
 -4.3357964e+00
 -9.9023528e-02
 -1.1216465e+00
  6.3619012e-01
  1.1103054e+00
  4.0134969e-03
  9.3438121e-04
  2.4565725e-04
  1.7257825e-03
 -2.2599339e-01
  1.2049000e+00
 -3.6290512e-05
  5.0274306e-03
 -4.5901470e-05
 -5.6806982e-01
 -6.7691179e-03
  2.3394008e-03
 -4.1073167e-01
 -4.9461681e-01
  4.8027986e-01
 -2.5321989e-04
  3.1145862e-01
 -1.9628321e-01
  8.5535878e-01
  1.0573953e-02
  3.7058243e-01
 -1.2791920e+00
 -1.5410731e+00
  2.5849271e-01
 -1.0456897e+00
  4.9611011e-01
  5.0504893e-01
  1.6041676e-02
  3.4877148e-03
  7.1942941e-03
  8.3682835e-02
  3.2126495e-01
  2.2084773e+00
  1.1193314e+00
  1.9033197e-01
  2.2288660e-02
 -2.6997781e-01
 -3.2878525e-05
  1.4649111e-01
 -2.4745654e-02
 -9.2180473e-01
  1.1581570e+00
  1.3366472e-03
  4.9031791e-01
  6.8942553e-01
 -1.7906499e-01
  1.3293277e-01
  3.1332346e-04
 -6.1000860e-01
 -3.7882004e+00
  2.3654783e-01
  6.7008060e-01
 -2.6098805e-04
 -3.2910743e-01
  1.0412508e-03
 -1.3216478e-01
  1.1589736e+00
  3.8777167e-01
  7.0671159e-01
  1.1812413e-01
  2.1883253e-02
  6.1197555e-01
  1.2619387e+00
  1.7760046e-01
  1.7354951e+00
 -1.9677006e-01
 -1.1247733e+00
 -2.2914109e+00
  2.0253413e+00
  5.7713789e-01
  1.7302307e+00
  5.3597696e-02
 -2.1216416e+00
  5.7342678e-04
 -7.8848350e-01
 -4.2939633e-01
  1.0634485e+00
  9.1131419e-01
  1.6410522e-01
 -4.2784205e-01
 -6.2236816e-01
  4.4386389e-04
 -1.8433941e-04
  3.1638460e-04
 -2.4934468e-01
  6.7286711e-04
  2.9365885e-01
  5.5644097e-04
  1.0974818e-03
 -2.0811507e-01
  8.4377301e-05
  4.5514307e-07
 -2.2021323e-02
  7.4375373e-01
 -1.9806683e-02
 -7.5719535e-01
  3.3555960e-04
 -1.1893174e-03
  2.4463870e-02
 -3.2862328e-04
  7.0458144e-04
 -6.6564145e-04
 -1.4511073e+00
 -1.1646084e+00
 -1.2197115e+00
  3.6846986e-03
  2.1382375e-03
  1.2646145e+00
 -1.0508931e-03
 -5.1319972e-04
  1.0545630e+00
  1.2443427e+00
 -5.6473988e-01
  2.3582535e+00
  4.3083671e-01
 -2.8638824e-04
 -4.4059056e-01
  7.8756612e-04
  2.7055436e-04
 -7.0256223e-03
  6.1677265e-01
  8.9114779e-01
  1.1571178e+00
 -2.9827541e-01
  5.4331356e-01
 -9.4367212e-01
 -7.1612036e-01
  1.2174290e-01
  2.2053151e-01
  1.6413841e+00
  1.1619520e-03
  4.3096021e-01
  2.5184690e-03
 -2.2035690e-01
  7.3123509e-01
  3.3885258e-04
 -1.2090084e-03
  3.1265134e-01
 -2.1734290e+00
 -8.9235801e-01
  2.5327486e-01
  5.4604727e-01
 -3.8772973e-01
  4.8961949e-01
 -1.1820010e-01
  6.7697931e-04
  9.9472031e-02
  2.8682943e-02
  8.1042022e-01
  3.0285138e-01
  1.8285986e-04
  9.4962817e-01
  9.9050277e-01
  1.2376103e+00
  1.3163735e+00
 -1.4732783e+00
  1.0783781e+00
  4.2184901e-01
 -1.6078037e+00
 -8.0298012e-01
  6.1401868e-01
  1.6707579e+00
  7.1668334e-04
  3.2745376e-01
 -1.1127429e-04
  1.8476484e+00
 -3.5511798e-06
 -3.0847635e+00
  7.6288724e-01
  2.1739194e-01
 -1.5513192e-01
  2.3692279e-01
 -2.3255755e-04
 -1.3228545e-01
 -2.4285469e+00
  5.8478218e-01
  9.5287317e-01
 -1.5470307e+00
  4.5365898e-05
  4.9691415e-01
  1.3350706e-01
  1.4520401e+00
 -3.1863350e-02
  2.1218152e+00
  1.5763030e+00
 -9.0206057e-02
  9.9783224e-01
  1.5536268e+00
 -1.3595184e+00
  5.3546868e-05
  4.0976730e-01
 -1.7344934e-04
  7.0555997e-01
  1.2993797e+00
 -1.0997853e+00
  3.3354864e+00
  4.0323097e-01
 -2.2669110e+00
  3.5910612e-01
 -5.6138402e-03
 -1.3494239e+00
 -3.6940935e-01
 -2.5513953e-01
 -1.9989452e+00
 -1.6465113e+00
  1.0430117e+00
 -7.0354635e-01
  9.6870416e-01
  2.7124226e+00
  1.0452414e+00
  1.3330485e-01
  1.1129624e+00
 -3.3767062e-01
 -2.0260229e+00
  3.0222026e-01
  1.1991510e-01
  7.1183394e-04
  2.1672086e-01
 -5.7999241e-01
  1.3319341e+00
 -8.1774765e-01
  3.4759197e-01
 -4.3412641e-01
  6.1099473e-02
 -1.9181997e+00
 -7.6605231e-01
 -6.7669702e-01
 -6.7660272e-01
  1.0694718e+00
  1.3825731e+00
  1.1754680e+00
  1.6297822e+00
  3.0212218e-01
 -1.3767757e-02
 -1.9063256e+00
 -7.4160117e-01
  1.1509420e+00
 -1.5015618e+00
 -1.1915222e+00
 -2.2175890e-01
 -2.5558453e+00
 -3.2139145e-04
 -8.2756326e-02
 -2.1108259e-01
 -1.5188885e-01
  7.2712910e-01
 -9.1503721e-01
 -6.5432076e-04
  1.0719277e+00
 -1.0227323e-01
 -7.6313195e-04
  1.0787430e+00
  7.9175912e-02
  3.7721553e-01
 -1.3244274e-01
  3.6163184e-01
  1.2145803e-01
 -6.2125355e-01
  8.4697753e-01
  5.7476849e-05
 -1.8872300e+00
 -2.1234226e+00
 -6.8127871e-01
  1.4128599e+00
 -8.9970008e-02
 -2.8597097e+00
  1.2968652e+00
 -4.6068889e-01
 -1.5747710e+00
  1.3522825e+00
 -8.2750815e-01
 -4.7128892e-01
 -1.8748014e-01
 -4.6194658e-02
 -7.9347140e-01
  1.0919687e+00
  9.2152190e-01
  2.8206131e-01
  9.5180261e-01
 -1.2720425e+00
  5.1822382e-01
 -1.0710734e-01
  3.2263461e-01
 -4.3276432e-01
 -1.4985933e+00
 -6.9259554e-01
 -9.7541577e-01
  2.9183194e-02
 -1.0024815e+00
 -7.4262178e-01
 -1.2647203e+00
 -1.6662658e+00
 -2.7646449e+00
 -8.8066179e-01
 -1.3611246e+00
 -3.9741442e-01
  1.6461078e+00
 -3.2901645e-01
 -6.3275921e-01
 -4.9998057e-01
 -7.6522160e-01
 -9.5766383e-01
 -1.5446736e+00
  7.0474356e-01
  1.4054047e+00
 -8.4155113e-01
 -3.6874390e-01
 -1.2277894e+00
  1.7446080e+00
 -7.0927680e-01
 -6.1401534e-01
  7.4442869e-01
  1.4237524e+00
  9.2079157e-01
 -1.2022374e+00
  3.1559388e-04
  1.2572879e-05
  5.7121508e-02
  1.0566732e+00
  1.1955015e-05
 -1.9921402e+00
 -8.5175800e-01
 -1.2603977e+00
 -2.6405823e-01
 -8.5565014e-05
  4.6243015e-04
  2.4160999e-04
  8.7143657e-05
 -4.0308537e-04
 -3.4158540e-01
 -4.1784754e-04
 -5.6925488e-01
  9.4278919e-05
 -5.9401797e-04
  3.3105202e-03
  3.3178049e-01
  1.3446586e-01
 -7.8826031e-04
 -3.2085976e-01
  8.1110752e-01
  1.8669412e-01
 -1.8109211e+00
  5.3146452e-04
  6.8843359e-04
  9.6975571e-01
  4.3506694e-01
 -2.9499500e-04
  2.8740880e-01
 -4.7925201e-01
  7.0857787e-01
 -7.9981065e-01
 -1.3381454e-04
  2.9216101e-03
  1.0389375e-01
  2.8854457e-04
  3.0880238e-04
 -1.7575099e+00
  1.5082743e+00
 -1.1266003e-01
 -8.0743128e-01
 -2.0279377e-03
  4.7598154e-05
  4.2211041e-01
  1.2005323e+00
  4.0460354e-06
 -1.3552246e+00
  6.9100940e-01
  9.1742343e-01
 -1.0677651e+00
  2.8343801e-04
 -9.7479766e-05
  9.6014494e-01
 -2.3402533e-04
 -9.8071445e-04
 -1.0811411e-01
  5.7639074e-01
 -1.6294948e+00
 -5.3012538e-01
  4.0366055e-04
 -2.4986980e-04
  1.1982678e+00
  6.5357316e-01
  4.4453586e-04
 -8.6420035e-01
  9.8524451e-02
 -6.3707806e-02
  3.0143216e-01
  5.7521313e-05
  2.1821570e-04
 -1.4562394e-01
  2.7326691e-01
  6.0078123e-04
  4.2131487e-01
  4.7538534e-01
  8.2467055e-01
 -3.9411208e-01
  4.6041576e-04
 -1.0428600e-01
 -1.2672276e+00
  8.0794352e-04
 -1.1420863e-04
  5.1277120e-02
 -1.1144111e+00
  1.2096496e+00
  3.5777980e-01
  4.8535840e-05
 -6.0893939e-04
  2.2680432e-04
 -1.7999952e-04
  7.9649978e-04
 -1.8407714e-03
 -2.9381641e-05
  2.8283206e-01
  1.1237638e-01
 -2.7731506e-04
 -3.0130418e-03
  5.8639818e-04
  6.8508438e-04
  8.1801867e-05
  1.0354450e+00
 -3.7518719e-01
  8.9450645e-01
 -1.4985870e+00
 -7.9150152e-05
  9.4080118e-05
  7.9826534e-01
 -4.9213687e-04
  5.1367504e-04
 -6.5348478e-04
  2.9657012e-01
 -1.2837960e+00
 -4.4060925e-01
  2.1139269e-04
 -1.1643800e-03
  1.8903594e-01
 -3.9304583e-04
  8.6352993e-05
  1.1256813e-01
  7.4905495e-04
  2.0379932e-01
  1.1685318e+00
 -4.0237584e-05
 -7.1744502e-01
 -1.0733949e-01
  3.2715641e-05
 -4.9196807e-04
  1.0194551e+00
  6.2821114e-01
  2.3637495e+00
 -1.0908923e+00
 -1.6200227e-03
  1.4272345e-05
  1.5023354e+00
 -4.7582629e-04
 -2.5471378e-04
 -2.7273092e-01
  6.2662992e-03
  1.2748103e-01
 -3.5180601e-01
 -1.4291308e-03
 -5.6770649e-03
  5.6444593e-02
  1.2144832e-04
  5.8549509e-04
  1.4991608e+00
 -2.0737818e-01
  4.9429381e-01
  9.9043798e-01
  2.1521564e-04
 -7.2992814e-04
 -6.5971792e-01
 -1.8128569e-05
 -9.0727517e-05
 -4.5842671e-01
  2.9441366e-01
 -6.4071292e-01
  4.9865904e-01
  1.0045993e-04
 -1.3760592e-04
  1.1584419e-03
 -9.7777700e-01
 -9.2502531e-05
  5.5296284e-01
 -2.6086581e-01
 -9.1921604e-01
 -7.9452652e-01
  7.4942806e-04
 -3.6122696e-04
  2.1499830e-04
 -1.0226646e-03
 -3.7070501e-04
  2.0226948e+00
  1.1340118e-04
  4.3703578e-05
 -3.4804290e-04
  1.4493735e-04
  4.5641878e-04
  2.6655963e-04
 -6.7366659e-06
 -3.5021419e-04
 -4.6224326e-01
  5.2090389e-01
 -2.0010121e+00
  2.2383241e-01
 -2.3561104e-05
  5.6863035e-05
  4.4641107e-05
 -1.3884902e-01
  7.8874547e-04
 -8.1156865e-02
  5.9209822e-04
  5.0695723e-01
 -6.5590876e-01
  2.0463461e-04
 -7.1416411e-04
  8.0351433e-04
  1.5153401e-01
  1.8461524e-04
 -5.1636440e-01
  5.5533218e-01
 -3.2337883e-01
 -1.7525988e+00
  3.5230350e-05
  6.4538843e-05
  2.1133393e-04
 -7.3452061e-01
  2.4920289e-04
 -3.0563133e-02
  4.4617347e-02
  2.3671202e-01
 -8.8846052e-01
 -6.0487323e-04
  5.1731919e-04
 -1.7572907e-04
  1.8685244e-01
 -1.1975273e-03
  1.5287353e+00
  1.9672649e-01
 -3.6762610e-01
 -1.0195981e+00
 -3.6347959e+00
  7.6936523e-04
 -1.1657260e-04
 -5.4511398e-01
 -1.5911231e-04
  4.9011129e-01
  3.1055802e-01
 -1.2790445e+00
 -1.6592952e+00
  1.0102579e-03
 -1.3212976e-04
  8.4971973e-05
 -3.1521888e-06
 -7.1653078e-05
 -5.1201332e-01
  2.5748250e-01
  9.9668044e-01
 -9.3089855e-01
  6.8673201e-02
  5.7857066e-01
 -9.0033662e-01
 -2.2078770e-01
  1.9627903e-03
  5.5012625e-01
  5.9432316e-01
  9.9597865e-01
 -6.0881943e-01
  6.0431735e-04
  3.3240093e-04
 -9.4740244e-04
 -5.3220559e-05
  6.5235334e-05
 -6.3503641e-01
  1.1784735e-05
  4.5952332e-01
 -1.4797284e-04
  9.5808491e-02
  7.7930647e-01
 -9.2074597e-01
 -1.4130070e-03
 -4.6620145e-04
 -1.1731185e+00
  1.9903331e-01
 -8.7860477e-01
 -8.1490439e-01
 -8.0534292e-04
  2.1571547e-03
 -7.9031020e-01
 -1.9910572e-04
 -2.6225456e-04
  1.0102525e+00
 -1.5512812e-01
  9.7235930e-01
  9.2527097e-01
  3.5465170e-02
  6.3695401e-01
  4.4379196e-01
 -3.6852686e-03
  5.8851030e-04
  1.7240024e-03
  8.7449497e-01
  3.5297939e-01
  1.7575575e-01
  5.7413522e-04
 -6.6862768e-04
  6.1034925e-02
 -4.3452955e-03
  1.9945833e-04
 -2.1259904e+00
 -2.1714449e-01
  2.0095923e+00
 -6.0096568e-01
  5.6019076e-03
  3.0023597e-02
 -1.7155977e-02
  4.6479635e-04
  5.7160370e-05
 -1.8626752e+00
  2.9862180e-01
  1.2812833e+00
 -2.6260710e-01
  6.2637832e-06
  3.3601657e-01
 -9.2925417e-01
 -2.6569995e-03
 -2.8205532e-04
 -6.3255422e-02
  5.3653872e-01
  7.2861768e-02
  3.3630168e-01
  1.3225914e-03
  2.1370552e-02
 -4.2279309e-01
 -3.7984473e-01
  2.4035112e-04
 -4.6282873e-01
  6.1791897e-01
 -3.6362076e-01
 -1.2802872e-01
 -1.7588794e-04
 -1.8085606e-03
 -7.3914087e-01
  6.8132833e-02
 -5.5152603e-04
 -8.7497586e-01
  1.0504963e+00
  8.9996850e-01
 -4.1982627e-01
 -5.0868018e-04
  9.6156567e-05
 -1.4681467e-04
 -4.2973737e-05
 -5.7861886e-05
 -1.4942492e-03
  9.0986979e-01
 -2.6051195e+00
 -3.9640718e-04
  1.3832519e-03
 -1.6071333e-03
 -1.8547853e+00
  2.8361686e-02
 -6.1481266e-04
 -2.2745171e-01
 -1.1869363e-01
  3.9460665e-01
  8.1639993e-01
 -8.7773940e-04
 -3.0003430e-05
 -3.8836501e-04
 -4.8884697e-04
 -3.9491610e-04
 -6.7607629e-01
  1.1364189e+00
 -2.2101381e-01
 -5.3744471e-01
 -2.3173452e-03
  6.0295087e-04
 -5.1628131e-01
  2.9238605e-01
 -1.0051402e-03
 -3.6553958e-01
 -7.8326565e-01
 -5.1562339e-01
  4.4447252e-01
 -2.3654837e-04
 -7.8088971e-04
  2.6090384e-02
 -1.8500487e-04
  3.4317281e-04
  8.4474468e-01
  2.0607665e-01
  6.2402564e-01
  2.1796376e-01
 -9.3226117e-05
 -1.0406787e-03
 -4.4594327e-04
  2.5159182e-04
 -5.4529170e-04
 -1.7791500e-02
  1.9337791e+00
 -1.7467207e+00
  6.5069807e-01
 -8.4731946e-06
  6.9026442e-05
 -2.7982405e-01
  7.6840843e-05
  2.6601969e-04
 -4.3497555e-02
 -2.7356729e-01
  6.4447480e-01
 -5.6721199e-01
 -3.6979493e-04
 -2.0979247e-03
 -7.4521387e-01
  1.8368001e-04
 -9.1083144e-04
  1.1120220e+00
  3.5749543e-01
 -6.5664339e-01
 -8.4079802e-01
  1.2413758e-02
  1.2413758e-02
  1.2413758e-02
  1.2413758e-02
  1.2413758e-02
  6.7241365e-01
  6.7241365e-01
  6.7241365e-01
  6.7241365e-01
  6.7241365e-01
  1.4738771e-01
  1.4738771e-01
  1.4738771e-01
  1.4738771e-01
  1.4738771e-01
  1.0924964e-01
  1.0924964e-01
  1.0924964e-01
  1.0924964e-01
  1.0924964e-01
  1.6452778e-02
  1.6452778e-02
  1.6452778e-02
  1.6452778e-02
  1.6452778e-02
  1.8038879e-01
  1.8038879e-01
  1.8038879e-01
  1.8038879e-01
  1.8038879e-01
