nep4 3 Ba Zr S 
cutoff 8 4 150 20
n_max 4 4
basis_size 8 8
l_max 4 2 0
ANN 30 0
  3.4078500e-06
  2.3104922e-06
  5.4685947e-06
  4.4948865e-06
 -5.6308290e-06
  3.6630468e-06
  1.9569279e-06
 -2.9052496e-06
  3.7925245e-05
  7.9939508e-07
 -9.7723860e-06
 -1.7213193e-05
 -5.8265573e-06
  2.2933435e-05
 -1.6736778e-06
  8.4091625e-06
 -8.1110484e-06
  3.1833451e-07
  2.1633380e-06
 -2.0764268e-05
  1.2185683e-06
  1.3429587e-05
 -2.3525936e-06
  1.4073422e-04
  4.4423598e-07
 -8.3194091e-06
  1.9523464e-05
 -4.3653994e-08
  1.1833087e-06
  2.1995593e-05
  4.2606983e-02
 -1.8551458e-06
  2.0331713e-06
  3.2921409e-06
 -4.8713475e-02
  6.8271183e-04
  9.5275915e-05
 -6.3189567e-05
  1.0858527e-04
  3.8130569e-01
  7.3119186e-02
 -1.5858354e-06
 -9.0663279e-06
  6.6320340e-06
  3.2373800e-04
  1.2943623e-05
  4.3875085e-07
  1.8605276e-06
  1.4535938e-02
 -7.2046123e-02
 -8.0010896e-06
 -1.7027751e-06
 -2.0010782e-05
  1.2084898e-01
  7.8873545e-06
  2.5526349e-05
 -2.7208355e-06
  2.2225449e-07
  4.6607711e-06
 -1.3967117e-05
 -5.0457561e-04
 -1.5225260e-04
 -3.4412817e-04
 -1.2511558e-05
  5.8531286e-06
  6.3673947e-06
 -3.0243671e-05
 -1.7678265e-06
  4.4274631e-05
  1.3778640e-06
  2.3628691e-05
  1.8710485e-05
  2.9960013e-06
  2.2138825e-06
  2.5953564e-06
  1.1528912e-05
 -5.0722324e-06
 -4.0972791e-05
 -2.5533245e-06
 -2.5209656e-06
  6.6961625e-06
 -7.5640160e-06
 -3.8939656e-04
  3.2093549e-06
  6.0520747e-06
 -4.0515110e-06
 -1.7802940e-06
  3.8227136e-06
 -2.4834897e-06
 -3.9938524e-05
  2.2119406e-01
  4.4813223e-06
 -9.1470974e-06
 -1.1032025e-06
 -1.6336983e-01
  2.2310902e-01
  9.4209390e-05
  6.0459834e-06
 -9.7797461e-02
  6.6120294e-04
  3.9598144e-05
  4.1135936e-06
  4.4530275e-06
 -3.2035183e-05
 -1.4816359e-06
  3.1704167e-05
  1.6017570e-05
  1.2687732e-05
  4.7342470e-05
  3.2447522e-06
  1.3074330e-06
 -1.3864200e-06
  2.1487875e-07
  8.4227340e-06
  4.3066980e-06
 -5.5036317e-06
  6.3875859e-07
  2.9236287e-05
 -2.4256271e-06
 -2.2263301e-04
  5.7961283e-06
  5.1370184e-06
  4.9566777e-05
  7.0128572e-06
 -4.6944469e-06
  3.7016068e-06
  1.2138810e-06
 -1.3917236e-05
 -5.8045421e-06
 -5.1996622e-06
  1.9451943e-06
  8.2013994e-06
 -3.0458015e-05
 -1.4800526e-05
 -7.2621938e-06
 -1.1023720e-06
  4.0506447e-06
 -1.1269824e-05
  5.1690546e-07
  1.8463606e-06
  5.1590778e-06
  6.0155830e-06
  6.9761660e-07
  1.7603420e-06
 -1.8848978e-06
  1.3234926e-06
  6.9819038e-07
 -2.1777003e-05
  1.2567473e-06
 -4.0802174e-06
  3.6278043e-06
  1.2376556e-05
 -1.4613370e-05
 -3.4236639e-06
 -4.0908559e-05
  4.4375424e-06
 -4.9550312e-07
 -6.0908210e-06
  4.2552285e-05
  7.6518663e-06
 -2.5346492e-06
  1.4384897e-05
 -1.6425201e-05
  1.4694672e-06
  1.2702726e-06
 -5.5563451e-06
 -9.1678130e-06
  4.0076757e-05
  2.0943173e-06
 -1.4362663e-05
  2.1700246e-06
  1.2587877e-06
 -7.8333160e-06
  1.3249344e-04
 -1.8426502e-04
 -1.4890304e-06
  8.7981007e-06
  1.0935828e-04
 -3.5707752e-05
 -1.1679228e-06
 -1.4091953e+00
  9.9918634e-07
  5.4606826e-06
 -4.8032090e-01
  1.5855129e+00
  9.8795845e-06
 -1.2369424e-05
 -9.5762953e-05
  1.7475465e-03
 -2.4339221e-04
 -3.2785378e-02
  4.7664676e-06
  1.3272307e-06
 -1.9937655e-04
 -5.9543049e-06
 -3.5854970e-04
  3.7938810e-07
 -2.2244024e-06
 -3.5607344e-03
  4.8583206e-02
 -2.8023594e-05
  9.4192847e-06
 -8.3754576e-06
 -7.8700371e-02
 -1.0849712e-04
 -9.7630573e-06
 -1.1533573e-05
  1.0715260e-06
  5.7590019e-05
  1.0519827e-05
 -7.5252259e-01
 -3.3772388e-03
 -8.7619454e-05
 -6.2289625e-02
  7.7564055e-01
 -1.6729282e-02
  6.4280571e-06
  6.7870346e-06
  1.1389719e-04
 -1.9995722e-01
 -1.0481826e-01
 -7.2998905e-06
 -1.0259009e-05
 -2.1404766e-02
  4.2856714e-06
 -9.3898907e-02
  3.4633190e-06
 -6.7862186e-07
 -2.2101540e-02
  7.9549134e-02
 -2.8771409e-04
  1.0444070e-04
  1.7463075e-05
 -1.6563258e-01
 -2.5947943e-02
  2.7877408e-07
  1.6629097e-06
  3.7044647e-06
  1.1532200e-05
  9.3842909e-06
  2.3814967e-02
  8.8597144e-06
 -2.5042538e-05
 -5.3549211e-06
  6.7370049e-05
  4.0839888e-05
  2.8030693e-06
  1.3021642e-05
  1.0572349e-04
  7.6525086e-03
  1.4506973e-05
 -2.1891381e-06
  8.2606675e-07
  1.0118366e-06
 -4.3131316e-05
  8.5044030e-06
 -7.8056473e-06
  6.8033487e-06
  9.2863396e-05
 -3.9252671e-05
  8.5352702e-05
  5.2676396e-06
  3.3187298e-05
  7.3710951e-05
 -2.5623738e-05
 -4.0911254e-06
 -4.0949349e-06
  3.1271252e-06
  1.2578345e-06
 -2.9164536e-07
  1.2490383e-02
  9.0449039e-06
 -2.4329027e-05
 -5.3680469e-06
  3.8081130e-06
  4.4797987e-04
  6.2294444e-04
 -2.3278731e-06
  1.4003273e-02
  4.6918523e-03
 -3.8377462e-07
  2.0929338e-06
  1.6840329e-06
 -1.2711523e-06
  2.4955475e-04
  4.0248383e-07
  2.5019119e-05
 -4.7644895e-07
 -4.1752643e-05
 -1.2935090e-04
  6.0120997e-06
  1.2502002e-05
  7.6974453e-07
  7.3902876e-05
  1.1769474e-05
  1.1500479e-05
 -9.9749996e-06
 -2.9489959e-06
 -1.2528566e-04
 -2.2952634e-04
 -4.0181899e-01
 -2.4924009e-06
  1.3128599e-06
 -4.7664466e-06
  1.4219013e-05
 -2.4460735e-06
 -6.9972089e-06
  8.3492870e-07
  1.3333475e-06
 -1.6258997e-01
 -5.9542945e-06
  9.2402133e-06
  1.1801545e-06
  1.7614329e-06
  9.4346360e-06
 -8.3003128e-05
  4.1616659e-06
 -1.5709170e-06
 -5.5599707e-05
  8.0468826e-04
  4.7009864e-05
 -3.0726193e-07
  1.5425112e-06
 -3.3551805e-05
  4.5146721e-06
  9.0904441e-06
 -2.2734498e-06
  2.6979969e-06
 -1.0122519e-06
 -4.5547636e-06
 -1.8109338e-04
 -1.9951678e-05
 -1.2661617e-05
  1.5247790e-05
 -8.0693237e-05
  8.8420381e-07
 -2.0289713e-06
 -1.3030975e-04
  4.2076208e-06
  7.0633945e-07
  1.8478081e-06
  2.7286021e-06
 -2.5649068e-05
  2.5097038e-06
  2.5535210e-05
 -1.9554520e-05
 -1.6598252e-06
  4.4294407e-06
 -6.8129671e-06
 -2.8135644e-06
  1.5147772e-06
  8.6830787e-06
 -6.0731986e-06
  1.8338333e-06
  1.1093385e-05
 -1.4853724e-05
 -2.8059462e-06
  2.0312780e-07
 -3.7695233e-07
 -2.7675831e-04
  7.6738288e-06
 -1.8263942e-06
 -1.1517194e-05
 -3.6960897e-05
 -7.4690965e-06
 -6.3862567e-06
  2.4732601e-05
  1.2616107e-05
 -3.0333696e-05
  1.2603338e-06
  6.0912103e-06
  3.4808609e-01
 -3.0687343e-06
 -3.4294401e-06
 -9.3724539e-06
 -8.7838816e-06
 -2.9519773e-05
  6.7654951e-06
  5.3637297e-05
 -1.5905977e-06
  2.0966574e-05
 -1.6838373e-04
  6.5840541e-06
  2.7879357e-06
 -8.7009306e-07
  2.8374197e-06
  4.1352268e-06
  3.3942913e-06
 -4.8317197e-06
  2.7010842e-06
 -3.4315406e-06
 -8.0910941e-06
  9.2326045e-06
 -1.9625331e-05
 -2.1484263e-06
  1.5693491e-04
 -9.7100940e-07
 -1.3363093e-06
 -1.2635974e-08
  6.5531474e-08
  7.1986960e-06
 -2.8287809e-06
 -2.9169618e-05
  6.9631897e-05
 -2.6065722e-04
 -1.8563220e-05
  8.8631223e-06
 -9.2065011e-07
 -9.7466573e-06
 -1.2252755e-04
 -1.5785750e-05
  4.7649979e-07
  2.1350346e-05
 -8.2078077e-07
  6.9961766e-06
  1.1349977e-05
  5.5697410e-07
 -4.7151778e-07
 -9.8283215e-07
  2.9361613e-06
  2.9911134e-01
  7.6666135e-01
  4.2497102e-02
 -6.3831240e-01
 -8.5032463e-01
  5.7017767e-01
  1.0936740e-04
 -5.4919747e-06
 -9.3152040e-01
  1.4492767e-02
  3.1301302e-01
 -1.5754498e-05
 -3.4015598e-06
 -2.6054737e-01
 -3.0666008e-04
  1.6732965e-01
 -7.2359916e-07
  3.2882049e-04
  1.3523386e-03
 -3.4638476e-01
  2.4833196e-01
  1.3481937e-05
  3.8878734e-05
  7.1652371e-01
  2.3997259e-01
  3.1331294e-06
 -1.1882510e-06
 -2.3663786e-06
 -5.9668042e-02
 -6.1114684e-02
 -3.1827083e-05
  9.1812442e-05
  2.7979420e-06
 -5.7963912e-06
  3.3153726e-06
 -5.0751310e-05
  6.8475729e-06
  8.6316930e-07
 -5.4207330e-06
  2.0105188e-06
 -1.0441378e-06
 -1.3213491e-06
  8.2236807e-07
 -3.7267646e-06
  1.7922629e-04
  9.7948043e-07
 -1.4192651e-07
  6.7153909e-05
  7.0618116e-05
 -1.0795502e-05
 -7.3302313e-06
 -2.0417672e-06
 -1.0847951e-05
  9.3099443e-06
  1.0265525e-05
 -1.0942857e-05
 -1.0356524e-05
 -3.2535925e-06
 -2.0324340e-05
  1.6250510e-06
 -7.8439039e-01
 -4.7703433e-01
  3.7231525e-06
  1.7463113e-07
  2.6645102e-05
 -1.0871285e+00
 -5.8921626e-07
 -1.2049683e-06
 -6.9288529e-02
 -1.0771809e-01
 -1.4964572e-01
 -3.8814073e-06
 -1.0854052e-05
 -2.8220182e-05
  8.5819693e-06
 -6.1261926e-02
 -2.3238636e-06
 -1.3607838e-06
 -5.4113287e-02
  4.9892526e-02
 -4.1258167e-02
  6.7171518e-06
 -6.9630396e-06
 -2.9737002e-01
 -2.7112229e-02
 -5.9761194e-05
 -1.2470574e-06
 -1.2317267e-05
  9.3777373e-05
 -1.6527762e-05
 -5.5517166e-06
 -3.9220131e-06
  8.2578190e-06
 -4.3593984e-05
  4.9791324e-06
 -3.4467612e-05
 -1.1144763e-05
  5.4977259e-06
 -6.1157916e-06
 -2.0407613e-06
  3.7841022e-05
  6.2188587e-07
 -3.2905937e-06
  4.8097326e-07
 -1.4488214e-05
  4.1643311e-06
 -3.4690133e-06
 -5.8087534e-07
  1.2016204e-03
 -2.8073230e-06
 -1.7078553e-05
 -2.2494153e-04
 -8.7073981e-04
 -4.3607556e-06
 -3.1130637e-06
  5.1057291e-06
  1.9073776e-05
 -6.7713868e-06
  4.7662279e-06
  1.3434010e-06
  4.4558188e-01
 -2.1798505e-02
 -1.8955705e-01
  2.6702399e+00
 -2.8197544e+00
  1.0902467e-01
 -1.3822863e-06
 -6.9868902e-06
 -2.0898785e-03
  2.3747626e-01
  1.3812882e-01
  9.0014355e-06
 -3.2260013e-07
  2.2158987e-05
  1.6977957e-02
  4.6027351e-02
  2.5845063e-06
 -1.1374688e-06
  5.0954204e-05
 -1.1752461e-04
  1.4044473e-01
  1.4976183e-06
  1.5677077e-07
  4.2510581e-01
  7.5430498e-02
  1.1433270e-06
  2.7131789e-06
  6.9937528e-07
 -2.2867076e-04
  9.7272532e-05
 -2.9762030e+00
 -5.8889065e-02
  1.2173208e+00
  2.2101290e+00
  4.9625844e-01
  3.5222393e-01
  4.9487098e-06
 -1.7180935e-06
  4.1188103e-01
  1.8932886e-01
 -3.5607672e-01
  4.3086302e-06
 -1.1248061e-05
  9.6845757e-03
  4.4951837e-05
 -1.4279668e-01
 -4.1411004e-05
 -1.0698944e-06
 -2.4632549e-02
  2.4870406e-01
 -1.2280124e-01
  5.3520273e-07
 -5.7548136e-06
 -4.7429588e-01
 -1.4437687e-01
 -1.1623256e-05
 -6.7486915e-05
  7.1818276e-06
  3.5059620e-02
  6.0539590e-03
  5.4451276e-04
 -2.7838387e-06
  1.6657939e-05
 -9.0351687e-06
 -1.2671932e-05
  1.9846580e-05
  6.9310049e-06
  6.7831920e-06
 -3.4453615e-07
  8.7030030e-06
 -1.2883787e-05
  1.6352978e-06
 -6.2247650e-06
 -4.0975729e-06
 -9.2857528e-07
 -6.9071925e-06
 -3.9221341e-06
  4.8542393e-07
 -5.0770637e-07
  6.6983313e-07
  2.6736062e-04
  6.8615027e-06
  4.1762073e-04
  4.7238814e-06
 -6.3217485e-06
  9.8472710e-06
  1.6025498e-06
  3.6667439e-07
 -4.8161775e-05
  5.6312124e-06
 -1.5042855e-05
 -1.3807443e-06
  1.2454637e-05
  5.4413622e-06
  8.4799021e-06
 -5.5126916e-06
 -3.6855323e-07
 -1.7374317e-05
 -2.2610611e-05
  2.3142129e-06
  2.4528899e-05
 -6.2317878e-07
  4.2075449e-06
 -2.8065992e-07
 -3.7377313e-06
 -9.7375832e-06
  4.6876636e-07
  4.2586662e-06
  2.3671371e-06
 -1.3940684e-06
  5.3286825e-05
  3.5715496e-07
  1.0973395e-05
 -3.9257488e-06
  2.6545663e-08
 -1.4599153e-06
 -9.7734792e-06
  4.0899620e-05
  3.0861329e-06
 -5.8950257e-04
  4.1581461e-06
 -1.2100517e-05
  7.5506164e-06
  1.3590787e-04
 -6.4147229e-05
 -8.0072405e-06
  2.6072614e-06
 -1.7862205e-05
 -5.3858093e-06
 -1.1622293e-05
  4.4250064e-06
 -5.4124712e-06
  9.6159029e-06
 -1.4179030e-04
 -3.3433174e-05
  7.3948891e-06
  4.8311254e-06
 -2.0930891e-06
  6.1965784e-07
  5.0526347e-07
 -4.2579068e-05
 -2.8670891e-06
 -7.8057543e-05
 -1.9384234e-07
 -7.9384656e-05
 -9.3979914e-08
 -1.5433649e-04
  3.0098395e-06
 -1.8211955e-05
  4.8866455e-06
 -7.8719443e-01
 -8.4332013e-01
 -7.8610852e-02
  1.8347440e+00
 -9.0335202e-01
 -1.4291682e-02
 -1.1386746e-06
 -8.5420779e-06
 -1.0751371e-02
 -6.2360421e-02
 -1.2976012e-01
  8.9042442e-06
  1.2392434e-06
  3.4471473e-04
  1.2559105e-04
 -1.2041098e-01
 -4.1666532e-05
  5.4284965e-06
 -5.9615058e-01
  1.5040432e-01
 -1.0065547e-02
  1.6205282e-05
  5.1754109e-06
 -3.2216907e-01
 -3.2944508e-02
 -6.7953106e-06
  1.1008482e-06
 -7.4850118e-07
  7.9499482e-04
  1.2952130e-05
 -1.0987062e-05
  1.2060350e-05
 -5.0580161e-06
 -1.5981075e-06
 -7.4990717e-06
  2.1819242e-05
  1.2045623e-06
  1.0166347e-08
  9.1277627e-07
 -5.2984468e-08
  1.6527882e-04
 -1.4464787e-05
  3.2999069e-06
  2.4670266e-05
  5.2093263e-05
 -4.3481222e-07
  7.3178703e-06
  3.4606376e-07
 -7.3447009e-06
  4.2716306e-06
 -1.8507787e-06
  8.2473824e-05
 -5.3868253e-06
  2.9638527e-06
 -9.2612487e-07
  2.2340037e-06
 -5.6252657e-06
 -8.0359911e-07
 -2.1052265e-06
  7.0149349e-07
 -5.6586941e-05
 -5.0940891e-03
  8.6822110e-06
 -1.0880436e-04
 -6.2537033e-06
 -5.3562071e-02
  9.1806561e-07
 -2.5368377e-06
 -2.0657582e-05
 -1.6921911e-01
 -1.3110313e-05
 -5.3062940e-06
  2.9080134e-06
 -1.0687226e-05
  1.6703556e-06
 -6.7169027e-04
 -6.5648345e-07
 -5.3858148e-05
 -1.1032364e-05
  1.3189456e-04
 -3.6154890e-07
 -6.9785325e-05
  5.1514684e-07
 -3.6867987e-06
 -2.3038053e-08
  3.0448009e-06
 -6.7577398e-06
  1.3847261e-04
  9.3322906e-06
 -1.6984786e-06
  1.4011841e-03
  6.6590604e-07
 -2.2596769e-06
  5.3172234e-06
 -1.3352416e-06
  3.7855902e-05
  2.8513743e-06
  5.1508014e-08
  1.4866051e-05
  1.3197639e-03
 -3.9498295e-06
  1.5088540e-06
 -9.4386942e-06
 -9.8182527e-06
 -5.0648810e-05
  4.8800037e-05
 -1.8406266e-05
 -1.5101851e-06
  6.3340517e-06
 -9.5349351e-06
  8.2595707e-06
  3.7568982e-04
  3.3196191e-06
 -1.8018756e-05
  6.5257598e-04
  3.4848492e-06
  1.2337160e-06
 -1.3735322e-06
  4.9501512e-05
  1.2555491e-06
 -4.4775665e-01
 -4.0802024e-02
  2.1461617e-06
 -1.0834802e-06
  5.4397993e-02
 -4.1013394e-02
 -1.4254330e-06
  9.6730600e-06
  1.0801264e-06
 -2.2647294e-01
 -1.3985801e-04
  9.5375492e-07
 -2.6219818e-06
  6.9189059e-06
 -2.1316275e-06
 -3.6482095e-05
 -3.8803951e-06
  1.3194159e-04
 -2.1486332e-01
  3.7174017e-04
 -5.3034653e-04
 -1.5147941e-06
 -1.0371518e-06
 -1.6493781e-01
 -5.1443437e-03
 -1.2958876e-07
 -8.4001215e-07
  2.4964227e-06
  1.9419377e-04
  1.7515096e-03
 -2.1453843e-01
 -7.1583563e-06
 -1.3027327e-05
 -1.4447106e-06
 -1.3562814e-04
 -3.3789169e-05
  4.6835435e-06
  1.3493054e-06
 -1.9535724e-04
 -5.0869174e-02
  7.4691918e-05
  6.8836169e-07
 -4.1236184e-05
 -1.2851266e-06
 -9.5795212e-06
 -3.9877403e-05
  8.1303515e-06
  8.0769439e-07
  1.5912723e-05
  4.3951281e-06
  1.5426508e-06
 -4.6700967e-05
  2.1779601e-06
 -1.1379831e-03
 -4.4846867e-05
 -4.0025966e-06
 -1.2979747e-05
  1.3982835e-06
  1.0391234e-05
 -9.2072529e-05
  6.2949844e-02
 -6.3762095e-06
 -3.4652323e-05
  5.8641217e-06
 -1.2170496e-05
  1.1477369e-02
 -2.4476385e-06
  2.0014679e-05
  4.6371890e-05
  1.8116249e-02
  2.9013997e-03
  3.9680422e-06
 -7.2092289e-06
  1.5008357e-05
 -2.1304047e-06
  1.7828028e-06
 -9.8467331e-07
 -3.8195685e-06
 -3.2964363e-07
 -2.8747123e-05
  1.2353545e-06
  1.0961436e-06
 -3.1151621e-06
  1.8654719e-04
  2.5773194e-05
 -7.1485556e-07
 -1.3154277e-06
  8.5766788e-04
 -4.2011475e-06
 -7.0963561e-06
  5.0725375e-06
  1.2457252e-01
  6.7477656e-04
 -9.2412969e-03
  1.7579495e-04
  1.5108028e-06
 -3.1246248e-01
 -3.2709619e-01
 -7.7028251e-01
  1.1439960e+00
  1.4681478e-06
 -7.9482146e-07
 -7.2825846e-05
 -9.0407004e-10
 -2.7653050e-01
  2.3273622e-05
  1.0196543e-01
  1.7185188e-05
  7.8512698e-01
 -4.4012807e-02
  5.7165283e-01
 -6.1092396e-07
  6.4306987e-06
 -3.4188208e-01
 -7.1352006e-06
 -2.2369657e-06
  4.7307235e-01
 -8.6699627e-02
  3.3687130e-02
  4.5717171e-01
 -2.7909332e-08
  5.2651912e-01
  1.6110182e-06
  4.9980661e-01
  2.2951658e-06
  1.5023934e-05
 -1.3999183e+00
 -1.3562309e+00
  1.3717291e+00
  1.6309742e+00
 -1.5000734e-01
 -8.0127807e-05
 -5.6556432e-06
 -9.9739545e-06
  2.4834096e+00
 -1.6606573e-05
 -1.2686465e+00
 -1.3868357e-06
  2.5620446e+00
 -3.1682358e+00
  3.8047794e-01
  6.7612100e-06
  5.8466585e-06
 -1.7472773e+00
 -4.1470612e-06
 -2.4253464e-01
  4.7604421e-01
 -9.3108624e-01
 -4.9352399e-01
  8.2780427e-01
 -1.0225342e-05
  1.1608716e-04
 -3.0373907e-05
 -8.5909051e-06
 -8.8988309e-06
  5.1243343e-05
  6.5821719e-06
  1.8849061e-05
  5.5544042e-06
  3.6842015e-05
  1.0944261e-06
 -1.2293423e-05
  5.4753978e-05
 -5.1538918e-06
 -1.0370869e-04
  5.2409205e-06
  4.8109127e-06
  1.6124151e-05
  1.5433630e-05
  1.0041113e-05
  1.2349435e-03
  7.8420735e-06
  1.1523393e-05
 -5.0462027e-06
 -4.5173958e-05
 -1.9833323e-04
  5.6306817e-06
 -1.7775363e-05
  5.9086715e-06
 -5.3722270e-06
 -2.9786155e-01
  1.5416495e+00
  2.1882184e+00
 -5.6526937e+00
  2.7401943e+00
 -3.4324253e-01
 -2.3802759e-01
 -9.1618426e-02
  5.1416311e-02
 -2.3004472e-02
 -2.6633108e-01
 -4.4393007e-02
  1.3409658e-01
  1.0412378e+00
 -3.6620186e-05
 -2.6092079e-01
 -2.5791693e-01
 -2.3352142e-01
  2.5362971e-01
 -1.7066458e-01
 -9.5262729e-02
  1.0773553e-01
 -6.8031770e-01
  4.6989322e-03
 -3.6692303e-03
  2.7093194e-02
 -4.8415476e-04
 -2.2365894e-05
  6.2964209e-05
  1.5589667e-07
  1.0697585e+00
 -2.0044132e-01
  2.3902115e-01
 -4.4165605e-01
 -3.3819011e-01
 -9.9892193e-04
  1.8410689e-01
  4.1044705e-02
  1.3925628e-06
 -3.2077022e-02
 -4.1342304e-05
 -4.1329469e-05
 -8.9051891e-06
 -1.6664742e-01
  1.3895187e-05
  1.2572908e-01
  1.1308955e-04
 -1.9251690e-03
 -1.3412848e-02
 -3.8715061e-05
  5.6407326e-01
 -1.0766310e-06
 -1.0793126e-05
  5.3979609e-02
 -9.9909846e-07
  9.8799410e-07
 -2.3237786e-05
 -1.7543935e-05
  6.0094579e-05
 -1.2050346e-06
 -9.8132208e-02
  3.4276924e-01
 -2.1137053e-01
  2.4201421e-02
 -1.1190073e-01
  1.2787228e+00
 -1.3033733e-05
  2.2000025e-04
  4.8835370e-01
 -9.1853952e-05
  6.3155693e-01
  9.9855006e-02
  1.6633750e-05
 -5.3179615e-06
  2.6215541e-05
  3.8335213e-01
  2.3360647e-02
  1.1838717e-02
  5.2260727e-01
  1.9599426e-07
  3.5110079e-03
 -4.6691301e-05
  1.3816706e-05
 -1.2819041e-01
 -5.7456555e-06
 -1.9545507e-05
 -2.3181916e-05
 -5.9230833e-06
  3.7936795e-06
 -5.1844425e-05
 -1.0017292e+00
 -1.1022526e+00
  1.5892249e+00
 -4.1467509e-01
  4.0467569e-01
  2.2477126e-01
  1.4964201e-02
 -7.2154021e-01
  1.6644592e-03
 -2.6039302e-03
 -1.7915272e-04
 -9.5260054e-02
 -5.4977955e-03
 -5.7342225e-01
  8.8046681e-06
  7.8004971e-02
 -1.4954039e-05
 -6.8399450e-03
  3.4359583e-01
 -7.8818128e-02
 -1.5598133e-01
 -1.0120036e-05
  6.1936480e-06
 -5.9328049e-01
  1.5339465e-05
  4.0940733e-05
  3.5674871e-05
  1.3951490e-05
 -2.7014778e-05
  2.4147262e-06
 -1.5613732e+00
  3.5883625e+00
  7.6425701e-02
 -8.8349134e-01
  2.4714363e-01
 -1.5351894e-01
  1.0734716e-01
 -1.5992378e-01
 -2.0599329e-01
  7.9752064e-01
  8.3141667e-01
  7.5627834e-01
  6.2560129e-01
 -1.3744899e-04
  3.3963909e-03
  1.9773118e-02
  6.1058700e-01
  2.6514569e-01
 -3.6679992e-01
  3.0342016e-01
  1.9222739e-01
 -1.9886911e-01
  1.9763813e+00
  3.3640677e-01
  1.7910872e-01
  2.2637039e-07
  2.8122007e-05
  6.3015714e-06
  2.4446450e-05
 -1.4905632e-05
 -4.4853243e-01
 -5.1849014e-01
 -4.7895786e-01
 -4.7741353e-04
  2.5902903e-02
  6.8313780e-06
 -4.6766618e-05
  4.8847238e-07
  3.9383437e-02
 -4.6460787e-04
 -5.9979648e-05
 -1.3017491e-02
 -2.9952896e-06
 -8.9351952e-06
 -7.3867818e-06
 -7.6188834e-04
 -4.1924948e-05
 -7.6900187e-06
 -3.8922220e-02
 -1.1849336e-04
 -4.3492857e-01
 -9.8046269e-07
 -6.4755380e-07
 -3.0590808e-02
  3.6553378e-05
  5.2612831e-06
 -2.6098545e-05
  4.6669002e-06
  1.0350735e-05
 -1.6069511e-06
  1.1372738e+00
 -6.9351983e-01
  1.2276496e+00
 -5.3753924e-01
  1.0782651e+00
  8.2139959e-05
  7.4978882e-01
 -1.9566205e-04
 -5.9373211e-02
 -2.2552307e-03
  9.6025879e-06
 -4.0861696e-02
 -2.9728080e-03
 -1.1618595e-05
 -4.2461252e-05
 -4.1523647e-01
 -4.6785041e-03
 -1.3075306e-04
 -4.7814559e-02
 -2.6451887e-04
 -6.6905119e-03
 -5.8967021e-07
 -5.0866956e-01
  2.4350741e-04
  4.1944240e-06
  1.0653767e-04
  7.2811065e-07
 -3.9142815e-06
 -7.9051215e-06
  7.8705471e-06
 -8.3745526e-06
 -1.2640231e-05
  3.4072968e-06
  4.0265415e-05
  2.2859833e-05
 -4.4431408e-06
 -3.1655283e-05
 -9.4580200e-06
 -9.5265244e-07
  3.2454547e-05
 -4.8707548e-06
 -4.4863264e-06
  4.2139950e-06
 -2.7229191e-07
  1.3742277e-05
 -8.1570579e-05
  9.6879876e-06
 -2.9073144e-06
 -1.8615616e-05
 -5.0350769e-07
  6.3455218e-06
 -1.7031436e-05
  5.5716300e-05
  1.6728243e-05
 -2.2828102e-05
  9.9186846e-06
  1.8709798e-04
  1.1996741e-05
 -9.4990304e-05
 -1.4577883e-04
 -1.6405341e-01
 -4.6076494e-01
  7.0550072e-01
  3.5061774e-05
  5.0959837e-01
 -1.0488506e-01
  8.5722610e-02
 -8.4379544e-06
 -7.8134275e-05
 -5.6638301e-04
 -2.5412126e-07
 -2.5630370e-04
 -1.7286051e-05
 -2.0390710e-06
 -3.1401076e-05
 -2.2971736e-01
 -1.5488700e-02
 -9.0157018e-06
 -3.1752676e-01
 -3.5547951e-04
 -1.3060070e-03
 -5.1259303e-06
 -1.4614414e-05
  4.8023172e-05
  4.3410346e-06
 -3.9791353e-06
 -1.7292454e-05
  3.3313860e-05
 -3.8520902e-06
  3.3113942e-05
 -1.1981738e+00
  3.3267882e+00
  2.6013854e-01
 -8.9180315e-01
 -9.1575913e-02
  1.5531460e-02
  6.0380042e-01
 -2.3086483e-04
 -3.0871324e-02
  8.9794217e-04
 -1.9706592e-01
  1.5327048e-01
  3.9283276e-01
 -2.7216009e-05
  7.3359362e-05
  2.1089366e-01
  6.7497864e-02
  9.6682422e-02
  4.8972401e-01
  7.1354099e-02
  5.9584570e-01
 -3.1653260e-06
  4.0214297e-01
  2.0092675e-02
  1.3834225e-05
  3.5119549e-05
  1.3725720e-05
 -3.7823451e-05
 -1.0295623e-05
  4.0980112e-06
 -3.1024233e-06
 -1.5133031e-06
  6.3946200e-06
 -9.9260687e-06
 -9.7803577e-06
  1.9881613e-06
 -1.0076995e-04
  1.2416610e-06
 -1.0163426e-05
  3.8294024e-06
  1.0446402e-05
 -7.5838407e-06
 -8.9460236e-06
 -8.4521926e-06
  1.4698600e-05
 -2.3898588e-06
  2.4966153e-06
  6.8208443e-05
  1.3014980e-05
 -2.2012176e-04
  3.3472106e-06
 -3.1875657e-05
 -4.9230771e-06
 -5.7343391e-06
  2.4800356e-06
 -5.7713430e-07
 -4.2526470e-05
  1.7837961e-05
  2.8771088e-05
  1.1732605e-07
  6.6942102e-06
 -1.0528160e-05
  6.7323249e-06
  1.0506919e-05
  2.6643845e-06
  4.5534189e-06
 -2.5599124e-06
  6.8551853e-05
  7.0648857e-05
 -7.2412917e-07
  1.1334269e-05
  6.8368813e-06
 -1.5085404e-05
 -1.3261125e-06
  1.5672482e-05
  1.8831677e-05
  4.2158408e-05
  1.6173361e-05
 -4.2666024e-06
 -2.5948614e-06
  7.4849572e-06
 -2.9131932e-06
 -8.4666004e-05
 -1.9914121e-05
  4.4411303e-07
 -4.5126285e-06
 -1.5110666e-05
  2.3685463e-07
  4.8582388e-06
  1.1358189e-05
 -2.7133660e-06
 -1.0059766e-05
  7.9603327e-05
  1.3299579e-05
 -2.4190587e-05
  1.5536036e-05
  5.0132890e-05
  2.2028837e-05
 -5.7720799e-06
  7.6221713e-06
 -8.9467045e-05
 -2.2951477e-05
  2.0336984e-05
 -2.0570260e-04
  1.7724387e-06
  4.5542056e-06
 -5.1473698e-06
  2.1820986e-05
  9.0347523e-05
 -6.2314193e-06
 -5.8983579e-07
  1.1311222e-05
  9.5737169e-06
 -1.6924436e-05
  1.2421331e-05
 -4.1702275e-05
 -5.0067433e-06
 -1.5363723e-07
 -4.5470656e-06
 -5.5498367e-05
  3.2169810e-01
 -5.6486380e-01
 -4.9363151e-01
 -1.9403005e-01
 -6.7234731e-01
 -1.3780847e-04
 -4.4633452e-05
 -9.2229113e-04
 -1.1576554e-04
 -2.5471865e-04
 -6.1671723e-05
 -1.3084688e-04
 -6.8777445e-05
  8.4834110e-06
 -2.6748736e-05
 -1.2939490e-05
 -1.8802597e-04
 -2.9294704e-05
 -5.0490074e-02
 -1.7332701e-05
 -1.4210336e-01
  2.2987383e-06
 -1.6883081e-02
  5.0973260e-01
 -1.2761742e-06
  7.5611820e-06
  6.0235716e-06
 -7.3242095e-06
 -1.3012977e-04
  7.2350631e-05
 -2.7771301e-05
 -3.5336654e-06
  8.5433394e-06
  1.1341770e-05
  2.0824782e-04
 -3.3524327e-06
 -1.0467637e-05
 -1.0796160e-04
 -7.5443363e-06
 -9.4406760e-06
  1.7076480e-05
  3.7182367e-06
  3.9559047e-05
  2.2704184e-05
 -1.4067883e-06
 -1.8948861e-06
 -7.2299910e-05
  1.1754957e-05
  2.4074105e-05
  1.0818063e-06
 -3.2665070e-05
 -3.7118059e-06
 -2.0750987e-05
  1.0887375e-04
 -7.3858946e-06
 -5.5005171e-06
 -1.0288132e-06
  2.0088860e-06
  1.0497058e-05
  5.7095299e-06
  1.0337052e+00
 -1.7205834e-01
  5.5704349e-01
  7.8784221e-01
 -7.2816104e-02
  3.6442876e-02
  5.8023262e-01
 -2.3592953e-02
 -3.6526388e-05
 -1.3468464e-04
 -9.1590810e-01
 -2.7347103e-05
  2.0120645e-04
  1.8434190e-05
 -1.2196620e-05
  2.0110430e-01
 -1.4071574e-03
 -3.0287774e-05
  1.2309519e+00
 -1.0995995e-05
 -1.7904333e-05
  2.2638880e-05
 -4.1617048e-03
  6.5852195e-02
 -1.1645511e-04
  7.1891955e-05
 -4.1879866e-06
 -4.9593227e-06
 -1.5387292e-06
  3.9807933e-06
 -1.1193406e-04
 -2.1582209e-05
 -5.7631655e-06
  3.2254218e-06
  8.0150472e-05
  2.4681879e-06
  4.9324158e-06
  1.3911542e-05
  6.8566060e-06
  1.0558578e-04
  1.0042096e-07
  4.4402977e-06
 -3.1102023e-05
  2.2047615e-04
 -1.3966585e-05
  2.0925897e-06
 -1.2258034e-06
 -2.0931366e-05
  8.5273976e-05
  7.0029033e-05
 -9.2310023e-05
 -4.3426590e-07
  1.3435017e-06
 -2.1856656e-06
 -4.8297088e-04
 -1.5420633e-06
 -1.1079468e-05
  3.2564399e-06
 -5.4083393e-06
 -6.0777202e-06
  1.2716620e-05
 -1.1996828e-04
  1.7509356e-05
 -6.6798170e-06
  9.5600362e-06
 -8.8498666e-07
  9.9652989e-06
  1.7453316e-05
  1.9083441e-06
  1.5235156e-05
  1.4140611e-05
  1.6211544e-06
  4.0320579e-06
 -4.0460573e-06
  9.7094642e-05
  4.9042588e-05
 -3.1123752e-06
  6.2570571e-06
 -9.5353626e-06
  5.4748016e-06
  3.3138322e-06
  9.1234815e-06
 -5.0148387e-06
  9.2694841e-05
  3.7466211e-06
 -5.3098142e-06
 -1.9590595e-06
 -3.9687970e-05
  2.6807620e-05
  4.9762605e-07
  2.3764060e-05
 -1.4973620e-05
  9.3969538e-06
 -1.6675887e-04
  3.6320891e-06
 -1.3913517e-07
 -5.3211675e-06
  3.1408135e-06
  5.2373680e-06
  1.8291226e-05
  6.4443566e-06
  7.7104341e-05
 -1.3503989e-06
  5.1534583e-04
  4.5528897e-05
  8.5134604e-07
  9.5156520e-06
  3.4342837e-04
 -1.6995208e-06
  2.1932382e-04
  1.0245738e-03
 -2.0785374e-05
  8.0166137e-06
 -1.6500184e-05
 -4.7900008e-05
 -4.4892226e-06
  2.9072742e-06
 -1.3794622e-04
 -1.5527283e-05
  2.5077155e-05
  4.7636131e-06
 -1.2002097e-06
  1.5794021e-05
  3.9523176e-05
 -6.5959339e-06
 -2.5775208e-04
  2.3599978e-07
  2.0808042e-05
  4.3865890e-04
 -4.1021203e-06
 -1.2706295e-03
 -2.5993304e-05
  1.6097310e-04
  2.4909005e-07
  4.1016820e-06
 -1.4148019e-05
  4.6623754e-06
 -1.0174885e-05
 -1.0003228e-05
  1.0498246e-05
  1.0727500e-05
 -4.9865071e-06
 -7.0193551e-07
 -3.1297102e-05
 -2.7530389e-06
  1.6186323e-05
 -9.2652226e-06
 -2.2151230e-06
  3.0368634e-05
  5.6167869e-06
 -1.1726839e-05
 -1.4988145e-05
  1.8146426e-05
  1.1651226e-05
  1.7810224e-05
 -2.3497323e-06
 -8.1201724e-06
 -1.7991742e-06
  1.0412622e-05
 -8.8260649e-06
 -3.3301467e-06
  3.9956276e-06
 -3.2328317e-05
  5.3930844e-06
  6.9905892e-02
  1.1650668e-04
  1.7964709e-08
 -2.1902082e-05
  8.0757363e-06
  1.1192150e-06
 -9.3727635e-05
  5.8442620e-06
  1.2769411e-05
  6.4350616e-06
  3.6720583e-06
 -1.0182008e-05
  1.4360357e-06
 -5.9140282e-05
  1.1399727e-04
 -1.0162844e-05
  2.0157884e-05
  3.2526307e-04
  2.7812463e-01
  1.9497507e-05
  1.4240300e-05
  2.3006988e-04
 -2.0562351e-05
 -2.1815153e-05
  2.4300726e-04
 -5.7961523e-05
  7.5777284e-06
 -1.1458261e-05
 -1.4567653e-05
  2.7333430e-05
  5.4690831e-06
 -2.1092445e-05
 -7.1992313e-06
  2.0365367e-05
  1.2348202e-05
 -2.2913649e-05
 -3.6897211e-05
 -2.2892704e-05
  2.6622720e-04
 -2.4973237e-06
 -1.7621985e-06
  8.5959382e-06
  1.0856339e-05
 -9.2196115e-06
  2.6159136e-05
 -1.6304388e-06
 -1.1950908e-06
  7.1545978e-06
 -3.6119731e-05
  3.9517898e-05
  7.8215526e-06
 -1.4939415e-05
 -4.1313174e-06
  8.4528365e-05
  3.0771871e-06
  3.3632225e-06
 -2.6599307e-06
 -2.2972379e-05
 -1.5950300e-04
 -1.0406860e-05
 -1.0261547e-05
  1.6806686e-07
 -1.5627766e-06
 -2.0075324e-06
  2.3628527e-06
 -8.4457261e-06
  5.6098588e-06
  4.1329627e-06
  3.1165552e-04
  1.5386369e-04
 -5.1994271e-06
  2.1070069e-05
  8.5809643e-07
  3.3728007e-05
 -3.5112666e-06
  1.3154283e-05
  6.5269946e-06
 -4.4868687e-01
 -6.6086483e-05
  3.1868272e-05
 -1.8252313e-02
 -4.7190994e-04
 -1.0545904e-01
 -2.2991656e-04
 -7.9527745e-06
 -3.9031340e-05
 -3.3162189e-05
 -1.6210968e-05
 -2.6879485e-05
  7.1502873e-05
  3.4820350e-05
 -4.1459713e-02
 -1.4613858e-04
 -6.2927764e-05
 -2.3920952e-01
 -6.5871732e-06
 -6.8625130e-02
 -9.3321942e-06
 -1.2857620e-05
  3.1631738e-05
  8.3190180e-06
 -2.2510196e-06
 -4.5481038e-06
  5.9507363e-07
  1.6575451e-06
 -6.0133639e-06
  3.6187041e-07
 -8.7733300e-05
  4.7944154e-06
  1.3966479e-05
  1.6425209e-05
  3.7841044e-06
 -2.6129268e-04
 -2.6960037e-05
 -1.2626771e-04
 -1.3087204e-05
 -5.2806248e-05
 -1.1315430e-05
 -2.4510325e-06
  1.4156130e-05
  4.2131505e-06
 -2.1440280e-06
  1.4198461e-04
  3.9417359e-06
 -3.6573372e-05
 -1.3041403e-06
  3.0461829e-06
 -1.6860587e-06
 -2.2226672e-05
  3.2189658e-07
 -3.5369889e-05
 -6.8594141e-05
  6.8113695e-06
 -1.5186235e-06
 -3.9704610e-06
  2.6211189e-06
 -1.8503573e-06
 -2.1490760e-05
  9.2293849e-06
  2.1744054e-05
  1.1502139e-05
  1.5033372e-06
  2.0827270e-06
 -4.5450929e-06
  3.2968064e-06
 -2.6156491e-05
  1.3441349e-05
 -4.2458446e-06
 -1.8550587e-06
 -3.4971697e-06
 -2.6072101e-05
  7.8830972e-06
 -2.2317090e-06
 -3.7493919e-06
 -1.5162324e-05
 -1.2323983e-06
  5.0067965e-06
 -2.5484699e-06
 -7.6628159e-05
 -9.7580587e-06
 -3.9322267e-06
  1.1070194e-05
  6.9859398e-06
 -3.4899278e-06
  4.9578234e-06
  1.5375346e-05
  8.9742237e-01
 -3.4310988e-01
  3.3202075e-05
  6.8289082e-05
 -2.4640076e-01
  3.5331468e-06
 -6.1984970e-06
  4.7441791e-03
 -2.9374182e-06
 -1.9654626e-05
  2.7288015e-06
 -1.8595365e-05
 -1.1444721e-06
 -3.4494412e-01
 -3.7559164e-06
  1.4014590e-01
  2.9827131e-06
 -2.8287295e-05
 -2.0006834e-02
  1.5016201e-06
  4.2939371e-01
  4.0521998e-05
  8.0086247e-05
  7.8274566e-04
 -1.8824119e-06
  6.7233479e-05
 -4.1800493e-07
 -1.3721522e-05
 -1.2959142e-05
 -1.9275623e-05
  1.2901491e+00
  2.6107881e+00
  7.5966430e-01
 -2.7255206e+00
  3.5487120e+00
 -1.5217064e-01
 -5.6310970e-02
  1.3876200e+00
  1.8137716e-01
 -2.4822874e-01
 -4.0331385e-01
 -2.2559693e-02
  5.1758945e-04
  1.4357689e-01
 -3.8244361e-01
 -4.6058569e-02
 -1.4953213e-02
  3.6574912e-01
  4.3541324e-01
 -2.1742922e-01
 -1.0947243e+00
  6.4257419e-01
 -2.8559443e-01
  2.0292618e+00
 -4.8517315e-03
  2.3058400e-01
 -1.6776520e-04
 -1.7555649e-05
  2.2567663e-01
  1.1666009e-05
  2.3115319e-05
  1.8656972e-05
 -1.9081153e-06
 -6.3569903e-05
  2.4843582e-06
 -5.1242201e-05
 -1.3443561e-05
  1.4486527e-05
 -1.9315066e-06
  1.6492432e-06
 -7.9020443e-05
  1.5682033e-05
 -1.0507103e-05
 -1.6798944e-05
  1.5286350e-04
 -1.9538556e-06
  2.0425983e-05
 -2.0375559e-07
  4.9829587e-06
  3.3054819e-06
  2.6367765e-05
  2.4607087e-05
  7.2563771e-06
 -1.1618423e-06
 -5.8910715e-05
 -1.3368721e-04
 -7.8806193e-07
 -1.0337332e-05
  8.9787263e-06
 -9.7969414e-06
 -7.1290191e-07
 -8.6368106e-02
  4.2921329e-01
 -7.7442682e-01
  2.3455931e-01
  3.2669091e-01
 -4.2619359e-01
  3.7375501e-01
  1.1520995e-06
  2.8987578e-01
  7.4851072e-01
  1.6993524e-04
  2.0933896e-06
 -4.5269203e-06
  2.6864916e-01
  3.5958776e-05
 -4.4709665e-01
 -1.1648154e-05
 -1.0739825e-05
 -5.0404632e-01
  1.7638951e-04
  7.2285375e-06
 -5.8057799e-06
  8.0027175e-06
 -2.2739542e-01
 -2.2394375e-04
 -1.5011226e-05
 -4.1135257e-01
 -3.0364108e-01
 -3.0656427e-04
  4.0761501e-01
 -3.3042977e+00
 -1.3122240e+00
  2.2375488e+00
 -1.5359092e+00
  3.3716576e+00
 -1.0370964e+00
 -1.4611906e+00
 -2.7506124e-07
 -1.0948321e+00
  1.8312348e+00
 -1.1617015e-05
  1.8001678e-06
 -4.3255102e-05
 -1.1543994e+00
  5.4711098e-04
 -2.0582838e+00
  9.7085785e-06
 -9.0414892e-07
  7.8095816e-02
  2.7325368e-06
 -7.4179843e-06
  7.4911681e-05
  4.3331374e-06
 -7.8376371e-01
 -1.2232043e-05
  7.9499614e-06
 -1.6247635e+00
 -3.1884832e+00
  1.9481038e-05
  3.8048437e-01
 -9.9571759e-01
  1.3353730e-05
  4.8365346e-05
  9.0670830e-01
  9.3555979e-02
  2.7522516e-01
 -1.5414868e-01
 -8.4161872e-01
 -1.5590651e+00
  1.4038891e-05
 -2.4613512e-01
  9.5269509e-02
 -1.3275530e+00
 -5.8436027e-04
  7.6907418e-06
  6.4266901e-06
  3.1883962e-04
 -1.7247714e-02
 -2.1344371e-01
 -4.8803445e-06
 -2.5617157e-03
  3.8520222e-05
 -1.5762906e-01
  2.1166053e-04
  8.0993759e-06
  3.7371556e-05
 -4.6654215e-05
  4.5714370e-07
  3.9159769e-08
  2.9298478e-01
  1.6232382e+00
  2.6800495e-02
  1.0856188e-05
  3.5787189e-01
  2.4404375e-01
  1.8123209e+00
 -6.3700628e-01
  1.7056774e-01
 -2.4998114e-01
  2.7277797e-06
 -2.9307410e-05
 -3.9941269e-06
 -1.4315824e-01
 -8.0915469e-01
 -2.7328137e-01
  1.6978776e-05
 -2.0160656e-01
  5.1144427e-01
 -9.4880156e-02
 -3.4059936e-03
 -8.3841216e-03
 -7.3718019e-02
 -6.6101595e-05
 -3.1541473e-01
 -6.6352688e-02
 -7.3118499e-05
 -6.5478021e-06
  1.9350624e-01
 -1.4259282e-01
  9.5834939e-06
 -1.0169621e-05
 -4.9938926e-06
  3.7343361e-06
  3.3850560e-05
  5.6337444e-06
  6.4547662e-06
  8.5027996e-06
  2.8841918e-05
 -3.1179371e-07
 -1.1211830e-05
  1.5766500e-05
  1.0628388e-06
  5.0275630e-05
  5.2821058e-05
  1.0258212e-05
 -8.0640402e-06
 -6.6500857e-06
  1.4486320e-05
  1.0086308e-05
 -2.0077619e-05
  1.0239097e-04
 -1.5761414e-04
 -4.9267186e-05
 -3.3837134e-06
  1.6294684e-06
  8.0576192e-06
 -1.2434641e-05
  5.3540174e-07
 -1.1116721e-06
  2.5638212e-05
 -8.5034744e-06
  4.7193182e-05
  1.5879441e-05
 -6.7012215e-06
  1.2076579e-05
  1.4782723e-04
  7.9097708e-06
  6.7613604e-05
 -3.1525121e-04
  5.2751502e-06
 -1.3977047e-05
  1.3963016e-05
  3.3794331e-06
 -4.3455308e-05
  1.0930031e-06
 -4.6885843e-06
 -1.2665464e-05
  2.6924155e-05
 -7.2066007e-07
  4.3816046e-05
 -3.0727995e-05
  1.1330317e-05
 -8.9723045e-08
 -6.6396219e-06
 -4.4268545e-05
  3.0385800e-06
  5.7064044e-06
 -3.1296608e-07
 -9.0737385e-06
 -4.3853337e-01
 -2.1895283e-01
  1.7970984e+00
  6.5069050e-01
 -9.0707630e-02
 -7.5020498e-01
  4.8785184e-02
 -3.0439478e-01
  4.9002680e-01
 -5.1155686e-01
 -1.1255047e-06
  8.7325895e-01
  3.0358071e-03
 -4.2007798e-01
 -3.3997726e-02
 -1.3690397e-04
  8.8572444e-05
 -4.6366102e-01
 -8.0836314e-01
 -3.5009205e-02
 -1.1409409e-01
  5.6369041e-05
 -1.2095361e-01
 -4.8921305e-05
 -2.4328955e-01
 -6.7309849e-03
 -8.4595132e-04
  1.8113927e-03
  1.7022367e+00
 -1.2383037e-04
  5.1145937e-04
 -1.7821698e-03
  1.0740200e-06
  5.1897073e-06
  8.5576663e-05
 -2.3195965e-04
 -2.5612044e-05
 -9.7989084e-07
  1.3379110e-05
 -2.7469508e-05
 -1.2278118e-05
  5.3608343e-05
  1.9149240e-05
 -1.2265943e-04
 -7.1521099e-03
  9.2049904e-06
  1.3510323e-06
 -5.2442419e-06
 -6.6217029e-01
 -1.2181362e-05
 -3.5006255e-05
 -1.1627620e-05
 -4.8377569e-04
 -1.3940854e-05
 -2.4276366e-04
 -6.8714007e-06
  1.6194615e-06
  4.5585832e-05
  3.7904255e-07
  6.8140671e-06
 -6.5180921e-06
 -1.0737192e-05
 -5.0129520e-06
 -1.0465856e-05
 -2.6534057e-05
 -6.4173405e-06
  2.2973998e-05
 -6.0943235e-06
 -9.1785605e-06
  1.4362827e-05
 -5.2594119e-06
  2.2458596e-06
  2.2071283e-05
 -7.0930652e-02
 -2.8761534e-04
 -4.2747546e-05
  8.2193901e-06
  7.4466654e-05
 -1.8338553e-05
  1.1011058e-06
 -3.3756740e-05
 -4.0655690e-05
 -2.0965466e-05
 -1.6648455e-05
  1.8334761e-06
 -1.4156842e-04
 -4.4422900e-06
 -8.7668423e-06
  2.9453771e-05
 -4.3231917e-06
  2.3476746e+00
  4.8744035e-01
 -1.0695404e-02
 -1.5972774e+00
  2.9392557e+00
 -2.7347314e-01
  1.6960127e-02
 -1.1374646e-01
  3.5073808e-01
 -8.0781572e-02
  4.2633861e-01
  4.7537500e-01
 -1.2817889e-01
  1.1650053e+00
  2.3155922e-01
  3.2306248e-01
 -2.8285587e+00
 -4.7493708e-01
  6.2587094e-01
  3.0285156e-01
  5.5075064e-02
  1.7219827e-05
  3.4831610e-01
  1.0031261e+00
 -1.3512059e-05
 -1.0388369e-05
 -1.8743725e-01
 -3.7967038e-01
 -6.2263143e-01
 -4.8079048e-04
 -1.0122508e+00
 -1.4625055e+00
 -9.3695544e-02
  7.7567816e-01
 -1.0668796e+00
 -7.6017283e-02
 -1.1114150e-01
 -5.3276255e-04
  1.3516352e+00
 -4.9800494e-01
 -5.2914917e-01
  2.4221568e+00
 -7.9769857e-02
  1.0333245e-01
 -1.9856477e-01
 -1.5881011e-06
 -6.1796468e-01
 -9.1848485e-03
 -8.8075787e-02
 -2.7872258e-01
 -1.6398282e+00
 -4.2642910e-02
 -1.2417001e+00
 -1.0377241e+00
 -9.8718673e-01
 -9.9963532e-04
 -2.2218595e-01
  3.4324232e-01
 -1.0742545e+00
  6.0300016e-01
  1.1309942e+00
 -1.6570863e-01
  8.7854126e-03
  4.4455168e-01
  1.0019835e+00
 -6.7888379e-01
  5.2349651e-01
  2.2810681e-01
 -6.2071788e-01
 -7.1282424e-02
 -2.3117520e-01
  6.7507327e-01
  2.5761476e-01
 -1.1626886e+00
  5.3452766e-01
 -1.2203588e+00
  2.9350203e-01
  3.3105674e-01
 -5.3947330e-01
  1.5253469e+00
  1.7687424e-05
 -8.2240113e-06
  6.0918257e-02
  3.7781394e-01
  9.6658748e-01
  4.9409987e-03
  7.0928442e-01
 -1.1702018e-03
  1.0014906e+00
  1.1062828e-06
 -1.0215179e-05
  4.1482613e-07
  9.6243202e-06
  1.2788961e-05
 -8.7309227e-06
 -2.6556343e-05
  6.2145637e-06
 -9.4618099e-06
  9.3807000e-07
  7.1973187e-07
 -1.9719005e-06
  7.0447472e-06
  5.5960350e-06
 -2.4846706e-06
  5.7459824e-06
 -3.6144833e-05
  1.5084426e-05
  3.6818180e-06
 -1.9018273e-05
 -2.2953060e-05
  1.0326626e-05
  5.3604695e-06
  4.3575634e-05
 -3.3394324e-05
 -4.4009300e-07
  5.8331935e-09
  3.9261580e-05
 -2.0632363e-06
 -1.5887949e-06
 -1.3460995e-05
  3.0222107e-05
 -8.2560684e-05
  1.1485950e-04
  3.1008843e-02
 -5.6802560e-06
 -7.9679821e-06
  6.6386519e-07
  2.9440258e-05
 -1.4367843e-06
  3.6644644e-05
 -2.4636454e-06
  3.9421011e-06
  8.2763065e-05
  3.8208673e-03
  2.8296474e-03
  3.5020082e-06
 -4.9164231e-05
  9.3637638e-08
 -1.3784184e+00
  3.7560028e-05
 -7.2379476e-07
 -1.0783012e-06
 -4.5570729e-07
 -3.8215207e-06
 -2.0899433e-05
 -6.8567213e-05
  4.7432789e-07
 -4.5016415e-05
 -5.4914417e-06
 -1.5893604e-05
  1.0431981e-01
  1.2287616e+00
  5.0222039e-05
  3.2046565e-04
 -2.3925627e-04
  9.7777873e-02
  7.9637966e-06
 -3.2268781e-05
  2.8401436e-02
  5.1340835e-06
  9.0380141e-05
 -2.6927350e-07
  1.8176819e-01
 -1.2909410e+00
  6.9214903e-02
  8.8023362e-06
  1.1661625e-05
 -7.5061189e-07
  4.1782674e-01
 -1.9844556e-04
  2.8444672e-05
  2.1686468e-05
  1.7745457e-05
  1.5008949e-04
  1.6931115e-05
 -1.6388900e-05
  6.6042885e-05
  1.1609371e-05
 -5.7744090e-02
 -6.6543025e-06
 -5.3584206e-01
 -8.6995226e-01
 -6.7854553e-01
  2.6900160e+00
 -3.5927144e-01
 -2.0565420e-01
 -7.7588749e-03
 -3.1925014e-01
  1.2732706e+00
 -1.5654698e-01
  1.0208656e+00
  9.0676045e-01
 -3.2235777e-01
  2.1886458e+00
 -2.8331140e-01
 -2.1008829e-02
 -3.3833581e-01
  5.3018922e-01
  9.9003381e-01
 -1.7465849e-01
  5.1676625e-01
  3.5909683e-02
  2.1312198e-04
 -5.3180116e-01
  8.2270932e-01
  3.1066639e-02
  2.5760586e-04
 -1.6089757e-06
 -1.9817138e-03
  1.1419782e-02
  4.5845634e-01
 -9.2653781e-02
  6.9794960e-02
 -9.5519775e-01
  3.3029974e-01
 -6.0879469e-02
 -1.1547344e-01
  6.3222116e-01
 -2.1344952e-01
  3.9716277e-01
 -7.7855213e-07
 -5.1442371e-04
 -3.2991510e-02
 -1.2107121e+00
  6.7227697e-01
  4.6150167e-02
  1.4700027e-02
  1.2496621e-03
  1.1667397e+00
  2.4694169e-01
  1.3618956e-04
  1.1770096e-07
  3.6060764e-04
 -7.6204248e-02
  9.5484175e-02
  8.2136087e-02
 -1.1686127e-05
  1.1981236e-04
 -8.3385725e-03
  2.3168866e-01
 -6.3736695e-07
  5.6666398e-01
  1.0133930e-01
  3.1622192e-05
 -9.7117182e-03
  2.1687208e-08
 -5.5707649e-05
 -2.7822024e-01
 -2.2410791e-01
  4.8183963e-01
  6.0939253e-03
  2.4153564e-04
  1.2707922e-06
  5.3677845e-01
  8.1563216e-01
 -3.1003296e-06
  1.8511777e-04
 -8.9860114e-05
 -4.0585223e-01
  8.9969181e-02
 -2.8447917e-06
  3.0057535e-07
 -1.7550554e-05
  9.9354707e-05
  7.5515127e-05
  2.9048588e-06
 -1.4831246e-05
 -7.6756096e-06
 -1.7288981e-04
  1.6729330e-04
 -3.0284953e-05
 -3.3744275e-06
 -3.5120659e-06
  5.0008173e-05
 -1.2232879e-05
  1.9489311e-05
 -1.0880942e-06
 -1.1069714e-06
  4.1715662e-06
  4.5862121e-06
 -1.2803072e-05
 -9.3831768e-06
 -9.2124623e-07
 -8.1194212e-06
 -2.7853321e-05
 -1.9835410e-05
 -3.2220138e-05
  3.1379655e-05
 -1.4002751e-05
  2.5273127e-06
  1.2563960e-05
 -8.0161990e-06
 -9.2302625e-06
  1.6369209e-05
 -2.4987786e-04
 -1.3054264e-04
 -2.1510876e-05
 -4.7159179e-07
  2.1908387e-05
 -5.4093795e-07
 -1.3073157e-05
 -1.1844290e-03
 -1.4649779e-05
 -1.3206771e-05
 -2.7009015e-04
  4.9926948e-06
  8.5063048e-06
 -1.0524450e-05
 -1.8829887e-05
 -2.8996396e-01
 -2.3724418e-05
  3.0177151e-04
 -2.5391573e-05
 -1.8525625e-06
 -2.9181262e-02
 -2.2420705e-05
 -2.6721953e-05
 -1.3120215e-05
  7.2313577e-01
 -3.3310043e-05
 -1.2561936e-05
 -2.4298777e-05
  1.4355118e-05
 -9.8194221e-05
 -2.8279488e-05
 -6.8287200e-06
  5.1495527e-07
 -8.7241524e-06
  2.5776601e-06
 -2.2698887e-05
 -2.0226827e-05
 -9.0266214e-05
 -1.1555750e-05
  1.0134053e-05
 -6.1733217e-06
 -2.6034975e-05
  1.3711948e-06
 -8.7098830e-05
 -2.1525995e-05
 -8.8473520e-05
 -3.8113508e-06
 -7.0296483e-06
 -3.4925768e-06
 -1.6271348e-05
  3.6060010e-04
 -3.7330753e-06
 -1.2290789e-05
  2.3663624e-07
 -3.2864418e-06
  1.4782058e-06
 -4.9165032e-05
 -2.4730194e-05
  1.6543882e-04
 -1.1095678e-05
  5.8661326e-06
 -6.4317451e-06
  1.1514137e-05
  2.8291575e-05
 -2.2678754e-05
 -8.1306860e-07
 -3.0122067e-06
  9.9640545e-07
 -2.7637408e-05
 -5.0457249e-05
 -7.5582851e-05
  3.0688981e-05
  2.3642542e-06
 -3.5719615e-06
 -2.4626258e-06
 -9.4275776e-05
  2.3708108e-05
  6.2266845e-06
  1.0533925e-05
 -3.8454114e-06
  7.6138672e-06
  2.9630635e-05
  1.2642744e-06
  2.2602842e-06
  9.1409611e-06
  3.1731518e-06
  1.2873907e-05
 -9.3797553e-06
 -1.2042553e-05
  1.0219665e-05
 -1.9406982e-05
  8.8523320e-06
  3.3085971e-06
  7.8647799e-06
 -2.5601212e-05
 -6.5981694e-06
 -8.6947228e-05
  4.2908409e-06
 -9.3640865e-06
  4.3704795e-06
  6.2386491e-05
  1.0140077e-05
 -5.2525029e-06
  4.4380937e-05
 -8.7617409e-06
 -2.6677631e-07
 -5.6182453e-06
 -7.1170784e-06
  8.2769311e-06
 -1.0973953e-05
 -1.0448714e-05
 -2.5363902e-06
 -4.4716558e-05
  6.5191525e-06
  4.0423524e-06
 -1.9244283e-06
 -1.7885290e-07
  3.2381261e-06
 -1.8984642e-06
  8.6162913e-07
  1.8368668e-05
 -4.9004475e-06
 -8.9546302e-06
 -2.1996471e-05
  2.0313132e-06
  1.5399917e-05
  2.2429037e+00
  1.1892495e-01
  2.8568974e-01
 -4.7963339e-01
 -2.9225539e-02
  3.2106334e-01
  2.6374830e-02
 -1.2195444e+00
  1.4377546e-01
 -2.6509745e-02
  8.4915441e-01
  7.6340372e-04
  1.8923515e-01
 -1.3241471e+00
  5.0459214e-02
  3.0600739e-01
  3.6189109e-02
  1.5673421e-02
  6.8054413e-03
  1.1639187e+00
  1.4722752e-03
  7.7697696e-06
  3.8167652e-02
 -4.6844386e-02
  1.7420171e-02
  4.5902100e-03
 -3.8139069e-07
 -1.0766137e-04
  5.1035291e-05
 -2.4930318e-04
  4.7360674e-05
 -1.3421419e+00
  1.3903199e-01
  9.8056823e-01
  2.9722672e-02
  3.1908131e-01
  1.0698966e-01
 -1.0780293e+00
 -1.0791447e+00
  1.6424533e-06
 -1.1884979e+00
  1.2250311e-05
 -1.3987451e-05
  1.4899318e+00
 -6.2682837e-01
 -1.6153629e-01
  1.8048135e-05
 -7.9878427e-02
  9.7935772e-01
 -1.3398304e-06
  3.2441155e-06
 -1.1324306e-05
 -7.2856519e-06
 -1.0696885e-04
 -1.0751740e-03
 -2.1915250e-01
  3.2279593e-07
  6.0785849e-05
  4.7594350e-02
 -3.5069636e-01
 -2.5221992e+00
  9.4905818e-01
  1.2806709e+00
  3.1910448e+00
 -7.2535141e-03
  2.0205371e-01
  2.4406326e-01
  1.8415964e-01
  4.1344348e-01
 -3.9851865e-01
 -2.1196619e-02
  2.0855348e+00
  1.9514325e-01
  1.8607925e+00
  8.7163642e-02
  1.1815551e-01
  7.8787667e-01
 -3.2904312e-02
  9.6599877e-01
  1.5249715e+00
 -1.4600616e-04
  5.4508924e-05
 -3.2502064e-01
  2.8581965e-01
  4.4867880e-05
 -3.5365050e-05
 -2.5244591e-01
  1.4417167e-01
 -4.6995765e-01
 -6.3190218e-06
  1.2351833e-05
  3.1646663e-01
  4.5623274e-06
  3.4735136e-04
 -1.1067012e-06
 -4.0076618e-05
  4.4305376e-05
  3.3583401e-06
 -1.5050381e-06
 -3.7595181e-04
  1.2949639e-05
 -3.5164492e-06
 -1.5755448e-05
 -1.0002129e-05
  1.1569499e-03
  1.1802602e-05
  4.3827073e-05
  5.4009855e-05
 -1.6862144e-04
  4.6390769e-06
 -3.1777472e-06
  1.0035839e-05
  4.0188975e-06
  6.7971700e-06
 -1.7535111e-06
  7.4856383e-05
 -6.7550886e-06
  6.5426375e-06
  3.8511025e-06
  2.7241712e-04
 -6.2549785e-02
  8.0870569e-02
  4.5421665e-08
 -1.3375982e+00
  1.2388802e+00
  1.2191827e-01
 -1.1669316e+00
 -3.7902964e-03
  1.3203312e-01
 -9.2354458e-04
  5.3236768e-08
  7.5508565e-02
 -2.3826090e-01
  5.1101249e-01
  3.5594545e-05
  1.9728507e-01
 -1.1662563e-05
  1.7774278e-01
 -1.1929672e+00
  1.6529113e-01
 -2.9715716e-06
  2.9026089e-05
  7.6344240e-06
  7.1577564e-02
  9.0469584e-02
  2.2597436e-04
 -8.7987419e-06
 -1.2715749e-05
 -2.2600387e-01
  1.2962824e-01
 -7.0274097e-01
 -1.4441183e-01
  6.2215790e-02
 -8.4560409e-02
  2.4545804e-01
 -9.6448421e-01
  1.2431016e-05
  3.4285811e-01
  7.5681990e-01
 -1.3991986e-01
  3.0429178e-01
  1.1341431e+00
  1.1169262e-01
 -7.4343008e-01
 -1.6697577e-01
  1.8632066e-04
 -5.5204257e-03
  6.8568593e-06
  4.3306372e-01
 -4.5324311e-01
 -2.2100246e-05
 -5.7331574e-05
 -1.2833353e-04
  3.1079978e-01
  7.2574794e-06
 -2.2073273e-05
 -1.6322201e-01
  5.1583476e-07
  1.4933923e+00
 -2.2812419e-05
  4.3594151e-05
  1.0920772e-06
 -2.0025680e-06
  7.4135710e-06
  5.6271451e-06
  8.8532124e-06
  4.8602280e-05
  1.8295823e-06
  5.1016700e-06
  1.3209648e-05
  1.1397705e-05
  5.6689305e-06
 -6.7094402e-07
 -2.0902364e-06
 -4.8754722e-05
 -3.8887697e-06
 -1.4110537e-08
 -2.0316404e-06
  2.3364131e-05
  1.2274133e-04
  1.0814247e-04
  4.7388159e-08
 -5.3230683e-06
  1.6743323e-05
  5.1358138e-06
 -2.1169177e-05
 -1.9537007e-05
 -9.7082357e-06
  1.2431324e-06
  2.0117392e-05
 -1.1111591e-02
 -4.3166237e-05
 -5.4524521e-06
  6.6407874e-02
  2.2179029e-06
 -4.0079639e-03
  4.3496038e-06
  1.8604930e-02
  4.4629041e-02
  6.1727440e-01
 -4.2904014e-04
  2.6641673e-01
  1.4588448e-04
  3.0039540e-01
 -1.7606371e-05
 -6.8136080e-07
 -1.4912902e-05
 -2.7371150e-05
 -2.1825614e-05
  1.2935354e-05
 -2.0369331e-04
 -1.0882561e-04
 -1.6895967e-05
  3.3484635e-06
 -5.3611708e-05
 -1.9315690e-05
 -4.4983313e-05
  1.5796600e-07
 -2.5204686e-06
 -2.5147454e-05
 -1.2391189e-04
 -1.0237011e+00
 -1.4380296e-05
 -9.5038516e-03
  3.3550587e-05
 -2.6856413e-02
 -1.0092805e-05
 -6.4229789e-06
 -3.1214865e-04
  2.5305027e-01
 -5.9111186e-05
  9.6041585e-06
 -4.3800868e-05
  5.7268000e-01
 -9.8505188e-03
  1.4845626e-05
 -2.1523017e-05
 -7.9104711e-06
  1.7344941e-01
 -3.5114545e-02
 -7.4200257e-06
 -4.3503255e-06
 -1.9689240e-04
  4.5222646e-06
 -1.6643087e-04
 -6.7006763e-06
 -8.5737614e-05
  9.0189005e-06
 -4.3620083e-02
  8.4114588e-05
 -1.8352833e-01
  1.0479468e+00
  2.5064679e-05
  3.5732310e-07
 -1.3077055e-01
 -1.1628991e-04
 -2.7348815e-06
 -8.5247707e-01
  2.0190371e-02
  3.9770645e-01
  6.2751118e-05
 -1.1420366e+00
 -2.2198553e-01
  6.0670620e-01
  8.4562546e-01
  1.2351469e+00
  2.6685261e-06
  3.6825055e-05
 -1.3076980e-05
 -3.6542763e-06
 -1.0136988e-05
 -5.3740531e-01
 -9.4994152e-01
  3.1463328e-01
 -1.3555958e-06
 -4.4052309e-01
 -3.3140948e-01
 -1.0499411e-04
 -1.7434353e-01
  3.9159298e-01
  5.6580484e-01
 -8.6524397e-01
 -4.4907883e-06
 -1.4022486e-05
 -8.7260199e-01
 -3.4467307e-01
 -1.6108738e-01
  2.5737648e+00
 -2.1904111e+00
  1.8995240e+00
  4.1085395e-06
 -4.8105898e-01
  4.8787388e-01
  1.8479902e+00
  1.0035378e+00
  5.4428798e-01
 -9.3917828e-05
 -2.9304186e-01
  6.8195214e-07
 -1.7941498e-05
 -3.1829011e-05
  7.8558999e-01
 -6.3671035e-01
 -1.9858277e+00
  2.6011166e-01
  7.8212845e-01
 -8.4067464e-01
 -1.8462060e-05
 -5.5620599e-01
 -6.8939441e-01
 -1.9267408e+00
  6.7095321e-01
 -4.9961451e-05
 -6.6381317e-01
  7.6675427e-01
 -8.6492950e-01
 -5.4033899e-01
 -1.4383314e+00
  5.0400269e-01
  3.5375482e-01
  7.3322290e-01
  1.6019323e-01
  3.8823061e-02
  6.2643354e-05
 -1.1297441e-04
  1.0903235e-02
 -1.4851409e-01
 -2.4469577e-01
  1.9230846e+00
 -1.7831894e+00
 -7.4049824e-01
  1.7401648e+00
  1.2205813e+00
  8.5443026e-01
  5.7195574e-01
  8.5566807e-01
  8.5566118e-02
 -1.0005471e+00
 -2.3573078e-01
  4.1954890e-01
 -2.1208091e+00
  2.4018696e-01
  4.7322398e-01
 -1.1184185e+00
  1.1039792e+00
 -1.1223824e+00
  2.6597700e-01
  1.2116873e+00
  1.3927034e+00
  2.5790054e-01
 -9.4349474e-02
 -5.9574533e-01
  1.8085672e+00
 -2.0597491e+00
 -2.7721816e-01
  2.5738764e+00
 -1.5931237e+00
 -1.7455245e+00
  1.5704845e+00
  4.0339234e-01
 -1.1318319e+00
  1.1543301e+00
 -9.4308233e-01
  5.1894271e-01
  8.7407637e-01
 -1.2139390e-01
 -4.6133515e-01
  3.5140485e-01
  1.3578096e-01
  1.0641057e+00
 -8.0060017e-01
 -4.0921500e-01
 -9.2178702e-02
 -1.7741181e+00
  1.4792616e+00
 -8.4836632e-01
 -1.5486648e+00
 -6.8918400e-04
 -1.4229484e-01
  4.4937238e-01
 -1.5325459e+00
 -3.9150992e-01
 -1.3222998e+00
  2.6546067e-01
  6.0021621e-01
 -4.2089853e-01
  1.8286107e-02
 -1.0514324e-02
  2.4068689e+00
  5.6133556e-01
  1.2565005e-01
  9.6936160e-01
 -2.8236529e-01
 -4.0245348e-05
  2.1746729e-02
 -4.6853617e-01
 -4.3269835e+00
 -7.5954877e-02
  3.6502621e-04
  6.5324736e-01
  1.0235339e+00
  9.1590682e-06
  3.9558992e-05
  2.0691662e-06
  2.6565061e-05
 -2.2610083e-01
  9.8711544e-01
  1.0587579e-05
 -2.2919205e-06
  2.8637261e-04
 -5.1408035e-01
  1.1387107e-06
  1.8055136e-05
 -6.9183797e-01
 -4.9240315e-01
  5.3535628e-01
  6.4212427e-04
  2.3493442e-01
 -1.2444589e-01
  1.6159775e-03
 -1.9667380e-06
  2.1914445e-01
 -1.0915140e+00
 -1.6907617e+00
  2.2966377e-01
  3.3335999e-02
  2.7896979e-01
  4.5660359e-01
  6.7070476e-05
  3.3745803e-03
  1.8781858e-02
  1.2507740e-01
  2.9767001e-01
  2.3159337e+00
  1.0188969e+00
  2.5283366e-01
  9.6590370e-02
 -2.3683544e-01
 -9.8287081e-04
 -5.7795182e-06
 -2.5848828e-02
 -9.5761913e-01
  1.1284537e+00
  1.6179492e-05
  5.6152970e-01
  6.6812539e-01
  1.0520592e-04
 -1.0012435e-06
  3.6488236e-05
 -6.0908437e-01
 -3.7877688e+00
  1.7911628e-01
  1.0441428e-01
 -2.2085211e-05
 -5.3882730e-01
  7.8338689e-06
 -3.5226891e-05
  1.1520270e+00
  3.6871603e-01
  5.8381230e-01
  3.0757821e-01
  1.3508411e-01
  5.2126467e-01
  1.2295359e+00
  1.5987357e-01
  1.7345570e+00
 -1.8391748e-01
 -9.9434918e-01
 -2.0213931e+00
  1.9740816e+00
  5.5917513e-01
  1.7013586e+00
  3.8629513e-02
 -9.3967634e-01
 -5.3537150e-08
 -7.6605076e-01
 -3.6142790e-01
  1.0624340e+00
  9.1058785e-01
  1.6407207e-01
 -2.3593865e-01
 -5.9803981e-01
 -4.5837751e-05
  8.0470018e-06
  5.7852839e-07
 -1.7052270e-01
  9.6498625e-06
  2.0519666e-01
  3.8639096e-06
  2.0793343e-06
  5.8040791e-06
  6.3780622e-05
 -7.9775424e-07
 -3.6661170e-02
  1.0050849e+00
 -6.3060182e-03
 -7.2806382e-01
 -5.8547105e-04
 -7.9681035e-05
  2.9405441e-02
 -5.1219117e-02
  4.5496879e-05
 -6.7438856e-02
 -1.2915984e+00
 -7.8710341e-01
 -1.2175747e+00
 -6.7868816e-05
 -3.2840262e-04
  1.0089371e+00
 -1.1798997e-05
 -3.5152625e-05
  8.1476383e-06
 -1.4308633e-01
 -6.9207883e-01
  2.3528681e+00
  4.3223965e-01
 -3.2623200e-05
 -4.3493623e-01
  1.1519933e-04
 -1.9022563e-06
 -7.1797863e-02
  7.2857940e-01
  7.3314011e-01
  1.1569492e+00
 -5.9243388e-02
  3.1099039e-01
 -7.9964072e-01
 -1.5153761e-02
  5.5491687e-06
 -1.0064036e-02
  1.5347748e+00
 -3.7486022e-04
  3.5850886e-01
 -5.5018067e-05
 -3.2802925e-02
  7.9207736e-01
 -1.7660587e-03
 -3.9178889e-07
  3.0867398e-01
 -1.5760679e+00
 -8.7943304e-01
  2.4978772e-01
  6.2821135e-02
 -1.4575908e-01
  2.9683599e-01
 -1.0422324e-01
  1.2322775e-05
  3.9396036e-02
  6.0274545e-03
  3.6888269e-01
  2.7133250e-01
 -3.8262231e-05
  6.0981429e-01
  9.7451073e-01
  1.1527456e+00
  1.3017132e+00
 -1.4736109e+00
  1.0902950e+00
  4.2350227e-01
 -1.6098753e+00
 -7.0017809e-01
  7.7654874e-01
  1.5066608e+00
  3.7090588e-06
  1.2995793e-02
 -1.1659720e-05
  1.8146347e+00
  2.1265838e-05
 -3.0771716e+00
  9.6044654e-01
  1.7732900e-01
 -2.1012923e-01
  4.0462911e-01
  1.5512975e-03
 -1.6977890e-01
 -1.7964723e+00
  5.8632702e-01
  9.3772298e-01
 -1.4787273e+00
  1.4950770e-02
  2.8934991e-01
  2.0649597e-01
  1.3650866e+00
 -5.6636106e-02
  2.1201272e+00
  1.5216117e+00
 -8.7020129e-02
  1.0005971e+00
  1.5512151e+00
 -1.3761780e+00
  1.5731035e-05
  3.2398701e-01
  5.0770991e-06
  7.2882003e-01
  1.2968855e+00
 -1.1180180e+00
  3.2968647e+00
  4.4484955e-01
 -2.2728631e+00
  4.1756061e-01
 -7.5455259e-06
 -1.3492785e+00
 -3.3635321e-01
 -2.4378613e-01
 -1.9990709e+00
 -1.2435389e+00
  8.9400578e-01
 -7.0350605e-01
  8.1073290e-01
  1.9700716e+00
  8.6897004e-01
  1.3435212e-01
  1.1077943e+00
 -3.3687741e-01
 -1.8700869e+00
  2.1161717e-01
  9.8188482e-03
  4.2104917e-03
  4.2981151e-01
 -6.5368146e-01
  1.3131052e+00
 -8.1295174e-01
  3.4696823e-01
 -2.3300195e-01
  2.1100876e-01
 -1.7922246e+00
 -7.6539165e-01
 -3.9799127e-01
 -5.8234286e-01
  1.0835258e+00
  1.3827505e+00
  1.1784768e+00
  1.6419443e+00
  3.1772107e-01
 -7.1288437e-02
 -1.8893857e+00
 -7.4558777e-01
  1.0488433e+00
 -1.4967171e+00
 -1.2068918e+00
 -2.2208412e-01
 -2.5159595e+00
 -3.7541956e-02
 -7.8145333e-02
 -2.2484139e-01
 -3.1387720e-01
 -1.5261605e-06
 -8.6146975e-01
 -1.6221107e-04
  1.0292170e+00
 -1.2341192e-01
 -1.2773243e-05
  8.6415994e-01
  1.1105853e-01
  3.2128745e-01
 -3.1458493e-02
  3.8934776e-01
  4.0531926e-02
 -6.1487442e-01
  9.0242141e-01
 -4.9656990e-04
 -1.7968326e+00
 -1.9342637e+00
 -7.2910213e-01
  1.0079309e+00
 -9.2325136e-02
 -2.8342929e+00
  1.2846014e+00
 -6.4052862e-01
 -1.5737801e+00
  1.3493257e+00
 -8.6372316e-01
 -9.4940215e-01
 -1.6946305e-01
 -8.1632800e-02
 -8.1614947e-01
  1.0931133e+00
  8.2928789e-01
  2.5872388e-01
  8.8568455e-01
 -9.0158594e-01
  6.1851478e-01
  9.3667395e-03
  2.9110059e-01
 -3.5958675e-01
 -1.4986045e+00
 -4.1064200e-01
 -8.3894503e-01
  9.4635673e-02
 -1.0176735e+00
 -6.9533646e-01
 -1.2753792e+00
 -1.5640043e+00
 -2.5968647e+00
 -8.8826895e-01
 -1.5051874e+00
 -5.6996495e-01
  1.6460637e+00
 -3.5468501e-01
 -6.4979929e-01
 -4.7835407e-01
 -7.7483410e-01
 -9.6133101e-01
 -1.5306771e+00
  7.0444494e-01
  8.8178968e-01
 -8.3498913e-01
 -3.7888896e-01
 -9.7506344e-01
  1.7192258e+00
 -7.5929934e-01
 -6.7640048e-01
  7.3666894e-01
  1.4469355e+00
  8.5617268e-01
 -1.1497377e+00
 -1.7609062e-07
  3.2381591e-01
  3.6825773e-01
  9.9722147e-01
 -1.0614883e-05
 -2.0469341e+00
 -6.8524486e-01
 -1.2382619e+00
 -3.7050503e-01
  2.6749427e-07
 -4.3310620e-06
  4.2693395e-05
  2.4712019e-05
  1.0048971e-05
 -2.8568226e-01
  1.4355040e-05
 -5.0649089e-01
  3.0658755e-06
  4.6393433e-07
  1.8337132e-01
  3.4921834e-01
  3.3533323e-01
  5.9980871e-06
 -4.3045223e-01
  7.8152996e-01
  2.0238428e-01
 -1.8154809e+00
  6.5454544e-05
 -3.1387634e-04
  9.9523228e-01
  3.7979296e-01
 -4.4877120e-06
  1.6147606e-01
 -3.6505616e-01
  7.0930916e-01
 -9.4788873e-01
 -1.7955224e-06
  1.0637277e-01
  3.5117742e-02
 -1.3908353e-06
 -1.4672220e-06
 -1.9334060e+00
  1.4274882e+00
 -4.6685073e-03
 -8.0176705e-01
  6.0013542e-07
  7.6012315e-05
  4.8541000e-01
  1.2418563e+00
 -1.5054946e-05
 -1.3162086e+00
  6.6993797e-01
  9.0405083e-01
 -1.0682508e+00
  7.5341413e-06
  4.7719781e-04
  2.8296185e-01
  5.3676900e-05
  1.9564326e-05
 -1.1471326e-01
  4.5168665e-01
 -1.6281707e+00
 -8.5378563e-01
 -3.4909947e-06
  3.9877891e-04
  1.1017587e+00
  6.1167657e-01
  1.6323909e-05
 -8.7673932e-01
  7.7717446e-02
 -1.4478384e-01
  1.2814629e-01
  1.5031643e-05
  7.0692207e-05
  2.2298638e-02
  4.8237544e-01
 -1.2554516e-06
  4.1906103e-01
  4.7513840e-01
  8.2884616e-01
 -3.9075080e-01
 -2.7983456e-06
  5.5310597e-06
 -1.1835954e-04
  3.6063184e-06
  5.4032949e-05
  6.2171090e-02
 -1.0993454e+00
  1.3799645e+00
  3.1333482e-01
 -1.5524979e-06
  1.8043618e-06
  1.0241478e-06
 -1.4053805e-05
  7.5584899e-06
  3.4823463e-06
 -7.0182267e-07
  3.2660243e-01
  4.6862027e-07
  1.8833896e-07
 -6.1297538e-07
  6.3685872e-07
 -4.7710228e-06
 -1.3790991e-04
  9.4547451e-01
 -3.6342290e-01
  9.6317619e-01
 -1.4845893e+00
 -4.0788191e-06
  4.3675072e-06
 -1.0167892e-05
 -1.2795169e-04
  8.1210819e-06
 -2.1156504e-05
  1.4971204e-01
 -1.2163625e+00
 -3.7582338e-01
 -7.5072400e-08
  6.5908780e-06
  4.7665956e-09
 -2.0705966e-05
  1.4523455e-06
  2.0662998e-01
  1.0128835e-01
  2.9658565e-01
  9.7310436e-01
  3.5659887e-05
 -5.5345349e-06
  2.5994684e-06
  5.2751260e-05
  3.4855436e-06
  1.0077279e+00
  6.2274885e-01
  2.3639328e+00
 -1.0716164e+00
  8.2468996e-06
  1.5561806e-06
  2.9151108e-06
 -1.1499966e-04
 -6.2024369e-06
 -2.5067109e-01
  6.0130842e-02
  1.3510184e-01
 -3.0067074e-01
 -4.3277920e-05
  1.0863849e-06
  3.4984143e-06
  1.2901945e-05
 -1.2956138e-04
  1.5277964e+00
 -1.9576594e-01
  5.1726758e-01
  9.8508406e-01
 -8.7526660e-06
  2.1277419e-06
 -1.4699987e-06
 -3.2727380e-04
  8.1054575e-05
 -4.4078884e-01
  1.7897122e-01
 -6.1539423e-01
  5.0196558e-01
 -8.4400845e-06
 -2.7057197e-06
  3.7382995e-06
 -9.7559519e-02
  4.1358485e-06
  5.5762851e-01
 -5.0489079e-02
 -9.1544694e-01
 -9.2600197e-01
 -1.3095192e-06
  9.9902456e-07
  1.2966843e-05
 -2.9323814e-07
 -4.4240493e-05
  1.9827273e+00
  1.6830982e-04
  1.6798955e-05
 -1.9914758e-05
 -6.9490090e-07
 -2.5050861e-06
 -3.5601850e-06
 -1.7236225e-05
  3.0967697e-06
 -5.8903611e-01
  5.5480427e-01
 -1.8514401e+00
 -6.7483658e-01
 -4.9142312e-07
  1.6032247e-06
 -3.4875536e-06
 -5.5387272e-06
  5.6122371e-06
  8.9141568e-03
  1.2030045e-04
  4.4508564e-01
 -3.6495379e-01
 -1.1889532e-05
 -9.9681774e-06
  1.9448678e-06
  5.4629036e-06
  1.3072855e-05
 -3.5961270e-01
  4.2575544e-01
 -1.5530449e-01
 -1.5040842e+00
 -3.8072532e-05
  1.3282288e-04
 -3.9805295e-06
 -2.9349884e-01
  5.6227992e-07
 -2.4847217e-02
  5.1875398e-02
  5.8198325e-02
 -7.5711417e-01
 -4.5136784e-07
  3.8538001e-06
  5.7390266e-06
  8.1152875e-06
 -1.4205838e-06
  1.5422326e+00
  2.7731419e-02
 -2.5796694e-01
 -7.7789891e-01
  4.4125422e-06
  1.0191734e-04
  5.5431534e-05
 -3.5276401e-01
  3.0245021e-05
  4.1209239e-01
  1.5237001e-01
 -1.3643297e+00
 -1.2999572e+00
 -9.3321393e-07
 -1.3403850e-05
  3.4819811e-06
  5.1858647e-06
 -3.0974547e-06
 -4.8130441e-01
  2.9817256e-01
  9.7495121e-01
 -8.5982341e-01
  6.8684161e-02
  6.0218704e-01
 -9.6125978e-01
 -8.2610324e-02
  4.3103431e-05
  9.6253850e-02
  5.7886875e-01
  1.0209185e+00
 -6.0235345e-01
 -1.5941814e-05
 -4.1293441e-07
 -3.4856901e-05
 -2.0706921e-06
  3.2785740e-06
 -6.1680257e-01
  1.8762270e-05
  3.8104078e-01
 -1.2398000e-04
  5.5875704e-02
  6.3206297e-01
 -8.9072418e-01
 -6.1475934e-05
 -2.2549243e-07
 -1.1469226e+00
  1.8101688e-01
 -6.7005014e-01
 -7.7564323e-01
 -2.2822351e-06
  1.6349350e-05
 -9.2409897e-01
 -9.2906157e-06
 -1.3132537e-05
  9.8134619e-01
 -8.2625754e-02
  9.7269523e-01
  8.3853465e-01
  5.6000985e-02
  3.5394403e-01
  2.6680911e-01
 -1.3057665e-07
  1.5293051e-06
  4.1362524e-05
  8.4930331e-01
  5.2664727e-01
  1.5351750e-01
 -2.2816052e-06
  2.0534522e-04
 -2.6142504e-02
 -6.8835063e-05
  2.1027114e-05
 -2.1611257e+00
 -1.9377272e-01
  2.0113108e+00
 -5.9357697e-01
  5.2332599e-03
  8.4566064e-02
  8.2108527e-05
 -6.1937892e-05
 -1.5280270e-05
 -1.8733567e+00
  2.8823611e-01
  1.2857765e+00
 -2.4913107e-01
  1.3363267e-05
  3.3063278e-01
 -9.3183750e-01
 -1.6123764e-04
  5.1279826e-06
  3.9231793e-07
  5.3642243e-01
  8.6831890e-02
  3.3640298e-01
  1.1765560e-05
  1.3485085e-04
 -4.1815808e-01
 -1.5292711e-03
 -8.8216466e-06
 -4.9148259e-01
  5.6378663e-01
 -3.0895057e-01
 -1.3377443e-01
  4.6115343e-05
 -3.8502836e-03
 -7.0509690e-01
  4.2001398e-06
 -3.8632515e-06
 -1.0527774e+00
  1.1981201e+00
  8.0943733e-01
 -4.1903695e-01
 -1.9754029e-06
  2.5942086e-07
 -3.0363979e-06
  1.8844580e-06
 -4.5698421e-06
  7.3250367e-06
  9.6432340e-01
 -2.2231431e+00
  1.5301484e-05
 -2.8301807e-07
  9.5862488e-06
 -1.8537695e+00
  4.5997676e-05
 -2.6318819e-06
 -3.4803370e-01
 -1.0359830e-02
  3.1686267e-01
  7.1452439e-01
 -5.2626808e-07
 -4.0733412e-06
 -7.3886162e-04
  3.0649011e-05
 -4.7952831e-06
 -6.6879773e-01
  1.1444489e+00
 -2.3251037e-01
 -6.6146213e-01
 -1.2579480e-05
  2.3166764e-07
 -4.8498547e-01
  1.5797226e-05
  1.2711286e-05
 -8.8854212e-01
 -1.7514855e-01
 -4.9429250e-01
  4.4591841e-01
  4.6578299e-07
  1.2029470e-05
 -3.3020999e-02
  4.6001919e-06
 -8.0187119e-06
  8.4474444e-01
  2.4181052e-01
  4.9299836e-01
  1.3444409e-02
 -6.9548923e-06
  1.5289709e-06
 -2.0809891e-02
  1.5469222e-05
  3.2690700e-06
 -1.7078026e-01
  2.0946085e+00
 -1.7541142e+00
  5.6250405e-01
 -1.9731777e-05
 -5.5586797e-04
 -2.3045751e-01
  1.3293765e-05
  6.4136987e-07
 -7.3564039e-03
 -1.2945578e-01
  5.3782481e-01
 -4.9801821e-01
 -9.9822391e-06
 -1.7792707e-05
 -7.7957225e-01
  2.7735728e-06
 -2.1552114e-06
  8.0639714e-01
  3.7589088e-01
 -6.6854316e-01
 -6.6400319e-01
  1.2413758e-02
  1.2413758e-02
  1.2413758e-02
  1.2413758e-02
  1.2413758e-02
  6.7241365e-01
  6.7241365e-01
  6.7241365e-01
  6.7241365e-01
  6.7241365e-01
  1.4738771e-01
  1.4738771e-01
  1.4738771e-01
  1.4738771e-01
  1.4738771e-01
  1.0924964e-01
  1.0924964e-01
  1.0924964e-01
  1.0924964e-01
  1.0924964e-01
  1.6452778e-02
  1.6452778e-02
  1.6452778e-02
  1.6452778e-02
  1.6452778e-02
  1.8038879e-01
  1.8038879e-01
  1.8038879e-01
  1.8038879e-01
  1.8038879e-01
