nep4 3 Ba Zr S 
cutoff 8 4 150 20
n_max 4 4
basis_size 8 8
l_max 4 2 0
ANN 30 0
  4.1157159e-06
 -3.2879066e-07
  7.3589190e-06
  4.9313921e-06
  2.8749069e-05
  2.7973983e-06
 -1.8183304e-05
  1.3781184e-05
  3.0504574e-05
  3.2434164e-06
 -8.0094915e-06
 -1.6275502e-05
 -8.9819023e-06
  2.3409924e-05
  5.1173529e-06
  4.7788781e-05
  1.9756751e-05
 -1.9750169e-05
  1.2596661e-05
 -1.1043217e-05
  8.9898913e-06
  1.3248701e-05
 -1.1466453e-05
  1.4073394e-04
  3.2482778e-06
 -8.2004808e-06
  2.4324740e-05
 -1.5744045e-05
  3.2726327e-06
  2.0438978e-05
  4.2607017e-02
 -1.7982420e-06
  2.0340199e-06
  2.8997292e-06
 -4.8713490e-02
  6.8115554e-04
  4.8154125e-05
 -5.9997063e-05
  1.0758472e-04
  3.8130569e-01
  7.3119186e-02
 -3.2420685e-05
 -9.0570065e-06
  7.1567406e-06
  3.0671980e-04
  1.2357944e-05
 -2.1186568e-06
  1.4037247e-05
  1.4538097e-02
 -7.2044149e-02
 -6.1371279e-06
 -7.4445666e-06
 -5.0100396e-05
  1.2084798e-01
  7.7798195e-06
 -8.3107134e-06
  6.4567248e-06
 -8.8691713e-06
 -5.6904532e-06
 -2.3880353e-05
 -5.0457561e-04
 -1.3641962e-04
 -8.4695685e-06
 -2.1123373e-05
 -2.5538357e-05
  2.4802359e-05
 -3.0243698e-05
 -3.1464504e-05
 -8.2986804e-07
  7.3490919e-06
  2.3650162e-05
  3.2674257e-07
 -1.8259669e-06
 -4.0025614e-05
  2.1895598e-06
 -1.4926298e-05
  5.0302890e-07
  1.3489190e-05
  7.5722560e-06
  1.8272953e-06
  1.9703530e-05
  1.9879175e-05
 -3.8507054e-04
 -4.6541686e-06
 -7.0127558e-06
 -1.2718810e-05
 -3.9174324e-06
 -8.0014921e-05
 -5.9439622e-06
 -1.0432379e-06
  2.2119406e-01
  6.9413854e-06
 -9.0872236e-06
 -5.3228081e-07
 -1.6336983e-01
  2.2310922e-01
  9.4121744e-05
  5.3949029e-06
 -9.7793899e-02
  6.6052406e-04
  3.9280560e-05
 -1.7663073e-05
  4.4262656e-06
 -3.2160882e-05
 -1.5431534e-06
  2.7754028e-05
 -1.5255125e-05
  2.9653722e-05
  4.0929714e-05
  2.5545346e-06
  1.2364903e-06
  1.2391283e-05
 -4.4518117e-08
  8.5986758e-06
  6.6689240e-06
  3.6862049e-05
  5.4068067e-08
  1.2902603e-05
 -3.5166145e-06
 -2.2235702e-04
 -1.5409051e-06
 -1.2408264e-05
 -8.1527833e-06
 -6.4806213e-06
  4.8074144e-06
  8.8016814e-06
 -3.0795025e-05
  5.7417392e-06
 -1.1470929e-06
 -9.5773148e-06
  2.7213573e-05
  3.4886536e-05
 -2.6348249e-05
  5.3044016e-05
 -7.4033424e-06
  1.1288565e-05
  5.9362951e-06
 -1.2039963e-05
  2.8635163e-06
  3.1792024e-05
  2.8529765e-05
  6.0910211e-06
  6.9616698e-07
  4.1639949e-05
 -1.9687716e-06
 -3.0355373e-05
  2.6469868e-07
 -1.9659852e-05
 -2.0370799e-05
 -8.8260589e-07
  3.3546198e-06
 -2.7232202e-06
  1.9202374e-05
  4.8407551e-06
  3.8170160e-06
  2.7882890e-05
 -1.6683687e-06
  3.4124930e-06
  4.3335203e-06
 -3.2664154e-06
  1.3503084e-06
  2.9695015e-05
 -1.6397333e-05
  2.1087644e-05
  2.2490970e-06
 -6.1712599e-06
  4.2109136e-06
  3.9855604e-05
 -3.1963606e-05
  6.7558483e-07
 -2.8938608e-05
  1.5548452e-06
 -3.8343414e-06
 -1.7458435e-05
 -1.8084847e-04
 -4.2158447e-08
  1.0181483e-05
  1.1669831e-04
 -3.5521116e-05
 -1.3536179e-05
 -1.4091953e+00
  1.0098398e-06
  5.4536772e-06
 -4.8032090e-01
  1.5855129e+00
  1.0516737e-05
 -1.4865062e-05
 -9.5762538e-05
  1.7477117e-03
 -2.4340478e-04
 -3.2785378e-02
  5.2786590e-06
 -1.8741493e-06
 -1.9930047e-04
 -6.0149991e-06
 -3.5854150e-04
 -1.1597131e-06
  2.4418523e-05
 -3.5606371e-03
  4.8583385e-02
 -2.4813926e-05
 -2.0450732e-06
 -8.3565401e-06
 -7.8704774e-02
 -1.0861847e-04
  6.6592143e-06
 -6.6226225e-05
 -3.0053202e-09
  5.6482822e-05
 -6.5147324e-06
 -7.5252259e-01
 -3.3772050e-03
 -8.7621738e-05
 -6.2289625e-02
  7.7564055e-01
 -1.6729416e-02
 -3.7653460e-06
  1.1026335e-05
  1.1405389e-04
 -1.9995722e-01
 -1.0482742e-01
 -9.1461770e-06
 -6.2019776e-06
 -2.1403929e-02
  5.0498697e-06
 -9.3898907e-02
  3.4061063e-06
 -1.0140025e-06
 -2.2099962e-02
  7.9549462e-02
 -2.8799995e-04
  1.9205003e-05
  2.7590697e-05
 -1.6563292e-01
 -2.5947943e-02
  2.3976290e-07
  1.3820958e-05
  8.9459991e-07
  1.1410430e-05
  5.6655545e-06
  2.3814967e-02
  8.4003832e-06
 -2.5055821e-05
 -4.8993420e-06
  6.7343230e-05
  4.0822571e-05
 -4.3467679e-07
  1.2439928e-05
  1.0594428e-04
  7.6524895e-03
  1.4511959e-05
 -4.6121177e-06
 -7.8694093e-06
  2.2491740e-06
 -4.3178854e-05
  8.5569773e-06
 -1.4983490e-05
  1.9608306e-06
  9.2629809e-05
 -3.6831756e-05
  8.5214502e-05
  3.4235006e-07
  3.3170894e-05
  7.1852308e-05
 -2.5729161e-05
  1.8677645e-06
 -5.7191428e-06
  3.1271275e-06
  1.7347779e-06
  1.7291087e-06
  1.2490368e-02
  9.0577732e-06
 -2.4315172e-05
 -5.3375647e-06
  3.8094054e-06
  4.4754535e-04
  4.4947414e-04
  3.8739597e-07
  1.4003273e-02
  4.6918523e-03
 -1.2171836e-06
  9.1812672e-07
 -6.2157133e-06
 -1.8301714e-06
  2.4995222e-04
 -6.6095890e-07
  2.5032508e-05
  1.0997060e-05
 -4.2087609e-05
 -1.2977207e-04
  9.2204673e-06
  5.5407036e-06
 -5.8419828e-06
  7.6868084e-05
  5.4426118e-06
 -1.4479025e-05
 -6.1636792e-06
 -1.4792447e-05
 -1.2174036e-04
  5.0335952e-06
 -4.0181923e-01
 -4.5601896e-06
  1.5028407e-06
 -4.7631115e-06
  1.4247114e-05
 -1.1439931e-06
 -6.5999170e-06
  2.4162123e-06
  1.0477603e-06
 -1.6258997e-01
 -6.0645361e-06
  9.6986214e-06
 -1.4040218e-05
  2.4875233e-06
  1.0813413e-05
 -8.8428649e-05
  6.5371369e-06
  1.5137015e-06
 -5.7464786e-05
  8.0426410e-04
  4.6890324e-05
 -4.6719495e-07
  2.2952440e-06
 -3.4799690e-05
  1.0672930e-05
 -1.7207227e-05
 -4.9828218e-06
  1.1831058e-06
 -2.0203322e-05
 -5.8974210e-06
 -2.4820412e-05
 -5.6454674e-06
  2.1525149e-05
 -4.6349915e-06
 -8.0734462e-05
 -7.2477446e-06
 -3.3470531e-06
 -1.2990527e-04
 -5.3015692e-06
  1.0263286e-06
  1.6112914e-05
  8.5273196e-06
 -2.5702937e-05
 -7.5758248e-07
  2.5649913e-05
 -2.0097359e-05
  3.2248267e-05
 -5.0951553e-06
  1.2766252e-05
 -3.7414929e-06
  2.8671545e-06
  8.6711716e-06
 -1.7736982e-06
 -1.3604515e-05
  1.4885311e-05
 -1.6639513e-05
  4.4888734e-06
  1.2480278e-05
 -2.4269360e-05
 -2.7697816e-04
  1.7456149e-06
  2.0845699e-05
  3.2932851e-06
  9.1171023e-06
 -7.4977593e-06
 -1.9751920e-05
  2.6281398e-06
 -4.8215211e-06
 -2.8811628e-05
  4.4126787e-06
  3.8890939e-06
  3.4703192e-01
 -4.1940635e-05
 -3.6498643e-06
  1.3566014e-06
 -6.6009807e-06
 -2.9212482e-05
 -2.8222468e-05
  5.3669064e-05
 -2.9166233e-06
  1.7982276e-05
 -1.6816992e-04
 -1.6784181e-05
  1.1250039e-05
  2.3627042e-06
  2.6908276e-06
  4.1171606e-06
  4.0551568e-06
  3.0494189e-06
  4.1186045e-06
  2.8426159e-06
 -8.1130402e-06
 -4.5986230e-06
  2.5444731e-05
  5.1832990e-07
  9.7233278e-06
  2.2833563e-06
 -1.1010919e-06
 -1.9854806e-06
  1.4313910e-05
 -3.3401673e-06
 -6.1968882e-07
 -2.9415389e-05
  6.9572838e-05
 -2.6075385e-04
 -1.8517347e-05
 -7.4003360e-06
 -2.4783321e-05
  2.4839671e-06
 -1.1514384e-04
 -3.8912490e-06
  3.5553448e-06
  1.3354120e-05
 -7.8881267e-06
  5.7137818e-06
  9.3616800e-06
 -8.6749496e-06
  1.3706777e-05
  4.1191606e-07
 -1.5887808e-08
  2.9911134e-01
  7.6666135e-01
  4.2497102e-02
 -6.3831240e-01
 -8.5032463e-01
  5.7017767e-01
 -1.8990457e-05
  1.2630267e-05
 -9.3152040e-01
  1.4492539e-02
  3.1301302e-01
  6.5186678e-06
 -1.0587878e-06
 -2.6054734e-01
 -3.0628443e-04
  1.6732965e-01
  1.4350548e-05
  3.2841065e-04
  1.3522708e-03
 -3.4638414e-01
  2.4833153e-01
 -1.3135662e-05
  3.3678829e-05
  7.1652371e-01
  2.3997286e-01
  5.4399243e-06
 -9.5651558e-06
  7.0753217e-06
 -5.9694543e-02
 -6.1115794e-02
 -3.1781816e-05
  4.4308299e-06
 -6.9640355e-06
 -1.8839895e-05
 -1.6405971e-05
 -5.0738279e-05
  8.7132457e-06
  1.8676933e-06
  8.6273885e-06
  2.5817030e-06
 -5.9093254e-06
  8.4860885e-06
  9.6302701e-06
  1.1720084e-05
 -1.7685725e-05
 -4.4930737e-05
  3.3972219e-07
  6.7153909e-05
  6.8147470e-05
 -1.3246628e-05
 -1.1170014e-05
 -6.0908651e-06
  6.7300698e-06
  5.6189497e-06
  1.0357091e-05
  1.3519544e-05
  3.4133802e-05
 -3.5059061e-06
 -2.3437717e-05
  9.4817797e-06
 -7.8439039e-01
 -4.7703433e-01
  3.7259877e-06
  6.0877476e-08
  2.6655796e-05
 -1.0871285e+00
  6.5539225e-06
 -2.0355078e-06
 -6.9288529e-02
 -1.0771809e-01
 -1.4964572e-01
  2.2675034e-05
  1.8686795e-06
 -2.8217504e-05
  1.2333133e-05
 -6.1262008e-02
 -2.3412165e-06
  1.4162173e-05
 -5.4113809e-02
  4.9891945e-02
 -4.1261412e-02
  6.6186331e-06
  1.8605147e-05
 -2.9736823e-01
 -2.7112231e-02
 -4.6739293e-05
 -9.6888443e-06
 -1.2267793e-05
  9.3899085e-05
 -4.0472850e-07
  3.2002142e-06
  2.1150698e-05
  4.1948519e-05
 -6.2601671e-06
  1.3498517e-06
  1.6781513e-06
  1.6769226e-06
  1.4648915e-05
  2.2596626e-06
  1.7460939e-05
  3.7148395e-05
 -1.6540322e-05
  1.2579012e-06
 -3.1986164e-07
 -1.4512116e-05
  1.2083430e-05
 -4.2098072e-06
 -1.9402564e-06
  1.1742057e-03
 -9.5876221e-06
 -5.7067091e-06
 -3.7523841e-05
 -8.6789142e-04
  5.0387866e-06
 -7.9126276e-06
 -9.8906348e-06
  1.9193911e-05
  3.8882106e-05
  1.0404584e-06
  1.4112037e-06
  4.4558188e-01
 -2.1798503e-02
 -1.8955709e-01
  2.6702399e+00
 -2.8197544e+00
  1.0902379e-01
  2.7525803e-05
  1.8105726e-05
 -2.0898946e-03
  2.3747627e-01
  1.3812895e-01
  9.6367603e-06
 -3.2318033e-07
  2.0509615e-05
  1.6977502e-02
  4.6027612e-02
  3.2953499e-06
 -6.9880302e-06
  5.0849805e-05
 -1.1749681e-04
  1.4044744e-01
 -4.3291043e-06
 -2.4680824e-06
  4.2510581e-01
  7.5433008e-02
 -2.1490121e-05
  3.3746956e-06
 -2.7941310e-06
 -2.3743305e-04
  9.7410135e-05
 -2.9762030e+00
 -5.8889035e-02
  1.2173208e+00
  2.2101290e+00
  4.9625844e-01
  3.5222396e-01
  5.2023474e-06
  1.1349078e-05
  4.1188103e-01
  1.8932854e-01
 -3.5607731e-01
  3.2137073e-06
  1.4275357e-06
  9.6850945e-03
  4.4940658e-05
 -1.4279616e-01
 -4.1363379e-05
  2.2160866e-05
 -2.4634078e-02
  2.4870406e-01
 -1.2280168e-01
  3.9163606e-06
 -1.1358930e-05
 -4.7429588e-01
 -1.4437790e-01
 -2.3987674e-05
  1.6249897e-06
 -3.6947877e-06
  3.5059638e-02
  6.0539762e-03
  5.4454565e-04
 -2.8045663e-06
  1.6948316e-05
 -9.0219492e-06
 -1.2658842e-05
  2.0722195e-05
 -6.3524608e-06
  5.2007786e-06
  2.0396214e-07
  8.3166424e-06
 -1.3129074e-05
 -1.4770531e-05
 -2.6262699e-06
 -4.2076608e-06
 -9.5981306e-07
 -6.8313147e-06
  1.6361770e-06
  4.7694734e-06
  1.4673477e-06
  6.7163569e-07
  2.6736964e-04
  2.1588841e-05
  4.1762309e-04
  4.4326630e-06
 -1.2442746e-05
 -2.1562996e-06
  1.6148066e-06
  1.9762385e-05
 -4.8161775e-05
 -3.8548283e-06
 -1.2018006e-05
 -8.8745674e-06
 -2.0206269e-06
  5.4720003e-06
  3.0850451e-06
  2.2655358e-07
 -1.2541599e-06
 -1.7472432e-05
 -2.4949719e-05
 -2.7190395e-05
 -3.6549511e-05
  4.0640844e-06
  1.7648047e-06
  3.1463784e-05
 -1.7545037e-05
  2.1073040e-05
 -2.8279953e-06
  4.1453018e-06
 -1.9018875e-06
 -1.4436185e-07
 -1.0181639e-05
 -5.9311424e-06
  1.1164769e-05
  4.3574014e-06
 -7.4634968e-06
 -6.1733303e-06
 -8.2148445e-06
  4.0591589e-05
  2.9233963e-06
 -5.9064879e-04
  1.8531720e-06
 -1.3291528e-05
  6.4858509e-06
  1.3590780e-04
 -5.7617879e-05
  1.1601997e-05
 -1.8603841e-06
 -5.2691857e-06
  2.2949907e-06
 -1.4907637e-05
 -2.2714383e-05
 -5.4086418e-06
 -6.1931523e-06
 -1.4134753e-04
 -3.3842865e-05
  6.3430971e-06
  3.4197355e-06
 -1.7140766e-05
 -1.8857096e-06
  1.4607311e-05
  2.2511402e-05
 -7.5170747e-06
  6.8119148e-06
  7.9044483e-08
 -7.9990401e-05
  4.8930680e-08
  1.2094869e-06
 -8.8635188e-06
  1.7889357e-05
  4.1119556e-06
 -7.8719443e-01
 -8.4332013e-01
 -7.8610860e-02
  1.8347440e+00
 -9.0335202e-01
 -1.4291687e-02
 -7.6378910e-06
 -1.5344875e-05
 -1.0751385e-02
 -6.2360350e-02
 -1.2976012e-01
  1.6392989e-06
 -2.4778719e-05
  3.4460085e-04
  1.2556871e-04
 -1.2041175e-01
 -4.1679978e-05
 -2.0875217e-05
 -5.9614992e-01
  1.5040433e-01
 -1.0064885e-02
  1.5808868e-05
  1.4186752e-07
 -3.2217020e-01
 -3.2947410e-02
 -1.6725058e-05
 -6.1361006e-06
  1.2022618e-06
  7.9530501e-04
  1.9123825e-05
 -1.0973785e-05
  3.5896426e-07
  1.0513125e-05
  1.1967648e-05
 -7.1015616e-06
  3.4451859e-06
  1.1757452e-06
  1.7079511e-06
 -5.2265375e-07
 -1.2803110e-06
  1.2994429e-05
 -1.3825062e-05
  3.3714002e-06
  2.4642890e-05
  4.7189718e-05
  1.0861171e-05
  1.3367983e-06
 -1.0243435e-06
 -1.2369774e-05
  1.4558481e-06
  1.6906133e-05
  8.4420106e-05
 -1.5783083e-06
  5.9595559e-06
 -2.0234655e-05
  4.2159263e-05
 -3.3074768e-06
 -1.3989472e-05
 -6.5141426e-06
  1.9934525e-06
 -5.6803081e-05
 -5.0940881e-03
  8.7389335e-06
 -1.0844263e-04
 -6.0410966e-06
 -5.3562026e-02
  1.5951182e-05
 -1.2475463e-06
 -2.0677400e-05
 -1.6921911e-01
 -1.4816403e-05
 -5.9508834e-06
  1.6737931e-06
 -9.9356930e-06
 -8.5724014e-06
 -6.6936633e-04
  2.2017684e-05
 -5.3936415e-05
 -1.1230093e-05
  1.3165198e-04
 -3.5990456e-07
 -6.9779890e-05
  1.4150180e-05
 -5.3265544e-06
  1.3742642e-06
  3.3336860e-06
 -7.9462479e-06
 -1.0068377e-05
  8.1334574e-06
 -5.3556168e-06
  1.4011294e-03
  6.6915214e-07
 -2.4080712e-06
  5.6267068e-06
 -1.2391927e-06
  3.8044451e-05
  2.8684915e-05
 -1.1255745e-06
  1.4856079e-05
  1.3198728e-03
 -4.3497844e-06
 -1.4810108e-05
  4.7477547e-06
 -9.8201344e-06
 -5.0747887e-05
  4.8726208e-05
 -1.8469764e-05
 -1.3399384e-05
  6.6424373e-06
 -9.6212179e-06
  1.0043053e-05
  3.7573339e-04
 -1.0395095e-05
 -1.7999297e-05
  6.5189309e-04
  1.3304742e-05
 -1.8752120e-06
 -1.3791698e-06
 -9.7663633e-06
  1.4654687e-05
 -4.4775665e-01
 -4.0802024e-02
  2.0457301e-06
 -1.0879679e-06
  5.4397993e-02
 -4.1013919e-02
  1.8814015e-05
  3.8781604e-05
  4.5750357e-07
 -2.2647294e-01
 -1.3673918e-04
 -6.8931331e-06
 -2.3717616e-06
  4.3221035e-06
 -1.6784044e-06
 -3.6480968e-05
  3.0118716e-05
 -3.1529027e-05
 -2.1486332e-01
  3.7119590e-04
 -5.3039374e-04
  7.0316414e-06
  1.0820941e-06
 -1.6493724e-01
 -5.1447856e-03
  5.2725754e-06
 -2.3416701e-06
 -2.5332947e-06
  1.9570481e-04
  1.7514197e-03
 -2.1453843e-01
 -7.1583563e-06
 -1.3125148e-05
 -1.1445384e-06
 -1.3548894e-04
 -3.4135926e-05
 -8.3688765e-06
 -9.6826334e-06
 -1.9551659e-04
 -5.0869156e-02
  8.3922001e-05
 -5.3922818e-06
 -4.1239920e-05
 -3.8705357e-06
 -9.5232344e-06
 -3.9874845e-05
  1.0502699e-05
  2.0796267e-06
  1.6935221e-05
  3.7562454e-06
  4.1943781e-06
 -4.2604930e-05
 -6.6189173e-06
 -1.1504372e-03
 -3.9868148e-05
 -1.0295189e-05
  2.9527289e-05
  2.8601999e-05
  1.8007317e-05
 -8.4493811e-05
  6.2949844e-02
 -6.4583892e-06
 -3.4630080e-05
  5.8534201e-06
 -1.2114408e-05
  1.1479355e-02
 -8.0584214e-06
  1.6803886e-05
  4.4816134e-05
  1.8116243e-02
  2.9021979e-03
  9.9299768e-06
 -3.2615924e-06
  1.5214162e-05
 -3.2391840e-06
  2.0690341e-06
  1.1206058e-05
 -1.2372645e-05
  2.4725097e-07
 -2.9314837e-05
  1.2443085e-06
  2.2097016e-05
  5.7319876e-06
  1.8812937e-04
  2.6335243e-05
 -1.7540626e-06
  5.2873061e-06
  8.5886958e-04
 -1.8013303e-05
 -7.0847123e-06
 -9.3583355e-07
  1.2457252e-01
 -6.5940098e-06
 -9.2412997e-03
  1.7696334e-04
  2.7849810e-05
 -3.1246248e-01
 -3.2709619e-01
 -7.7028251e-01
  1.1439960e+00
  1.4760750e-06
  1.3662720e-05
 -7.2822215e-05
 -7.5056923e-06
 -2.7653050e-01
  1.6009732e-05
  1.0196543e-01
 -1.0953829e-05
  7.8512698e-01
 -4.4012807e-02
  5.7165283e-01
 -1.4533418e-05
  1.1715380e-07
 -3.4188208e-01
 -3.1540414e-05
 -2.2461377e-06
  4.7307235e-01
 -8.6699627e-02
  3.3687130e-02
  4.5717171e-01
 -1.8171816e-07
  5.2651912e-01
 -5.7556565e-07
  4.9980566e-01
 -1.6597087e-05
 -5.8916094e-06
 -1.3999183e+00
 -1.3562309e+00
  1.3717291e+00
  1.6309742e+00
 -1.5000734e-01
 -6.4137937e-05
 -1.2718398e-05
  1.0856340e-06
  2.4834096e+00
 -1.6760354e-05
 -1.2686465e+00
 -2.9158469e-09
  2.5620446e+00
 -3.1682358e+00
  3.8047794e-01
  6.9611792e-06
 -2.2849313e-06
 -1.7472773e+00
  9.1936599e-06
 -2.4253464e-01
  4.7604421e-01
 -9.3108624e-01
 -4.9352393e-01
  8.2780427e-01
 -1.0425304e-05
  1.1611275e-04
 -3.0443167e-05
 -8.5243573e-06
 -8.8063898e-06
  5.2073272e-05
  6.6645375e-06
  2.0752046e-05
  6.0480634e-06
  3.6824578e-05
 -1.4480797e-06
 -8.3478517e-06
  4.8871287e-05
 -4.4606804e-06
 -7.9394900e-05
  4.8260786e-06
 -1.0063462e-06
  1.6200755e-05
  1.4368707e-05
  8.5347610e-06
  1.2349583e-03
  7.8192443e-06
  1.0675888e-05
 -4.7290778e-06
 -4.5035293e-05
 -1.9833323e-04
  1.9395998e-06
  1.4431125e-05
 -2.4828962e-06
  1.4916568e-05
 -2.9786155e-01
  1.5416495e+00
  2.1882184e+00
 -5.6526937e+00
  2.7401943e+00
 -3.4324253e-01
 -2.3802754e-01
 -9.1618218e-02
  5.1416650e-02
 -2.3006484e-02
 -2.6633108e-01
 -4.4393007e-02
  1.3409658e-01
  1.0412378e+00
 -3.7211339e-05
 -2.6092079e-01
 -2.5791693e-01
 -2.3352142e-01
  2.5362971e-01
 -1.7066772e-01
 -9.5262729e-02
  1.0773553e-01
 -6.8031770e-01
  4.6989322e-03
 -3.6692303e-03
  2.7090194e-02
 -4.8405715e-04
 -1.9953166e-05
  6.3234707e-05
 -3.2840708e-05
  1.0697585e+00
 -2.0044130e-01
  2.3902115e-01
 -4.4165605e-01
 -3.3819011e-01
 -1.0001365e-03
  1.8410689e-01
  4.1044898e-02
  1.0595323e-06
 -3.2067396e-02
 -4.1315368e-05
 -4.0839754e-05
 -8.9473797e-06
 -1.6664742e-01
  1.3869108e-05
  1.2572908e-01
  1.1308928e-04
 -1.9250244e-03
 -1.3412524e-02
 -2.8677603e-05
  5.6407326e-01
 -9.4063427e-07
 -1.0793980e-05
  5.3979609e-02
 -1.0443866e-06
 -6.1354426e-06
  1.6974047e-05
 -4.5235524e-06
  6.0187354e-05
 -1.7759936e-05
 -9.8132223e-02
  3.4276924e-01
 -2.1137053e-01
  2.4201414e-02
 -1.1190074e-01
  1.2787228e+00
 -1.2768131e-05
  2.2003050e-04
  4.8835379e-01
 -9.1853035e-05
  6.3155675e-01
  9.9855676e-02
  1.6665086e-05
 -5.3181707e-06
  2.6063730e-05
  3.8335213e-01
  2.3365043e-02
  1.1838684e-02
  5.2260709e-01
  1.9600785e-07
  3.5110228e-03
 -4.5771325e-05
  1.3959156e-05
 -1.2819041e-01
 -5.9441841e-06
 -1.9449266e-05
 -3.6666101e-05
 -7.0840829e-06
 -5.4992342e-06
  6.4907836e-06
 -1.0017292e+00
 -1.1022526e+00
  1.5892249e+00
 -4.1467509e-01
  4.0467569e-01
  2.2477126e-01
  1.4964900e-02
 -7.2154093e-01
  1.6654445e-03
 -2.6037791e-03
 -1.8086015e-04
 -9.5262326e-02
 -5.4959357e-03
 -5.7342225e-01
  9.1281599e-06
  7.8005068e-02
 -1.8095370e-05
 -6.8398039e-03
  3.4359583e-01
 -7.8818128e-02
 -1.5598133e-01
 -1.0232336e-05
  6.6060238e-06
 -5.9328049e-01
  1.5330435e-05
  4.4154018e-05
  3.5614561e-05
  6.1334258e-06
 -4.2395564e-05
  2.3503196e-06
 -1.5613732e+00
  3.5883625e+00
  7.6425701e-02
 -8.8349134e-01
  2.4714363e-01
 -1.5351856e-01
  1.0734718e-01
 -1.5992378e-01
 -2.0599325e-01
  7.9752368e-01
  8.3141655e-01
  7.5627834e-01
  6.2560129e-01
 -1.3747849e-04
  3.3968478e-03
  1.9773128e-02
  6.1058706e-01
  2.6514569e-01
 -3.6679992e-01
  3.0342028e-01
  1.9222739e-01
 -1.9886912e-01
  1.9763813e+00
  3.3640677e-01
  1.7910872e-01
  3.4018950e-07
  3.1156436e-05
  4.8545567e-06
  3.1370888e-05
 -6.3921777e-07
 -4.4853243e-01
 -5.1849014e-01
 -4.7895786e-01
 -4.7741781e-04
  2.5902903e-02
  6.8961444e-06
 -4.6955352e-05
 -4.5229676e-06
  3.9383464e-02
 -4.6373036e-04
 -6.0000235e-05
 -1.3013870e-02
 -2.6335074e-06
 -5.8043024e-06
 -6.0828775e-06
 -7.6191704e-04
 -2.9221297e-05
 -8.1676526e-06
 -3.8922422e-02
 -1.1849404e-04
 -4.3492857e-01
 -9.9434135e-07
 -6.5327248e-07
 -3.0590793e-02
  3.7001795e-05
  1.7283693e-06
 -2.7421269e-05
 -9.1104976e-06
  1.0353214e-05
 -3.1863001e-06
  1.1372738e+00
 -6.9351983e-01
  1.2276496e+00
 -5.3753924e-01
  1.0782651e+00
  8.2105907e-05
  7.4978876e-01
 -1.9571680e-04
 -5.9372637e-02
 -2.2555760e-03
  8.1627795e-06
 -4.0861383e-02
 -2.9776341e-03
 -1.1619658e-05
 -4.2447558e-05
 -4.1523644e-01
 -4.6806773e-03
 -1.3012951e-04
 -4.7814600e-02
 -2.6454779e-04
 -6.6905082e-03
 -4.9067569e-07
 -5.0866956e-01
  2.4352463e-04
 -8.6922007e-08
  1.0591761e-04
  7.2197747e-07
  4.6637060e-06
 -8.6242380e-06
  1.1536123e-05
  2.2162692e-05
  8.0420277e-06
  1.9097877e-05
  4.0265353e-05
  2.2206705e-05
  4.4754065e-06
 -3.1168056e-05
 -3.2414757e-06
 -7.7905651e-07
  3.2450589e-05
  2.1549167e-06
  4.0917937e-05
  3.3900380e-07
 -4.8950747e-06
  4.7074645e-06
 -1.0268023e-05
 -9.2296023e-06
 -1.0934024e-05
 -1.6001673e-05
 -7.8727953e-07
 -1.4191791e-05
 -9.6350177e-06
  1.9340807e-05
  1.3921143e-06
 -1.9565480e-06
 -1.4860410e-06
  1.8709128e-04
  1.4302559e-05
 -9.5003576e-05
 -1.4578058e-04
 -1.6405341e-01
 -4.6076494e-01
  7.0550072e-01
  3.5073987e-05
  5.0959837e-01
 -1.0488553e-01
  8.5722715e-02
 -8.7361486e-06
 -7.8111982e-05
 -5.4609601e-04
 -5.4974265e-07
 -2.5367012e-04
 -1.6988226e-05
 -2.7518530e-08
 -3.1510495e-05
 -2.2971772e-01
 -1.5490236e-02
 -6.9480602e-06
 -3.1752661e-01
 -3.5127916e-04
 -1.3060251e-03
 -5.1007928e-06
 -1.3408249e-05
  4.8002203e-05
  3.7187719e-06
 -1.5418433e-07
 -2.1694443e-05
  3.3323857e-05
 -3.1135089e-06
 -5.5870528e-06
 -1.1981738e+00
  3.3267882e+00
  2.6013854e-01
 -8.9180315e-01
 -9.1575913e-02
  1.5531460e-02
  6.0380042e-01
 -2.3035277e-04
 -3.0871365e-02
  9.0832880e-04
 -1.9706592e-01
  1.5327121e-01
  3.9283261e-01
 -2.7241666e-05
  7.4521005e-05
  2.1089366e-01
  6.7497045e-02
  9.6682437e-02
  4.8972401e-01
  7.1366958e-02
  5.9584570e-01
 -3.2228174e-06
  4.0214297e-01
  2.0092675e-02
  1.3824002e-05
  3.5418045e-05
  1.4375645e-05
 -4.3872642e-05
 -3.7310081e-06
  3.1710190e-06
  1.2020221e-05
 -9.5036548e-06
 -5.8486048e-06
  1.0279692e-05
  6.7306205e-06
  2.0178431e-06
 -1.0076936e-04
 -4.0814582e-05
 -1.2397532e-05
 -5.3692456e-06
 -1.1481313e-07
  2.9253008e-06
  2.4841829e-06
  5.2679966e-06
  4.9246887e-07
 -2.4863134e-06
  1.1660124e-07
  6.8199821e-05
  3.6339713e-06
 -2.2244053e-04
 -8.7051723e-07
  3.8659371e-05
 -1.4083194e-05
 -2.1158337e-05
 -2.2450609e-05
 -8.4286930e-06
 -4.2392767e-05
  2.1703956e-05
  2.8994911e-05
 -1.4701707e-05
  1.1337137e-05
  4.4490275e-06
  6.4057863e-06
  4.8199772e-06
 -7.0091642e-06
  4.2666356e-06
  6.1651926e-06
  4.8416518e-05
  7.0045004e-05
 -1.2570395e-06
 -8.8477118e-06
 -1.4338935e-05
 -1.5094124e-05
 -1.4742487e-06
  5.9930522e-07
  9.6123367e-06
  4.2291205e-05
 -9.0794647e-06
 -9.9632762e-06
  1.2966953e-07
  6.7690630e-06
  2.2121587e-05
 -8.4675637e-05
  3.2843868e-06
  2.5371896e-06
  1.5036559e-07
  8.5086504e-06
 -6.0304600e-08
  8.5024258e-06
  1.1395470e-05
  9.2447942e-07
  7.3948454e-06
  5.4752501e-05
  1.6125876e-05
 -1.9003073e-05
 -1.1518721e-07
 -5.1780353e-06
  3.0415147e-05
  8.5983556e-06
 -6.1369610e-06
 -8.4876636e-05
 -1.8416818e-05
 -1.0465517e-05
  5.8085493e-06
  1.7562903e-06
  2.8409165e-06
 -5.2035552e-06
 -4.4158196e-06
 -3.3576034e-05
 -1.5527776e-05
 -5.2027017e-06
 -3.2627281e-06
 -1.4854869e-05
 -2.2477925e-06
 -1.4361089e-05
 -4.1702402e-05
 -6.2450572e-06
  1.8586938e-07
 -1.0376918e-06
 -5.4944561e-05
  3.2169810e-01
 -5.6486380e-01
 -4.9363151e-01
 -1.9403005e-01
 -6.7234731e-01
 -1.3782611e-04
 -4.4592995e-05
 -9.2228880e-04
 -1.1734820e-04
 -2.4291563e-04
 -6.0619921e-05
 -1.3136836e-04
 -6.8761539e-05
  9.2794198e-06
 -2.5156187e-05
 -1.2908161e-05
 -1.8800699e-04
 -2.8794562e-05
 -5.0489813e-02
 -1.8024588e-05
 -1.4210334e-01
  1.9115939e-06
 -1.6883032e-02
  5.0973260e-01
  7.1604586e-07
 -3.3911679e-06
 -1.1303135e-07
 -1.8727203e-05
 -1.3012433e-04
  7.2082948e-05
 -3.0812298e-05
 -4.8143488e-06
 -1.4725973e-05
  5.9654881e-06
  2.0705463e-04
  3.2085183e-05
 -1.4103389e-07
 -9.6878639e-06
 -7.3800729e-06
  2.3667486e-05
  2.3488681e-05
  3.7177088e-06
  7.8005560e-06
  1.2216618e-05
 -1.4653971e-06
 -1.9807634e-05
  4.3669007e-07
  5.8732853e-06
  1.8575734e-05
  6.2214699e-06
 -4.8785646e-06
 -4.3045216e-06
 -1.8298619e-05
  1.0795519e-04
  2.4019901e-06
 -4.7077242e-06
 -2.0575022e-05
  1.3343409e-05
  9.1948650e-06
  4.9706813e-07
  1.0337052e+00
 -1.7205834e-01
  5.5704349e-01
  7.8784221e-01
 -7.2816104e-02
  3.6442872e-02
  5.8023262e-01
 -2.3591707e-02
 -3.6525576e-05
 -1.3504719e-04
 -9.1590810e-01
 -2.8290724e-05
  2.0090328e-04
  1.7955737e-05
 -1.0657433e-05
  2.0110430e-01
 -1.4031623e-03
 -3.0412344e-05
  1.2309519e+00
 -1.5233809e-05
 -1.7903574e-05
  2.2610500e-05
 -4.1616899e-03
  6.5852195e-02
 -1.1625115e-04
  7.1320581e-05
 -3.0360627e-05
 -6.6949428e-06
 -1.5370082e-06
 -6.0991442e-06
 -1.1193293e-04
  2.8490053e-05
 -1.0949911e-05
  6.2540944e-06
  5.9741185e-05
 -5.1941620e-06
 -1.7887538e-06
  1.3913957e-05
 -3.3160948e-06
 -8.0455611e-06
  9.9112249e-08
 -5.5275536e-06
  3.3371274e-05
  2.2046934e-04
 -1.5859212e-05
  4.8292600e-06
  6.8359641e-06
 -2.2719378e-06
  1.1266187e-04
  7.0025126e-05
 -2.3923933e-05
  2.2836642e-07
  3.7661096e-06
 -2.5335501e-05
  1.4797070e-05
 -2.3221610e-05
 -1.0406377e-05
 -4.4915964e-06
 -3.9966624e-05
 -5.4701586e-06
  1.2729459e-05
 -1.2020679e-04
  2.0630887e-05
  1.5740789e-05
 -4.0829636e-05
 -7.5472173e-07
  1.3261356e-05
  3.3669733e-06
  2.4159415e-05
 -1.6685350e-06
  1.4137734e-05
  1.6048107e-06
  1.3491000e-05
 -1.2143423e-05
  9.7787903e-05
  4.9043156e-05
  3.5231424e-06
  1.9355416e-06
 -9.5352634e-06
  9.3177641e-06
  1.7572622e-06
 -4.6691348e-06
 -3.7708389e-06
  9.2702925e-05
  2.9888313e-06
 -9.9555973e-07
  6.5153966e-07
  2.9390165e-07
  6.0134521e-06
 -7.6520919e-06
  2.3766288e-05
 -1.4985643e-05
  8.1677499e-06
 -1.6737380e-04
  3.3955623e-06
 -1.5582588e-06
  2.1863200e-06
  3.1340228e-06
  7.4570285e-06
  6.1102105e-06
  1.6986551e-05
  4.5915665e-05
 -1.5582722e-06
  5.1220082e-04
  3.7975438e-05
 -4.4375338e-07
  3.7456036e-06
  3.4490030e-04
 -1.5949184e-06
  1.4233704e-04
  1.0246023e-03
 -2.4813136e-05
  7.8747653e-06
 -1.5371690e-05
 -5.5263015e-05
 -3.7815371e-06
  1.0277143e-05
 -1.3794082e-04
 -2.2109456e-05
 -6.9050852e-06
 -1.4324804e-05
 -1.6831238e-05
 -1.0096116e-05
  3.1076343e-05
  1.2706851e-06
 -2.4333828e-04
 -3.5534515e-07
  2.0629048e-05
  4.3869464e-04
  3.8268968e-06
 -9.7972202e-07
 -9.7129614e-06
  2.2763586e-05
 -3.0293374e-06
 -3.9623668e-05
 -3.2975720e-05
  4.6892710e-06
 -2.3640490e-05
  4.8569268e-07
  1.0401883e-05
  8.5739930e-06
  3.3721883e-06
  2.9672552e-05
 -3.1279422e-05
 -3.3391107e-06
  1.5626703e-05
 -1.7988287e-06
  1.8734340e-06
  3.0509602e-05
  4.9485157e-06
 -7.2718904e-06
 -6.8668265e-07
  2.7926446e-05
 -9.1485981e-06
  3.5621795e-06
 -9.9795316e-06
 -7.8710300e-06
  1.4136378e-06
 -2.9383218e-06
 -7.1078166e-06
  7.7246750e-06
  4.3938676e-06
 -3.2327618e-05
  6.5672197e-07
  6.9484167e-02
 -1.0524437e-05
  2.2374916e-05
 -2.1871387e-05
  2.6325133e-06
  2.6522357e-06
 -9.4503710e-05
 -2.1288852e-07
 -1.2389643e-05
 -2.2971537e-06
  1.0523625e-05
 -7.6264969e-06
  1.2778676e-06
 -5.9224862e-05
  3.4319444e-06
  9.9806884e-06
  2.5424943e-06
 -1.0837715e-05
  2.7812088e-01
  1.9490519e-05
 -2.5778152e-05
 -4.4739813e-06
 -2.0694762e-05
 -2.1751956e-05
  9.8609480e-06
  2.1820979e-05
  7.3589249e-06
  4.9040045e-06
 -1.5161744e-05
  1.8006999e-06
  5.9775141e-07
 -2.1412490e-05
 -9.7401232e-07
  9.2211094e-06
  1.1367782e-05
 -2.1909264e-05
  7.2858455e-07
 -2.4521234e-05
 -3.8234124e-05
 -2.4523408e-06
  2.8499342e-05
 -8.4467365e-06
  8.4246021e-06
 -2.2163136e-05
 -7.1392701e-06
 -1.2489812e-06
 -5.5455307e-06
  1.9995393e-06
 -1.1654218e-05
  3.9660281e-05
  1.1911538e-05
  5.6949093e-06
 -6.4223573e-06
  4.2060819e-05
  4.4191265e-06
  1.6856844e-06
  9.9635727e-06
 -1.0439509e-05
 -1.5950338e-04
 -2.2256338e-06
 -2.4742481e-05
  1.8554034e-05
 -1.6116905e-06
 -1.6688005e-06
 -7.2275493e-06
 -5.3953408e-06
  2.9072503e-06
 -2.9733934e-05
 -2.8622173e-06
 -6.3603952e-06
 -5.2122004e-06
  2.2096481e-05
  2.8028728e-06
 -7.2094949e-06
  1.1730493e-05
  5.4336999e-07
  6.4253500e-06
 -4.4868687e-01
 -6.6087268e-05
  3.1869149e-05
 -1.8252313e-02
 -4.7167487e-04
 -1.0545903e-01
 -2.2892539e-04
 -8.3194836e-06
 -3.7330752e-05
 -3.3153912e-05
 -2.1673166e-05
 -2.7252177e-05
  6.9748254e-05
  4.1832533e-05
 -4.1459922e-02
 -1.4615392e-04
 -6.4391555e-05
 -2.3920950e-01
 -7.2648259e-06
 -6.8625130e-02
 -9.1839156e-06
 -1.2847625e-05
  3.1617023e-05
  1.0314848e-05
 -1.3454968e-06
 -2.7214408e-06
  5.8575201e-06
  3.2033087e-05
 -4.9803771e-06
  2.2312253e-05
 -8.7972992e-05
 -1.1044225e-05
 -9.4458665e-06
  1.6220714e-05
  3.5218134e-06
 -2.5658016e-04
 -2.0291204e-06
 -1.2582412e-04
  7.7105315e-06
 -5.0471757e-05
  5.3034687e-06
 -2.5042477e-06
  1.5219620e-06
  2.2209728e-05
  3.0531224e-05
  1.1362652e-04
  4.2851643e-06
  2.0002060e-05
  1.5978736e-05
 -6.1022884e-06
 -1.0534478e-05
 -2.1389726e-05
  6.4680071e-06
 -3.5204230e-05
 -1.4077426e-06
  6.6350322e-06
  7.6097945e-06
  3.7716691e-06
  1.2490824e-05
  5.4245770e-06
  1.3802115e-05
  7.6485940e-06
 -1.4803813e-05
 -3.1637878e-06
  4.8718070e-05
 -2.6388976e-05
 -1.2002390e-05
  2.0800717e-06
 -6.1978983e-07
 -9.4256502e-06
  2.5364595e-06
  3.2313189e-06
 -6.0750535e-06
  8.6148857e-06
 -5.1964498e-06
 -8.3377336e-06
 -2.9089365e-06
 -1.1912602e-05
  5.7604580e-06
  4.2337206e-06
  1.5197611e-05
  2.3055029e-05
 -5.2841992e-06
 -1.6752245e-05
  1.8362640e-05
 -2.4811881e-05
  2.9971977e-06
 -4.9914552e-06
  1.5409845e-05
  8.9742237e-01
 -3.4310988e-01
  3.3203109e-05
  6.8289082e-05
 -2.4640076e-01
  3.5473345e-06
 -6.6465022e-06
  4.7473428e-03
 -2.7997964e-06
 -1.9592582e-05
  2.6126447e-06
 -1.8464523e-05
 -3.1243035e-06
 -3.4494412e-01
 -2.4471408e-06
  1.4014576e-01
  2.9607352e-06
 -2.8449791e-05
 -2.0006832e-02
  6.6049715e-06
  4.2939371e-01
  4.0570725e-05
  8.0014754e-05
  7.8277226e-04
 -1.4034418e-06
  6.7539688e-05
 -4.0440873e-06
  7.5162839e-06
 -3.6336095e-07
 -1.9371468e-05
  1.2901491e+00
  2.6107881e+00
  7.5966430e-01
 -2.7255206e+00
  3.5487120e+00
 -1.5217064e-01
 -5.6310829e-02
  1.3876197e+00
  1.8137716e-01
 -2.4822897e-01
 -4.0331379e-01
 -2.2559693e-02
  5.1758293e-04
  1.4357688e-01
 -3.8244361e-01
 -4.6058774e-02
 -1.4954662e-02
  3.6574912e-01
  4.3541324e-01
 -2.1742925e-01
 -1.0947243e+00
  6.4257419e-01
 -2.8559443e-01
  2.0292618e+00
 -4.8517613e-03
  2.3058400e-01
 -1.6063108e-04
 -4.4611908e-05
  2.2567651e-01
  2.0531999e-05
 -2.7224064e-07
  1.0791233e-05
  3.5371224e-07
 -1.7061800e-05
  5.6611930e-06
  5.4769083e-07
  2.3592300e-05
  1.4317592e-05
  8.7557946e-06
  1.7084708e-06
 -7.9064703e-05
  1.9732486e-06
  1.6328300e-05
 -1.4448021e-05
  1.4636407e-04
 -2.3762199e-05
  7.9127085e-06
 -2.0674048e-05
  4.9857022e-06
  1.2433465e-08
  2.6362124e-05
  2.4601441e-05
  1.5972157e-05
 -1.5253903e-06
 -5.9001126e-05
 -8.8509332e-05
 -1.5802965e-06
  1.1847578e-05
  2.1481501e-05
 -2.2012807e-06
 -7.7040113e-07
 -8.6368106e-02
  4.2921329e-01
 -7.7442682e-01
  2.3455931e-01
  3.2669091e-01
 -4.2619359e-01
  3.7375501e-01
  1.2065856e-06
  2.8987578e-01
  7.4851072e-01
  1.6890773e-04
  7.9182873e-06
  3.3188167e-06
  2.6864916e-01
  3.4465556e-05
 -4.4709665e-01
 -4.8328384e-06
  7.0635660e-06
 -5.0404632e-01
 -1.1205249e-05
 -2.6310288e-06
 -5.8023716e-06
  4.4305662e-06
 -2.2739542e-01
 -1.8125430e-06
 -1.6092259e-05
 -4.1135257e-01
 -3.0364108e-01
 -3.0573152e-04
  4.0749010e-01
 -3.3042977e+00
 -1.3122240e+00
  2.2375488e+00
 -1.5359092e+00
  3.3716576e+00
 -1.0370964e+00
 -1.4611906e+00
 -1.6409202e-05
 -1.0948321e+00
  1.8312348e+00
  2.0523797e-07
  1.7993522e-06
 -4.3499826e-05
 -1.1543994e+00
  5.5300380e-04
 -2.0582838e+00
  1.6670294e-05
 -4.1221178e-06
  7.8095816e-02
  2.7538397e-06
  7.2246198e-06
  7.4912823e-05
  3.7754678e-06
 -7.8376371e-01
  2.4197786e-06
 -3.8850685e-06
 -1.6247635e+00
 -3.1884832e+00
  1.9481045e-05
  3.8048437e-01
 -9.9571759e-01
  1.3333271e-05
  4.8082704e-05
  9.0670824e-01
  9.3556203e-02
  2.7522516e-01
 -1.5414868e-01
 -8.4161907e-01
 -1.5590651e+00
  1.4044457e-05
 -2.4613512e-01
  9.5269509e-02
 -1.3275530e+00
 -5.8432721e-04
  7.6235078e-06
  6.3196908e-06
  3.1884020e-04
 -1.7247243e-02
 -2.1344371e-01
 -4.8797733e-06
 -2.5613562e-03
  3.8877668e-05
 -1.5762906e-01
  2.1262068e-04
  8.2720080e-06
  3.7371454e-05
 -4.6672849e-05
  5.0473415e-07
 -8.5311217e-07
  2.9298481e-01
  1.6232382e+00
  2.6800495e-02
  1.0921714e-05
  3.5787159e-01
  2.4404375e-01
  1.8123209e+00
 -6.3700628e-01
  1.7056774e-01
 -2.4998114e-01
  2.7235649e-06
 -2.9302690e-05
 -4.0090245e-06
 -1.4315824e-01
 -8.0915469e-01
 -2.7328160e-01
  1.6960850e-05
 -2.0160589e-01
  5.1144427e-01
 -9.4879843e-02
 -3.4057207e-03
 -8.3841216e-03
 -7.3717341e-02
 -6.6084001e-05
 -3.1541574e-01
 -6.6352502e-02
 -7.3204297e-05
 -6.5950212e-06
  1.9350623e-01
 -1.4259282e-01
 -1.9345351e-05
  2.0529253e-05
 -1.5230562e-05
 -1.0872657e-06
  3.0807794e-05
 -1.7808650e-05
 -5.6538297e-06
  8.8256793e-06
  4.4826074e-06
 -2.2574919e-05
 -3.2141459e-06
  1.7588438e-05
  2.0842983e-06
  4.9267597e-05
  5.2527954e-05
  4.1317207e-06
 -2.4421449e-06
  2.3863482e-05
  2.0693221e-06
  1.1234881e-05
 -2.0232639e-05
  9.9454082e-05
 -1.5761414e-04
  1.4213804e-06
 -6.3331786e-06
  4.4309054e-06
  1.6726604e-05
 -5.4518164e-06
  9.8604451e-06
 -1.4720536e-06
  2.6588183e-05
  1.5305910e-06
  4.7194590e-05
 -4.9757041e-06
 -1.0182182e-05
  1.2078554e-05
  2.9757541e-06
 -1.0855566e-05
 -1.0511889e-06
 -2.9738352e-04
 -2.0859929e-06
 -1.2937769e-05
  4.6930436e-06
  3.3858446e-06
 -4.2790973e-05
 -5.0189428e-06
 -1.9098154e-05
 -1.2121714e-05
  2.6924305e-05
 -8.1188421e-07
  4.3837212e-05
  9.7192310e-07
  1.3647467e-05
 -9.1739167e-07
  9.1814782e-06
 -3.1041298e-05
  3.0451572e-06
  1.3954713e-06
  3.9416791e-05
  9.0316917e-06
 -4.3853337e-01
 -2.1895283e-01
  1.7970984e+00
  6.5069050e-01
 -9.0707712e-02
 -7.5020498e-01
  4.8785184e-02
 -3.0439478e-01
  4.9002680e-01
 -5.1155686e-01
 -1.1341941e-06
  8.7325895e-01
  3.0358289e-03
 -4.2007798e-01
 -3.3997726e-02
 -1.3691797e-04
  8.8546869e-05
 -4.6366206e-01
 -8.0836314e-01
 -3.5009503e-02
 -1.1409424e-01
  5.6369456e-05
 -1.2095339e-01
 -4.8941398e-05
 -2.4328972e-01
 -6.7319279e-03
 -8.4595359e-04
  1.8112684e-03
  1.7022367e+00
 -1.2337801e-04
  5.1145937e-04
 -1.7821804e-03
  1.4472488e-06
  5.6112831e-06
  9.0452129e-05
 -2.3217208e-04
 -2.4838679e-05
 -1.3243914e-06
  1.3110384e-05
 -2.9324125e-05
 -1.2669457e-05
  5.3580563e-05
  1.9203329e-05
 -1.2268321e-04
 -7.1521788e-03
  9.2347082e-06
  3.3450722e-06
 -5.2268151e-06
 -6.6217029e-01
 -1.1877668e-05
 -4.1177103e-05
 -1.1599117e-05
 -4.8380534e-04
 -1.4090426e-05
 -2.4308483e-04
 -6.6760990e-06
  1.5478488e-06
  4.5359233e-05
  4.7876330e-07
  6.6588777e-06
 -7.3046681e-06
 -1.0737263e-05
 -5.7342559e-06
 -1.0332432e-05
 -3.6029021e-05
  1.6653825e-06
  2.2944218e-05
 -6.0949465e-06
 -9.1858619e-06
  1.9518751e-05
 -4.0346472e-06
  2.4768965e-06
  1.9706176e-05
 -7.0930928e-02
 -2.8763554e-04
 -4.0057472e-05
  9.6949952e-06
  7.2236871e-05
 -1.8555753e-05
  1.3492267e-06
 -3.1473235e-05
 -4.0805837e-05
 -1.6177446e-05
 -1.6680302e-05
  7.3165374e-06
 -1.4157021e-04
 -4.4416438e-06
 -5.6870322e-06
  2.9634057e-05
 -6.3698172e-07
  2.3476746e+00
  4.8744035e-01
 -1.0695471e-02
 -1.5972774e+00
  2.9392557e+00
 -2.7347314e-01
  1.6960492e-02
 -1.1374646e-01
  3.5073808e-01
 -8.0781564e-02
  4.2633861e-01
  4.7537500e-01
 -1.2817889e-01
  1.1650053e+00
  2.3155922e-01
  3.2306248e-01
 -2.8285587e+00
 -4.7493729e-01
  6.2587094e-01
  3.0285156e-01
  5.5075172e-02
  1.7576349e-05
  3.4831622e-01
  1.0031261e+00
 -1.4598491e-05
 -7.4348659e-06
 -1.8743725e-01
 -3.7967038e-01
 -6.2263143e-01
 -4.8078460e-04
 -1.0122508e+00
 -1.4625055e+00
 -9.3695544e-02
  7.7567816e-01
 -1.0668796e+00
 -7.6017283e-02
 -1.1114150e-01
 -5.3278526e-04
  1.3516352e+00
 -4.9800494e-01
 -5.2914917e-01
  2.4221568e+00
 -7.9769857e-02
  1.0333245e-01
 -1.9856477e-01
 -1.5587977e-06
 -6.1796468e-01
 -9.1851195e-03
 -8.8075787e-02
 -2.7872261e-01
 -1.6398282e+00
 -4.2642910e-02
 -1.2417001e+00
 -1.0377241e+00
 -9.8718673e-01
 -9.9966035e-04
 -2.2218595e-01
  3.4324232e-01
 -1.0742545e+00
  6.0300016e-01
  1.1309942e+00
 -1.6570863e-01
  8.7854909e-03
  4.4455168e-01
  1.0019835e+00
 -6.7888379e-01
  5.2349651e-01
  2.2810681e-01
 -6.2071788e-01
 -7.1282424e-02
 -2.3117518e-01
  6.7507327e-01
  2.5761476e-01
 -1.1626886e+00
  5.3452766e-01
 -1.2203596e+00
  2.9350206e-01
  3.3105674e-01
 -5.3947330e-01
  1.5253469e+00
  1.7757757e-05
 -7.4862046e-06
  6.0916513e-02
  3.7781394e-01
  9.6658403e-01
  4.9385070e-03
  7.0928442e-01
 -1.1707078e-03
  1.0014906e+00
  1.0775228e-06
  1.0991297e-05
 -1.5016678e-06
  2.2266404e-06
  1.2092610e-05
  2.6406040e-06
 -2.1671337e-08
  6.2189279e-06
 -1.8540244e-07
 -2.2898150e-06
  3.2909584e-06
 -3.2303324e-05
 -1.4814192e-06
  8.6094706e-06
  6.7698575e-06
  5.6998251e-06
 -3.2866974e-05
  1.5036751e-05
 -2.5485704e-06
 -9.3937861e-06
  2.7789150e-07
 -1.3266380e-05
 -8.0624668e-06
 -1.0962376e-05
  1.0479444e-05
  1.1490013e-05
  1.1423013e-07
  2.1981354e-05
  1.1295828e-06
 -2.9292320e-05
 -6.5187141e-06
  3.0151445e-05
 -8.2244107e-05
  1.1512860e-04
  3.1011317e-02
 -7.4178292e-06
 -1.5614683e-05
  3.2669763e-07
  3.2785527e-05
 -2.0086395e-06
  3.7147136e-05
 -6.4299746e-07
  3.9414490e-06
  8.1719852e-05
  3.8209294e-03
  2.8292201e-03
  4.1812109e-06
 -4.9520906e-05
  1.4917747e-06
 -1.3784184e+00
  3.7303111e-05
 -3.3879103e-06
 -9.1625003e-07
 -5.7566660e-07
 -3.4839793e-06
 -2.4539573e-05
 -6.8529211e-05
  2.4737574e-07
 -4.3046090e-05
 -5.0047638e-06
 -1.8396004e-05
  1.0431981e-01
  1.2287616e+00
  5.0104005e-05
  3.2034569e-04
 -2.3914904e-04
  9.7777873e-02
  7.9038273e-06
 -3.2334141e-05
  2.8401516e-02
  4.9094292e-06
  9.0724665e-05
 -2.6983787e-07
  1.8176819e-01
 -1.2909410e+00
  6.9214858e-02
  8.7084945e-06
  1.1625479e-05
  1.3596544e-06
  4.1782674e-01
 -1.9843738e-04
  2.8353648e-05
  2.1634965e-05
  1.7417653e-05
  1.4982103e-04
  1.7116932e-05
 -1.7911079e-05
  6.6219938e-05
  1.1264700e-05
 -5.7744291e-02
 -6.6294947e-06
 -5.3584206e-01
 -8.6995226e-01
 -6.7854553e-01
  2.6900160e+00
 -3.5927144e-01
 -2.0565420e-01
 -7.7588535e-03
 -3.1925014e-01
  1.2732706e+00
 -1.5654698e-01
  1.0208656e+00
  9.0676045e-01
 -3.2235777e-01
  2.1886458e+00
 -2.8331140e-01
 -2.1008829e-02
 -3.3833581e-01
  5.3018922e-01
  9.9003381e-01
 -1.7465849e-01
  5.1676625e-01
  3.5909761e-02
  2.1623333e-04
 -5.3180116e-01
  8.2270932e-01
  3.1066380e-02
  2.5769701e-04
 -1.4021767e-06
 -1.9815806e-03
  1.1419782e-02
  4.5845634e-01
 -9.2653781e-02
  6.9794886e-02
 -9.5519775e-01
  3.3029974e-01
 -6.0879234e-02
 -1.1547389e-01
  6.3222116e-01
 -2.1344952e-01
  3.9716277e-01
 -8.7850071e-07
 -5.1444571e-04
 -3.2991555e-02
 -1.2107121e+00
  6.7227697e-01
  4.6152648e-02
  1.4699998e-02
  1.2496641e-03
  1.1667397e+00
  2.4694169e-01
  1.3546605e-04
  3.7561443e-07
  3.6024503e-04
 -7.6204091e-02
  9.5479667e-02
  8.2136087e-02
 -1.1894667e-05
  1.2003630e-04
 -8.3385967e-03
  2.3168893e-01
 -6.5289828e-07
  5.6666398e-01
  1.0134012e-01
  3.1550004e-05
 -9.7121308e-03
  2.4430932e-07
 -5.5731573e-05
 -2.7822024e-01
 -2.2410794e-01
  4.8183963e-01
  6.0939952e-03
  2.4153801e-04
  1.2663440e-06
  5.3677845e-01
  8.1563216e-01
 -4.2524830e-06
  1.8507907e-04
 -9.0434281e-05
 -4.0585226e-01
  8.9969181e-02
 -3.1870572e-06
  5.4609166e-07
 -1.6973941e-05
  9.9350691e-05
  7.5613389e-05
  4.3051691e-06
 -1.4894115e-05
 -7.6222800e-06
 -1.7290238e-04
  1.6712490e-04
 -7.7890982e-06
 -5.7781599e-06
 -7.7219320e-06
 -2.6526064e-07
  7.5386083e-08
 -5.6582048e-06
  5.9126633e-06
 -1.2067954e-05
  1.2898838e-05
  2.2693303e-06
 -9.5547612e-06
 -9.1858340e-07
 -7.3876487e-07
 -1.4643973e-05
 -1.9472542e-05
 -1.8886254e-05
 -3.2227028e-05
  3.9248065e-05
 -1.4855393e-05
  3.5893145e-06
  3.9717738e-06
 -2.5866477e-06
 -9.2288474e-06
 -1.9272909e-06
 -2.5166321e-04
 -1.3288701e-04
 -2.1378113e-05
  4.3879336e-06
 -4.2576521e-05
 -2.8793964e-05
 -1.2992649e-05
 -1.1843797e-03
 -1.3987954e-05
 -1.3159490e-05
 -2.7004399e-04
  3.9186998e-06
  9.0565936e-06
 -1.0717185e-05
 -1.9404366e-05
 -2.8996336e-01
 -2.3725061e-05
  3.0176656e-04
 -2.5513713e-05
 -1.8420093e-06
 -2.9181262e-02
 -2.4073315e-05
 -2.6648171e-05
 -1.3116973e-05
  7.2313577e-01
 -3.3737488e-05
 -6.4474443e-06
 -2.4960767e-05
  9.9539138e-06
 -9.8202210e-05
 -3.3403827e-05
 -6.2702529e-06
  5.5241873e-07
 -6.2195377e-06
  2.7968297e-06
 -2.0404192e-05
 -2.0076090e-05
 -8.3206505e-05
  1.1232955e-05
 -1.0058131e-05
 -2.0791337e-07
  1.2023153e-05
  1.0067502e-06
 -7.5741649e-05
  6.4139763e-06
 -8.8473535e-05
  3.2461312e-08
  8.8060568e-07
 -2.1519703e-05
 -9.9117560e-06
  3.5924741e-04
 -1.4026855e-05
 -1.2309150e-05
  2.0418327e-08
 -1.4451723e-05
 -4.2652978e-06
 -2.5949634e-05
 -1.2150355e-05
  1.2577389e-05
  4.7111275e-06
 -9.4228453e-06
  7.4586492e-06
  1.1414779e-05
  2.8683635e-05
  8.3990317e-06
  2.7886439e-05
  1.2755097e-05
 -5.5072110e-06
 -1.3210248e-06
 -5.0457176e-05
 -5.3461463e-05
  8.5329411e-06
 -1.8977291e-05
  1.5419077e-06
 -2.7366928e-05
  1.2371320e-05
  2.7697659e-05
  7.8481713e-07
  6.7919450e-06
  1.1480131e-05
  9.5732257e-06
  3.3158826e-06
  9.0995736e-06
 -4.6815740e-06
  8.4993908e-06
 -2.5531049e-06
  1.6468030e-05
 -4.2826050e-06
  1.8046800e-05
 -7.2986622e-06
 -1.9341713e-05
 -4.1979556e-06
  3.3091555e-06
 -5.6494077e-06
 -2.8395298e-05
 -8.8364800e-07
  5.3546205e-06
  1.3185696e-05
 -1.7160456e-06
  3.1479003e-06
  5.7336900e-05
  1.9756595e-05
  2.5322920e-06
 -6.5422178e-06
 -8.8906527e-06
 -1.5549758e-06
 -1.0673002e-05
  5.9508752e-06
 -2.5994129e-06
 -1.0435769e-05
  8.0403606e-07
 -7.9757319e-06
 -1.4703083e-05
 -9.0669538e-08
  1.1619595e-05
 -1.8780886e-06
  1.0996696e-05
 -1.1970315e-06
 -3.3237426e-05
 -6.4728999e-07
 -8.4520589e-06
 -6.1303977e-06
  3.4409800e-06
 -2.7214443e-05
  2.2434836e-06
  1.6370070e-05
  2.2429037e+00
  1.1892495e-01
  2.8568971e-01
 -4.7963339e-01
 -2.9225536e-02
  3.2106346e-01
  2.6374770e-02
 -1.2195444e+00
  1.4377546e-01
 -2.6509745e-02
  8.4915441e-01
  7.6339417e-04
  1.8923517e-01
 -1.3241471e+00
  5.0459251e-02
  3.0600739e-01
  3.6188900e-02
  1.5673079e-02
  6.8054413e-03
  1.1639187e+00
  1.4719248e-03
  7.7699115e-06
  3.8169529e-02
 -4.6844069e-02
  1.7420286e-02
  4.5898207e-03
 -3.8758819e-07
 -1.0764442e-04
  5.1028594e-05
 -2.4928595e-04
  4.7273959e-05
 -1.3421419e+00
  1.3903199e-01
  9.8056823e-01
  2.9722650e-02
  3.1908169e-01
  1.0699009e-01
 -1.0780293e+00
 -1.0791447e+00
  1.6900664e-06
 -1.1884979e+00
  1.2243080e-05
 -1.4053547e-05
  1.4899318e+00
 -6.2682837e-01
 -1.6153660e-01
  1.7962149e-05
 -7.9878464e-02
  9.7935772e-01
 -1.8647469e-06
  2.9423145e-06
 -1.1323595e-05
 -7.1193449e-06
 -1.0700204e-04
 -1.0769172e-03
 -2.1915184e-01
  2.9846919e-07
  6.0442999e-05
  4.7594350e-02
 -3.5069636e-01
 -2.5221992e+00
  9.4905818e-01
  1.2806709e+00
  3.1910448e+00
 -7.2535197e-03
  2.0205379e-01
  2.4406332e-01
  1.8415964e-01
  4.1344348e-01
 -3.9851865e-01
 -2.1196818e-02
  2.0855348e+00
  1.9514330e-01
  1.8607925e+00
  8.7163642e-02
  1.1815574e-01
  7.8787667e-01
 -3.2904312e-02
  9.6599877e-01
  1.5249715e+00
 -1.4580044e-04
  5.4299693e-05
 -3.2502067e-01
  2.8581965e-01
  4.4958291e-05
 -3.5018347e-05
 -2.5244591e-01
  1.4417167e-01
 -4.6995765e-01
 -6.1740411e-06
  1.2688940e-05
  3.1646663e-01
  4.6066862e-06
  3.4731219e-04
 -1.1085555e-06
 -3.9668623e-05
  4.4606404e-05
  2.4380672e-06
 -9.7531938e-07
 -3.7549334e-04
  1.2910034e-05
 -3.5251430e-06
 -1.5843620e-05
 -1.0024180e-05
  1.1569393e-03
  1.1844256e-05
  4.3581542e-05
  5.3549935e-05
 -1.6858407e-04
  5.3191111e-06
 -2.7755564e-06
  1.0038215e-05
  4.0251157e-06
  6.8363552e-06
 -1.0652712e-06
  6.7614135e-05
 -6.6271709e-06
  5.3278054e-06
  3.8167573e-06
  2.7233132e-04
 -6.2549874e-02
  8.0870569e-02
 -2.0843261e-08
 -1.3375982e+00
  1.2388802e+00
  1.2191826e-01
 -1.1669316e+00
 -3.7901327e-03
  1.3203312e-01
 -9.2338462e-04
  3.5927852e-07
  7.5508580e-02
 -2.3826091e-01
  5.1101249e-01
  3.5676658e-05
  1.9728565e-01
 -1.2180093e-05
  1.7774282e-01
 -1.1929672e+00
  1.6529119e-01
 -2.9186915e-06
  2.8960812e-05
  5.5091173e-06
  7.1577549e-02
  9.0473212e-02
  2.2589852e-04
 -8.7859808e-06
 -1.2332785e-05
 -2.2600387e-01
  1.2962937e-01
 -7.0274097e-01
 -1.4441183e-01
  6.2215760e-02
 -8.4560409e-02
  2.4545802e-01
 -9.6448421e-01
  1.2181235e-05
  3.4285814e-01
  7.5681990e-01
 -1.3991985e-01
  3.0429184e-01
  1.1341431e+00
  1.1169262e-01
 -7.4343008e-01
 -1.6697577e-01
  1.8685505e-04
 -5.5201002e-03
  6.8986305e-06
  4.3306372e-01
 -4.5324311e-01
 -2.1525557e-05
 -5.7257064e-05
 -1.2828293e-04
  3.1079978e-01
  6.9587950e-06
 -1.9126670e-05
 -1.6322201e-01
  4.3926673e-07
  1.4933923e+00
 -2.2507145e-05
  4.1975614e-05
  9.4999650e-06
 -7.3904798e-06
 -9.3589088e-06
  5.6290851e-06
  1.6791049e-05
  1.2725407e-06
  3.6659499e-06
  1.0459879e-06
  2.4381523e-05
  1.1088145e-05
  4.0941877e-06
 -3.0355424e-05
 -2.1333249e-06
 -4.8981463e-05
 -4.5942857e-06
 -1.5750498e-05
 -7.2264561e-07
  2.3374772e-05
  1.2269359e-04
  1.0814410e-04
 -3.8250141e-06
 -3.6567867e-06
  1.6764001e-05
  3.5380365e-06
 -1.4661427e-06
 -3.9608931e-05
 -9.9662284e-06
 -2.6572709e-05
  1.2715906e-06
 -1.1111591e-02
 -4.3166747e-05
 -5.4073794e-06
  6.6407874e-02
  2.2494798e-06
 -4.0078969e-03
  4.3574960e-06
  1.8604999e-02
  4.4629041e-02
  6.1727440e-01
 -4.2822791e-04
  2.6641673e-01
  1.4589180e-04
  3.0039540e-01
 -1.8004654e-05
 -6.8472809e-07
 -1.4904611e-05
 -2.7511744e-05
 -2.1756494e-05
  1.2558408e-05
 -2.0388579e-04
 -1.0915001e-04
 -1.6910026e-05
  3.4768802e-06
 -5.3351621e-05
 -2.3834486e-05
 -4.5018973e-05
  3.0458693e-07
 -2.6140160e-06
 -1.9978281e-05
 -1.2397900e-04
 -1.0237011e+00
 -1.4377349e-05
 -9.5037790e-03
  3.3654960e-05
 -2.6855629e-02
 -1.0079694e-05
 -6.6628795e-06
 -3.1214886e-04
  2.5305027e-01
 -5.8886242e-05
  9.5965888e-06
 -4.3878616e-05
  5.7268000e-01
 -9.8504238e-03
  1.1590615e-05
 -2.0845466e-05
 -7.2827706e-06
  1.7344941e-01
 -3.5113301e-02
 -7.3656524e-06
 -5.1651605e-06
 -1.9625876e-04
  4.5502607e-06
 -1.6541111e-04
 -9.5276555e-06
 -8.5740408e-05
  8.8005190e-06
 -4.3620259e-02
  8.4052554e-05
 -1.8352833e-01
  1.0479468e+00
  1.0227068e-05
  2.3824974e-05
 -1.3077055e-01
 -1.1631689e-04
 -2.7471028e-06
 -8.5247707e-01
  2.0190371e-02
  3.9770645e-01
  6.2760751e-05
 -1.1420366e+00
 -2.2198553e-01
  6.0670620e-01
  8.4562546e-01
  1.2351469e+00
 -4.6083269e-06
  3.6823141e-05
 -1.0919181e-05
 -4.9828632e-06
 -3.6440884e-05
 -5.3740531e-01
 -9.4994152e-01
  3.1463328e-01
 -1.3601093e-06
 -4.4052309e-01
 -3.3140948e-01
 -1.0447096e-04
 -1.7434353e-01
  3.9159298e-01
  5.6580484e-01
 -8.6524397e-01
 -5.7344450e-06
  5.9457370e-06
 -8.7260199e-01
 -3.4467307e-01
 -1.6108738e-01
  2.5737648e+00
 -2.1904111e+00
  1.8995240e+00
 -1.2911494e-05
 -4.8105898e-01
  4.8787388e-01
  1.8479902e+00
  1.0035378e+00
  5.4428798e-01
 -9.4873154e-05
 -2.9304186e-01
  6.7212073e-07
  1.1852946e-05
 -3.0599249e-06
  7.8558999e-01
 -6.3671035e-01
 -1.9858277e+00
  2.6011166e-01
  7.8212845e-01
 -8.4067464e-01
 -1.8233264e-05
 -5.5620599e-01
 -6.8939441e-01
 -1.9267405e+00
  6.7095321e-01
 -4.9961975e-05
 -6.6381317e-01
  7.6675427e-01
 -8.6492950e-01
 -5.4033899e-01
 -1.4383314e+00
  5.0400269e-01
  3.5375482e-01
  7.3322290e-01
  1.6019323e-01
  3.8823061e-02
  6.2633910e-05
 -1.1294979e-04
  1.0903238e-02
 -1.4851409e-01
 -2.4469575e-01
  1.9230846e+00
 -1.7831894e+00
 -7.4049824e-01
  1.7401648e+00
  1.2205813e+00
  8.5443026e-01
  5.7195574e-01
  8.5566807e-01
  8.5566118e-02
 -1.0005471e+00
 -2.3573078e-01
  4.1954890e-01
 -2.1208091e+00
  2.4018696e-01
  4.7322398e-01
 -1.1184185e+00
  1.1039792e+00
 -1.1223824e+00
  2.6597700e-01
  1.2116873e+00
  1.3927034e+00
  2.5790054e-01
 -9.4349496e-02
 -5.9574533e-01
  1.8085672e+00
 -2.0597491e+00
 -2.7721816e-01
  2.5738764e+00
 -1.5931237e+00
 -1.7455245e+00
  1.5704845e+00
  4.0339234e-01
 -1.1318319e+00
  1.1543301e+00
 -9.4308233e-01
  5.1894271e-01
  8.7407637e-01
 -1.2139390e-01
 -4.6133515e-01
  3.5140485e-01
  1.3578096e-01
  1.0641057e+00
 -8.0060017e-01
 -4.0921500e-01
 -9.2178702e-02
 -1.7741181e+00
  1.4792616e+00
 -8.4836632e-01
 -1.5486648e+00
 -6.8918860e-04
 -1.4229484e-01
  4.4937238e-01
 -1.5325459e+00
 -3.9150992e-01
 -1.3222998e+00
  2.6546067e-01
  6.0021621e-01
 -4.2089853e-01
  1.8286107e-02
 -1.0514324e-02
  2.4068689e+00
  5.6133556e-01
  1.2565005e-01
  9.6936160e-01
 -2.8236529e-01
 -4.0111343e-05
  2.1746729e-02
 -4.6853617e-01
 -4.3269835e+00
 -7.5954877e-02
  3.6502819e-04
  6.5324736e-01
  1.0235339e+00
  9.1546863e-06
  3.9538776e-05
  1.8305933e-06
  2.6560991e-05
 -2.2610083e-01
  9.8711544e-01
  1.0679625e-05
 -2.2009560e-06
  2.8637261e-04
 -5.1408035e-01
  1.4136959e-06
  1.8044448e-05
 -6.9183797e-01
 -4.9240315e-01
  5.3535628e-01
  6.4194901e-04
  2.3493442e-01
 -1.2444589e-01
  1.6160113e-03
 -1.9414663e-06
  2.1914445e-01
 -1.0915140e+00
 -1.6907617e+00
  2.2966377e-01
  3.3335999e-02
  2.7896979e-01
  4.5660359e-01
  6.6971988e-05
  3.3739705e-03
  1.8781882e-02
  1.2507740e-01
  2.9767001e-01
  2.3159337e+00
  1.0188969e+00
  2.5283366e-01
  9.6590355e-02
 -2.3683545e-01
 -9.8266988e-04
 -5.7975844e-06
 -2.5848821e-02
 -9.5761913e-01
  1.1284537e+00
  1.6169468e-05
  5.6152970e-01
  6.6812539e-01
  1.0520814e-04
 -1.1763859e-06
  3.6362329e-05
 -6.0908437e-01
 -3.7877688e+00
  1.7911628e-01
  1.0441428e-01
 -2.2160846e-05
 -5.3882730e-01
  7.9423089e-06
 -3.6170775e-05
  1.1520270e+00
  3.6871603e-01
  5.8381230e-01
  3.0757821e-01
  1.3508411e-01
  5.2126467e-01
  1.2295359e+00
  1.5987359e-01
  1.7345570e+00
 -1.8391734e-01
 -9.9434918e-01
 -2.0213931e+00
  1.9740816e+00
  5.5917513e-01
  1.7013586e+00
  3.8629513e-02
 -9.3967634e-01
 -4.8490616e-08
 -7.6605076e-01
 -3.6142790e-01
  1.0624340e+00
  9.1058785e-01
  1.6407207e-01
 -2.3593865e-01
 -5.9803981e-01
 -4.7207053e-05
  8.1684202e-06
  4.1999556e-07
 -1.7052270e-01
  9.6434878e-06
  2.0519666e-01
  3.9376523e-06
  2.1941723e-06
  5.7629754e-06
  6.3816966e-05
  3.9011414e-07
 -3.6661170e-02
  1.0050849e+00
 -6.3061081e-03
 -7.2806382e-01
 -5.8548624e-04
 -7.9546669e-05
  2.9405441e-02
 -5.1219117e-02
  4.5475867e-05
 -6.7438856e-02
 -1.2915984e+00
 -7.8710341e-01
 -1.2175747e+00
 -6.7869260e-05
 -3.2840637e-04
  1.0089371e+00
 -1.1798033e-05
 -3.5025252e-05
  8.1610160e-06
 -1.4308634e-01
 -6.9207883e-01
  2.3528681e+00
  4.3223965e-01
 -3.2604377e-05
 -4.3493623e-01
  1.1574327e-04
 -1.9698621e-06
 -7.1797863e-02
  7.2857940e-01
  7.3314011e-01
  1.1569492e+00
 -5.9243388e-02
  3.1099042e-01
 -7.9964072e-01
 -1.5153761e-02
  5.0919130e-06
 -1.0064414e-02
  1.5347748e+00
 -3.7485673e-04
  3.5850886e-01
 -5.5018023e-05
 -3.2802768e-02
  7.9207736e-01
 -1.7656208e-03
 -6.6981761e-07
  3.0867398e-01
 -1.5760679e+00
 -8.7943304e-01
  2.4978772e-01
  6.2821135e-02
 -1.4575908e-01
  2.9683599e-01
 -1.0422324e-01
  1.2324072e-05
  3.9396036e-02
  6.0274531e-03
  3.6888269e-01
  2.7133250e-01
 -3.8280457e-05
  6.0981429e-01
  9.7451073e-01
  1.1527456e+00
  1.3017132e+00
 -1.4736109e+00
  1.0902950e+00
  4.2350227e-01
 -1.6098753e+00
 -7.0017809e-01
  7.7654874e-01
  1.5066608e+00
  3.7018185e-06
  1.2995793e-02
 -1.1709916e-05
  1.8146347e+00
  2.1268037e-05
 -3.0771716e+00
  9.6044654e-01
  1.7732900e-01
 -2.1012923e-01
  4.0462911e-01
  1.5512976e-03
 -1.6977890e-01
 -1.7964723e+00
  5.8632702e-01
  9.3772298e-01
 -1.4787273e+00
  1.4950770e-02
  2.8934991e-01
  2.0649597e-01
  1.3650866e+00
 -5.6636106e-02
  2.1201272e+00
  1.5216117e+00
 -8.7020129e-02
  1.0005971e+00
  1.5512151e+00
 -1.3761780e+00
  1.5744659e-05
  3.2398701e-01
  5.0771287e-06
  7.2882003e-01
  1.2968855e+00
 -1.1180180e+00
  3.2968647e+00
  4.4484955e-01
 -2.2728631e+00
  4.1756061e-01
 -7.5577063e-06
 -1.3492785e+00
 -3.3635321e-01
 -2.4378613e-01
 -1.9990709e+00
 -1.2435389e+00
  8.9400578e-01
 -7.0350605e-01
  8.1073290e-01
  1.9700716e+00
  8.6897004e-01
  1.3435212e-01
  1.1077943e+00
 -3.3687741e-01
 -1.8700869e+00
  2.1161717e-01
  9.8188482e-03
  4.2104335e-03
  4.2981151e-01
 -6.5368146e-01
  1.3131052e+00
 -8.1295174e-01
  3.4696823e-01
 -2.3300195e-01
  2.1100876e-01
 -1.7922246e+00
 -7.6539165e-01
 -3.9799130e-01
 -5.8234286e-01
  1.0835258e+00
  1.3827505e+00
  1.1784768e+00
  1.6419443e+00
  3.1772107e-01
 -7.1288437e-02
 -1.8893857e+00
 -7.4558777e-01
  1.0488433e+00
 -1.4967171e+00
 -1.2068918e+00
 -2.2208412e-01
 -2.5159595e+00
 -3.7541941e-02
 -7.8145333e-02
 -2.2484140e-01
 -3.1387720e-01
 -1.5319062e-06
 -8.6146975e-01
 -1.6220918e-04
  1.0292170e+00
 -1.2341192e-01
 -1.2822928e-05
  8.6415994e-01
  1.1105853e-01
  3.2128745e-01
 -3.1458493e-02
  3.8934776e-01
  4.0531926e-02
 -6.1487442e-01
  9.0242141e-01
 -4.9657194e-04
 -1.7968326e+00
 -1.9342637e+00
 -7.2910213e-01
  1.0079309e+00
 -9.2325136e-02
 -2.8342929e+00
  1.2846014e+00
 -6.4052862e-01
 -1.5737801e+00
  1.3493257e+00
 -8.6372316e-01
 -9.4940215e-01
 -1.6946305e-01
 -8.1632800e-02
 -8.1614947e-01
  1.0931133e+00
  8.2928789e-01
  2.5872388e-01
  8.8568455e-01
 -9.0158594e-01
  6.1851478e-01
  9.3667004e-03
  2.9110059e-01
 -3.5958675e-01
 -1.4986045e+00
 -4.1064200e-01
 -8.3894503e-01
  9.4635673e-02
 -1.0176735e+00
 -6.9533646e-01
 -1.2753792e+00
 -1.5640043e+00
 -2.5968647e+00
 -8.8826895e-01
 -1.5051874e+00
 -5.6996495e-01
  1.6460637e+00
 -3.5468483e-01
 -6.4979929e-01
 -4.7835407e-01
 -7.7483410e-01
 -9.6133101e-01
 -1.5306771e+00
  7.0444494e-01
  8.8178968e-01
 -8.3498913e-01
 -3.7888896e-01
 -9.7506350e-01
  1.7192258e+00
 -7.5929934e-01
 -6.7640048e-01
  7.3666894e-01
  1.4469355e+00
  8.5617268e-01
 -1.1497377e+00
  5.6550056e-05
  3.2382154e-01
  3.6825773e-01
  9.9722147e-01
 -1.8622517e-05
 -2.0469341e+00
 -6.8524486e-01
 -1.2382619e+00
 -3.7050503e-01
  9.4592556e-09
 -1.2370311e-05
  4.2708245e-05
  2.2314449e-05
  1.8302469e-05
 -2.8568226e-01
  1.4490836e-05
 -5.0649089e-01
  3.2808389e-06
  3.7716436e-06
  1.8336803e-01
  3.4921834e-01
  3.3533162e-01
  2.5882457e-05
 -4.3045223e-01
  7.8152996e-01
  2.0238428e-01
 -1.8154809e+00
  6.5630767e-05
 -1.0942742e-04
  9.9523228e-01
  3.7979469e-01
 -3.0875013e-05
  1.6147606e-01
 -3.6505616e-01
  7.0930916e-01
 -9.4788873e-01
 -2.0714072e-06
  1.0636000e-01
  3.5117742e-02
 -9.0122694e-07
  7.7948391e-07
 -1.9334060e+00
  1.4274882e+00
 -4.6685562e-03
 -8.0176705e-01
  2.6747099e-05
  8.0060330e-05
  4.8541000e-01
  1.2418563e+00
 -9.1429783e-06
 -1.3162086e+00
  6.6993797e-01
  9.0405083e-01
 -1.0682508e+00
  7.8179464e-06
  4.7627662e-04
  2.8296185e-01
  5.4305117e-05
 -3.2260277e-06
 -1.1471326e-01
  4.5168644e-01
 -1.6281707e+00
 -8.5378563e-01
 -3.0846994e-07
  3.8228565e-04
  1.1017587e+00
  6.1167270e-01
  5.2371943e-05
 -8.7673932e-01
  7.7717394e-02
 -1.4478384e-01
  1.2814629e-01
  3.3178542e-06
  7.8545949e-05
  2.2298736e-02
  4.8237535e-01
 -1.4336299e-05
  4.1906103e-01
  4.7513840e-01
  8.2884616e-01
 -3.9075080e-01
 -2.0059227e-07
  1.4921658e-05
 -1.1713432e-04
  6.9724121e-07
  5.4010270e-05
  6.2171090e-02
 -1.0993454e+00
  1.3799645e+00
  3.1333482e-01
  3.8809812e-06
  8.9074683e-07
  1.2723022e-07
 -3.1798647e-06
 -8.8345232e-06
  3.4322802e-06
 -9.6932820e-07
  3.2660243e-01
  4.7635339e-07
 -6.3939906e-06
 -1.1650238e-05
  3.6732031e-06
 -6.3638413e-06
 -1.3790904e-04
  9.4547451e-01
 -3.6342290e-01
  9.6317619e-01
 -1.4845893e+00
 -3.2769232e-05
  9.6828744e-06
 -1.7735134e-05
 -6.6416826e-05
  9.4070610e-06
 -2.1153268e-05
  1.4971204e-01
 -1.2163625e+00
 -3.7582338e-01
 -6.4255107e-07
  7.3763076e-06
  6.6843763e-06
 -2.0652626e-05
 -3.9317588e-06
  2.0662998e-01
  1.0128835e-01
  2.9658565e-01
  9.7310436e-01
  3.0882464e-05
 -2.4549272e-05
 -7.9572982e-07
  4.9176735e-05
  7.5064581e-06
  1.0077279e+00
  6.2274885e-01
  2.3639328e+00
 -1.0716164e+00
  8.7054405e-06
 -7.2497351e-06
 -2.9254763e-06
 -1.1579562e-04
 -2.2886115e-06
 -2.5067109e-01
  6.0130842e-02
  1.3510184e-01
 -3.0067074e-01
 -1.3791624e-05
  1.0428244e-06
  1.7828290e-06
  7.7761215e-06
 -1.2671242e-04
  1.5277964e+00
 -1.9576594e-01
  5.1726758e-01
  9.8508406e-01
 -5.7222255e-06
 -5.5844125e-06
 -6.6571779e-06
 -3.4472998e-04
  8.1054292e-05
 -4.4078884e-01
  1.7897122e-01
 -6.1539423e-01
  5.0196558e-01
 -5.0352259e-08
 -4.1614990e-06
  9.0585363e-06
 -9.7559877e-02
  1.5113568e-06
  5.5762851e-01
 -5.0489079e-02
 -9.1544694e-01
 -9.2600197e-01
 -5.2736182e-06
 -2.9399084e-06
  1.6520211e-05
 -4.5910934e-07
  7.5878047e-06
  1.9827273e+00
  1.6818270e-04
  1.6809019e-05
 -1.9188423e-05
  1.0655922e-05
 -2.4917454e-06
 -2.0366262e-05
 -1.7258051e-05
  7.8994735e-06
 -5.8903611e-01
  5.5480427e-01
 -1.8514401e+00
 -6.7483658e-01
 -5.2021710e-06
  1.3903564e-05
 -1.6691572e-05
 -2.4428980e-05
 -1.2912737e-05
  8.9141568e-03
  1.2038663e-04
  4.4508564e-01
 -3.6495379e-01
 -1.1184762e-06
 -9.9616882e-06
  1.6506543e-06
  4.2372476e-06
  2.9100988e-06
 -3.5961232e-01
  4.2575544e-01
 -1.5530449e-01
 -1.5040842e+00
 -1.9873967e-06
  1.3386969e-04
 -6.0062384e-06
 -2.9350021e-01
 -1.1596427e-06
 -2.4847222e-02
  5.1875398e-02
  5.8198340e-02
 -7.5711417e-01
 -4.7691465e-06
  4.0468218e-05
  6.1377054e-06
  1.0967876e-05
 -1.7591941e-06
  1.5422326e+00
  2.7731854e-02
 -2.5796694e-01
 -7.7789891e-01
  4.2008253e-07
  1.0196679e-04
  3.6532678e-05
 -3.5276020e-01
  4.7161142e-05
  4.1209239e-01
  1.5237001e-01
 -1.3643297e+00
 -1.2999572e+00
  5.8951900e-07
 -1.3446141e-05
  2.3058399e-06
  6.0064831e-06
 -3.0879262e-06
 -4.8130441e-01
  2.9817256e-01
  9.7495121e-01
 -8.5982341e-01
  6.8681099e-02
  6.0218805e-01
 -9.6125978e-01
 -8.2611486e-02
 -1.1251884e-05
  9.6253850e-02
  5.7886875e-01
  1.0209185e+00
 -6.0235345e-01
  3.0833133e-05
  3.8367884e-06
 -3.4274879e-05
  4.6060841e-06
 -2.2849802e-06
 -6.1680257e-01
  1.8710818e-05
  3.8104078e-01
 -1.2397776e-04
  5.5917311e-02
  6.3206452e-01
 -8.9072418e-01
 -6.1475737e-05
  3.9439233e-06
 -1.1469226e+00
  1.8101688e-01
 -6.7005014e-01
 -7.7564323e-01
 -2.2333943e-06
 -2.0826670e-05
 -9.2409897e-01
 -1.4454845e-05
 -4.5185611e-06
  9.8134619e-01
 -8.2625754e-02
  9.7269523e-01
  8.3853465e-01
  5.5998713e-02
  3.5393962e-01
  2.6680911e-01
 -2.2730712e-06
 -1.3085672e-06
  4.1450970e-05
  8.4930331e-01
  5.2664727e-01
  1.5351750e-01
 -6.3105574e-07
  2.0534379e-04
 -2.6142504e-02
 -6.4570639e-05
 -1.3129311e-06
 -2.1611257e+00
 -1.9377272e-01
  2.0113108e+00
 -5.9357697e-01
  5.3025009e-03
  8.4560990e-02
  8.3555940e-05
 -6.1240673e-05
 -1.3188008e-05
 -1.8733567e+00
  2.8823611e-01
  1.2857765e+00
 -2.4913107e-01
  6.5020167e-06
  3.3063278e-01
 -9.3183750e-01
 -1.6108551e-04
  2.9393994e-05
  3.4993428e-07
  5.3642243e-01
  8.6831890e-02
  3.3640298e-01
  1.6348806e-05
  1.3336816e-04
 -4.1815808e-01
 -1.5278556e-03
 -4.3414648e-06
 -4.9148259e-01
  5.6378663e-01
 -3.0895057e-01
 -1.3377443e-01
  4.6849505e-05
 -3.8727052e-03
 -7.0509690e-01
  2.7750577e-05
  1.7911563e-05
 -1.0527774e+00
  1.1981201e+00
  8.0943733e-01
 -4.1903695e-01
  5.2154883e-05
  5.6535478e-06
 -3.0773215e-06
  1.8121789e-06
  1.3831513e-05
  7.3422716e-06
  9.6432340e-01
 -2.2231431e+00
  1.6892285e-05
  2.0524415e-06
  9.2180780e-06
 -1.8537695e+00
  4.9428134e-05
  1.7091443e-05
 -3.4803376e-01
 -1.0359837e-02
  3.1686267e-01
  7.1452439e-01
  5.2853147e-06
 -3.1598865e-05
 -7.3882821e-04
  1.7050543e-05
 -4.6104833e-06
 -6.6879773e-01
  1.1444489e+00
 -2.3251037e-01
 -6.6146213e-01
 -1.1649222e-05
  4.3077813e-07
 -4.8498547e-01
  1.6724040e-05
  1.3680642e-05
 -8.8854212e-01
 -1.7514855e-01
 -4.9429253e-01
  4.4591841e-01
  2.5977074e-06
  9.9685928e-07
 -3.3020999e-02
 -9.8605778e-06
  9.8152832e-06
  8.4474444e-01
  2.4181052e-01
  4.9299836e-01
  1.3444409e-02
 -4.2773408e-05
  5.1540486e-05
 -2.0810302e-02
  1.8494411e-05
 -1.4628614e-05
 -1.7078026e-01
  2.0946085e+00
 -1.7541142e+00
  5.6250405e-01
 -2.1517374e-06
 -4.5891857e-04
 -2.3045784e-01
  5.9549373e-05
  1.6792034e-06
 -7.3564914e-03
 -1.2945578e-01
  5.3782481e-01
 -4.9801821e-01
  1.7688581e-05
 -1.3155084e-05
 -7.7957147e-01
 -6.5337445e-06
 -2.2614229e-06
  8.0639714e-01
  3.7589088e-01
 -6.6854316e-01
 -6.6400319e-01
  1.2413758e-02
  1.2413758e-02
  1.2413758e-02
  1.2413758e-02
  1.2413758e-02
  6.7241365e-01
  6.7241365e-01
  6.7241365e-01
  6.7241365e-01
  6.7241365e-01
  1.4738771e-01
  1.4738771e-01
  1.4738771e-01
  1.4738771e-01
  1.4738771e-01
  1.0924964e-01
  1.0924964e-01
  1.0924964e-01
  1.0924964e-01
  1.0924964e-01
  1.6452778e-02
  1.6452778e-02
  1.6452778e-02
  1.6452778e-02
  1.6452778e-02
  1.8038879e-01
  1.8038879e-01
  1.8038879e-01
  1.8038879e-01
  1.8038879e-01
