nep4 3 Ba Zr S 
cutoff 8 4 150 20
n_max 4 4
basis_size 8 8
l_max 4 2 0
ANN 30 0
  1.1125598e-05
 -1.5590364e-05
 -1.7936502e-04
  4.1592921e-05
  5.9765930e-06
  1.2031281e-05
 -1.3065110e-06
 -1.7714225e-07
  4.1416813e-05
 -1.6309452e-05
  2.6860891e-06
 -2.5852369e-05
 -7.6748565e-06
  2.7624310e-05
  6.0194435e-07
 -2.0809104e-05
  1.3943311e-06
 -1.4602523e-05
 -1.1207023e-05
 -9.0582107e-06
 -9.7645880e-06
  1.4069151e-05
 -1.7515744e-05
  1.4073870e-04
  3.0148938e-06
 -7.3778174e-06
  8.6609551e-05
 -3.2952109e-06
 -3.1375945e-05
  2.7134889e-05
  4.2608649e-02
  4.1604135e-04
 -7.1297709e-06
  7.8727646e-07
 -4.8742961e-02
  6.7018712e-04
  1.4922587e-04
 -7.3577066e-05
  1.2265639e-04
  3.8131464e-01
  7.3118605e-02
  6.8417289e-06
  3.2687567e-05
 -3.8438091e-07
  3.2364388e-04
  2.9900439e-05
 -2.7230495e-05
  1.0248250e-05
  1.4564130e-02
 -7.2185859e-02
  1.5089988e-04
  5.3080767e-05
 -7.0696915e-05
  1.2087478e-01
  4.3697378e-06
 -1.1108410e-05
 -3.1754286e-07
  6.4507290e-06
 -3.9402029e-04
  2.8979478e-06
 -5.0458621e-04
 -1.5173580e-04
 -3.5000511e-04
 -1.2780103e-05
 -1.0873616e-05
  2.1558897e-05
 -3.0238163e-05
  6.4503388e-06
  4.4270470e-05
 -1.3762756e-06
  2.4786194e-05
 -1.2262970e-05
 -5.1469679e-06
  4.1795047e-06
 -4.8405682e-06
 -2.0970132e-05
  3.1007701e-06
 -5.5809993e-05
 -3.8059810e-05
  1.2434696e-06
  7.9139063e-06
  8.8528002e-05
 -3.8901097e-04
  7.4259101e-06
  3.0703380e-04
 -5.3780545e-06
 -1.7826022e-05
  4.0081810e-05
  1.5978741e-05
 -3.6747351e-05
  2.2122703e-01
 -1.1257980e-05
  1.6637772e-06
  2.5696070e-05
 -1.6337104e-01
  2.2320366e-01
  9.4054558e-05
  2.1084265e-05
 -9.7912297e-02
  6.6567055e-04
  4.0234940e-05
  1.2010962e-04
  3.1756979e-05
  1.9320998e-05
 -8.6072396e-06
  8.0593505e-05
  1.7599004e-05
  3.7333732e-05
  4.2212308e-05
 -1.5770380e-05
 -2.5724148e-06
 -7.3013384e-06
  3.3399127e-05
  1.4974249e-05
 -5.6168886e-07
 -6.6846255e-06
 -4.5647403e-06
  2.1385169e-05
 -8.2838715e-06
 -2.2256139e-04
  8.6032560e-06
 -1.4944468e-06
  5.7763016e-05
  1.4060678e-05
  1.1427603e-05
  5.3580402e-06
 -6.0697816e-06
 -1.2096599e-05
 -5.3457456e-06
 -4.7910875e-05
 -1.0325134e-05
  1.5352207e-05
  1.9781841e-05
 -5.7630928e-05
 -7.2288158e-06
 -1.1652774e-04
  1.1735917e-04
  3.0216081e-06
 -3.6776557e-06
 -9.1789610e-07
  1.8370705e-05
  4.7495396e-06
 -1.8052237e-06
  9.5044132e-05
 -6.9093803e-06
  1.0650297e-06
  3.6217421e-06
 -1.9171488e-05
 -9.2401815e-06
  8.0556802e-06
  3.8018700e-06
  5.2840965e-06
  6.0536222e-06
  9.3941535e-06
 -2.5831914e-05
  1.9726915e-06
 -3.9599101e-05
 -1.2829529e-05
  4.2928990e-05
  1.1272112e-05
  4.1906671e-05
  8.1005637e-06
  2.9113473e-05
  8.0510972e-06
 -1.0219053e-05
 -1.5189717e-05
 -1.8208577e-05
  3.9334707e-05
 -2.2229315e-05
 -2.7398281e-07
 -3.7116038e-06
 -3.9135934e-06
 -6.3955763e-06
  1.2867730e-04
 -1.8468968e-04
  2.7447544e-05
 -1.3691738e-05
  2.0865451e-04
 -3.2785905e-05
 -2.6936099e-05
 -1.4096979e+00
  8.9541811e-07
  1.0930631e-04
 -4.8048437e-01
  1.5855345e+00
 -3.4858169e-06
  8.1651560e-06
 -9.5472678e-05
  1.7551776e-03
 -3.4541095e-04
 -3.2682732e-02
  1.0641455e-05
 -1.1097024e-04
 -2.0383169e-04
 -1.7559158e-05
 -3.5860494e-04
  9.3204953e-06
 -5.9189824e-06
 -3.5428430e-03
  4.8558712e-02
 -3.4813838e-05
 -2.1882508e-05
 -8.3354562e-06
 -7.8522988e-02
 -1.4095557e-04
 -3.1329320e-05
  6.9965477e-06
 -5.9672118e-05
 -5.2394560e-05
  4.9504656e-06
 -7.5350416e-01
 -3.4542144e-03
 -1.0822222e-04
 -6.2437557e-02
  7.7564055e-01
 -1.6802764e-02
  1.0068465e-05
 -1.9217825e-05
  1.0655883e-04
 -1.9995576e-01
 -1.0487258e-01
  1.7375221e-05
  5.6528734e-06
 -2.1503391e-02
  5.9213075e-05
 -9.3904212e-02
 -2.2071166e-05
 -1.8427354e-05
 -2.2100471e-02
  7.9526238e-02
 -2.6679510e-04
  1.0956240e-04
  4.6484984e-05
 -1.6561137e-01
 -2.5961459e-02
 -8.0864214e-07
  8.7220275e-07
  5.4704033e-06
  2.6351652e-06
 -2.0422962e-05
  2.3817077e-02
 -9.8337773e-07
  1.5460093e-05
 -9.0314325e-06
  6.7440735e-05
  4.2166976e-05
  1.9797137e-06
  6.9756270e-06
  1.7537978e-04
  7.5819013e-03
  2.5721838e-06
  4.0127011e-04
  6.6032985e-06
 -9.4150773e-06
 -7.2368974e-05
  5.5515615e-05
 -7.0322408e-06
 -2.5114692e-05
  9.2116148e-05
  1.1579129e-06
  8.4512641e-05
  2.0132780e-05
  3.4250890e-05
  3.6964979e-05
 -3.4970792e-05
  3.0362984e-05
 -5.0840417e-06
  9.4844429e-05
 -2.1093832e-05
 -2.4620760e-05
  1.2479025e-02
 -8.1214221e-06
 -3.0743849e-05
  2.3954290e-06
  7.7457247e-05
  4.5976625e-04
  6.1658118e-04
 -3.0579980e-05
  1.4003284e-02
  4.6918537e-03
  1.4066274e-05
  2.9769484e-05
 -2.0816349e-05
 -4.1582034e-06
  2.5904377e-04
  6.3572748e-05
 -4.9268019e-05
 -1.6150560e-05
 -4.2809465e-05
 -5.6780264e-05
  2.7991171e-05
 -1.0152188e-07
  2.6852222e-05
  8.7633962e-05
  6.4399160e-06
  2.0276228e-05
  1.5066582e-06
 -5.4888926e-05
 -1.3406068e-04
 -2.1946263e-04
 -4.0181658e-01
  9.0153144e-06
 -1.0089394e-05
 -2.1726930e-06
  4.2098372e-06
 -4.7665424e-05
 -8.3103905e-06
 -1.7864981e-05
  2.6160484e-05
 -1.6285253e-01
  1.1904165e-05
  1.5642110e-05
 -2.1308676e-06
 -3.0238898e-05
  4.7679910e-05
 -8.7602544e-05
  2.8202212e-06
  4.6685182e-05
 -5.6108249e-05
  6.1202403e-03
  5.8541562e-05
  3.6183342e-06
  2.6967404e-05
 -5.7974918e-05
 -6.2036546e-05
  7.5356115e-06
 -5.8726198e-07
 -3.7335684e-07
 -7.6270821e-06
 -1.3946918e-05
 -2.6057218e-04
 -1.9800875e-05
 -7.8507028e-06
  1.4471052e-05
 -9.3518800e-05
 -1.3929529e-05
  4.0442492e-06
 -1.3044456e-04
  4.2170323e-06
  5.4116373e-07
 -9.0495678e-06
 -1.0651360e-06
 -4.5309771e-05
  1.9702908e-05
  2.9113693e-05
 -1.5019243e-05
  5.2717605e-05
  2.7532637e-06
  2.7221938e-06
 -4.5168603e-05
  1.4707696e-05
  4.1243234e-06
  1.7928716e-05
  1.1637833e-05
  1.9104054e-05
 -1.6525397e-05
  1.1221537e-05
 -1.8534607e-05
 -2.8101367e-06
 -2.7326841e-04
 -6.0995379e-05
 -6.2534809e-06
  1.4006181e-05
 -2.6033271e-05
 -7.3524116e-06
  7.0335889e-05
  2.4787734e-05
  1.8435790e-05
 -3.0698298e-05
 -9.6090907e-06
  2.7842867e-05
  3.4831783e-01
 -8.9941541e-06
 -1.1326606e-06
 -8.7871949e-06
 -2.7910457e-05
 -3.6878588e-05
 -2.7483991e-05
  5.5389915e-05
  2.6790076e-06
  2.7812872e-05
 -2.7890055e-04
  8.0994887e-06
  4.7775138e-06
 -3.8405428e-06
 -6.4084870e-06
  2.8757221e-04
  1.9793770e-05
 -2.3440249e-05
 -1.3378307e-06
  9.0349982e-05
 -8.0921400e-06
 -7.2795367e-05
  1.4585839e-05
 -1.9207999e-05
  1.5763276e-04
 -2.8160179e-05
  2.5661305e-07
  1.2161820e-05
 -4.4800381e-05
  9.3719345e-06
 -1.1544954e-05
 -8.7385015e-06
  6.9908980e-05
 -2.6418979e-04
  1.0777334e-05
 -2.4489334e-05
 -3.4135803e-05
  3.1915053e-07
 -1.5193873e-04
  3.5087564e-06
 -3.3597393e-05
  2.8494433e-05
  8.0481463e-05
 -2.7305985e-06
  4.5627021e-05
  1.3294777e-05
  4.6565874e-05
 -2.2815433e-05
  1.0182087e-05
  2.9908758e-01
  7.6666254e-01
  4.2497419e-02
 -6.3840121e-01
 -8.5032612e-01
  5.7018536e-01
  1.1368463e-04
 -1.9224732e-05
 -9.3151367e-01
  1.4501501e-02
  3.1300926e-01
 -1.1556626e-04
  6.4004616e-06
 -2.6054293e-01
 -3.6013185e-04
  1.6734058e-01
 -5.4161965e-06
  3.4182708e-04
  1.3580477e-03
 -3.4637475e-01
  2.4830236e-01
  2.3928247e-05
  4.0144794e-05
  7.1652436e-01
  2.3996741e-01
 -1.8500133e-06
  2.6678110e-05
  5.1941020e-06
 -5.9685457e-02
 -6.1125576e-02
 -3.6662397e-05
  8.9162175e-05
 -5.2953277e-05
 -1.8421390e-05
  4.3205528e-06
 -5.0104962e-05
 -3.0500054e-05
 -6.1123676e-05
 -4.9409623e-06
 -2.1868682e-06
 -1.1322400e-06
 -9.2245755e-06
 -1.5731506e-05
  2.5048819e-06
  1.6756932e-04
 -2.3016733e-05
 -4.5629708e-06
  6.7384623e-05
  7.1379014e-05
  1.0873939e-05
  1.0870489e-05
 -3.8627290e-06
 -3.0557348e-07
 -1.5193259e-05
  1.6236861e-05
 -1.5434860e-05
 -3.9630972e-06
  1.8297314e-05
 -8.3751984e-06
  5.3736770e-05
 -7.8442603e-01
 -4.7706127e-01
 -7.0098072e-06
 -1.5266397e-06
  3.2698503e-05
 -1.0871812e+00
  3.3656957e-07
  1.9908955e-06
 -6.9290221e-02
 -1.0771857e-01
 -1.4970614e-01
 -1.3613037e-05
  1.8064633e-05
 -2.7247732e-05
 -1.2826510e-05
 -6.1360344e-02
 -6.9418147e-06
  2.1001930e-05
 -5.4104507e-02
  4.9883448e-02
 -4.1190159e-02
 -4.3926062e-05
 -9.3171133e-05
 -2.9749307e-01
 -2.7145810e-02
 -5.8375164e-05
  3.1720858e-05
 -2.3737572e-05
  6.5788729e-05
 -1.6161628e-05
 -8.5078382e-06
  7.9859477e-05
 -6.1819246e-06
 -4.2355827e-05
 -5.4994753e-06
 -4.5381650e-05
 -2.3028359e-05
  7.1924828e-06
 -3.4654011e-05
  3.6446007e-05
  3.7858143e-05
  5.4559928e-07
 -3.6251215e-06
  3.0170095e-06
 -1.4518145e-05
  3.1966476e-05
  4.5278071e-06
  1.0118733e-05
  1.2050060e-03
 -2.5391273e-06
 -9.8932414e-06
 -2.1988637e-04
 -8.7082590e-04
 -1.9098552e-05
 -2.5751897e-05
 -1.9117495e-05
  6.8983005e-05
  9.2178079e-06
 -2.8704744e-06
  1.1316660e-05
  4.4558036e-01
 -2.1786705e-02
 -1.8951261e-01
  2.6701918e+00
 -2.8197231e+00
  1.0908785e-01
 -3.1186955e-05
  2.4596911e-05
 -2.0851698e-03
  2.3748046e-01
  1.3809241e-01
  4.4736503e-06
  1.3887483e-05
  3.8627189e-05
  1.6995527e-02
  4.6027049e-02
 -1.9680352e-05
 -8.8751629e-05
  5.1137529e-05
 -2.5284073e-06
  1.4032975e-01
  1.3160768e-05
 -1.1054971e-05
  4.2520228e-01
  7.5438291e-02
  3.0177502e-05
 -1.0115971e-05
 -1.2682625e-06
 -2.4797840e-04
  9.7610253e-05
 -2.9764874e+00
 -5.8900021e-02
  1.2173196e+00
  2.2101290e+00
  4.9625018e-01
  3.5223410e-01
  4.6417690e-06
  1.3787779e-05
  4.1189060e-01
  1.8933848e-01
 -3.5607234e-01
 -1.4275370e-05
 -5.6565856e-05
  9.7013302e-03
  3.9338913e-05
 -1.4288601e-01
 -4.2828873e-05
  1.2740683e-05
 -2.4635274e-02
  2.4862859e-01
 -1.2290332e-01
 -3.1888546e-06
 -3.7548007e-06
 -4.7437212e-01
 -1.4437205e-01
 -1.3103752e-04
 -9.5934876e-05
 -4.6042501e-06
  3.4715019e-02
  5.6694234e-03
  5.4474804e-04
  4.7919570e-05
  1.2006778e-05
 -3.8600924e-06
 -1.6597469e-05
  7.0779606e-06
 -2.0867454e-05
 -1.2956371e-05
 -2.0123543e-05
  3.4770892e-05
 -1.8495894e-06
 -8.7850131e-06
 -2.5557692e-05
  6.8456706e-05
  4.0630039e-07
  1.2949438e-04
  2.0681558e-05
 -1.9209896e-05
  3.9587208e-05
 -2.4317146e-07
  2.8163288e-04
  1.1637856e-04
  4.1762099e-04
  2.1587921e-05
  1.5696536e-05
 -5.2923049e-05
  3.0988256e-06
 -1.9569696e-05
 -5.5158416e-05
 -1.7694938e-06
  4.8550578e-06
  2.0382313e-05
  1.2491081e-05
  9.4236693e-06
  7.3553379e-06
  1.4046848e-05
 -9.9970584e-06
 -3.9966289e-05
 -5.7186367e-05
 -1.6182146e-06
  2.1058608e-05
 -1.1307105e-05
 -1.7406164e-05
 -1.3662366e-05
  1.2844263e-05
 -2.9514817e-05
 -4.9019542e-05
  1.1264854e-05
  1.3829680e-05
  1.3890832e-07
  5.6219887e-05
 -8.6870699e-05
  2.4121833e-05
 -3.3205513e-05
 -3.1970325e-05
 -2.3277677e-05
 -1.5862304e-04
  4.0833151e-05
 -7.6837772e-05
 -5.8944192e-04
  1.0363684e-05
 -2.1536585e-05
 -1.4802586e-06
  1.3587608e-04
 -6.3919171e-05
  2.9174920e-05
 -4.1116375e-05
 -1.9034309e-05
 -9.9916906e-07
 -8.2372799e-06
  2.0084382e-05
 -4.8241847e-05
  3.2226960e-06
 -1.4056364e-04
  2.6635416e-06
  7.0498720e-07
  4.4434313e-05
  3.8228036e-06
 -2.6335087e-07
 -2.1902188e-05
 -4.0411836e-05
  5.0961121e-06
 -1.1571358e-04
  1.7730383e-05
 -7.9527206e-05
  6.5848280e-06
 -1.4934425e-04
  2.2039725e-05
 -2.1269658e-05
 -2.0383172e-06
 -7.8719020e-01
 -8.4333014e-01
 -7.9524510e-02
  1.8347837e+00
 -9.0345335e-01
 -1.4291873e-02
 -1.4449854e-05
  9.4598872e-06
 -1.0755984e-02
 -6.2356032e-02
 -1.2975912e-01
  9.5391915e-06
  1.8588822e-06
  3.5348503e-04
  5.4936103e-05
 -1.2048203e-01
 -4.1980082e-05
 -1.4635235e-04
 -5.9618235e-01
  1.5039353e-01
 -1.0063044e-02
  2.7016418e-05
 -2.2273534e-04
 -3.2223952e-01
 -3.3194236e-02
 -4.1560626e-05
 -1.2811310e-05
  9.2976021e-05
  7.9376210e-04
  2.0758415e-04
 -1.1304942e-05
 -1.1697250e-05
 -2.8721066e-05
 -1.5689739e-05
 -1.9260917e-05
 -2.4734842e-05
  3.7510233e-07
 -2.2405793e-05
  2.0345469e-05
 -9.5195247e-07
  2.7525809e-04
 -1.5197154e-05
 -8.3099872e-07
  2.4757010e-05
  5.1892075e-05
 -2.5626812e-06
  5.9145650e-06
  6.6789260e-05
  1.5772632e-05
 -1.2960253e-06
  3.4251989e-06
  8.2182181e-05
 -3.2201724e-06
  1.1505144e-05
  1.9289780e-06
  1.1505529e-05
  6.1623563e-05
 -3.3539960e-05
  6.8583117e-06
 -1.0421229e-05
 -5.6303379e-05
 -5.0951429e-03
  1.2546158e-05
 -1.2765003e-04
 -1.1620097e-06
 -5.3688634e-02
 -2.2483257e-05
 -4.0330062e-05
 -8.8730740e-06
 -1.6973171e-01
 -2.2171860e-05
  1.2264469e-05
 -4.0190307e-06
 -1.0691723e-05
  1.8922150e-05
 -6.7335361e-04
 -6.0155777e-05
 -8.1601385e-05
 -4.7351128e-05
  1.3188491e-04
  3.1144784e-06
 -6.8140216e-05
  3.3887207e-07
 -1.6406035e-06
 -7.0373826e-05
  4.7516141e-06
  5.4320644e-06
  2.3034947e-04
  7.9051715e-05
  1.6144750e-05
  1.3963133e-03
  8.9616296e-06
 -1.4706352e-05
  5.4728330e-06
 -5.8759711e-06
  8.9819310e-05
 -2.6980749e-06
 -4.9681108e-05
  1.4053515e-05
  1.6418598e-03
  1.1466189e-05
 -1.0842117e-05
  2.7340748e-05
 -1.1947318e-05
 -5.4588651e-05
  4.8951490e-05
 -4.5453726e-06
 -2.0786360e-05
  2.7521089e-06
 -2.0730760e-05
  8.8426095e-05
  3.7658081e-04
  6.8155541e-06
 -1.7631039e-05
  6.9205335e-04
  1.4419469e-06
  2.0536541e-05
  3.2800634e-07
  4.8279071e-05
  1.0331878e-05
 -4.4866836e-01
 -4.0624656e-02
 -8.1381841e-06
 -1.9930207e-05
  5.4354843e-02
 -4.1029125e-02
 -3.0745887e-05
 -2.3591067e-05
 -1.5363979e-05
 -2.2651668e-01
 -1.0644108e-04
  6.1442748e-05
 -5.2057512e-06
  1.3256100e-05
  9.0052117e-06
 -3.6116337e-05
  2.2988812e-05
  1.3511295e-04
 -2.1487170e-01
  3.6798089e-04
 -5.2823499e-04
 -9.1364136e-06
 -3.2550909e-06
 -1.6493900e-01
 -5.8548152e-03
  2.5868032e-06
 -1.0688977e-05
 -2.1867274e-05
  1.8843591e-04
  1.7519805e-03
 -2.1453846e-01
 -6.4127066e-06
 -1.9041199e-05
 -1.9774316e-05
 -1.4304755e-04
 -8.6236105e-06
  9.2775350e-05
 -5.1535917e-06
 -3.6825097e-04
 -5.0879922e-02
  7.1736438e-05
  6.6016610e-06
 -4.1257263e-05
  1.3678433e-05
  1.0347481e-05
 -4.4524979e-05
  1.1058048e-05
  5.4707780e-06
  4.1771978e-05
  3.2220491e-05
 -1.8333780e-05
 -5.6495282e-05
 -5.4060761e-06
 -1.1372217e-03
  4.7144972e-06
 -1.7333032e-05
  2.4571851e-05
 -7.4009135e-05
 -5.1131414e-05
 -9.2123657e-05
  6.3241899e-02
  7.7087512e-05
 -3.4660276e-05
  2.3712386e-05
 -3.5376984e-06
  1.1493553e-02
 -1.8487450e-05
  1.9942585e-05
  1.1165987e-04
  1.8084729e-02
  2.8997788e-03
 -1.2787746e-05
  1.3604580e-05
 -2.6490047e-06
 -4.6709765e-06
  6.6236835e-06
 -5.7475322e-06
 -4.7884164e-06
  5.3086711e-05
 -2.8912073e-05
  5.5135977e-05
 -2.0859261e-06
 -6.0152066e-05
  2.2033532e-04
  3.6982619e-05
  1.1436189e-06
  1.0863090e-05
  8.5661246e-04
 -4.9816332e-05
 -3.1675172e-05
  2.4677124e-06
  1.2471470e-01
  7.2285312e-04
  1.3480859e-01
  1.7536028e-04
  2.7818318e-05
 -3.1252521e-01
 -3.2709619e-01
 -1.0075041e+00
  1.1439960e+00
  4.3861974e-06
 -1.6629638e-05
 -7.2933530e-05
  2.5429017e-06
 -2.7654445e-01
  2.4850880e-05
  1.0196543e-01
  3.2009793e-06
  7.8515470e-01
 -4.4037588e-02
  5.7169014e-01
 -1.1564294e-05
 -1.2820269e-05
 -3.4191886e-01
  5.4704838e-06
 -9.3419111e-04
  4.7328910e-01
 -8.6783327e-02
 -4.7392633e-02
  4.5730311e-01
 -1.4857755e-05
  5.2679998e-01
 -2.1692826e-05
  5.0667107e-01
 -3.1006432e-05
  6.5038571e-06
 -1.3998730e+00
 -1.3562453e+00
  1.3717339e+00
  1.6331160e+00
 -1.5042232e-01
 -8.5277403e-05
 -7.2340636e-06
  2.0993517e-05
  2.4834113e+00
 -9.5069940e-05
 -1.2686990e+00
  3.9980509e-06
  2.5620427e+00
 -3.1683745e+00
  3.8100916e-01
 -2.3717855e-06
  1.9576989e-06
 -1.7473431e+00
 -5.4454631e-06
 -2.4328226e-01
  4.7768503e-01
 -9.3108582e-01
 -4.9352881e-01
  8.2780427e-01
  1.9095141e-05
  5.2688916e-05
 -3.1092657e-06
  2.1907799e-05
 -2.7074301e-04
  8.5821484e-06
  4.8952102e-06
  1.8199009e-05
  6.6527805e-06
  9.0107569e-06
  6.5425110e-07
  1.4670445e-05
  6.4566157e-05
  2.1147609e-06
 -1.2132703e-04
  1.2916144e-06
  6.1396254e-06
  8.6178798e-06
  9.6949389e-06
  2.0180996e-05
  1.2349483e-03
  4.5812599e-06
  2.0974776e-05
 -1.0650208e-05
 -3.8742837e-05
 -1.9833326e-04
  8.7482904e-06
 -3.2439792e-05
  4.0025596e-05
  2.9259529e-05
 -2.9784238e-01
  1.5416672e+00
  2.1882691e+00
 -5.6526918e+00
  2.7402496e+00
 -3.4323105e-01
 -2.3802742e-01
 -9.1667496e-02
  5.1440950e-02
 -2.2933325e-02
 -2.6635525e-01
 -4.4399600e-02
  1.3409007e-01
  1.0412675e+00
 -3.7385755e-05
 -2.6092118e-01
 -2.5796065e-01
 -2.3353261e-01
  2.5362968e-01
 -1.7064239e-01
 -9.5265038e-02
  1.0774979e-01
 -6.8045920e-01
  4.7128568e-03
 -3.6692605e-03
  2.7186887e-02
 -4.8429397e-04
 -5.8826132e-05
  1.0904388e-04
 -8.1485064e-07
  1.0698103e+00
 -2.0042734e-01
  2.3900919e-01
 -4.4123363e-01
 -3.3794650e-01
 -9.9150708e-04
  1.8410580e-01
  4.1058280e-02
  7.4324357e-06
 -3.1902488e-02
  4.2887532e-06
 -1.3399213e-05
 -7.6162846e-06
 -1.6664790e-01
  1.8471645e-05
  1.2573220e-01
  1.2511568e-04
 -1.9069245e-03
 -1.3411469e-02
  3.2088030e-06
  5.6413960e-01
  3.9602636e-08
 -1.0816777e-05
  5.3981911e-02
 -6.2981582e-07
  4.2441588e-05
 -1.8747740e-05
  6.2556373e-06
  6.9943424e-05
  3.7685841e-06
 -9.8131530e-02
  3.4277615e-01
 -2.1137244e-01
  2.4290683e-02
 -1.1191072e-01
  1.2787539e+00
 -1.1959562e-05
  2.4827500e-04
  4.8835671e-01
 -9.1854221e-05
  6.3158315e-01
  9.9827603e-02
  2.2682840e-05
 -4.3617547e-05
  3.6968038e-05
  3.8333499e-01
  2.3432812e-02
  1.1839366e-02
  5.2261186e-01
  2.0908172e-05
  3.5265856e-03
 -5.7295296e-05
  1.0429792e-05
 -1.2818612e-01
 -6.7140072e-06
 -1.4257098e-07
 -1.1439581e-05
 -2.5701893e-05
  4.6665227e-06
 -5.3105312e-05
 -1.0018033e+00
 -1.1023282e+00
  1.5892249e+00
 -4.1469955e-01
  4.0468934e-01
  2.2480841e-01
  1.4960060e-02
 -7.2153598e-01
  1.6702976e-03
 -2.4298930e-03
 -1.8637483e-04
 -9.5108859e-02
 -5.4921019e-03
 -5.7342231e-01
  1.0039503e-04
  7.7999771e-02
 -4.3552005e-05
 -6.8411180e-03
  3.4359583e-01
 -7.8702733e-02
 -1.5589976e-01
  1.9006646e-05
 -1.0917689e-04
 -5.9328628e-01
  9.4690104e-06
  4.2360602e-06
  3.5805824e-05
  1.4511612e-05
 -1.9082192e-06
 -1.3384009e-05
 -1.5613714e+00
  3.5883732e+00
  7.6444417e-02
 -8.8354409e-01
  2.4702395e-01
 -1.5351950e-01
  1.0734689e-01
 -1.5992658e-01
 -2.0600064e-01
  7.9743397e-01
  8.3142996e-01
  7.5621790e-01
  6.2560779e-01
 -1.3705116e-04
  3.3882319e-03
  1.9777827e-02
  6.1057341e-01
  2.6514161e-01
 -3.6679989e-01
  3.0340660e-01
  1.9223274e-01
 -1.9888930e-01
  1.9764425e+00
  3.3642799e-01
  1.7906946e-01
 -2.4473650e-06
  1.6362871e-04
 -7.6558408e-06
  6.9267244e-06
 -2.0000316e-06
 -4.4853243e-01
 -5.1849014e-01
 -4.7895786e-01
 -3.2109264e-04
  2.6098084e-02
  6.1936398e-06
 -5.7482710e-05
  4.2467473e-06
  3.9394721e-02
 -4.4897306e-04
 -1.0419016e-04
 -1.3017412e-02
 -5.0992608e-06
 -8.0186419e-06
  1.5332409e-05
 -7.7801797e-04
 -4.9638718e-05
 -9.3295266e-06
 -3.8918763e-02
 -1.1849337e-04
 -4.3491793e-01
 -2.8238884e-07
 -5.1685911e-05
 -3.0591065e-02
  3.7283451e-05
 -8.0737791e-06
  6.9858395e-08
 -8.1086400e-06
  7.4528448e-06
 -8.9375217e-06
  1.1373724e+00
 -6.9341755e-01
  1.2277067e+00
 -5.3759319e-01
  1.0782681e+00
  1.0969927e-04
  7.4978900e-01
 -2.0129720e-04
 -5.9355740e-02
 -2.1238502e-03
 -5.2151618e-06
 -4.0750302e-02
 -2.9831054e-03
 -3.3040440e-05
 -1.4523030e-06
 -4.1523573e-01
 -4.6554743e-03
 -1.3617217e-04
 -4.7812469e-02
 -2.1677428e-04
 -6.6905608e-03
  2.4145067e-05
 -5.0896752e-01
  2.4973921e-04
 -5.3353528e-05
  1.0660827e-04
 -9.8046530e-07
  2.5301491e-05
  3.5289740e-05
  6.7971569e-06
 -1.1353201e-05
 -3.5509095e-06
  8.5759393e-06
  4.0619161e-05
 -1.0428930e-05
  1.1919440e-04
 -1.4875795e-05
  8.0054524e-06
 -5.7342008e-06
  3.2716325e-05
  2.1339507e-05
 -4.3710468e-05
  2.4140320e-07
  5.0082126e-06
  6.8968402e-06
 -9.6843178e-05
 -3.2934167e-05
 -1.5809508e-05
  6.0305556e-06
 -1.0880496e-05
 -2.7707795e-04
 -3.0762880e-05
  5.1721032e-05
  6.0049675e-05
 -7.6511305e-06
 -1.1847522e-05
  1.8877294e-04
  3.7354921e-06
 -9.4964824e-05
 -1.4614368e-04
 -1.6410773e-01
 -4.6076497e-01
  7.0572054e-01
  3.7576538e-05
  5.0967276e-01
 -1.0483272e-01
  8.5727833e-02
  2.2668557e-06
 -7.7650271e-05
 -5.7346758e-04
 -3.8448825e-06
 -2.5931085e-04
  5.2915268e-05
 -6.7007054e-06
 -2.1916389e-05
 -2.2974427e-01
 -1.5456341e-02
 -6.4245105e-06
 -3.1752703e-01
 -3.5854595e-04
 -1.2728499e-03
 -1.0297555e-06
 -2.2979553e-05
  4.7916255e-05
  1.8663495e-05
 -7.6571350e-06
 -3.1461001e-05
  3.0535928e-05
 -2.4401630e-05
 -2.4343381e-06
 -1.1981738e+00
  3.3268051e+00
  2.6013491e-01
 -8.9193261e-01
 -9.1578119e-02
  1.5530618e-02
  6.0380298e-01
 -2.2891890e-04
 -3.0880969e-02
  8.7852241e-04
 -1.9707035e-01
  1.5328836e-01
  3.9284003e-01
 -7.2358751e-05
  1.0439571e-04
  2.1089347e-01
  6.7574143e-02
  9.6685350e-02
  4.8972240e-01
  7.1314231e-02
  5.9581983e-01
 -6.0229081e-06
  4.0218717e-01
  2.0067049e-02
 -7.4034023e-07
  3.5209963e-05
  2.1543841e-05
 -2.9219843e-06
 -1.2087621e-05
 -1.4496240e-05
  2.7612505e-05
 -2.3442895e-05
  9.0657140e-06
 -2.5319334e-06
  1.9123609e-05
  1.3270900e-05
 -1.0066649e-04
 -7.6464050e-05
  5.5500686e-06
 -1.5953792e-05
 -1.9449735e-05
 -2.4507766e-05
  7.7793184e-06
  2.3135153e-06
 -5.3794843e-06
  4.3392802e-06
  4.3677319e-06
  6.8201880e-05
  1.8990580e-05
 -2.2013328e-04
  1.1991297e-05
 -2.0111836e-05
 -1.0688231e-05
  3.9007664e-06
  1.7621449e-05
  1.9968960e-05
 -4.2478448e-05
 -8.1711569e-06
  4.4681048e-05
  7.0860183e-06
 -4.7032627e-06
  1.2349242e-06
 -8.8552115e-06
  1.7871996e-06
  3.9982438e-05
  4.7580802e-06
  7.8312614e-06
  7.6952601e-05
  6.8679794e-05
  4.6518955e-05
  1.5204280e-05
 -2.0373733e-05
 -1.5235180e-05
  1.9301215e-08
 -2.6266451e-04
  1.5021855e-05
  4.2153399e-05
  2.9184846e-05
  1.5880172e-05
 -8.8247981e-07
 -5.7156803e-06
 -8.3545837e-07
 -8.4790401e-05
  2.3706398e-05
  1.8507008e-05
 -2.0769185e-05
  2.6940002e-06
 -2.7762505e-06
  5.0713548e-05
 -9.9148856e-06
  2.2785212e-06
 -1.7162400e-05
  7.9764737e-05
  3.3615074e-06
 -9.9711879e-06
  6.6159855e-06
  4.2970336e-05
  3.5870336e-05
 -1.7449620e-05
  5.2134355e-06
 -8.3481449e-05
 -1.0218239e-05
 -2.3933039e-06
 -2.0533997e-04
 -3.0995579e-05
 -1.6509062e-05
  2.4371177e-05
  6.7326687e-07
  1.5338733e-04
  3.6275565e-06
  1.8238973e-06
 -2.7390635e-05
 -2.5153022e-06
  9.1788970e-06
  9.2685819e-05
 -4.1680309e-05
  5.2857704e-06
  6.3700638e-05
 -2.0330519e-05
 -6.0677543e-05
  3.2169837e-01
 -5.6482780e-01
 -4.9397063e-01
 -1.9394206e-01
 -6.7252523e-01
 -1.9419201e-04
 -7.0691203e-05
 -9.6779788e-04
 -9.1854447e-05
 -2.7549814e-04
 -7.4885349e-05
 -1.6496048e-04
 -6.8677400e-05
  1.1472776e-05
 -3.6303963e-06
  8.9400819e-06
 -1.2653017e-04
 -3.6939382e-05
 -5.0472178e-02
 -8.0638329e-06
 -1.4210013e-01
  1.7825581e-05
 -1.6882865e-02
  5.0975746e-01
 -2.2317055e-05
  1.1735358e-05
 -2.1589954e-06
 -1.4623811e-05
 -1.4361524e-04
  7.4181778e-05
 -1.5811340e-05
 -2.9743398e-05
 -5.9768536e-06
  7.0343849e-06
  2.0848525e-04
 -7.0206252e-06
 -2.3725799e-04
 -1.0853002e-04
 -1.0049403e-05
 -1.9368257e-05
 -1.8605098e-05
  3.7822979e-06
  3.6614780e-05
 -3.1431548e-05
 -5.0779940e-06
 -5.8290817e-07
 -5.8614605e-05
 -7.2945263e-06
  1.3874291e-04
  1.2705636e-05
 -3.3205084e-05
 -2.5532478e-07
 -1.0714667e-05
  1.1918694e-04
 -4.9748442e-06
 -7.5177722e-06
  1.7876048e-06
 -5.8911605e-06
 -9.4352890e-07
 -2.3205212e-06
  1.0337054e+00
 -1.7207302e-01
  5.5706894e-01
  7.8786337e-01
 -7.2810508e-02
  3.6442962e-02
  5.8028567e-01
 -2.3597213e-02
 -4.1419687e-05
 -1.3376273e-04
 -9.1590214e-01
 -4.6213605e-05
  1.9059237e-04
  1.3264513e-05
 -2.5800425e-06
  2.0110698e-01
 -1.4072874e-03
 -2.7342117e-05
  1.2309791e+00
 -3.1249308e-06
 -6.1689272e-05
  2.2104401e-05
 -4.1615618e-03
  6.5852255e-02
 -1.2196532e-04
  7.1401846e-05
  2.6656564e-05
 -6.9313892e-06
  5.0442154e-06
  1.5826448e-05
 -1.1195955e-04
  3.6385089e-05
  8.1359549e-06
 -1.2790869e-05
  8.1179212e-05
 -9.5925793e-07
 -1.6453956e-06
  3.8461135e-06
  2.9998155e-05
  1.0392813e-04
 -1.0401221e-06
 -3.1141739e-05
  5.1526337e-07
  2.1871313e-04
 -1.4282728e-06
 -2.7939000e-06
 -2.8342754e-07
 -1.7144440e-06
 -3.2882440e-06
  7.0076218e-05
 -1.1898024e-04
  5.7544167e-07
 -1.7060653e-05
  9.7403017e-06
 -4.8213490e-04
 -8.2000433e-06
 -8.0312631e-05
  2.9182651e-05
 -5.1086968e-06
  1.6136479e-05
  9.8807004e-06
 -1.5681041e-04
 -6.3145546e-07
  4.0446888e-05
  7.7767232e-05
  4.9938859e-05
 -9.0326384e-06
  2.8408640e-05
  1.5669187e-04
  1.2275447e-04
  1.4180310e-05
  1.9205083e-06
 -5.7332049e-06
 -1.0268022e-05
  9.8438366e-05
 -8.3914565e-06
 -5.2171850e-05
  4.0301642e-05
 -8.4973126e-06
 -4.3169210e-05
  1.0930900e-06
 -3.9919403e-05
 -1.3797164e-04
  9.2509290e-05
  6.5843007e-05
  2.4171382e-05
  7.8908533e-06
  4.0622463e-06
  4.5737244e-05
  2.6776685e-04
  2.6560549e-05
  1.0614127e-06
  1.1272281e-05
 -1.6673606e-04
  4.5680990e-06
 -5.4363034e-05
 -3.6833692e-06
 -8.3530667e-06
  4.2790600e-07
  1.4177384e-05
  5.0446492e-05
  7.6537028e-05
 -1.9267279e-06
  5.1612291e-04
 -3.0983829e-05
 -2.3847024e-06
  1.1350717e-04
  3.4350081e-04
  8.2323049e-06
  2.2143303e-04
  1.0244753e-03
  7.4135060e-05
  1.3036560e-05
 -1.3260363e-05
 -7.2557217e-05
  4.2787001e-06
 -4.6749547e-06
 -1.3800128e-04
 -1.9389088e-06
  3.5977652e-04
  2.5247518e-05
  1.6959164e-05
  5.2721862e-05
  5.6928275e-05
 -7.5408398e-06
 -2.6010079e-04
 -4.0882942e-06
  1.7241471e-05
  4.4008615e-04
 -7.9634447e-06
 -1.2838331e-03
 -5.1440344e-05
  1.7287111e-04
  3.7314909e-05
  2.6753847e-05
  5.0429926e-06
  4.5530464e-06
  1.0834502e-04
 -5.9916720e-06
 -1.1000067e-05
 -6.1711148e-06
  2.6524098e-05
 -2.6155972e-06
 -3.1035797e-05
  1.7220726e-05
  4.5847744e-05
 -1.1109546e-05
  3.5601488e-04
 -1.5700829e-05
  2.5357729e-06
 -1.6807446e-05
 -1.7074502e-06
  4.9739115e-06
 -1.6376640e-05
 -6.7034302e-06
  9.3436240e-05
  5.8706660e-06
  3.6274449e-07
  2.3460891e-05
  1.0245853e-05
  9.8062474e-06
 -3.5544806e-06
 -4.1343668e-05
  3.1595671e-05
  7.8484230e-02
  1.2104023e-04
  1.9001329e-05
  4.8121354e-05
 -9.0536269e-06
  3.4085576e-06
 -9.4057636e-05
 -3.0991292e-04
 -3.5094163e-06
  7.9410565e-06
 -1.4840640e-06
  1.1800917e-05
  1.6320888e-05
 -5.9144746e-05
  1.1305657e-04
 -1.7398226e-05
 -1.7018232e-05
  3.2231698e-04
  2.8530836e-01
  5.8531507e-05
 -1.2525154e-04
  2.4691818e-04
 -2.2619188e-05
 -1.8290858e-06
  2.5536347e-04
 -5.8025533e-05
  1.4561928e-05
 -1.5407311e-05
  4.0486370e-06
 -2.2877824e-05
 -1.1988964e-05
 -3.9389655e-05
  2.2615986e-05
 -2.6700540e-05
 -2.7375179e-05
 -1.6633297e-05
 -2.5999640e-05
  6.7992929e-05
  2.6574935e-04
 -1.4302665e-05
  1.1589341e-05
  1.2078192e-05
 -5.8486745e-07
 -1.2596616e-05
  2.5834610e-05
 -3.2168871e-05
  1.3235755e-05
  2.5758288e-06
 -3.7353610e-05
  3.9374339e-05
 -2.3483581e-05
 -3.9984407e-06
  4.9636728e-06
  8.4522944e-05
  7.0258611e-06
 -1.9088624e-05
  1.3163142e-05
  1.4387063e-05
 -1.5950015e-04
  4.6135348e-05
 -1.2863212e-05
 -5.0022272e-06
 -1.1763878e-05
 -4.3344749e-06
  2.2128941e-05
  4.0551818e-06
  1.7120065e-04
 -8.3200459e-05
  3.1153686e-04
  1.5269093e-04
 -5.5481023e-06
  1.4204656e-05
 -1.0721730e-05
  3.4708119e-05
  1.0438986e-05
 -2.5644034e-05
 -6.6377812e-05
 -4.4872686e-01
 -6.5311702e-05
  3.1902677e-05
 -1.8246362e-02
 -4.7191550e-04
 -1.0550898e-01
 -2.2985971e-04
 -5.8575210e-06
 -3.8629576e-05
  5.3993231e-06
 -1.8157669e-04
 -4.5660243e-05
  7.0066490e-05
  3.8941871e-05
 -4.1508824e-02
 -1.4616238e-04
 -7.4445888e-05
 -2.3920788e-01
 -1.0509144e-06
 -6.8615273e-02
 -1.3371669e-05
 -1.5448584e-05
  8.6554601e-06
  1.7880648e-05
 -1.4622883e-05
 -9.9700856e-06
 -3.4250988e-06
 -2.5025778e-05
  5.4933669e-05
 -5.8134056e-06
 -8.8881570e-05
  5.1055040e-06
 -1.2619121e-05
 -1.0409326e-05
 -1.5403095e-05
 -2.6035801e-04
 -1.3505461e-05
 -1.2625731e-04
  6.8779041e-06
 -6.5067514e-05
 -1.3550498e-05
 -2.1260164e-05
  1.4334604e-05
  2.2301505e-05
  2.9687024e-05
  2.5620969e-04
  4.4374087e-06
 -4.6227028e-06
  2.5490421e-04
 -6.6936927e-06
  1.6619182e-05
 -1.7810546e-06
  3.0529420e-05
 -4.2416261e-05
 -6.8338348e-05
  1.9623587e-06
  1.6836068e-05
 -1.2358992e-05
 -2.6833779e-05
 -8.5003718e-05
  9.7834629e-07
 -1.0585900e-06
  1.5848533e-06
  7.4199934e-06
  5.8814217e-06
  1.3198691e-05
 -1.9940604e-05
  1.0063429e-05
  3.4330340e-05
 -1.7248363e-05
 -1.7902856e-05
 -7.4117129e-06
 -9.6559052e-05
  2.0661551e-05
  1.3548847e-06
  8.2425203e-08
  8.3044893e-07
 -1.5080033e-05
  5.7545963e-06
  1.1170645e-05
  8.3679618e-07
 -7.4099058e-05
  9.6675330e-06
 -1.3395230e-05
 -1.9690001e-06
  5.0281124e-06
  2.4102017e-06
  1.0959896e-04
 -2.4692692e-06
  8.9740914e-01
 -3.4309503e-01
  3.5829671e-05
  6.9234302e-05
 -2.4638908e-01
 -3.3347521e-06
 -7.3787332e-06
  4.7708778e-03
  3.3586901e-05
 -6.1268060e-05
 -3.2473112e-05
 -2.9253984e-05
  1.3845256e-05
 -3.4490123e-01
  2.4839963e-05
  1.4014649e-01
 -2.0603540e-05
 -1.7248656e-05
 -2.0012880e-02
 -5.6466429e-06
  4.2939371e-01
  4.9197643e-05
  1.0884056e-04
  7.6535711e-04
  2.5789310e-05
  6.7373236e-05
 -2.3782452e-05
 -1.3910004e-05
 -4.2188251e-05
 -1.9805289e-05
  1.2901428e+00
  2.6108263e+00
  7.5964808e-01
 -2.7255206e+00
  3.5487120e+00
 -1.5219942e-01
 -5.6312911e-02
  1.3876247e+00
  1.8137932e-01
 -2.4822944e-01
 -4.0323490e-01
 -2.2542195e-02
  5.3351669e-04
  1.4361137e-01
 -3.8253143e-01
 -4.6054695e-02
 -1.4991831e-02
  3.6575156e-01
  4.3542048e-01
 -2.1735844e-01
 -1.0947243e+00
  6.4259267e-01
 -2.8552467e-01
  2.0292947e+00
 -4.8527769e-03
  2.3067375e-01
 -1.6761429e-04
 -3.8700851e-05
  2.2561468e-01
 -2.2197602e-05
  3.6644560e-05
  2.4200714e-05
 -1.4058242e-05
 -6.3721855e-05
 -5.0251059e-05
 -4.8464179e-05
 -6.0287662e-06
  1.5613994e-05
  6.3605526e-06
 -2.8521449e-06
 -7.8825935e-05
 -3.8728977e-06
  8.7020126e-06
 -1.6824590e-05
  1.5277085e-04
 -2.5786607e-05
  4.1384124e-06
 -3.8234825e-06
  5.2204164e-06
  4.9530598e-05
  3.0894651e-05
  2.1513465e-06
 -9.1245174e-06
 -1.0118215e-06
 -5.8601574e-05
 -1.4957688e-04
  8.3516106e-06
 -1.3364029e-06
  7.8740622e-06
 -2.9221945e-05
 -1.0918187e-01
 -8.6357251e-02
  4.2941985e-01
 -7.7442682e-01
  2.3456016e-01
  3.2668424e-01
 -4.2319173e-01
  3.7643006e-01
  1.1855043e-05
  2.8993192e-01
  7.4851739e-01
  1.6876640e-04
  2.4047567e-05
  1.1899892e-04
  2.7919304e-01
  2.2293823e-05
 -4.4709656e-01
  6.6940665e-05
  2.9357976e-01
 -5.0404465e-01
  1.7613842e-04
 -7.1846239e-06
  1.3168003e-05
 -3.9298707e-06
 -2.2739542e-01
 -2.2421007e-04
 -7.4471509e-06
 -4.1136038e-01
 -3.0364358e-01
 -3.0554004e-04
  4.0793040e-01
 -3.3042555e+00
 -1.3122343e+00
  2.2375500e+00
 -1.5359305e+00
  3.3716555e+00
 -1.0370978e+00
 -1.4611773e+00
 -1.3668001e-05
 -1.0948306e+00
  1.8312339e+00
  2.5158624e-06
 -2.8693394e-06
 -4.3281758e-05
 -1.1545203e+00
  6.2178733e-04
 -2.0583177e+00
  6.9857542e-06
  1.0768331e-02
  7.8318648e-02
 -4.0202842e-05
  6.7597853e-06
  7.3149109e-05
  2.4207741e-06
 -7.8382289e-01
  2.3177095e-05
 -2.9846904e-05
 -1.6248660e+00
 -3.1884832e+00
  1.9523148e-05
  3.8054779e-01
 -9.9571759e-01
 -1.6381854e-06
  4.7625846e-05
  9.0666026e-01
  9.3553059e-02
  2.7520198e-01
 -1.5415925e-01
 -8.4167820e-01
 -1.5590572e+00
  1.0730845e-05
 -2.4612390e-01
  9.5389664e-02
 -1.3275880e+00
 -5.8445369e-04
  7.5685657e-06
  5.7773900e-06
  3.1883671e-04
 -1.7247885e-02
 -2.1339698e-01
  3.4839479e-05
 -2.5659541e-03
  1.6808530e-05
 -1.5784204e-01
  2.6313023e-04
  9.0409621e-06
  6.1296283e-05
 -2.8505412e-05
 -9.9385452e-06
  4.0044533e-06
  2.9300085e-01
  1.6232432e+00
  2.6821099e-02
  9.6512749e-06
  3.5762668e-01
  2.4404585e-01
  1.8123207e+00
 -6.3702846e-01
  1.7056571e-01
 -2.5001362e-01
  4.1304170e-06
 -1.0980822e-05
 -3.9939664e-06
 -1.4314690e-01
 -8.0918640e-01
 -2.7329418e-01
  1.1435132e-05
 -2.0156835e-01
  5.1144129e-01
 -9.4887242e-02
 -3.3803650e-03
 -8.2420763e-03
 -7.3724464e-02
 -5.4235887e-05
 -3.1555024e-01
 -6.6326268e-02
 -1.5043172e-04
 -6.9799635e-06
  1.9348551e-01
 -1.4263314e-01
 -6.8086670e-06
 -1.6341653e-05
 -4.4129897e-06
  2.9533605e-06
  3.3979271e-05
  4.3075393e-06
  1.6502558e-05
  2.0241059e-05
  3.9016472e-06
  8.4160332e-05
 -2.1322381e-05
  1.5859952e-05
  2.6836959e-05
  5.0300387e-05
  5.1379062e-05
 -1.7219384e-06
 -2.1677099e-05
  7.1564282e-06
  1.5123418e-05
 -5.0390354e-06
 -1.9979552e-05
  8.7641485e-05
 -1.5761415e-04
 -5.4809105e-05
  2.5727455e-05
 -1.3253515e-05
 -1.3610392e-05
 -1.2149083e-05
 -5.0049757e-06
  3.4859813e-06
  6.8694430e-06
  2.4062243e-07
  4.6404450e-05
 -5.5064156e-05
  7.0462124e-07
 -3.0321985e-06
  2.1361178e-04
 -1.7995448e-05
  6.3000814e-05
 -3.1484282e-04
  3.3448050e-06
 -1.4989287e-05
  1.9130155e-05
  7.5498419e-06
 -4.0355557e-05
 -3.0466056e-06
 -1.4243202e-05
 -6.7107258e-06
  2.9627751e-07
 -7.9838588e-07
  4.3637676e-05
  4.2740003e-06
 -2.2608792e-05
 -4.3900436e-05
 -4.5685527e-05
 -6.5410654e-07
 -5.1160755e-06
  1.8496390e-05
  8.6987222e-07
 -1.4972928e-05
 -4.3857309e-01
 -2.1895006e-01
  1.7971232e+00
  6.5069050e-01
 -9.0930611e-02
 -7.5020528e-01
  4.8745494e-02
 -3.0441397e-01
  4.9003878e-01
 -5.1156139e-01
  6.1253381e-06
  8.7326926e-01
  3.0093838e-03
 -4.2007774e-01
 -3.3961233e-02
 -1.4130679e-04
  1.2404472e-05
 -4.6365765e-01
 -8.0836207e-01
 -3.5016797e-02
 -1.1405917e-01
  5.6454341e-05
 -1.2089487e-01
 -5.3946860e-05
 -2.4338824e-01
 -6.8183751e-03
 -8.6099328e-04
  1.9176113e-03
  1.7022367e+00
 -1.2880084e-04
  5.1145739e-04
 -1.8237003e-03
  9.2309410e-06
 -6.0389857e-06
  8.7815315e-05
 -2.4203579e-04
 -5.1477822e-05
 -2.3499517e-06
  1.4932957e-05
  1.3394238e-05
 -1.8892088e-05
  5.3622869e-05
  4.2726151e-06
 -7.0937371e-05
 -7.1424264e-03
  1.0576991e-05
 -2.1566609e-06
 -1.8075325e-06
 -6.6219074e-01
 -2.7957398e-05
 -3.8230069e-06
 -7.2581483e-05
 -4.9416936e-04
  1.9127926e-06
 -2.4196456e-04
 -8.3905565e-05
 -6.5434956e-06
  5.0255163e-05
  6.5109148e-06
 -1.0159069e-05
  1.4088570e-05
 -5.9360832e-06
 -4.0399073e-06
  2.6019250e-06
 -3.2397486e-06
 -2.2794250e-06
  2.1330361e-05
 -8.0968239e-06
 -5.5087744e-06
 -3.5177807e-05
  1.0580386e-05
  3.4205725e-05
  1.2575818e-05
 -7.0966937e-02
 -2.9504840e-04
 -4.8412385e-05
 -1.0997195e-05
  7.2983014e-05
 -2.1624557e-05
  1.0591300e-04
 -1.5462660e-05
  3.0652092e-05
  7.6404331e-07
 -9.9611796e-05
 -3.2046464e-05
 -1.4149176e-04
 -1.4069436e-05
  6.0446268e-06
  5.9416379e-07
  3.3227650e-06
  2.3476746e+00
  4.8744693e-01
 -1.0719310e-02
 -1.5972288e+00
  2.9392557e+00
 -2.7347636e-01
  1.6956212e-02
 -1.1374374e-01
  3.5073829e-01
 -8.0768988e-02
  4.2624530e-01
  4.7537762e-01
 -1.2811233e-01
  1.1650014e+00
  2.3156673e-01
  3.2305995e-01
 -2.8285742e+00
 -4.7495076e-01
  6.2586278e-01
  3.0277425e-01
  5.4817699e-02
  3.3508546e-05
  3.4781092e-01
  1.0032184e+00
  1.4906402e-06
 -1.4459883e-05
 -1.8745510e-01
 -3.7961549e-01
 -6.2262869e-01
 -4.4844905e-04
 -1.0122777e+00
 -1.4625055e+00
 -9.3696602e-02
  7.7568376e-01
 -1.0668799e+00
 -7.6017067e-02
 -1.1114156e-01
 -5.3072808e-04
  1.3516352e+00
 -4.9800542e-01
 -5.2916366e-01
  2.4221568e+00
 -7.9776838e-02
  1.0333244e-01
 -1.9856787e-01
 -2.5382524e-06
 -6.1796468e-01
 -9.1805756e-03
 -8.8076428e-02
 -2.7872723e-01
 -1.6396517e+00
 -4.2647950e-02
 -1.2415142e+00
 -1.0377115e+00
 -9.8723996e-01
 -9.9986000e-04
 -2.2218251e-01
  3.4323865e-01
 -1.0742625e+00
  6.0300618e-01
  1.1310449e+00
 -1.6570717e-01
  8.8425744e-03
  4.4456509e-01
  1.0018507e+00
 -6.7887986e-01
  5.2349645e-01
  2.2810271e-01
 -6.2072176e-01
 -7.1284831e-02
 -2.3117284e-01
  6.7509997e-01
  2.5770110e-01
 -1.1626953e+00
  5.3450316e-01
 -1.2203588e+00
  2.9351234e-01
  3.3105674e-01
 -5.3946835e-01
  1.5253482e+00
  7.2920880e-06
 -8.6552575e-07
  6.0998555e-02
  3.7781468e-01
  9.6642911e-01
  4.9415771e-03
  7.0928442e-01
 -1.1592879e-03
  1.0014906e+00
  2.5026200e-06
  6.8138252e-07
  4.4865324e-06
  3.9288563e-05
  1.2360098e-05
 -4.9973703e-05
  1.6839807e-06
  5.9125077e-06
 -1.6244854e-06
  1.1848613e-03
 -2.2755126e-05
  1.6952516e-05
 -2.4422552e-06
  1.2987829e-08
 -6.5427853e-06
  1.8521098e-06
 -4.9451119e-05
  5.7981151e-06
  3.5075839e-06
 -1.4497789e-06
 -2.6590544e-05
  4.4496992e-05
  3.2594508e-05
  4.4390988e-05
 -1.3541498e-05
 -1.6184900e-05
  3.9764382e-06
 -1.5087931e-05
 -1.4153720e-05
  3.0800791e-05
  1.7511858e-06
  2.8764893e-05
 -8.2526210e-05
  1.3037292e-04
  3.1053955e-02
  9.7548873e-06
 -5.0778635e-06
 -1.8681874e-05
  3.3470820e-05
 -9.0144891e-07
  8.0098340e-05
 -2.0644398e-05
 -1.3863872e-05
  8.3535793e-05
  3.8078923e-03
  2.8306155e-03
 -2.1439846e-05
 -3.8536880e-05
  1.6745909e-05
 -1.3785390e+00
  1.4640883e-06
  7.4708523e-06
 -9.3733661e-06
 -2.1564415e-07
  9.1547208e-06
  2.9753141e-07
 -6.8650028e-05
 -2.3381592e-05
 -5.2686373e-05
  1.0485023e-05
 -6.3462023e-05
  1.0467567e-01
  1.2286257e+00
  4.1971591e-05
  3.4203631e-04
 -8.1569138e-05
  9.7769305e-02
  3.0599217e-06
  4.0078748e-06
  2.8404325e-02
  4.2051815e-05
  2.9159571e-06
 -1.2150988e-05
  1.8178318e-01
 -1.2909427e+00
  6.9025479e-02
 -7.6860488e-06
  1.5240157e-05
  4.2426832e-06
  4.1782418e-01
 -1.9876145e-04
  2.4323253e-05
  6.5259010e-05
  3.3955021e-05
  7.6248121e-05
  4.7763628e-05
  1.2752945e-05
  3.8887974e-05
 -1.5947506e-06
 -5.7832170e-02
 -8.0360751e-06
 -5.3583318e-01
 -8.6995822e-01
 -6.7853785e-01
  2.6900160e+00
 -3.5927144e-01
 -2.0565300e-01
 -7.7610621e-03
 -3.1925809e-01
  1.2732705e+00
 -1.5654233e-01
  1.0208888e+00
  9.0681684e-01
 -3.2232741e-01
  2.1886473e+00
 -2.8333005e-01
 -2.1006513e-02
 -3.3835363e-01
  5.3019673e-01
  9.9006236e-01
 -1.7466186e-01
  5.1676625e-01
  3.5808105e-02
  1.9602540e-04
 -5.3183973e-01
  8.2267958e-01
  3.1064615e-02
  2.6269583e-04
 -1.3411643e-05
 -1.9845711e-03
  1.1356071e-02
  4.5846099e-01
 -9.2659570e-02
  7.0160873e-02
 -9.5518780e-01
  3.3029890e-01
 -6.0892109e-02
 -1.1554126e-01
  6.3222384e-01
 -2.1345666e-01
  3.9716277e-01
 -2.8951088e-06
 -5.1449408e-04
 -3.2994859e-02
 -1.2107197e+00
  6.7227572e-01
  4.6182487e-02
  1.4614590e-02
  1.2518998e-03
  1.1667417e+00
  2.4698195e-01
  1.3267306e-04
  6.9782236e-06
  3.6059719e-04
 -7.6210447e-02
  9.5224671e-02
  8.2067013e-02
  1.9401392e-05
  1.2216294e-04
 -8.4882025e-03
  2.3162569e-01
 -4.3958426e-07
  5.6666249e-01
  1.0210095e-01
  2.3825674e-05
 -9.7428244e-03
  1.0788404e-05
 -8.2142869e-05
 -2.7819982e-01
 -2.2410841e-01
  4.8188519e-01
  5.9507713e-03
  2.3988289e-04
  1.0273018e-05
  5.3672445e-01
  8.1558180e-01
  4.1357319e-07
  1.8517184e-04
 -9.6633667e-05
 -4.0585071e-01
  8.9969888e-02
  2.7475994e-07
  9.0355843e-06
 -1.7192317e-05
  8.0662816e-05
  2.4999538e-04
  3.2322689e-05
 -2.3824787e-05
 -3.3649074e-05
 -1.6629642e-04
  1.6664714e-04
 -4.5698220e-05
 -3.4573618e-06
  5.4303880e-05
  8.7330751e-05
 -2.4590508e-06
 -2.1206484e-05
 -3.1253760e-05
 -4.4339963e-06
  1.5944006e-05
  5.0716488e-05
 -1.0744687e-06
 -5.6487488e-06
 -2.8707876e-05
 -2.1278707e-05
 -3.4084082e-05
 -5.6401336e-06
 -3.6208180e-06
 -2.8043214e-06
  1.3449896e-04
  1.6526476e-05
  2.1294502e-06
 -4.2552715e-06
  1.0888030e-05
 -2.3886334e-05
 -2.5099955e-04
 -1.3069659e-04
  1.2524129e-05
 -3.6519137e-05
  1.8274487e-06
  2.1436059e-05
 -1.6953079e-05
 -1.8031322e-03
 -1.5595733e-05
 -6.6930538e-06
 -2.6943677e-04
  9.7965658e-06
  6.8792333e-06
 -7.1163167e-06
  1.7429661e-06
 -2.9001927e-01
 -3.5708636e-05
  3.0177232e-04
 -4.5065648e-05
 -8.0183245e-06
 -2.9234365e-02
 -2.4801535e-05
  1.0947373e-05
 -3.6181289e-05
  7.2313493e-01
 -4.6152589e-05
  5.9949648e-06
 -1.7442504e-05
  2.7671564e-05
 -9.7430173e-05
 -8.5965012e-06
 -3.7258804e-05
 -8.7738199e-06
  1.8212880e-06
  2.0061376e-05
 -2.7195232e-05
 -2.9805817e-05
 -1.0684114e-04
  1.3506535e-06
  4.4077453e-05
  3.2217479e-06
 -6.4674750e-06
 -5.4407160e-06
 -9.0471505e-05
 -1.9220008e-05
 -8.8512010e-05
 -3.9215079e-06
  1.4543309e-05
 -2.5039941e-05
 -4.4109831e-05
  3.5977311e-04
 -2.3332039e-05
  2.2231702e-06
 -3.1956897e-05
 -3.3005839e-05
  1.3193521e-05
 -2.3296085e-04
 -2.3901912e-05
  1.8136714e-04
 -2.3534474e-05
 -2.3449255e-05
 -3.7882910e-05
 -9.4069255e-05
 -2.7328139e-04
 -2.3060642e-05
 -1.7817749e-06
  2.1789641e-07
  4.1248268e-06
 -2.0828247e-05
 -5.1005547e-05
 -8.4248146e-05
  2.9386681e-05
  2.3677214e-06
 -2.1785823e-05
 -2.5848582e-05
 -9.4317831e-05
  1.1115810e-04
  2.3115454e-05
  1.7405179e-06
 -1.5046951e-06
  2.3856944e-04
 -9.2380295e-05
  4.9484256e-06
 -6.6226635e-06
 -1.5753679e-04
 -1.0494939e-04
  1.9657225e-05
 -5.9370959e-06
  4.6730788e-06
 -5.0202652e-06
 -1.9598310e-05
  3.2368778e-05
  2.8730258e-06
 -1.2719190e-05
 -2.5301355e-05
 -1.0554557e-05
 -1.5606647e-04
  8.5769541e-05
 -2.3153147e-05
 -4.8349259e-04
  4.9264418e-05
 -1.6345394e-06
  3.0203786e-05
  1.2260610e-06
 -1.8269988e-05
  3.2312410e-06
  8.7869166e-06
 -2.0285502e-06
 -2.4657793e-05
  3.6300571e-05
  3.5729472e-06
 -9.5892901e-06
 -4.5126963e-05
 -4.9742113e-05
  1.2332853e-05
 -1.9149982e-06
 -5.3389253e-06
 -1.4583477e-05
 -1.3680996e-05
 -3.5876399e-06
 -1.8020764e-05
 -5.8162736e-06
 -7.8212979e-06
  8.6237114e-06
 -8.4248649e-07
  1.8544295e-05
  2.2430232e+00
  1.1892111e-01
  2.8568655e-01
 -4.7974268e-01
 -2.9132212e-02
  3.2107309e-01
  2.6377177e-02
 -1.2195456e+00
  1.4377190e-01
 -2.6491540e-02
  8.4915620e-01
  7.9652522e-04
  1.8914342e-01
 -1.3242450e+00
  5.0363641e-02
  3.0597299e-01
  3.6204141e-02
  1.5637090e-02
  6.7932555e-03
  1.1639191e+00
  1.4352417e-03
  7.7821051e-06
  3.7921406e-02
 -4.6895884e-02
  1.7605193e-02
  4.5905425e-03
 -2.7125902e-06
 -1.0748304e-04
  8.1410428e-05
 -2.5082420e-04
 -2.5056526e-05
 -1.3421793e+00
  1.3906226e-01
  9.8057437e-01
  2.9723093e-02
  3.1910083e-01
  1.0694227e-01
 -1.0780293e+00
 -1.0791448e+00
 -1.2660590e-06
 -1.1885918e+00
  1.2400676e-05
  1.4348862e-05
  1.4899313e+00
 -6.2686282e-01
 -1.6152146e-01
  1.7520148e-05
 -7.9910204e-02
  9.7932482e-01
 -3.1812036e-05
 -9.0913863e-06
 -3.5630768e-05
  9.2167038e-06
 -1.0511984e-04
 -1.1020015e-03
 -2.1916325e-01
 -1.4043173e-06
  6.0841074e-05
  4.7585558e-02
 -3.5070077e-01
 -2.5221918e+00
  9.4904917e-01
  1.2806953e+00
  3.1910448e+00
 -7.2610024e-03
  2.0208152e-01
  2.4407056e-01
  1.8414629e-01
  4.1344333e-01
 -3.9851582e-01
 -2.1062428e-02
  2.0854619e+00
  1.9511166e-01
  1.8607954e+00
  8.7128475e-02
  1.1805499e-01
  7.8786457e-01
 -3.2893844e-02
  9.6599877e-01
  1.5249783e+00
 -1.4560562e-04
  5.4207343e-05
 -3.2495975e-01
  2.8581452e-01
  4.5466211e-05
 -1.8818393e-05
 -2.5240389e-01
  1.4417325e-01
 -4.6997139e-01
  1.3460533e-05
  1.0768079e-05
  3.1724441e-01
  1.0307944e-05
  3.4734330e-04
 -3.6358512e-07
 -4.0260507e-05
  3.6849469e-05
 -4.2411088e-05
  6.4117576e-06
 -3.8059102e-04
 -1.1111701e-05
  5.5223945e-06
 -1.2345427e-05
 -1.8130430e-06
  1.3039177e-03
 -6.6804646e-06
  2.8137210e-05
  3.4601027e-05
 -1.6837222e-04
 -1.2446425e-05
  1.4588941e-05
  8.0141217e-06
 -4.9563928e-06
 -4.3852751e-07
  1.7919619e-05
  6.7906061e-05
  1.5787440e-05
  3.7346658e-06
  2.4224762e-06
  2.7438253e-04
 -6.2548861e-02
  8.0869898e-02
  1.4358823e-05
 -1.3376638e+00
  1.2390314e+00
  1.2191530e-01
 -1.1669503e+00
 -3.7915707e-03
  1.3203648e-01
 -9.2401303e-04
  2.5736435e-05
  7.5536653e-02
 -2.3831913e-01
  5.1097190e-01
  2.3109078e-05
  1.9729781e-01
  3.5356393e-06
  1.7774542e-01
 -1.1929961e+00
  1.6528477e-01
 -4.4547264e-06
  8.1105092e-05
  2.8832553e-06
  7.1690001e-02
  9.0477332e-02
  7.7045537e-05
 -6.1093338e-08
 -2.6341868e-05
 -2.2595929e-01
  1.2960611e-01
 -7.0268935e-01
 -1.4441183e-01
  6.2192224e-02
 -8.4559895e-02
  2.4545871e-01
 -9.6449959e-01
 -1.3638204e-05
  3.4279180e-01
  7.5685227e-01
 -1.3991812e-01
  3.0430043e-01
  1.1341490e+00
  1.1169330e-01
 -7.4345458e-01
 -1.6698140e-01
  1.9343144e-04
 -5.5206828e-03
  1.6267488e-05
  4.3306193e-01
 -4.5332703e-01
 -3.8226926e-06
  1.5686333e-05
 -2.4447337e-04
  3.1086871e-01
 -1.3918223e-06
 -2.8979046e-06
 -1.6322282e-01
  1.1803240e-06
  1.4934138e+00
 -2.0394313e-05
  5.3611373e-05
 -3.2424301e-05
 -6.7814767e-06
 -1.5973842e-03
  7.6345377e-06
 -6.0661496e-06
  9.3270555e-06
 -1.3329864e-04
  6.6577841e-06
  1.3321704e-05
  1.0332003e-06
 -2.6264054e-06
 -3.2611886e-05
  2.2218590e-05
 -5.5421144e-05
  2.8659661e-06
  9.8498786e-06
  7.0266151e-06
 -1.6723289e-04
  1.2262820e-04
  1.0814318e-04
  3.1222164e-06
 -5.4650181e-06
  1.6267226e-05
 -2.2756785e-06
  1.7454104e-05
 -1.6692315e-05
 -1.0079581e-05
  4.5053912e-06
  1.1228703e-05
 -1.1400796e-02
 -1.2127573e-04
 -2.6565891e-05
  6.6618063e-02
 -3.5999778e-07
 -3.9965617e-03
 -7.9517522e-06
  1.8633148e-02
  4.4640191e-02
  6.1728275e-01
 -4.2783163e-04
  2.6641443e-01
  1.4588302e-04
  3.0044070e-01
 -4.9568487e-05
 -6.5525696e-06
 -9.5606838e-06
 -1.6325966e-05
 -3.3735974e-05
  4.4663284e-06
 -2.0889960e-04
 -1.0679608e-04
 -3.0268066e-05
 -6.9251973e-06
 -1.2737346e-05
 -2.9054227e-05
 -1.9142158e-04
  8.6002319e-06
  2.4686586e-05
 -2.4382973e-05
 -1.6075175e-04
 -1.0237048e+00
  1.3538248e-05
 -9.5116515e-03
  5.9343406e-06
 -2.6823200e-02
  1.5562977e-05
  2.7801907e-06
 -3.1693379e-04
  2.5304645e-01
 -3.5173402e-05
  1.6893067e-05
 -8.5870393e-05
  5.7274878e-01
 -9.8301107e-03
  3.4046785e-05
 -6.9534013e-05
  1.4954028e-05
  1.7349589e-01
 -3.5394687e-02
 -8.5261963e-06
 -4.4946482e-06
 -1.1573033e-04
 -1.6445683e-05
 -1.6781104e-04
 -4.0680141e-05
 -8.6661792e-05
  1.4333864e-05
 -4.3739881e-02
  8.5322492e-05
 -1.8352836e-01
  1.0479048e+00
  2.6392524e-06
  2.2756210e-05
 -1.3077413e-01
 -1.1114634e-04
  8.9054820e-06
 -8.5247707e-01
  2.0190379e-02
  3.9770815e-01
  6.3560867e-05
 -1.1421745e+00
 -2.2198246e-01
  6.0670620e-01
  8.4562546e-01
  1.2351469e+00
 -3.1256430e-05
 -1.3457684e-05
 -8.8580356e-07
  9.8101384e-07
 -2.5830323e-05
 -5.3736621e-01
 -9.4995564e-01
  3.1463361e-01
 -2.1954065e-06
 -4.4050455e-01
 -3.3140889e-01
 -1.0174193e-04
 -1.7435849e-01
  3.9161992e-01
  5.6580591e-01
 -8.6522979e-01
  4.4125136e-05
 -1.2841037e-05
 -8.7260199e-01
 -3.4467021e-01
 -1.6145256e-01
  2.5737655e+00
 -2.1904111e+00
  1.8995246e+00
 -1.0870151e-05
 -4.8106715e-01
  4.8786113e-01
  1.8479828e+00
  1.0035366e+00
  5.4428339e-01
 -9.3899842e-05
 -2.9304516e-01
  9.6946851e-06
 -1.5770869e-05
 -3.7990878e-05
  7.8558868e-01
 -6.3670760e-01
 -1.9856771e+00
  2.6011166e-01
  7.8213245e-01
 -8.4067500e-01
 -6.5344343e-06
 -5.5620241e-01
 -6.8938375e-01
 -1.9055811e+00
  6.7051482e-01
 -3.5791949e-05
 -6.6381317e-01
  7.6675427e-01
 -8.6492956e-01
 -5.4033899e-01
 -1.4383307e+00
  5.0399911e-01
  3.5375482e-01
  7.3322314e-01
  1.6022944e-01
  3.8823310e-02
  6.2647967e-05
 -1.1844909e-04
  1.0903626e-02
 -1.4850497e-01
 -2.4470216e-01
  1.9230845e+00
 -1.7846051e+00
 -7.4049741e-01
  1.7401648e+00
  1.2205225e+00
  8.5443026e-01
  5.7195687e-01
  8.5566151e-01
  8.5567556e-02
 -1.0005471e+00
 -2.3573111e-01
  4.1959792e-01
 -2.1208091e+00
  2.4030471e-01
  4.7322458e-01
 -1.1184185e+00
  1.1040025e+00
 -1.1223898e+00
  2.6597700e-01
  1.2117865e+00
  1.3927157e+00
  2.5790057e-01
 -9.4333850e-02
 -5.9574670e-01
  1.8085669e+00
 -2.0597491e+00
 -2.7721745e-01
  2.5738764e+00
 -1.5934051e+00
 -1.7455139e+00
  1.5704845e+00
  4.0338069e-01
 -1.1318319e+00
  1.1543301e+00
 -9.4308233e-01
  5.1894510e-01
  8.7407637e-01
 -1.2139387e-01
 -4.6133515e-01
  3.5140485e-01
  1.3579701e-01
  1.0641057e+00
 -8.0060047e-01
 -4.0921688e-01
 -9.2183970e-02
 -1.7741181e+00
  1.4792616e+00
 -8.4836268e-01
 -1.5486648e+00
 -7.1394676e-04
 -1.4229476e-01
  4.4937238e-01
 -1.5325459e+00
 -3.9150348e-01
 -1.3222998e+00
  2.6541862e-01
  6.0022932e-01
 -4.2089859e-01
  1.8284209e-02
 -1.0514194e-02
  2.4068689e+00
  5.6133550e-01
  1.2565058e-01
  9.6936160e-01
 -2.9019284e-01
 -5.9727558e-05
  2.1750292e-02
 -4.6853822e-01
 -4.3269835e+00
 -7.5954877e-02
  9.5857496e-05
  6.5319502e-01
  1.0235399e+00
  3.6497629e-05
  6.9355701e-05
  1.6425345e-05
  2.0784119e-05
 -2.2610083e-01
  9.8711532e-01
  2.0813952e-05
 -7.7781743e-07
  2.8752754e-04
 -5.1506644e-01
 -1.8559281e-06
 -6.9315543e-06
 -6.9176066e-01
 -4.9240333e-01
  5.3535628e-01
  7.5000367e-04
  2.3496595e-01
 -1.2444612e-01
  1.4493229e-03
 -1.1911480e-05
  2.1913227e-01
 -1.0915188e+00
 -1.6907617e+00
  2.2966383e-01
  3.3175852e-02
  2.7870372e-01
  4.5660523e-01
  1.0651506e-04
  3.6534735e-03
  1.8645477e-02
  1.2500139e-01
  2.9767019e-01
  2.3159337e+00
  1.0188977e+00
  2.5286376e-01
  9.6584514e-02
 -2.3683685e-01
 -9.9869992e-04
 -2.4241583e-06
 -2.5848744e-02
 -9.5761913e-01
  1.1284537e+00
 -1.7561439e-05
  5.6146449e-01
  6.6812545e-01
  1.1362193e-04
  3.2789674e-05
  3.8310289e-05
 -6.0912412e-01
 -3.7877688e+00
  1.7911527e-01
  1.0439142e-01
 -3.3833985e-05
 -5.3883123e-01
 -7.3938641e-06
 -2.2570581e-05
  1.1520287e+00
  3.6876628e-01
  5.8381236e-01
  3.0757824e-01
  1.3508049e-01
  5.2121633e-01
  1.2295314e+00
  1.5981460e-01
  1.7345570e+00
 -1.8394211e-01
 -9.9435365e-01
 -2.0213931e+00
  1.9740816e+00
  5.5917323e-01
  1.7013627e+00
  3.8618542e-02
 -9.4119543e-01
  2.3216449e-05
 -7.6613343e-01
 -3.6141998e-01
  1.0624340e+00
  9.1058809e-01
  1.6406626e-01
 -2.3593970e-01
 -5.9811455e-01
 -4.5633020e-05
 -1.2562621e-05
 -1.5224660e-05
 -1.7051493e-01
  2.8403231e-06
  2.0519650e-01
  4.2180931e-05
  2.3210512e-06
 -3.3706991e-05
  1.2680019e-04
  6.8036661e-06
 -3.6681045e-02
  1.0050825e+00
 -6.3055540e-03
 -7.2806412e-01
 -5.8606284e-04
 -7.9214813e-05
  2.9423609e-02
 -5.0942738e-02
  4.9499537e-05
 -6.7381255e-02
 -1.2915900e+00
 -7.8710341e-01
 -1.2175747e+00
 -7.0537921e-05
 -3.6079946e-04
  1.0089532e+00
 -2.0208550e-04
 -3.5974495e-05
 -8.8865145e-06
 -1.4308619e-01
 -6.9207913e-01
  2.3528681e+00
  4.3224266e-01
 -3.1320600e-05
 -4.3493783e-01
  8.4244116e-04
 -3.1066811e-06
 -7.1915500e-02
  7.2856498e-01
  7.3313951e-01
  1.1569492e+00
 -5.9314188e-02
  3.1099120e-01
 -7.9964072e-01
 -1.4451042e-02
  1.2851285e-05
 -1.0009972e-02
  1.5347748e+00
 -3.7408827e-04
  3.5851005e-01
 -4.8970731e-05
 -3.2861050e-02
  7.9207915e-01
 -1.7670778e-03
 -4.3068655e-07
  3.0921766e-01
 -1.5760968e+00
 -8.7943280e-01
  2.4978676e-01
  6.3406363e-02
 -1.4575502e-01
  2.9684845e-01
 -1.0424189e-01
  1.7952900e-05
  3.9396711e-02
  6.0272813e-03
  3.6888194e-01
  2.7133250e-01
 -1.9358589e-05
  6.0981429e-01
  9.7456247e-01
  1.1527612e+00
  1.3016932e+00
 -1.4736109e+00
  1.0902950e+00
  4.2350227e-01
 -1.6098753e+00
 -7.0017165e-01
  7.7656490e-01
  1.5066742e+00
  5.5257751e-06
  1.2995918e-02
 -1.0857623e-05
  1.8146346e+00
  2.1324407e-05
 -3.0771716e+00
  9.6035814e-01
  1.7725964e-01
 -2.1012801e-01
  4.0462998e-01
  1.5568030e-03
 -1.6977702e-01
 -1.7964723e+00
  5.8632702e-01
  9.3772298e-01
 -1.4786839e+00
  1.4949784e-02
  2.8935024e-01
  2.0647123e-01
  1.3651223e+00
 -5.6636229e-02
  2.1201270e+00
  1.5216117e+00
 -8.7020129e-02
  1.0005980e+00
  1.5511888e+00
 -1.3761715e+00
  1.8224571e-05
  3.2398027e-01
  6.8697041e-06
  7.2882003e-01
  1.2968855e+00
 -1.1180180e+00
  3.2968640e+00
  4.4483051e-01
 -2.2728598e+00
  4.1739529e-01
 -2.3867180e-05
 -1.3492811e+00
 -3.3635250e-01
 -2.4378613e-01
 -1.9990709e+00
 -1.2436002e+00
  8.9403939e-01
 -7.0350605e-01
  8.1083763e-01
  1.9701160e+00
  8.6894208e-01
  1.3435213e-01
  1.1077943e+00
 -3.3687741e-01
 -1.8700769e+00
  2.1158989e-01
  9.8149022e-03
  3.8577337e-03
  4.2971104e-01
 -6.5367323e-01
  1.3131052e+00
 -8.1295174e-01
  3.4696823e-01
 -2.3300718e-01
  2.1100201e-01
 -1.7922244e+00
 -7.6542705e-01
 -3.9803258e-01
 -5.8237576e-01
  1.0835258e+00
  1.3827505e+00
  1.1784768e+00
  1.6419293e+00
  3.1771100e-01
 -7.1275569e-02
 -1.8893857e+00
 -7.4558777e-01
  1.0488433e+00
 -1.4967171e+00
 -1.2068918e+00
 -2.2208412e-01
 -2.5161707e+00
 -3.7539810e-02
 -7.8143977e-02
 -2.2457218e-01
 -3.1387612e-01
  1.2012464e-06
 -8.6147016e-01
 -1.6204597e-04
  1.0292170e+00
 -1.2341953e-01
  2.0166013e-05
  8.6415470e-01
  1.1115605e-01
  3.2128626e-01
 -3.1459253e-02
  3.8934749e-01
  4.0531732e-02
 -6.1487442e-01
  9.0240347e-01
 -4.9436709e-04
 -1.7968328e+00
 -1.9342451e+00
 -7.2910452e-01
  1.0079317e+00
 -9.2325136e-02
 -2.8342929e+00
  1.2846014e+00
 -6.4052373e-01
 -1.5738029e+00
  1.3493233e+00
 -8.6374092e-01
 -9.4938189e-01
 -1.6946363e-01
 -8.1633538e-02
 -8.1614947e-01
  1.0931133e+00
  8.2929838e-01
  2.5872242e-01
  8.8569176e-01
 -9.0202516e-01
  6.1852360e-01
  9.3674427e-03
  2.9110256e-01
 -3.5958675e-01
 -1.4986045e+00
 -4.1064176e-01
 -8.3894384e-01
  9.4635673e-02
 -1.0174016e+00
 -6.9533646e-01
 -1.2753781e+00
 -1.5640039e+00
 -2.5968647e+00
 -8.8826895e-01
 -1.5051874e+00
 -5.6997812e-01
  1.6460714e+00
 -3.5467824e-01
 -6.4981633e-01
 -4.7835514e-01
 -7.7483517e-01
 -9.6133095e-01
 -1.5306771e+00
  7.0442420e-01
  8.8179296e-01
 -8.3499062e-01
 -3.7885448e-01
 -9.7508317e-01
  1.7192258e+00
 -7.5930065e-01
 -6.7640048e-01
  7.3666894e-01
  1.4469354e+00
  8.5618174e-01
 -1.1497892e+00
 -5.1819507e-06
  3.2379973e-01
  3.6827159e-01
  9.9707371e-01
 -2.8365201e-05
 -2.0468957e+00
 -6.8525130e-01
 -1.2382604e+00
 -3.7050509e-01
  2.8825241e-05
 -1.7833687e-06
  4.2064465e-05
  4.0036310e-05
  1.7002083e-05
 -2.8570500e-01
  1.5150140e-05
 -5.0655735e-01
 -2.5904928e-05
  3.6541405e-05
  1.8333688e-01
  3.4922460e-01
  3.3528557e-01
  5.7646645e-07
 -4.3032670e-01
  7.8152090e-01
  2.0239055e-01
 -1.8154789e+00
  6.7171401e-05
 -3.1385728e-04
  9.9522853e-01
  3.8016209e-01
  6.2584717e-05
  1.6150957e-01
 -3.6529830e-01
  7.0931864e-01
 -9.4784319e-01
  3.8980711e-06
  1.0645203e-01
  3.5193622e-02
 -9.8080745e-06
 -4.3462094e-08
 -1.9334389e+00
  1.4274722e+00
 -4.5176782e-03
 -8.0173153e-01
  5.6722045e-05
  1.0462008e-04
  4.8539880e-01
  1.2418551e+00
 -2.0535956e-05
 -1.3161981e+00
  6.6993791e-01
  9.0405965e-01
 -1.0682373e+00
  1.0396703e-05
  4.9343664e-04
  2.8298667e-01
  5.9978811e-05
  1.7871237e-06
 -1.1471238e-01
  4.5186061e-01
 -1.6281750e+00
 -8.5370517e-01
  1.6777141e-05
  3.9862085e-04
  1.1017793e+00
  6.1157560e-01
 -4.3614764e-06
 -8.7670285e-01
  7.7682152e-02
 -1.4476743e-01
  1.2813999e-01
  1.3715226e-05
  2.4296688e-04
  2.2295145e-02
  4.8236087e-01
 -5.0402108e-05
  4.1907415e-01
  4.7515234e-01
  8.2884544e-01
 -3.9075086e-01
  4.3621235e-06
 -4.1275143e-06
 -1.1745443e-04
 -2.5419115e-05
  5.8947953e-05
  6.2159155e-02
 -1.0993421e+00
  1.3799579e+00
  3.1333205e-01
 -2.7285123e-05
  1.0371021e-05
  2.6544794e-05
 -1.0216321e-06
 -2.3466214e-06
 -3.5462920e-06
 -4.5953925e-06
  3.2659891e-01
 -5.0925596e-06
  1.2809877e-05
  5.8831305e-05
  3.8249750e-06
  7.0840010e-06
 -1.3791164e-04
  9.4545335e-01
 -3.6345929e-01
  9.6315622e-01
 -1.4845910e+00
 -8.1476519e-06
  5.7883113e-05
  2.6592413e-06
 -1.2476523e-04
  5.2268624e-06
 -2.3048649e-05
  1.4974727e-01
 -1.2163625e+00
 -3.7584522e-01
 -2.7489012e-05
  5.6332530e-05
 -2.4943911e-05
 -1.2297966e-04
  1.0032371e-06
  2.0631532e-01
  1.0129509e-01
  2.9657999e-01
  9.7311270e-01
  4.9246861e-05
 -1.4923374e-05
  1.5981771e-06
  5.4182299e-05
  2.1566696e-07
  1.0077894e+00
  6.2276399e-01
  2.3639328e+00
 -1.0716164e+00
  1.3931509e-05
  1.2589564e-05
 -2.0457117e-06
 -1.1370653e-04
  3.9432207e-06
 -2.5066474e-01
  6.0117874e-02
  1.3510223e-01
 -3.0066457e-01
 -4.4623284e-05
  7.8713620e-06
 -4.8249553e-06
  7.8898356e-06
 -1.2976957e-04
  1.5276258e+00
 -1.9576985e-01
  5.1726758e-01
  9.8508406e-01
  1.3584558e-05
  1.2944828e-05
 -2.1011028e-05
 -3.2735904e-04
  8.1223385e-05
 -4.4078740e-01
  1.7898242e-01
 -6.1539423e-01
  5.0195670e-01
  4.3939035e-06
  4.6562425e-05
  4.2282092e-05
 -9.7879797e-02
  2.6541855e-05
  5.5763215e-01
 -5.0561868e-02
 -9.1546804e-01
 -9.2599559e-01
  4.7731584e-05
  2.8097529e-05
  9.4282668e-06
 -6.6473763e-06
 -7.2996195e-06
  1.9827273e+00
  1.8154419e-04
  2.1751090e-05
 -1.9457539e-05
  4.0440113e-06
 -3.8168023e-06
 -1.8540014e-06
 -1.8191751e-05
 -3.3975750e-06
 -5.8899784e-01
  5.5489272e-01
 -1.8514813e+00
 -6.7483658e-01
  6.0175789e-05
  1.5064408e-05
  2.7593831e-05
 -1.0666161e-04
 -1.4071124e-05
  8.8597098e-03
  1.2020462e-04
  4.4508684e-01
 -3.6495510e-01
 -3.1249780e-05
 -1.3278172e-05
 -6.7164912e-08
 -2.4332712e-06
  1.6129547e-05
 -3.5959169e-01
  4.2565155e-01
 -1.5532149e-01
 -1.5040493e+00
 -5.6184370e-05
  1.3954742e-04
 -4.4910885e-06
 -2.9330355e-01
  1.7907267e-05
 -2.4852106e-02
  5.1900938e-02
  5.8228076e-02
 -7.5703549e-01
 -7.4839559e-06
  7.0037518e-06
  1.4061176e-05
  3.0609797e-05
 -3.8494272e-06
  1.5422117e+00
  2.7775321e-02
 -2.5799930e-01
 -7.7791595e-01
  2.7954979e-06
  1.0187947e-04
  4.3518590e-05
 -3.5271224e-01
  3.0581592e-05
  4.1210485e-01
  1.5237969e-01
 -1.3643231e+00
 -1.2998451e+00
  1.1185771e-06
  2.7789240e-06
 -7.9682204e-06
 -8.2527067e-06
 -2.8454417e-06
 -4.8130077e-01
  2.9841444e-01
  9.7495097e-01
 -8.5985464e-01
  6.8839245e-02
  6.0214108e-01
 -9.6126002e-01
 -8.2871467e-02
  4.6831337e-05
  9.6351989e-02
  5.7886833e-01
  1.0209135e+00
 -6.0235643e-01
 -1.8473434e-05
  1.7482356e-06
 -1.5820973e-05
  4.6144555e-06
  1.2144501e-04
 -6.1682147e-01
 -6.8891823e-06
  3.8104543e-01
 -1.2428399e-04
  5.6160536e-02
  6.3237226e-01
 -8.9073884e-01
 -1.1009898e-04
  5.2516276e-05
 -1.1469835e+00
  1.8098219e-01
 -6.7005092e-01
 -7.7564174e-01
 -6.0169164e-06
  1.3354210e-05
 -9.2409974e-01
  7.5410317e-06
  1.8184470e-06
  9.8138154e-01
 -8.2626551e-02
  9.7269523e-01
  8.3853495e-01
  5.6361593e-02
  3.5393322e-01
  2.6683050e-01
 -8.2002756e-05
 -1.5727988e-05
  1.8376433e-05
  8.4929746e-01
  5.2650529e-01
  1.5353230e-01
  5.1289435e-06
  2.0535577e-04
 -2.6110366e-02
 -8.6142543e-05
  7.1177885e-05
 -2.1611218e+00
 -1.9377688e-01
  2.0113113e+00
 -5.9357357e-01
  5.2521704e-03
  8.4450476e-02
  8.5543339e-05
 -6.5598870e-05
  1.8201814e-06
 -1.8733592e+00
  2.8823543e-01
  1.2857765e+00
 -2.4914761e-01
  2.5061683e-05
  3.3063278e-01
 -9.3185759e-01
 -1.9621532e-04
  3.1189711e-06
  7.6671113e-06
  5.3642327e-01
  8.6831875e-02
  3.3639839e-01
  8.1093967e-06
  7.1939590e-05
 -4.1816112e-01
 -1.6369537e-03
 -4.8685147e-06
 -4.9148259e-01
  5.6386203e-01
 -3.0895054e-01
 -1.3377443e-01
  4.6064870e-05
 -3.8894447e-03
 -7.0509970e-01
  6.1524312e-05
  1.8909057e-05
 -1.0527794e+00
  1.1980833e+00
  8.0943781e-01
 -4.1904530e-01
  3.5821338e-06
  2.9351004e-05
  3.2049275e-06
 -2.4401574e-05
 -2.5448566e-05
  3.9141840e-05
  9.6432114e-01
 -2.2231569e+00
 -7.5818993e-05
 -1.1455784e-05
 -1.5970161e-05
 -1.8538007e+00
  5.2327516e-05
  3.3273511e-05
 -3.4806979e-01
 -1.0380316e-02
  3.1692863e-01
  7.1452409e-01
 -1.3730470e-05
  4.9961882e-06
 -7.3897879e-04
  7.6284114e-06
 -1.2127040e-06
 -6.6879773e-01
  1.1444489e+00
 -2.3251037e-01
 -6.6146451e-01
 -3.4054581e-05
 -1.8043818e-05
 -4.8566014e-01
 -8.1585097e-07
  9.0173553e-06
 -8.8825279e-01
 -1.7513409e-01
 -4.9428949e-01
  4.4590226e-01
 -4.6639534e-06
 -1.5931998e-04
 -3.3025891e-02
  1.6631177e-04
 -1.4408440e-05
  8.4474444e-01
  2.4181853e-01
  4.9303517e-01
  1.3526087e-02
  1.1423770e-05
  3.7268299e-05
 -2.0809865e-02
  3.8688933e-05
  3.8042367e-06
 -1.7077468e-01
  2.0945907e+00
 -1.7541203e+00
  5.6252396e-01
 -4.7031150e-05
 -5.8479828e-04
 -2.3049730e-01
  2.3045078e-07
  1.6947701e-05
 -7.4143093e-03
 -1.2951003e-01
  5.3784376e-01
 -4.9803329e-01
 -2.8669267e-06
  1.3577676e-05
 -7.7965862e-01
  1.9075493e-05
  3.0648494e-06
  8.0641133e-01
  3.7589905e-01
 -6.6855007e-01
 -6.6409379e-01
  1.2413758e-02
  1.2413758e-02
  1.2413758e-02
  1.2413758e-02
  1.2413758e-02
  6.7241365e-01
  6.7241365e-01
  6.7241365e-01
  6.7241365e-01
  6.7241365e-01
  1.4738771e-01
  1.4738771e-01
  1.4738771e-01
  1.4738771e-01
  1.4738771e-01
  1.0924964e-01
  1.0924964e-01
  1.0924964e-01
  1.0924964e-01
  1.0924964e-01
  1.6452778e-02
  1.6452778e-02
  1.6452778e-02
  1.6452778e-02
  1.6452778e-02
  1.8038879e-01
  1.8038879e-01
  1.8038879e-01
  1.8038879e-01
  1.8038879e-01
