nep4 3 Ba Zr S 
cutoff 8 4 150 20
n_max 4 4
basis_size 8 8
l_max 4 2 0
ANN 30 0
 -3.2763481e-05
 -1.3823979e-05
 -1.8539185e-04
  6.1907863e-06
  3.6490128e-05
  8.8605038e-06
  1.0203160e-04
  9.1656311e-06
  4.0382798e-05
 -7.4472089e-05
  1.5808149e-05
  3.5923505e-05
 -8.6790249e-05
  1.0156666e-05
 -1.1613972e-04
 -4.7355952e-05
  8.0268554e-05
  1.7220600e-05
 -1.6223537e-04
  2.5806796e-05
 -1.9949155e-05
 -1.0954023e-05
  2.4297016e-05
  1.2183268e-04
 -5.7440716e-06
 -1.7046268e-06
  1.1180517e-04
  4.2609008e-05
  2.7057722e-06
  5.0223884e-05
  4.2653099e-02
  7.9495423e-03
  6.4662694e-05
 -2.8172140e-05
 -6.3468963e-02
  5.3885626e-04
  1.4467085e-04
 -7.8964025e-05
  1.2487458e-04
  3.8129994e-01
  7.3124476e-02
 -4.1482916e-05
  3.5829526e-05
  2.7947230e-05
  3.2401670e-04
 -6.5391796e-05
  1.0333832e-05
 -2.3822311e-05
  1.4408004e-02
 -7.2601065e-02
  5.2716837e-06
  5.7939138e-05
  4.5375864e-06
  1.2121911e-01
  1.5305966e-04
  5.6384721e-05
 -7.6689430e-05
  2.3003158e-05
 -4.0133079e-04
 -6.7539084e-05
 -5.0341024e-04
 -1.5223642e-04
 -3.4995840e-04
 -8.0261862e-06
  6.7812311e-05
 -2.9575793e-05
 -3.2661901e-05
  8.9894193e-06
  4.2842759e-05
  7.9455758e-06
  2.6924201e-05
  1.7389815e-05
  3.0089457e-06
  1.5158387e-04
  2.6553535e-05
  4.0770272e-05
 -4.1448428e-05
 -2.2973079e-05
 -1.4123510e-05
  2.7064489e-05
  3.7810687e-04
 -2.9641446e-06
 -3.8936298e-04
  1.2610663e-05
  3.0748875e-04
  2.8316985e-05
 -4.2127263e-05
 -3.8212998e-05
  1.2253347e-05
 -1.2997365e-04
  2.4124302e-01
  8.4529402e-06
  7.5574426e-05
  1.7618424e-06
 -1.6337459e-01
  2.6254082e-01
  6.7410714e-05
 -3.9601498e-05
 -1.0497138e-01
  6.5290439e-04
  2.1909851e-05
  1.1788242e-04
  6.3003259e-05
 -2.8324785e-05
 -3.7742779e-05
 -6.2726156e-07
 -8.2033388e-05
 -3.8613634e-05
  5.8427744e-05
 -4.5140368e-05
 -6.1725004e-05
 -1.4388314e-05
 -4.0812396e-05
  3.6357951e-04
 -4.4667308e-05
  6.5377659e-05
 -2.8631761e-05
  2.5404774e-05
  7.2743314e-05
 -2.4592457e-04
 -1.0914380e-04
 -7.7317578e-05
  5.8198977e-05
  1.0378403e-04
  6.4067819e-05
  6.8652073e-05
  2.1959779e-05
  4.2697913e-05
  1.0470053e-05
 -6.5626577e-05
  2.9162315e-05
  6.0347561e-06
  3.5389738e-05
 -1.5329605e-04
 -4.9849364e-06
 -1.4904710e-04
  2.5972135e-05
 -9.4545700e-05
 -1.1404511e-05
 -1.6095712e-04
  1.5821572e-05
 -8.6184948e-05
 -3.7189871e-05
  1.2569989e-04
  3.9622813e-05
  1.9399462e-04
  2.1378971e-06
  1.6932296e-04
 -8.7667409e-05
 -2.9723480e-04
 -5.4466422e-05
  1.0643554e-07
  1.5599075e-04
 -2.6544387e-05
  7.5891810e-05
  5.0084356e-05
 -1.2962360e-05
 -6.4154119e-05
  4.2016600e-05
  3.8234089e-07
  1.7255552e-06
  5.1767434e-05
  3.3563432e-05
  1.3154998e-04
  9.8528290e-05
 -3.4317610e-04
  3.3681110e-05
 -6.5795889e-06
  1.8774094e-04
 -1.7687698e-05
 -4.0321156e-05
 -4.1736188e-05
 -1.0607639e-05
  1.2861332e-04
 -1.8471212e-04
 -4.3236723e-06
  4.2869964e-05
  2.7819679e-04
 -1.3138808e-05
  6.3331325e-05
 -1.4167231e+00
  6.7318801e-06
 -7.3814350e-05
 -5.0146323e-01
  1.5900377e+00
  1.3230706e-05
  3.5972853e-06
 -1.0141281e-04
  1.8863449e-03
 -2.5904068e-04
 -6.0178032e-03
  3.3524913e-05
 -1.0987099e-04
 -5.9722854e-05
 -2.9507454e-04
 -3.5588734e-04
  6.0382408e-06
 -1.6023532e-06
 -1.7554265e-04
  5.8637038e-02
 -3.5362107e-05
 -1.4185838e-05
 -7.6515707e-06
 -8.7531969e-02
 -1.1659347e-04
 -5.1127491e-04
 -6.2888284e-05
  1.3352830e-05
 -8.8068800e-06
 -5.7016085e-05
 -7.5446349e-01
 -5.1376320e-02
 -3.3169290e-05
 -7.7396743e-02
  7.7566981e-01
 -1.7817140e-02
 -2.7396758e-05
 -1.8321829e-05
  1.2079228e-04
 -1.9993649e-01
 -9.3848206e-02
  7.5808857e-05
 -4.0165127e-05
 -2.2075463e-02
  1.0346487e-04
 -9.5987856e-02
  3.8385839e-05
 -1.3347382e-04
 -2.2073975e-02
  8.1057712e-02
 -1.5673653e-04
  2.9584592e-06
 -1.2550822e-04
 -1.6625959e-01
 -2.5963387e-02
 -4.8422298e-05
 -1.9941405e-04
 -2.7212811e-06
  2.6328021e-04
  1.5815865e-04
  1.2173429e-02
  8.6154853e-07
 -1.1737668e-04
 -3.6689926e-05
  7.2176699e-05
  1.5333985e-04
  1.1114688e-04
  1.0851525e-06
 -1.4028376e-05
  5.9224530e-03
  3.8053640e-05
  4.1383386e-04
 -2.0742989e-05
 -6.5928070e-06
 -7.4527976e-05
  8.6045926e-05
  6.0593080e-05
 -5.1425941e-05
  1.3345956e-04
  7.7210516e-06
  9.0386256e-06
 -9.1980735e-05
  5.0364637e-05
  6.1608953e-05
 -4.1528474e-05
 -6.9950867e-05
 -7.8354518e-05
  1.1294388e-04
 -9.1354113e-06
  9.7092117e-05
  1.2494163e-02
  6.6341400e-02
  4.1274714e-05
 -1.2557502e-04
 -2.6336253e-05
  4.0564607e-04
  6.1023462e-04
  7.7769706e-05
  1.4003528e-02
  4.6913563e-03
  4.9449466e-03
  2.5968853e-05
  2.6870130e-05
 -1.5582530e-04
  2.7152838e-04
  6.6735683e-04
 -6.7139503e-05
 -7.9394944e-05
 -4.7156314e-05
  6.1916984e-07
  1.5765385e-04
  1.6520626e-05
  1.8450484e-05
  2.4318749e-03
  5.3102622e-04
  2.1486859e-04
  5.3191006e-06
 -5.9606205e-05
  3.8292917e-05
 -2.3495090e-04
 -4.0189222e-01
 -1.2679929e-01
 -6.7779256e-05
 -7.5235715e-05
  1.5812486e-01
 -5.3183605e-05
 -2.3823910e-04
 -1.6904653e-05
 -1.9253688e-05
 -1.7186536e-01
  2.8431778e-05
 -2.0919806e-05
  1.2977356e-04
  3.5599514e-05
  3.7803595e-05
 -1.5142812e-04
 -4.8028211e-05
  4.4928624e-05
 -4.6012377e-05
  7.8032054e-03
  7.0483264e-05
  7.3162396e-06
 -7.9918325e-05
 -5.3887332e-05
 -4.6398080e-05
 -3.8105934e-08
 -2.4868319e-05
 -4.3312459e-05
  2.7239807e-05
 -9.0012531e-05
 -2.5465971e-04
 -1.9815592e-05
  2.0148222e-05
  1.1870280e-04
 -7.4798832e-06
 -7.3712137e-05
  2.3151828e-04
 -1.3040690e-04
  4.1833405e-06
  9.1834438e-05
 -4.6526562e-05
  3.5470726e-05
 -1.9670167e-04
  1.3743121e-05
  3.4454981e-05
 -5.6620015e-06
  4.0104245e-05
 -1.1268359e-05
  6.8711063e-07
 -3.2621872e-05
 -6.0259686e-06
  3.3213407e-06
  2.2290666e-05
  5.3220424e-06
 -9.5507763e-05
  2.3734832e-05
  1.6895794e-05
 -1.6681674e-05
  1.0895278e-04
 -2.7308046e-04
  8.0618447e-05
 -5.0860275e-05
 -4.2189531e-06
 -1.3657798e-04
 -6.6338307e-06
  7.7949058e-05
  4.2425099e-06
  2.1003954e-05
 -3.0029665e-05
 -2.2621646e-03
 -1.3756136e-05
  3.4847769e-01
 -3.1988347e-05
 -1.6285796e-05
 -5.4742782e-06
 -1.5322246e-05
  6.6279485e-05
 -1.4204599e-04
  2.5250933e-05
 -1.4713893e-04
  4.7862828e-05
 -2.9525239e-04
  8.2002189e-05
 -5.7346219e-06
 -8.7386769e-07
 -1.1370243e-04
  2.6663422e-04
  1.5235374e-04
  1.0135478e-04
 -3.8963724e-05
  1.0171863e-04
 -1.2788478e-05
 -4.2191583e-05
  2.9222329e-06
 -3.3911123e-04
  1.5634445e-04
 -3.0936983e-05
 -2.6362655e-05
 -1.8967192e-05
 -7.5811382e-05
 -5.8239115e-05
  5.7759840e-05
 -5.7922198e-06
  7.0661423e-05
 -2.5556979e-04
 -4.9367503e-05
 -1.2290076e-05
  1.0241285e-04
  5.6287701e-07
 -1.5051904e-04
  1.0756948e-04
  6.7534593e-06
  2.7570599e-05
 -4.2159736e-05
  5.8310594e-05
 -1.4185536e-04
  3.8775756e-06
 -1.1688403e-04
 -3.0348161e-05
 -5.6368939e-05
  2.2683065e-01
  7.6921189e-01
  4.2480323e-02
 -6.4209533e-01
 -8.5044372e-01
  5.7693559e-01
  2.8135897e-05
  1.3143820e-05
 -9.6058542e-01
  7.0636594e-03
  2.8062138e-01
 -6.0175200e-05
  3.4344653e-04
 -2.6054195e-01
 -4.4107437e-05
  1.4711225e-01
 -7.5188859e-06
  3.4907580e-04
  1.3508728e-03
 -3.4640068e-01
  2.6037931e-01
  9.6967953e-05
  3.6268673e-05
  7.1671367e-01
  2.9326531e-01
  2.4520557e-05
  4.6309333e-06
 -1.1049600e-05
 -6.0820799e-02
 -6.1679006e-02
 -3.5316785e-05
  4.8949212e-05
  4.2317773e-05
  4.3251228e-05
  3.2175260e-05
 -5.4731579e-05
 -4.1622188e-05
  9.6520504e-05
  8.4853484e-05
  2.4996007e-05
  2.2008040e-05
  3.1173352e-06
  1.6758810e-05
 -1.1932138e-04
  1.5141783e-04
  2.4041976e-05
 -3.1283757e-04
  6.3401953e-05
  6.9906862e-05
 -5.1648549e-05
  2.4127996e-06
  2.2728824e-05
  7.5374206e-05
 -1.4749961e-04
  5.5012856e-06
  2.5958522e-07
 -1.1951802e-04
  3.1940723e-05
 -5.6288177e-06
  6.4076339e-05
 -7.8453106e-01
 -5.0588512e-01
  3.4234668e-05
  1.8997029e-05
  4.9034472e-05
 -1.0921940e+00
 -6.7112123e-05
 -4.7770591e-05
 -6.9294423e-02
 -7.8302473e-02
 -1.5189259e-01
 -5.2371091e-05
  5.6496438e-06
 -3.2560623e-05
 -6.6523673e-05
 -6.1493702e-02
  6.1977524e-05
 -3.0054067e-05
 -5.6868065e-02
  5.2332267e-02
 -3.5502080e-02
  6.1194274e-05
 -8.9754671e-05
 -2.9799262e-01
 -3.4953989e-02
 -7.2225244e-05
 -4.9975093e-05
 -1.4477050e-06
  3.2531781e-05
 -1.7271979e-05
  1.8275681e-05
 -8.3808496e-05
 -7.7269549e-05
 -4.2758587e-05
  7.2297589e-05
  1.8664042e-06
 -2.2009870e-05
 -6.7911301e-06
  5.7884437e-05
  2.1680291e-05
  4.0527691e-05
  1.3135466e-05
 -3.1376196e-06
 -1.3098355e-06
 -1.4541783e-05
  5.8192149e-05
 -3.5298744e-05
 -5.4030796e-05
  1.2030129e-03
 -2.8711145e-06
 -1.4084749e-05
 -2.1963194e-04
 -8.7089615e-04
  2.2228314e-05
  7.6790338e-06
 -8.0681175e-06
  7.6010474e-05
  1.0558480e-04
  1.2228893e-04
 -2.7583759e-05
  4.4489315e-01
 -2.1781268e-02
 -1.8268040e-01
  2.6625323e+00
 -2.8201177e+00
  1.0948994e-01
  2.4177556e-05
 -1.0988999e-04
  1.2567966e-03
  2.3510431e-01
  1.2855463e-01
  6.6757411e-06
 -7.9330475e-06
 -1.2840268e-05
  1.7004151e-02
  4.6026379e-02
 -9.0918213e-05
  1.7966862e-05
  5.1178224e-05
 -7.2741724e-04
  1.0504515e-01
  2.2632585e-05
 -1.8591718e-06
  4.1056353e-01
  5.5973317e-02
 -1.3612279e-05
 -5.1930983e-05
 -2.4608829e-05
 -2.0878823e-04
  1.0826658e-04
 -2.9824171e+00
 -1.2177737e-01
  1.2174910e+00
  2.2465689e+00
  5.1728874e-01
  3.6364803e-01
 -5.9712882e-04
  8.7315006e-05
  4.1557506e-01
  2.2677544e-01
 -3.5589492e-01
 -3.8017897e-05
  3.2341011e-06
  1.0384728e-02
  1.2108967e-04
 -1.4399132e-01
 -4.2559976e-05
 -1.1058366e-05
 -2.4639806e-02
  2.4860738e-01
 -1.2902951e-01
 -3.2271530e-06
  3.4937741e-05
 -4.6421564e-01
 -1.6563211e-01
 -1.1906927e-04
  9.3818862e-06
  4.6233450e-05
  4.8227500e-02
  1.5033494e-02
  2.7973071e-04
 -2.6482627e-05
  5.2749401e-06
 -1.9380097e-05
 -2.7873273e-05
  5.2685060e-05
  1.7388158e-05
  3.6985763e-05
 -1.6439634e-06
  1.9832763e-04
  2.0014550e-05
 -1.0583422e-05
  2.8034092e-05
 -8.7787548e-06
 -1.1547960e-05
  2.8777705e-04
 -4.7387643e-05
 -1.2437778e-04
  8.3758532e-05
 -1.3993514e-05
  3.7091572e-04
  1.3110451e-04
  4.1589889e-04
  3.7055530e-04
  3.9659302e-05
 -4.7049016e-05
 -6.4907363e-05
  2.5122343e-05
 -1.5114385e-04
 -1.5377618e-05
  4.8727024e-06
 -1.4104854e-05
  6.7831779e-06
 -8.6207052e-05
  3.5521392e-05
  2.7532989e-04
  6.7224879e-05
 -3.3022534e-05
 -1.0386894e-04
 -4.8013726e-06
  2.0733696e-05
 -3.2734544e-05
 -2.1690586e-05
 -3.9460003e-05
  3.4413599e-05
  1.5178880e-05
  1.2026819e-04
  1.9142039e-06
  1.6876835e-04
  2.0872116e-05
  7.2936316e-05
 -8.2269005e-05
  9.3183051e-05
  7.1572472e-06
 -1.8402580e-04
 -1.0671592e-04
 -1.5394116e-04
  4.9290891e-05
  2.2131546e-05
 -5.8950862e-04
 -4.2683410e-04
 -1.5370554e-04
  2.8931673e-04
  1.3587889e-04
 -9.0673027e-05
  3.9168175e-05
  3.9623765e-06
 -6.4042160e-06
  1.9597182e-05
 -1.7244512e-06
  6.3530584e-05
 -7.1856863e-05
  1.2267860e-04
 -1.3581714e-04
  4.1893352e-05
 -1.2902124e-05
 -1.0766032e-04
 -1.3838317e-05
  3.1918814e-06
 -1.8197121e-04
 -8.3145234e-05
  1.0352148e-04
 -1.2333137e-04
 -8.0017562e-06
 -8.0111611e-05
 -6.1063161e-06
 -1.4912854e-04
  2.5270232e-05
  5.3977456e-05
  4.3803488e-05
 -7.8720802e-01
 -8.4355515e-01
 -8.0156885e-02
  1.8940563e+00
 -9.0418404e-01
 -1.4295038e-02
  1.2834304e-05
 -8.2437735e-05
 -1.0315547e-02
 -3.9653122e-02
 -1.2950267e-01
 -5.9383845e-05
 -2.0619895e-05
  1.2615643e-05
 -1.2327776e-05
 -1.2029301e-01
 -4.1820538e-05
 -1.6074275e-04
 -6.1300391e-01
  1.4941542e-01
 -9.8621100e-03
  6.8244233e-05
 -2.6467649e-04
 -3.2274050e-01
 -3.2540057e-02
 -8.1184255e-05
  3.1073061e-05
 -3.9829611e-05
  1.3051240e-03
  1.9733978e-03
 -1.1298862e-05
 -1.2673505e-05
  6.5532055e-05
 -1.1099073e-05
 -3.8022132e-05
 -8.4414161e-05
  4.1956879e-05
  2.0901614e-04
  1.5406024e-05
  1.5434972e-06
  2.5760269e-04
 -2.0988347e-05
 -1.0890114e-04
 -5.5828590e-05
 -4.7814083e-06
  4.9573253e-05
 -5.2891392e-05
 -5.0474340e-05
 -1.4129377e-04
  1.2196443e-05
  7.7873789e-05
  8.2196384e-05
 -8.4069550e-05
 -1.1534402e-04
 -7.3696488e-06
  3.1397292e-05
  9.1019938e-06
 -3.2252487e-05
  3.2553526e-05
  6.9479261e-06
 -7.3121613e-01
 -5.1826900e-03
 -9.9259614e-06
  8.4043813e-06
 -7.8395315e-05
 -4.9429994e-02
 -1.3183626e-04
  2.6179294e-05
 -7.7089700e-03
 -1.7254341e-01
 -3.6539786e-04
  3.4628843e-05
  5.1554787e-05
 -9.0586072e-06
 -8.5151492e-05
 -5.1794166e-04
  9.4049310e-06
 -8.0623155e-05
  4.6874928e-05
  1.3213581e-04
 -8.0018719e-05
 -6.6549939e-05
  2.2472133e-05
 -1.7035709e-04
 -3.2750797e-04
 -3.1957978e-05
  3.9153278e-05
  2.1959584e-04
 -6.9292211e-05
  3.2496591e-05
  2.7046192e-03
  3.1289110e-05
 -8.5959829e-05
  1.9833120e-05
 -3.6752393e-05
  7.8614175e-05
  1.2464539e-04
 -8.5576648e-05
  1.9257628e-04
  1.6926753e-03
  3.3012540e-05
  1.1982437e-04
  2.2994253e-05
  8.9511468e-06
 -3.0604588e-05
  4.8144808e-05
 -3.3279812e-05
  4.4864690e-05
 -7.4378163e-06
 -9.4078987e-06
  1.2072580e-04
  3.8618315e-04
 -6.4287953e-05
 -5.8729773e-05
  7.2922593e-04
 -2.3663053e-05
  1.2316863e-05
  3.1842974e-05
  2.5230622e-05
 -2.2060136e-04
 -4.5916182e-01
 -4.6089768e-02
  1.4306293e-05
 -1.8459102e-02
  1.5738015e-01
 -2.3229109e-02
  5.6082950e-05
  2.7806091e-05
 -1.6191415e-03
 -2.2453436e-01
 -9.5914923e-02
 -5.6725909e-05
  8.0578808e-05
 -4.6981240e-06
  2.6772360e-04
 -4.0545099e-05
  3.2036198e-05
  1.3394917e-04
 -2.1541971e-01
  2.5792947e-04
 -5.4775039e-04
  8.2954815e-05
 -4.7268295e-06
 -1.6493930e-01
 -9.1269966e-03
  4.1443032e-05
  1.9964124e-05
  8.3085775e-05
  1.9182498e-04
  1.7526468e-03
 -2.1450919e-01
  9.3202885e-07
  1.5131898e-04
  1.8558276e-05
 -2.2721714e-04
 -4.6489996e-04
  1.3115604e-06
 -7.9956226e-06
 -1.3682655e-04
 -5.0928194e-02
  6.9609181e-05
  1.1916632e-04
 -4.2632495e-05
 -3.8449730e-06
  1.1399343e-06
 -4.1525094e-05
  2.0393947e-04
 -7.6434044e-05
  1.8845260e-05
 -2.2604385e-05
 -4.5813696e-05
 -4.6877478e-05
 -1.8042603e-05
 -1.0352576e-03
  2.1462832e-04
 -1.3919806e-04
 -4.0900708e-05
 -6.4126209e-05
  6.1225791e-07
 -9.1783382e-05
  2.4194507e-02
  4.5871311e-05
 -3.4244091e-05
 -3.8332870e-05
  2.6522344e-01
  4.2719237e-04
  3.8657232e-05
  2.0064357e-05
  8.8465320e-05
  1.5895771e-02
  2.9714515e-03
 -7.9530662e-05
  1.3959097e-05
 -2.7807999e-05
  5.3531203e-05
  2.2327878e-04
 -1.4639365e-04
 -6.0571841e-05
  1.2212340e-04
 -3.0114608e-05
  9.9705860e-05
 -4.8299098e-05
 -8.7490858e-05
  4.5797508e-04
  3.4470423e-04
  1.4877101e-05
 -1.9505211e-05
  8.1843260e-04
  6.4752028e-05
  5.0597675e-05
  2.8800416e-05
  1.2886637e-01
  7.2203891e-04
  1.3325505e-01
  1.7302168e-04
  5.5201421e-05
 -3.1191239e-01
 -3.2708994e-01
 -1.1046072e+00
  1.1619681e+00
 -4.9988093e-04
 -1.0135907e-04
 -1.5582740e-05
 -2.7361888e-05
 -2.7654821e-01
  2.7099646e-05
  1.0196000e-01
 -1.7508472e-05
  7.8421634e-01
 -5.6118011e-02
  5.7169968e-01
 -1.3371296e-05
  1.8491900e-04
 -3.4244710e-01
  4.8263802e-05
  6.4891469e-01
  4.7487125e-01
 -9.1855124e-02
  1.8198387e-01
  5.0880158e-01
  2.2660296e-03
  7.8600776e-01
 -6.7504727e-05
  5.6845903e-01
  1.3247607e-04
 -1.8320743e-02
 -1.3992352e+00
 -1.3562514e+00
  1.3726828e+00
  2.0018826e+00
 -2.4756025e-01
 -8.8988752e-05
 -1.2662062e-05
  3.9853534e-05
  2.4834108e+00
 -1.0598876e-04
 -1.2512958e+00
  8.5613858e-05
  2.5290935e+00
 -3.1682017e+00
  3.8347682e-01
  7.5252460e-06
 -1.1834288e-06
 -1.7025982e+00
  9.8033634e-05
 -6.9152164e-01
  5.2868348e-01
 -9.3108118e-01
 -4.9662229e-01
  8.2783252e-01
  6.4535088e-05
  1.0784984e-04
 -1.9409787e-04
 -1.2880463e-05
 -5.9135648e-04
  5.3082549e-05
  5.1266707e-06
 -4.0852356e-05
  1.2880454e-05
  2.2768360e-04
  2.8194918e-05
  7.6377051e-05
  7.1024777e-05
  2.8028071e-05
 -1.2903236e-04
  6.0032035e-06
  3.4298560e-06
  9.3845456e-06
 -2.0586616e-05
  6.3340143e-05
  1.2358028e-03
  1.6987853e-05
  1.6602642e-05
 -9.2478418e-05
 -3.5188910e-05
 -1.9831954e-04
  5.0512390e-06
  3.4627665e-05
 -7.4515723e-05
  3.2831413e-05
 -2.9788733e-01
  1.5293568e+00
  2.1927075e+00
 -5.6717606e+00
  2.7412946e+00
 -3.3837357e-01
 -2.3815727e-01
 -1.0928624e-01
  5.2195702e-02
 -2.3324929e-02
 -2.8470939e-01
 -3.9569352e-02
  1.3410611e-01
  1.0249909e+00
  6.8508809e-05
 -2.4795452e-01
 -2.4766400e-01
 -2.3374338e-01
  2.5384784e-01
 -1.7614703e-01
 -9.5358059e-02
  9.2255279e-02
 -7.0193022e-01
  3.5963662e-03
 -3.6638915e-03
  2.9834593e-02
 -4.8480646e-04
 -5.2026175e-05
  7.3674280e-05
 -7.5839554e-05
  1.2433240e+00
 -1.6693972e-01
  2.3872259e-01
 -5.7107395e-01
 -3.4797603e-01
 -8.8531291e-05
  1.8854272e-01
  1.5125950e-01
  1.6705558e-03
 -6.7587011e-04
 -2.2261169e-05
 -1.8572578e-05
  2.2685269e-04
 -1.6847257e-01
  8.0611557e-05
  1.2814420e-01
  1.1527802e-04
 -2.0924949e-03
 -1.4391489e-02
 -1.1652596e-05
  5.6703818e-01
 -1.4097197e-05
 -5.9346694e-06
  6.6454642e-02
  2.4462494e-04
  8.9878195e-05
  1.1009110e-04
  7.2202238e-05
  9.5246542e-05
  3.3979573e-05
 -9.8141126e-02
  3.4273979e-01
 -2.1137470e-01
  2.4384549e-02
 -1.1189677e-01
  1.2788975e+00
 -4.9060931e-05
  3.0362522e-04
  5.1518285e-01
 -9.1854366e-05
  6.3196123e-01
  1.0005154e-01
  1.6910601e-05
 -3.8235663e-05
  1.5002514e-04
  3.6939192e-01
  7.4261829e-02
  1.1839762e-02
  5.2262992e-01
  4.3044231e-05
 -3.6557254e-03
 -6.4038919e-05
  1.0596788e-04
 -1.3166292e-01
  1.3737195e-05
 -7.9244215e-05
 -1.5030118e-05
  1.0649736e-05
 -1.0057638e-04
 -6.0103172e-05
 -1.0039104e+00
 -1.1400406e+00
  1.5892112e+00
 -4.2921776e-01
  4.0473616e-01
  2.2483230e-01
  1.4959757e-02
 -7.7749115e-01
  2.1034363e-03
 -1.4948670e-03
 -1.8574885e-04
 -9.5888533e-02
 -3.3142141e-04
 -5.5352330e-01
 -1.7532187e-05
  7.7398069e-02
 -1.9987385e-05
 -6.8520484e-03
  3.4359521e-01
 -2.0962963e-02
 -1.5358059e-01
  1.1492949e-04
 -7.3330157e-06
 -5.9328938e-01
  6.8446854e-05
 -5.5575681e-05
  3.8222464e-05
 -1.6201742e-05
 -7.7790690e-05
 -2.0427356e-04
 -1.5659745e+00
  3.6012444e+00
  7.6219879e-02
 -8.8438034e-01
  2.4729502e-01
 -1.5351744e-01
  1.0734774e-01
 -1.6060300e-01
 -2.0714791e-01
  7.9687017e-01
  8.5035235e-01
  7.4749774e-01
  6.2564820e-01
 -4.3232765e-05
  3.3086266e-03
  1.9287731e-02
  5.7442290e-01
  2.6514128e-01
 -3.6679798e-01
  2.6715910e-01
  1.7187241e-01
 -2.0077819e-01
  1.9988171e+00
  3.3769351e-01
  1.2997006e-01
 -2.7611575e-06
  3.7780509e-04
  3.0558505e-05
  7.0392387e-05
 -6.0944480e-05
 -4.4853321e-01
 -5.1846242e-01
 -4.7895983e-01
 -3.5755229e-04
  2.7633606e-02
 -3.1165786e-05
 -9.5801981e-05
 -1.3012045e-04
  4.9661081e-02
 -4.8751477e-04
 -8.5310108e-05
 -1.3010769e-02
  2.9022547e-05
 -1.7096734e-05
 -1.5158636e-05
 -8.9521630e-04
 -3.9414532e-05
 -3.6956695e-05
 -3.9081700e-02
 -1.1849792e-04
 -4.3411493e-01
  4.0465700e-05
 -7.5687982e-05
 -3.0590605e-02
  5.8674748e-05
  7.5362826e-05
 -1.4394701e-05
  8.2719998e-06
  8.3390609e-05
 -4.3229360e-05
  1.3456479e+00
 -5.9743208e-01
  1.2302896e+00
 -8.5027409e-01
  1.0821509e+00
  1.0123008e-04
  7.4980384e-01
 -5.4238913e-05
 -5.9435882e-02
 -4.7484087e-04
  1.4523180e-05
 -1.1158006e-04
  3.9617400e-05
 -5.3560449e-05
 -2.8168277e-05
 -4.2214611e-01
 -4.7689656e-04
 -2.9704089e-03
 -4.8214070e-02
 -4.6930309e-05
 -6.6736606e-03
 -1.2114113e-04
 -5.1046336e-01
 -1.8351704e-02
  1.0588436e-05
  1.2038150e-04
  2.0296004e-06
  2.4754892e-05
 -5.3892641e-06
  7.4137577e-05
  1.4550274e-05
 -9.0824498e-05
 -8.5800712e-05
  1.0371299e-04
  5.9983404e-06
  1.0496916e-04
  5.5795961e-05
  6.4740489e-06
 -3.0060388e-05
  5.0481885e-05
  7.3407333e-05
 -4.7186957e-05
  7.9410253e-05
  1.5311338e-05
  8.1582966e-06
 -4.9092108e-05
  6.7908135e-05
  3.6474469e-06
  9.2801984e-06
  9.0555441e-05
 -1.7371462e-04
 -4.4859200e-05
  5.1448238e-05
 -9.9895415e-06
 -3.6908274e-05
 -4.3146258e-05
  5.1051079e-06
 -2.9944464e-05
 -9.4935545e-05
 -1.4617930e-04
 -2.3738894e-01
 -4.8736456e-01
  7.0982534e-01
 -1.5734816e-02
  5.8345914e-01
 -1.1037948e-01
  2.1003504e-01
 -2.0299882e-05
  2.4581414e-05
 -5.9421308e-04
  1.2573171e-04
 -2.9422709e-04
 -1.7115269e-04
 -1.2533231e-04
  1.8495988e-05
 -2.4529602e-01
 -1.5457806e-02
 -4.9283507e-04
 -3.1759277e-01
 -3.6247980e-04
 -1.5469901e-05
  4.4917062e-05
  4.7081594e-05
  5.3723394e-05
 -3.6123442e-05
 -2.9878847e-05
 -2.2928907e-05
  3.2463686e-05
  2.7315637e-05
  1.9912095e-05
 -1.1981734e+00
  3.3837516e+00
  2.5212407e-01
 -1.0775654e+00
 -9.2597179e-02
  3.7593676e-03
  6.0382962e-01
  4.9430400e-05
 -2.3622956e-02
  2.0516009e-05
 -1.9706400e-01
  1.4762397e-01
  3.9235991e-01
  5.7394573e-05
  1.2398962e-04
  2.1089281e-01
  6.4847365e-02
  9.6783705e-02
  4.8663592e-01
  7.1653478e-02
  5.9261507e-01
  9.4399489e-05
  4.1155991e-01
  6.5139897e-02
  1.1052338e-04
  1.8429395e-05
  3.9700382e-05
  6.1250073e-05
 -5.7868510e-05
 -3.3481785e-05
 -1.8540743e-05
  8.2870894e-05
 -6.9494476e-05
 -5.2610949e-06
  2.0484698e-05
 -6.4227264e-05
 -9.7779761e-05
  4.2012189e-06
 -1.6046297e-04
 -1.8534189e-04
 -7.3386531e-05
  5.4662364e-06
 -2.5845942e-05
  1.9611520e-05
  1.5993299e-05
 -9.6514821e-05
  1.3033837e-05
  6.8162946e-05
  3.8258044e-05
 -2.2161538e-04
 -3.5547080e-06
 -5.6812646e-06
 -2.9488854e-05
  9.9486715e-05
 -2.7374949e-06
 -2.1632160e-05
 -9.9955687e-06
 -1.1964527e-06
  5.4352833e-05
 -3.8965198e-05
 -3.9915058e-06
  3.9189988e-05
 -2.5801678e-04
 -4.2557193e-05
 -2.1814651e-05
 -4.6093435e-05
  1.3514902e-04
  6.0368155e-05
  6.9063703e-05
 -1.0128144e-05
 -3.4589566e-06
  7.3016221e-05
 -2.0555579e-05
 -7.6201817e-05
 -2.5954662e-04
 -5.6554585e-05
  4.2123407e-05
  1.1647790e-05
 -8.1642327e-05
  7.0787406e-05
 -3.9050883e-05
 -5.8078754e-06
 -7.1511691e-05
 -3.5450816e-05
 -5.3436474e-05
 -2.0354108e-05
 -1.2492843e-04
 -1.4449513e-04
 -6.9186433e-05
  1.5393642e-06
 -7.0993134e-05
 -1.0812077e-04
  7.9476056e-05
  4.3242522e-05
  1.0482549e-05
  3.4091114e-05
  1.8728804e-04
 -4.1209373e-06
 -2.6613176e-05
  3.4143130e-05
  3.5929505e-05
  3.6941178e-04
 -2.8243203e-05
  2.2318707e-04
  1.2734145e-05
  7.6776734e-05
 -9.9043187e-05
  5.7448337e-06
  4.4200249e-05
  2.6661528e-05
 -2.4305700e-05
 -1.8719122e-05
 -3.3966793e-05
 -1.2697633e-04
  4.7395060e-05
 -5.6975587e-05
  1.2563294e-04
  7.3747506e-05
  4.5019238e-05
  7.7098273e-05
  3.2168508e-01
 -5.6458771e-01
 -6.6702658e-01
 -3.8926753e-01
 -6.7259037e-01
  4.3088883e-05
 -6.1425431e-05
 -9.6087507e-04
  4.9095932e-05
 -2.4188244e-04
 -2.7148298e-04
 -1.6107887e-04
 -6.5691602e-05
 -8.1252074e-05
 -2.5610434e-04
 -9.1878726e-04
 -6.6608101e-02
 -4.3045551e-05
 -5.0219119e-02
 -1.9402793e-05
 -1.4095724e-01
  2.3423177e-05
 -1.6903423e-02
  5.3382683e-01
 -1.1097793e-04
  4.4036926e-05
  1.7375343e-05
 -3.4397570e-05
 -1.4643886e-04
  7.4156807e-05
  6.8685418e-05
  8.3262503e-06
 -1.1786197e-05
 -4.3259473e-07
  2.4458772e-04
  7.2458868e-05
 -2.3486420e-04
 -9.8202021e-05
 -7.1821560e-05
 -6.9701324e-05
 -4.7052043e-05
  5.1533302e-06
 -2.1752572e-05
 -2.1696835e-05
  2.1395834e-05
  2.1057525e-05
  7.6061828e-05
 -1.0883960e-05
  1.7173895e-04
  2.2642264e-06
 -5.7145113e-05
  1.9175920e-06
 -5.3155116e-05
  1.3440380e-04
 -4.8704296e-06
 -2.4635277e-05
  5.1147513e-06
 -1.2660961e-04
  1.2101040e-05
 -5.5065389e-05
  1.0337217e+00
 -2.3640767e-01
  5.5923533e-01
  8.1140465e-01
 -9.6928731e-02
  3.6446437e-02
  6.5877765e-01
 -2.3452396e-02
 -4.0302642e-05
  3.1594991e-05
 -9.1590214e-01
 -2.8043371e-04
  4.9864716e-04
 -1.4678879e-05
 -5.9972804e-06
  2.0110618e-01
 -1.3774008e-03
 -1.7415991e-04
  1.2466871e+00
 -1.9510409e-04
 -7.4438976e-05
  2.4195884e-05
 -4.1660173e-03
  6.5777779e-02
 -1.3265433e-04
 -5.4178163e-05
  1.0702872e-05
  2.7648018e-06
 -5.8472258e-05
  3.2988341e-05
 -1.0805061e-04
  2.9235798e-05
 -6.8603200e-05
 -1.8090926e-05
  6.4343461e-05
 -1.2404699e-05
 -7.2744595e-05
 -4.7428024e-05
  1.1686285e-04
  8.0424586e-05
  2.1297745e-05
 -8.2581091e-06
 -1.6001755e-05
  2.1232586e-04
 -2.7833674e-02
 -1.1667935e-07
 -2.4055989e-05
 -4.7056147e-07
  5.1832798e-05
  9.0972404e-05
 -1.2071285e-04
 -1.0986574e-05
  2.1672470e-04
 -1.9523135e-05
 -4.8331067e-04
 -4.7411912e-05
 -7.9058096e-05
  5.0921835e-06
  1.1699736e-04
  1.0160035e-05
 -1.2408765e-06
 -5.4730754e-04
 -1.8068552e-01
  1.8750473e-04
 -1.5092612e-05
  5.0857991e-05
  6.2739244e-05
 -3.4740598e-05
  1.3418723e-04
  1.6324580e-04
 -6.0522802e-06
 -4.5197728e-05
 -5.8859987e-06
  1.8140713e-04
  9.8420584e-05
  2.2243305e-05
 -4.8879923e-05
  3.9391838e-05
 -3.7749360e-05
 -2.3181929e-04
 -3.2889849e-04
  4.4574714e-05
 -1.0890438e-04
  4.9369570e-05
  7.0817878e-05
  6.5588072e-05
 -3.2022013e-05
 -4.0796804e-05
  2.1757731e-04
  2.9056071e-04
  3.8877261e-05
  7.0282324e-05
  1.5063991e-05
 -1.6656867e-04
 -7.1161070e-05
  4.8796486e-05
 -5.7457660e-06
  1.3598430e-04
  2.2415887e-05
 -1.8678587e-05
  3.2837357e-05
  9.9396297e-05
 -1.3928382e-04
  5.1369891e-04
  2.2596337e-06
  7.1923736e-05
  8.7339693e-05
  3.4353018e-04
 -4.6000278e-06
  2.3245896e-04
  1.0240707e-03
  1.4354686e-04
  4.4588764e-05
  7.1071459e-05
 -7.2589333e-05
  9.5374358e-05
 -1.2439993e-04
 -1.3767890e-04
  1.9641681e-01
  3.6129719e-04
 -5.9086669e-05
 -4.9417187e-05
  1.3049607e-05
  1.7263343e-05
 -6.5940614e-05
 -2.6343987e-04
 -7.8943485e-06
 -1.0530674e-05
  4.5872197e-04
 -9.3327508e-06
 -1.2630998e-03
 -9.5855110e-05
  1.5637910e-04
  3.3134900e-05
 -1.9794219e-05
 -2.6699342e-06
  4.5561173e-06
 -7.4125630e-05
  1.1207536e-05
 -1.6775714e-04
 -8.2633902e-05
  3.6731995e-05
 -6.5713124e-05
 -3.2834247e-05
 -2.1502889e-05
  6.0383310e-05
 -4.3903263e-05
  4.2840786e-04
 -5.6988276e-05
 -2.2963329e-06
 -8.7509961e-06
  8.3608091e-07
  1.3791492e-05
 -2.3548957e-05
  8.8837869e-06
  8.1007223e-05
  8.2517952e-05
  7.0027795e-07
 -5.5813558e-05
  9.1075315e-05
  3.3224715e-05
 -9.8304561e-05
 -4.1830088e-05
 -7.4035575e-05
  7.9926796e-02
  1.1986039e-04
 -2.6322217e-05
  2.7270940e-05
  2.2139506e-05
  9.5268088e-06
  8.1563201e-05
 -3.0366977e-04
  1.6473949e-05
 -1.9581787e-05
  1.1907125e-05
 -7.1708986e-05
 -3.9119379e-05
 -5.9580863e-05
  7.6395831e-05
 -2.8156082e-05
 -1.9926849e-06
  3.2178723e-04
  2.8688371e-01
  4.2948701e-05
  3.3580164e-07
  2.5081818e-04
 -4.3700198e-05
  6.1833530e-06
  2.4953322e-04
 -5.8172023e-05
  7.8022815e-05
 -1.0118420e-04
  9.6575259e-06
 -4.4088989e-05
  6.2652143e-05
 -2.2692358e-05
  1.7741288e-04
 -4.2819269e-05
 -1.4203316e-05
  3.1997210e-05
 -1.7279273e-05
  6.2763458e-05
  2.6569460e-04
  8.3393261e-06
  3.1334109e-06
 -3.9605195e-05
 -1.1502023e-05
  2.3309162e-04
  2.5381541e-05
 -1.8603604e-04
  2.1706988e-05
 -2.6348350e-06
 -1.7256953e-05
  1.0509099e-04
 -5.7083387e-05
  7.6954697e-05
  3.5187757e-05
  8.5121610e-05
 -3.0500316e-05
  1.2257448e-04
 -4.6613699e-05
  1.1764168e-04
 -1.6029361e-04
  5.0970566e-06
  3.5810721e-04
  4.9568145e-05
 -4.0393807e-05
 -7.1322793e-05
  4.5334804e-05
  1.0126801e-05
  8.8740053e-06
 -8.4239924e-05
  3.0837458e-04
  1.5331901e-04
  7.4030075e-05
  7.4131771e-05
  2.7903261e-06
  1.8615947e-05
  5.0188391e-06
  1.3235464e-05
 -1.8936353e-05
 -4.5609212e-01
  6.8989051e-05
 -1.6741662e-05
 -2.5475470e-02
 -4.7366347e-04
 -1.8973467e-01
 -2.2811345e-04
 -3.5685927e-05
 -3.8651400e-05
  1.0723396e-04
 -1.3443214e-04
  7.1149894e-05
 -3.0247091e-05
  4.9282698e-05
 -4.2862702e-02
 -8.8600296e-05
 -2.0651564e-06
 -2.5188547e-01
 -1.7211174e-05
 -6.7270972e-02
 -6.8272107e-05
 -2.5542351e-05
 -9.0467038e-05
 -8.6564709e-05
  2.4745608e-05
  3.3518460e-05
 -7.1576018e-05
 -1.7849226e-05
  6.0134073e-05
 -3.4012957e-04
 -9.2067763e-05
  6.9846669e-06
  6.0925413e-05
  6.5471344e-05
  1.0279978e-04
 -2.6247217e-04
  1.3817268e-05
 -1.1245255e-04
 -5.1699073e-05
 -6.6279426e-05
 -3.9596867e-05
 -9.4150137e-06
  1.3783882e-06
 -2.3995008e-06
  4.4584471e-05
  2.5435604e-04
 -2.8268419e-06
  3.8136859e-05
  2.6792020e-04
 -1.7015000e-05
 -3.2788987e-05
 -5.3183089e-06
  1.2223062e-04
 -7.9779593e-06
 -7.0883994e-05
 -4.2982542e-06
  1.0147529e-04
 -2.8318209e-05
  7.8907979e-06
 -7.8970559e-05
  9.0588219e-06
  1.4883381e-05
 -6.8329609e-05
  2.2433039e-04
  2.6797807e-05
 -1.2097378e-05
 -1.1673616e-05
 -1.5784310e-05
  2.1508471e-05
 -2.8725947e-06
  2.0927404e-05
 -4.1771407e-05
 -1.2104470e-04
 -4.4317701e-05
 -7.3254654e-05
 -7.4744703e-06
  8.4488929e-05
  7.6154814e-05
  5.0093927e-06
  5.9172573e-05
  3.6549874e-05
  6.9757873e-05
 -5.5933338e-06
  5.3726380e-06
  1.2540037e-04
  2.1916156e-05
  8.9778747e-05
  1.0939210e-04
 -3.6172831e-05
  9.1078490e-01
 -3.4307981e-01
  2.7008917e-05
  8.0841255e-06
 -3.7498349e-01
  3.9300561e-05
 -1.5341837e-05
  5.3036977e-03
  2.8881074e-03
 -4.3749847e-06
 -2.1244608e-05
 -1.8648028e-04
  1.9235973e-05
 -4.3388158e-01
  2.6374066e-05
  1.4014980e-01
 -3.0743595e-05
 -4.7876706e-04
 -2.0620171e-02
  5.3061012e-06
  4.2939371e-01
  8.6778582e-06
  1.1173877e-04
  5.0919695e-04
 -1.3158415e-04
  6.6111970e-05
 -2.5915009e-05
 -1.6979888e-05
 -1.4753880e-05
 -5.3454791e-05
  1.2912794e+00
  2.6297712e+00
  7.5909239e-01
 -2.7256637e+00
  3.5487120e+00
 -1.5762101e-01
 -5.8351181e-02
  1.3944316e+00
  1.8531418e-01
 -2.3602380e-01
 -3.9512146e-01
 -1.7192947e-02
  5.4365734e-04
  1.4450771e-01
 -4.1811791e-01
 -4.5969740e-02
 -3.3858537e-03
  3.8129503e-01
  4.4615576e-01
 -2.5388542e-01
 -1.0947243e+00
  6.9264722e-01
 -2.8551683e-01
  2.0516000e+00
 -4.8524225e-03
  2.2517458e-01
 -1.6443811e-04
 -2.6486801e-05
  2.8963521e-01
 -1.8631494e-05
  3.4110501e-05
 -9.2224669e-05
 -7.6909651e-05
 -6.2972489e-05
 -1.9169049e-05
 -4.5161732e-06
 -5.7894572e-06
 -1.5664562e-04
 -1.8975107e-04
  1.5954418e-05
 -5.9785441e-05
  2.3780787e-05
 -1.3500029e-04
 -1.0431148e-04
  1.5276256e-04
  2.4856759e-05
  6.9315713e-05
 -9.7546443e-05
  1.3852857e-05
 -1.0654343e-04
 -1.8194138e-05
 -2.6425454e-05
  9.1430556e-06
 -5.7282421e-07
 -6.2267012e-05
 -1.4044097e-04
 -2.6585249e-05
 -4.7537640e-05
  3.4454642e-05
 -3.2532967e-05
 -2.4697058e-01
 -7.7510886e-02
  4.4102231e-01
 -7.7442682e-01
  2.3456365e-01
  3.2581526e-01
 -4.6131065e-01
  3.7890255e-01
  2.5868172e-05
  2.9183531e-01
  7.5732148e-01
  1.6754845e-04
 -7.8906065e-05
  2.0005487e-04
  2.8008071e-01
 -1.4135486e-05
 -4.4706339e-01
  4.0972023e-05
  3.6706832e-01
 -5.0427568e-01
  1.7619629e-04
 -2.0444544e-05
 -8.3945532e-05
 -9.3525313e-07
 -2.2739333e-01
 -1.7479934e-04
  1.0340610e-05
 -4.1240105e-01
 -3.0994201e-01
 -2.7638132e-04
  4.1405728e-01
 -3.3030488e+00
 -1.3160617e+00
  2.2415237e+00
 -1.5281038e+00
  3.3599608e+00
 -1.0372348e+00
 -1.4917204e+00
  3.4008375e-05
 -1.1927069e+00
  1.8304051e+00
 -3.4285771e-05
  6.8007139e-05
 -4.3157779e-05
 -1.2095674e+00
  6.2010920e-04
 -2.0642245e+00
  2.9792438e-05
 -4.6308663e-01
  1.4634962e-01
 -6.1810664e-05
  1.6560090e-05
  7.9149038e-05
 -3.7463149e-05
 -7.9846764e-01
 -1.1705833e-04
 -1.0154707e-04
 -1.6287732e+00
 -3.1883373e+00
  1.9835876e-05
  3.8160869e-01
 -9.9646372e-01
  1.3701768e-05
  4.7089008e-05
  8.9492166e-01
  8.1896842e-02
  2.6759306e-01
 -1.6364719e-01
 -8.5362500e-01
 -1.5612893e+00
  1.1612789e-05
 -2.6759705e-01
  9.5389880e-02
 -1.3955586e+00
 -5.8452104e-04
 -9.4798605e-05
 -2.3275583e-05
  3.1883689e-04
 -1.7248638e-02
 -2.5478545e-01
  3.4282904e-04
 -2.5148997e-03
  1.2267727e-04
 -1.6896243e-01
  2.8121093e-04
  2.8712348e-05
  3.4389523e-05
  4.2140182e-05
 -4.4011951e-05
  3.4391429e-05
  3.0871934e-01
  1.6234831e+00
  2.7455257e-02
  4.7252593e-03
  3.9649412e-01
  2.7562556e-01
  1.8153855e+00
 -6.5652198e-01
  1.6933993e-01
 -2.6164356e-01
  2.0492238e-03
 -7.2848212e-05
 -1.3839373e-05
 -1.4221917e-01
 -8.5504049e-01
 -1.8727316e-01
  9.3911905e-05
 -2.0155014e-01
  5.0949746e-01
 -1.0268760e-01
 -4.7267824e-03
 -8.1521686e-04
 -7.3811650e-02
 -2.4049866e-06
 -3.6834547e-01
 -6.6852510e-02
  2.2491053e-05
  2.3320297e-05
  1.9318959e-01
 -1.6856280e-01
  3.4776429e-05
 -2.2740989e-05
  2.0763572e-04
  3.6995513e-07
  5.6948815e-05
 -1.6456166e-05
  1.8949235e-05
 -1.1903476e-04
 -6.6361631e-06
  1.1843997e-04
  4.1967480e-05
  1.9631781e-05
 -5.4958866e-05
  4.4229069e-05
  5.1715237e-05
  1.7950055e-05
  6.2022598e-05
  1.8489878e-05
 -1.3202790e-04
 -4.5771303e-05
 -1.5159299e-05
  9.1339578e-05
 -1.5762982e-04
 -8.3523955e-05
  2.2435845e-04
 -2.6861999e-05
  8.4389940e-06
 -3.1667296e-05
  2.9321971e-05
  1.4646437e-05
 -6.2100335e-06
  1.5570438e-05
  1.0675868e-05
  1.5658279e-05
  1.6345913e-04
 -2.8337859e-05
  1.7230528e-04
 -2.7841769e-04
  7.0675633e-05
 -3.1301062e-04
 -3.4858771e-05
 -1.0049424e-05
  8.6026404e-05
  4.7973805e-05
 -1.7324291e-04
  8.2198145e-05
  9.4055158e-06
 -8.7456538e-05
 -2.4471317e-05
  4.2972362e-05
 -2.4504845e-05
  2.2251828e-05
 -8.6960805e-05
 -7.0633847e-05
 -1.0905060e-04
  6.1442996e-05
 -2.7384604e-07
  4.0555220e-05
  2.1561395e-05
  4.1565007e-05
 -4.2645153e-01
 -2.1894307e-01
  1.7970976e+00
  6.5069175e-01
 -1.3303974e-01
 -7.5019127e-01
  4.8717041e-02
 -3.1884888e-01
  4.9950224e-01
 -5.1676428e-01
 -3.2154614e-05
  8.7726337e-01
  7.6903496e-04
 -4.2020100e-01
 -2.0330954e-02
 -1.8994405e-04
 -1.4865365e-04
 -4.6526024e-01
 -8.0836749e-01
 -3.8095623e-02
 -1.1552364e-01
  8.8246226e-05
 -1.2157562e-01
 -5.0373128e-05
 -2.8840366e-01
 -1.0685114e-02
 -7.8799255e-04
  1.2211383e-03
  1.7022491e+00
 -1.4997342e-04
  5.1120541e-04
 -8.1881793e-05
  1.7388391e-04
 -3.1182302e-05
  5.7214191e-05
 -2.4709938e-04
 -4.9147187e-05
  4.5808378e-04
  5.0251206e-06
  4.9039136e-05
  1.2980356e-05
  5.3702202e-05
 -8.3626283e-06
  3.8910384e-05
 -2.9671763e-04
  4.3451968e-05
 -4.4955752e-05
 -4.0017163e-05
 -7.2005928e-01
 -9.5059804e-05
 -3.9814891e-05
 -1.0577956e-05
 -5.1615597e-04
  7.0207614e-05
 -2.4276643e-04
 -6.8477129e-05
 -7.4610111e-06
 -2.0878795e-05
  6.4386848e-05
 -9.3135553e-05
 -8.1992861e-05
  4.2935852e-05
  5.0800358e-05
  1.4244546e-05
  9.8132383e-05
  9.9481324e-05
 -5.8891451e-06
 -8.0909522e-06
  4.0510535e-05
  1.8036457e-05
  8.4427229e-05
  5.6572240e-05
  1.5455165e-05
 -2.5464511e-01
 -2.9951773e-04
 -9.0853653e-05
  5.2002528e-05
 -2.0889147e-05
 -1.9952035e-05
 -2.0542529e-05
  8.0949401e-05
  2.0639993e-06
  7.4857933e-05
 -1.0384262e-04
 -6.2707237e-05
 -1.3607355e-04
 -5.6512390e-06
 -5.1370724e-05
  7.9545360e-05
 -3.4199427e-05
  2.3476753e+00
  5.0082761e-01
 -2.0810917e-02
 -1.6107271e+00
  2.9195859e+00
 -2.8757524e-01
  1.7746951e-02
 -1.1360789e-01
  3.5045093e-01
 -7.4509494e-02
  4.3132827e-01
  3.0314037e-01
 -1.2771119e-01
  1.1727970e+00
  2.3319340e-01
  3.5328254e-01
 -2.9011452e+00
 -4.7499898e-01
  6.2557364e-01
  3.0265227e-01
  2.4771579e-02
  3.7018841e-04
  3.6051571e-01
  1.1649340e+00
 -3.9230406e-05
 -4.6829002e-05
 -1.8750905e-01
 -3.5997039e-01
 -6.0841328e-01
  3.6304940e-05
 -1.0194321e+00
 -1.4615391e+00
 -9.3693055e-02
  7.8754699e-01
 -1.0670793e+00
 -7.6095000e-02
 -1.1114090e-01
 -4.9793668e-04
  1.3517265e+00
 -4.9804273e-01
 -5.2926278e-01
  2.4221568e+00
 -8.4094338e-02
  1.0333398e-01
 -2.0350611e-01
 -2.3457471e-05
 -6.1796468e-01
 -9.2067914e-03
 -8.7640151e-02
 -2.7934408e-01
 -1.6420366e+00
 -5.2685514e-03
 -1.3267727e+00
 -1.0433400e+00
 -9.8907048e-01
 -1.0641282e-03
 -2.2350255e-01
  3.4005281e-01
 -1.0742610e+00
  6.4271903e-01
  1.1992472e+00
 -1.6570722e-01
  4.5590490e-04
  4.4389459e-01
  8.9885336e-01
 -6.7118394e-01
  5.2339464e-01
  2.2943604e-01
 -6.2781227e-01
 -7.7272259e-02
 -2.3121543e-01
  7.1278423e-01
  2.6292515e-01
 -1.1697845e+00
  5.3065473e-01
 -1.2204188e+00
  2.9250982e-01
  3.3105674e-01
 -5.3746074e-01
  1.5452074e+00
 -2.0093241e-05
  1.0745030e-04
  6.1816771e-02
  3.7782556e-01
  8.8278043e-01
  4.8464560e-03
  7.0928442e-01
 -3.8362815e-04
  1.0014949e+00
  6.2317979e-02
  9.1477472e-05
  6.8418839e-04
  4.0415987e-05
  1.0618270e-05
 -5.7184156e-05
  4.9070561e-05
 -7.9041361e-05
 -1.1333227e-05
  1.2784394e-03
  5.2384945e-05
  3.1776606e-06
 -4.9934997e-06
 -1.3024439e-04
  5.6634541e-05
  1.6374604e-04
 -4.7031255e-05
 -8.1206046e-05
  1.6907372e-05
 -4.4241369e-05
 -3.4198798e-05
  2.3136157e-05
 -3.5605433e-05
 -1.9968504e-06
  1.8160365e-05
 -2.0867525e-05
 -5.3169733e-05
  9.7072785e-05
 -8.5741061e-07
  4.7007638e-06
  1.3734702e-05
  5.4349322e-05
 -8.2540173e-05
  1.1164224e-04
  3.1134067e-02
 -2.2716264e-04
 -1.3003121e-05
 -7.6256624e-06
  3.3578767e-06
 -6.3592796e-07
 -5.4132083e-04
  3.5454934e-05
  1.0354163e-04
  8.1734703e-05
  2.2926324e-05
  2.8270071e-03
 -8.7316919e-05
 -2.6845044e-04
 -1.4710866e-05
 -1.3989648e+00
 -9.0527690e-05
 -2.2714195e-05
  1.2218307e-05
 -1.0743357e-04
  2.8895065e-05
 -8.1470753e-05
 -6.8299043e-05
  1.3629481e-05
 -5.2697094e-05
 -6.3744890e-05
  4.7188200e-06
  1.8895271e-01
  1.2264025e+00
  2.4981059e-06
  1.9729239e-04
 -3.3214117e-05
  7.7731870e-02
  7.5620873e-04
  1.1759855e-05
  2.8341362e-02
 -1.2804866e-04
  3.0492662e-04
 -8.1604759e-09
  2.0604692e-01
 -1.2909679e+00
  6.5900251e-02
 -6.9748960e-05
 -6.0849008e-05
  1.2364390e-04
  4.1780266e-01
 -2.0723103e-04
  2.6004511e-04
  1.2189530e-05
  1.8265047e-05
  4.6056080e-05
 -1.8067047e-05
 -4.7684184e-06
  1.2467674e-06
 -2.4780842e-05
 -6.3368417e-02
  7.7712148e-06
 -5.4125035e-01
 -8.6996526e-01
 -6.7342603e-01
  2.6900160e+00
 -3.5927144e-01
 -2.1425156e-01
 -2.9876037e-03
 -3.3601344e-01
  1.2736857e+00
 -1.5646094e-01
  1.0550567e+00
  9.0881652e-01
 -3.2493356e-01
  2.1889348e+00
 -2.8820392e-01
 -2.1116842e-02
 -3.3982646e-01
  5.7355726e-01
  1.0352235e+00
 -1.7632887e-01
  5.1676625e-01
  3.4585282e-02
  7.2330258e-05
 -5.3854042e-01
  7.4233454e-01
  4.6130143e-02
  2.7748782e-04
  2.0226898e-05
 -7.5382867e-04
  1.1500535e-02
  4.5883676e-01
 -9.1742814e-02
  7.3748834e-02
 -9.7099429e-01
  3.2864770e-01
 -8.0403835e-02
 -1.4138743e-01
  6.3275033e-01
 -2.2525337e-01
  3.9695400e-01
 -3.7274018e-05
 -5.6363456e-04
 -2.9852178e-02
 -1.2385125e+00
  6.7270887e-01
  1.0109417e-02
  7.5820819e-03
  6.3383539e-04
  1.1638290e+00
  2.4837463e-01
  1.3473991e-04
 -4.1197007e-05
  3.5474735e-04
 -6.5708406e-02
  9.2394173e-02
  8.2095414e-02
  5.3812564e-05
  1.1710658e-04
  6.9770882e-05
  2.7440658e-01
  2.4714636e-06
  5.6673998e-01
  8.6987704e-01
 -4.6978996e-05
 -8.9899143e-03
 -6.8234913e-05
 -9.3012095e-06
 -2.9674017e-01
 -2.2411048e-01
  5.2818751e-01
 -2.4026753e-05
  1.6919263e-05
  2.1838294e-05
  5.3043199e-01
  8.1534559e-01
 -4.4658271e-05
  1.8803241e-04
 -2.1225179e-04
 -4.0515956e-01
  8.9986049e-02
 -8.1161765e-05
 -2.2923263e-05
 -1.9529727e-05
  4.1129242e-05
 -9.3402399e-05
  6.5322245e-05
  7.3379575e-05
  1.7303787e-04
 -3.6091256e-04
  9.8116332e-05
 -5.1227340e-05
 -1.7193837e-05
  4.8652306e-04
  9.1710972e-05
  2.0031364e-05
  5.2431107e-05
 -2.1840857e-05
  3.9111274e-05
  1.6369579e-05
  5.3096548e-05
  5.5970584e-05
  7.8524135e-05
 -2.1831804e-05
 -9.4471332e-05
 -2.4736653e-05
 -5.5058143e-05
 -1.0782430e-05
 -1.5623309e-04
  1.2269578e-04
  2.6617683e-05
 -1.1750997e-04
 -4.8884969e-05
 -2.6101619e-04
 -2.2002943e-05
 -2.5116789e-04
 -1.3308745e-04
  1.1815188e-05
 -6.0194852e-06
  1.2826164e-05
  3.3508575e-05
 -7.2874755e-06
  2.2197825e-01
  3.3247077e-05
  4.1236876e-06
 -2.6997388e-04
 -5.8950853e-05
  2.1642059e-04
 -3.8161572e-05
 -9.2049217e-05
 -3.1975663e-01
 -1.8735425e-05
  3.0206438e-04
  2.6968464e-05
  3.3337052e-04
 -6.5049733e-04
 -2.3109036e-05
 -8.0949307e-05
  4.8026508e-05
  7.2312856e-01
 -9.4711133e-05
 -1.9557276e-05
  1.2380830e-06
  2.7209460e-05
 -7.6582888e-05
 -2.2045674e-04
 -2.0176126e-04
 -1.1082159e-04
  1.2170573e-05
  5.8130921e-05
 -2.9497938e-05
 -8.9120564e-05
 -6.5230793e-06
 -3.3563552e-05
  2.3842138e-06
  1.3338767e-04
  1.3823370e-07
 -7.9777252e-05
 -9.1852031e-05
 -3.7369384e-05
 -9.1912523e-05
  3.2197815e-05
  4.3944315e-06
 -3.7230391e-06
 -5.4381097e-05
  3.4933505e-04
 -3.3950841e-04
 -1.8881317e-05
 -2.9736193e-05
 -5.8638993e-06
  1.2959445e-06
 -2.5245856e-04
  6.4335109e-05
  1.8252523e-04
 -5.5780667e-05
 -2.0732397e-04
 -4.1623345e-05
 -9.2573493e-05
 -2.8822070e-04
 -2.8355404e-05
 -2.0803651e-05
 -1.4315121e-05
  3.4939832e-05
  8.6372813e-05
 -5.1949366e-05
 -2.9088903e-06
  2.9161594e-05
 -5.7333702e-05
 -4.3464814e-05
  4.3326468e-04
 -9.5116302e-05
  9.9736288e-05
  1.0193789e-05
 -2.4227007e-05
  4.8825164e-05
  2.4023627e-04
 -1.5589141e-05
 -2.2109796e-04
 -4.0477022e-05
 -2.1278794e-04
 -1.5299438e-05
  2.6629277e-06
 -1.2396832e-05
 -1.0278916e-04
 -2.6190266e-05
 -1.4069218e-05
 -2.3825152e-05
  1.4231105e-05
  3.1213469e-05
 -2.4657504e-05
 -1.2146574e-05
 -9.5263873e-05
  8.4117841e-05
 -2.3816733e-04
 -4.9613760e-04
  1.5450158e-05
  8.3937855e-05
 -1.5928916e-05
 -4.4338234e-05
  1.6676412e-04
  1.1277504e-04
 -4.5145280e-06
 -4.3433014e-05
  1.1320939e-04
  5.0350471e-05
  9.2710092e-05
  4.5064739e-05
 -1.2932510e-06
 -4.8756883e-05
  1.0914665e-04
 -2.2210903e-05
 -3.5133062e-06
  4.3351891e-05
  3.0859126e-05
 -3.3960503e-05
 -1.6834702e-04
 -5.4981851e-05
 -7.8429239e-06
 -1.2996158e-05
  6.4236187e-06
  4.2176985e-06
  2.2508192e+00
  1.1886404e-01
  2.8568888e-01
 -4.8453626e-01
  1.8530382e-01
  3.3926326e-01
  3.1568523e-02
 -1.2243353e+00
  1.4377435e-01
 -2.4543155e-02
  8.4915447e-01
  1.5967884e-05
  1.8414612e-01
 -1.3263781e+00
  4.9889870e-02
  3.1176913e-01
  6.5104425e-02
  2.9210288e-03
  6.7951567e-03
  1.1646646e+00
  2.1323008e-02
  7.2326793e-06
  4.4025511e-02
 -5.4071829e-02
  5.1155244e-03
  4.6036774e-03
  2.5520173e-06
 -1.3864991e-04
  3.8526085e-04
 -2.5002754e-04
  1.6907092e-04
 -1.3905498e+00
  1.3890539e-01
  9.8239106e-01
  2.9739698e-02
  3.1335393e-01
  1.0361736e-01
 -1.0780802e+00
 -1.1026698e+00
 -5.4371922e-04
 -1.2344279e+00
  4.5393084e-05
 -3.9605551e-05
  1.4899340e+00
 -6.2853783e-01
 -1.5406467e-01
  1.8269978e-04
 -7.3862255e-02
  9.7904658e-01
 -3.3808296e-04
 -6.0666239e-06
  3.6770947e-05
 -1.6506022e-04
 -3.6973008e-05
 -1.3044701e-03
 -2.2620557e-01
 -8.4256089e-06
  5.5928969e-05
  4.7545277e-02
 -3.5187259e-01
 -2.5246351e+00
  9.6158338e-01
  1.2808268e+00
  3.1922700e+00
 -2.6925521e-03
  2.0426217e-01
  2.7645072e-01
  1.9422190e-01
  4.1344798e-01
 -4.1556829e-01
 -1.9535217e-02
  2.0856540e+00
  1.9480366e-01
  1.8607736e+00
  1.3874440e-03
  1.1580376e-01
  7.6716095e-01
 -2.6935527e-02
  9.6659207e-01
  1.5197121e+00
 -1.4262824e-04
 -6.0076734e-05
 -2.8608876e-01
  3.2929146e-01
  2.3445021e-04
 -5.4023782e-05
 -2.5233626e-01
  1.4421144e-01
 -4.6995583e-01
 -1.4454643e-05
 -2.0407188e-05
  3.8212714e-01
 -6.5961620e-05
  3.4733253e-04
 -1.0683141e-05
  2.6738808e-05
  2.3040631e-05
 -5.3159220e-05
  1.6048385e-04
 -3.6480170e-04
  3.5392852e-05
 -1.0529908e-04
 -3.7541402e-05
  1.5187096e-04
  7.2081035e-05
 -6.0953249e-07
 -2.0907244e-05
  8.7269123e-05
 -1.6760481e-04
 -1.7812982e-04
  2.7850221e-05
 -3.5607514e-05
  6.5460125e-07
  1.9260922e-04
  2.3034194e-05
  6.7944915e-05
  6.9847083e-05
  5.4040079e-06
  5.0495528e-06
  1.6503298e-04
 -6.2541284e-02
  8.1215598e-02
 -2.1362619e-05
 -1.3501900e+00
  1.2390814e+00
  1.2191981e-01
 -1.1669483e+00
  1.5671287e-02
  1.3348083e-01
  7.9291029e-05
 -3.0867830e-02
  7.5292729e-02
 -2.3909466e-01
  5.1200765e-01
 -4.4920721e-06
  1.9727430e-01
  2.8426934e-05
  1.7774555e-01
 -1.2041497e+00
  1.6527985e-01
  2.8783068e-05
 -4.5403795e-06
  2.7911203e-05
  7.2208427e-02
  8.3083570e-02
  6.9960137e-05
  2.5221098e-05
  1.0017197e-05
 -2.2766702e-01
  1.3036416e-01
 -6.9747877e-01
 -1.4441398e-01
  6.4517349e-02
 -8.4547289e-02
  2.8543046e-01
 -1.0054455e+00
 -4.6547953e-05
  3.0900067e-01
  7.6672441e-01
 -1.4633958e-01
  3.0442035e-01
  1.2236378e+00
  1.1169824e-01
 -7.4553949e-01
 -1.6693850e-01
  1.9605385e-04
 -5.5515561e-03
  1.5021354e-05
  4.3305939e-01
 -4.5698333e-01
 -1.0903803e-05
 -1.4703363e-03
 -2.0183907e-04
  3.3444723e-01
 -2.0692414e-05
 -2.9556581e-04
 -1.6311519e-01
  1.3622129e-04
  1.5653247e+00
 -8.7073349e-06
  4.6356112e-05
 -5.1079210e-06
  4.2439835e-05
 -1.6117534e-03
  1.4063164e-05
  1.4038144e-05
  1.2417512e-05
 -1.2193098e-04
  1.2867929e-05
  1.7323218e-06
  8.0193509e-05
  1.6902160e-05
  3.5953224e-06
 -3.1875545e-05
 -5.6097717e-05
 -2.2286848e-05
  3.1888703e-06
  8.1168482e-06
 -2.0733828e-04
  1.2383470e-04
  1.1192499e-04
  5.0827042e-05
 -2.5515563e-05
  8.9535424e-05
  3.5745696e-05
 -8.2182432e-06
  1.1081725e-04
  2.8751729e-05
  1.3257141e-04
 -3.2927008e-05
 -4.1593658e-04
  6.3547022e-06
  9.0603453e-06
  6.9339246e-02
  4.3695097e-04
 -7.0192674e-03
 -4.3087308e-05
  2.0292664e-02
  4.4675820e-02
  6.2665027e-01
 -4.8818099e-04
  2.6643202e-01
  1.4588895e-04
  3.3047748e-01
  1.3457747e-04
  3.4765988e-05
 -1.3864807e-04
 -2.8431223e-05
 -1.1401642e-04
  1.0328371e-06
 -4.9209451e-05
 -1.0723076e-04
  2.0519739e-05
  1.5562409e-04
 -3.2258776e-04
 -3.2416552e-05
 -1.1363069e-04
  2.3425579e-05
  6.8304682e-05
  6.0655322e-05
 -1.8831779e-05
 -1.0244201e+00
  3.9290557e-05
  1.1128119e-05
  1.1163859e-04
 -1.6053794e-02
 -2.0268888e-05
  1.3235512e-05
 -3.6876890e-04
  2.8013030e-01
  4.2811651e-05
  7.0915435e-06
 -1.0837315e-04
  5.8201230e-01
 -5.2227062e-04
  2.0194356e-04
  2.4967332e-05
 -1.1732447e-04
  2.6930153e-01
 -2.3132581e-01
 -1.8307303e-05
 -1.3866410e-05
 -9.6334188e-05
 -2.2614201e-07
 -1.6762941e-04
 -1.7941535e-04
  1.4139748e-05
 -4.2723666e-05
 -4.4894446e-02
  9.4507814e-05
 -1.8352769e-01
  1.0453383e+00
 -1.4756014e-05
  2.7683527e-05
 -1.3068345e-01
 -9.0943089e-05
 -9.1076741e-05
 -8.5247588e-01
  8.1203878e-03
  4.0020955e-01
  6.7929854e-05
 -1.1607566e+00
 -2.1995918e-01
  6.0661030e-01
  8.4570324e-01
  1.2351469e+00
 -3.1388026e-05
 -1.2909844e-05
 -3.1963998e-06
  1.1218478e-05
  8.5965366e-05
 -5.3206253e-01
 -9.5605618e-01
  3.1752908e-01
 -8.1869694e-05
 -4.4033056e-01
 -3.3011344e-01
 -1.0953558e-04
 -2.2803409e-01
  3.9162138e-01
  5.6580502e-01
 -8.6068404e-01
  7.9223595e-05
  5.5494158e-05
 -8.7142318e-01
 -3.4470671e-01
 -1.6216190e-01
  2.5737476e+00
 -2.1904151e+00
  1.8976611e+00
  9.6065914e-06
 -4.8623902e-01
  4.8680499e-01
  1.8448921e+00
  1.0015225e+00
  5.4375017e-01
 -8.0234466e-05
 -2.9305935e-01
 -2.8684765e-06
 -2.9546038e-05
  8.9625098e-07
  7.8550857e-01
 -6.3646883e-01
 -1.9267393e+00
  2.6007912e-01
  7.8207916e-01
 -8.3991927e-01
  6.1059618e-06
 -5.8077544e-01
 -6.8619066e-01
 -1.9034210e+00
  6.7123890e-01
  2.9346317e-01
 -6.6415292e-01
  7.6675445e-01
 -8.6492699e-01
 -5.4033679e-01
 -1.4383503e+00
  5.0959635e-01
  3.5375676e-01
  7.3319405e-01
  1.8600120e-01
  4.0906854e-02
  6.2677726e-05
 -1.2151013e-04
  1.0901142e-02
 -1.4851038e-01
 -2.4470021e-01
  1.9231186e+00
 -1.8009487e+00
 -7.3862606e-01
  1.7406812e+00
  1.2209517e+00
  8.5442984e-01
  5.7195550e-01
  8.5567296e-01
  1.4600703e-01
 -1.0013523e+00
 -2.3585078e-01
  4.3365982e-01
 -2.3351779e+00
  2.4999061e-01
  4.7323132e-01
 -1.1184182e+00
  1.1040318e+00
 -1.1359255e+00
  2.6586434e-01
  1.2264769e+00
  1.3930932e+00
  2.5845093e-01
 -9.4314933e-02
 -5.9574598e-01
  1.8085666e+00
 -2.0614879e+00
 -2.7859986e-01
  2.5738940e+00
 -1.5712237e+00
 -1.9275694e+00
  1.5923841e+00
  4.0336561e-01
 -1.1318392e+00
  1.1543261e+00
 -9.4308233e-01
  5.3550154e-01
  8.6935890e-01
 -1.2139524e-01
 -4.6133509e-01
  3.5156545e-01
  1.1900886e-01
  1.0641055e+00
 -8.0060101e-01
 -4.0493703e-01
 -9.6216179e-02
 -1.7753533e+00
  1.4792616e+00
 -8.4857100e-01
 -1.5548118e+00
 -1.8043454e-03
 -1.4229514e-01
  4.4937569e-01
 -1.5325459e+00
 -3.9139447e-01
 -1.3223032e+00
  2.5910512e-01
  6.4674383e-01
 -4.2089760e-01
  2.6147040e-02
 -1.0518907e-02
  2.4068689e+00
  5.6134224e-01
  1.2556909e-01
  9.6819544e-01
 -3.9015502e-01
 -6.6019304e-05
  2.1735974e-02
 -4.6395805e-01
 -4.3269835e+00
 -7.6173507e-02
  1.0286966e-05
  6.4994377e-01
  1.0450881e+00
  7.0052651e-05
 -8.0978516e-06
  3.5886269e-04
  4.0182252e-03
 -2.2610083e-01
  1.0057476e+00
  2.4313686e-05
  1.4764789e-06
  2.0169404e-04
 -5.1507872e-01
  5.8378446e-06
 -5.1163793e-06
 -6.9147819e-01
 -4.9240500e-01
  5.3535604e-01
  8.1124541e-04
  1.3750370e-01
 -1.2905195e-01
  5.7304579e-01
  1.3465613e-04
  2.7262825e-01
 -1.0916739e+00
 -1.6902282e+00
  2.2966456e-01
  3.5035983e-02
  2.7354223e-01
  4.5673081e-01
  3.3508427e-04
  4.2996542e-03
  2.1661209e-02
  1.0392454e-01
  2.9784808e-01
  2.3152349e+00
  1.0189515e+00
  2.0154741e-01
  9.3605421e-02
 -2.3683724e-01
 -8.0708257e-04
  4.0358003e-02
 -2.5851712e-02
 -9.5748591e-01
  1.1290931e+00
 -1.8292461e-05
  5.0041908e-01
  6.6846830e-01
 -5.3703069e-04
  6.0034876e-05
  2.1591466e-03
 -6.1301357e-01
 -3.7878599e+00
  1.7907396e-01
  1.5159726e-01
 -9.5953110e-05
 -5.1509422e-01
  1.0445525e-05
 -5.3948075e-02
  1.1520365e+00
  3.7779045e-01
  5.8382213e-01
  3.0742168e-01
  1.3498692e-01
  5.3166884e-01
  1.2250696e+00
  1.7133614e-01
  1.7345566e+00
 -1.8591712e-01
 -1.0558413e+00
 -2.0215120e+00
  1.9741790e+00
  5.5928332e-01
  1.7066035e+00
  3.7940994e-02
 -9.4978106e-01
  1.0051585e-04
 -7.8596956e-01
 -3.6481601e-01
  1.0624340e+00
  9.1059709e-01
  1.6407092e-01
 -2.4907416e-01
 -6.0100645e-01
 -5.2990014e-05
 -1.0860704e-04
 -8.5188149e-06
 -1.6873595e-01
 -1.0956190e-05
  2.0567487e-01
 -7.1706592e-05
  1.0165520e-06
  1.8622075e-05
  5.1190704e-04
  1.3309215e-04
 -3.7618421e-02
  1.0050508e+00
 -2.1923520e-03
 -7.2810012e-01
 -5.8369926e-04
 -7.9145233e-05
  2.5143279e-02
 -5.7377659e-02
  5.5900775e-05
 -6.7423217e-02
 -1.3829281e+00
 -8.1287712e-01
 -1.2175809e+00
 -8.1214836e-05
  5.6743705e-05
  1.1074066e+00
 -1.2532597e-04
 -3.5904787e-04
  2.0929842e-04
  7.5264946e-02
 -6.9583005e-01
  2.3528972e+00
  4.3224803e-01
 -3.2292850e-05
 -4.3494853e-01
  1.7574903e-05
  1.3007077e-04
 -8.8744909e-02
  7.2256207e-01
  7.6833028e-01
  1.1569453e+00
 -1.1918868e-01
  3.1100279e-01
 -7.9966635e-01
 -5.3684227e-03
 -6.7561406e-05
 -6.0408898e-02
  1.5347750e+00
 -5.5336626e-04
  3.5851145e-01
 -5.6800396e-05
 -7.1216248e-02
  7.9214686e-01
 -1.7670601e-03
 -1.6757136e-05
  3.1235859e-01
 -1.6601299e+00
 -8.7969685e-01
  2.4975713e-01
  2.0327976e-01
 -1.4576341e-01
  3.0743176e-01
 -1.0559419e-01
  3.7893580e-05
  3.9448712e-02
  6.0285474e-03
  4.1010934e-01
  2.7136496e-01
  8.5473395e-05
  6.0981321e-01
  9.9105597e-01
  1.1532832e+00
  1.2999316e+00
 -1.4736108e+00
  1.0902700e+00
  4.2350262e-01
 -1.6098765e+00
 -7.0122892e-01
  7.2686696e-01
  1.6014543e+00
  1.5521942e-05
  1.2996430e-02
 -4.6287169e-06
  1.8146288e+00
  4.4907691e-05
 -3.0771735e+00
  9.5998192e-01
  1.7675300e-01
 -1.8886657e-01
  4.0033486e-01
  1.4285506e-03
 -1.7724070e-01
 -1.7964534e+00
  5.8632350e-01
  9.3772721e-01
 -1.4730699e+00
  1.4902132e-02
  2.9211128e-01
  1.9031470e-01
  1.3695785e+00
 -5.6644224e-02
  2.1151872e+00
  1.5216117e+00
 -8.7020099e-02
  9.9997109e-01
  1.5511314e+00
 -1.3684449e+00
  1.5058093e-05
  3.2722980e-01
  2.9228917e-05
  7.2881794e-01
  1.2968857e+00
 -1.1180191e+00
  3.2968762e+00
  4.4351703e-01
 -2.2730060e+00
  3.8594571e-01
  1.1462553e-04
 -1.3493357e+00
 -3.3631828e-01
 -2.4378613e-01
 -1.9990709e+00
 -1.2573416e+00
  9.1382432e-01
 -7.0350605e-01
  8.1056547e-01
  2.1100583e+00
  8.6967659e-01
  1.3378228e-01
  1.1077937e+00
 -3.3687726e-01
 -1.9698138e+00
  2.1748877e-01
  9.8837707e-03
  2.3800344e-04
  4.0378070e-01
 -6.5337330e-01
  1.3132830e+00
 -8.1294900e-01
  3.4696609e-01
 -2.9436570e-01
  2.0497531e-01
 -1.8581678e+00
 -7.6569188e-01
 -4.2870235e-01
 -5.8417052e-01
  1.0835258e+00
  1.3827505e+00
  1.1784763e+00
  1.6388021e+00
  3.1657413e-01
 -7.1090065e-02
 -1.8893857e+00
 -7.4556386e-01
  1.0502502e+00
 -1.4968424e+00
 -1.2069858e+00
 -2.2208425e-01
 -2.5178938e+00
 -3.2521464e-02
 -7.8535303e-02
 -2.2300580e-01
 -3.1370133e-01
 -2.1753560e-05
 -8.6410147e-01
 -1.6699704e-04
  1.0292145e+00
 -1.1467988e-01
  3.1995416e-05
  9.2034853e-01
  8.4227547e-02
  3.2132438e-01
 -3.2093350e-02
  3.8931760e-01
  4.0621590e-02
 -6.1487442e-01
  9.0231603e-01
 -2.5824117e-04
 -1.8251503e+00
 -1.9662079e+00
 -7.2759062e-01
  1.0511945e+00
 -9.2325136e-02
 -2.8343718e+00
  1.2846016e+00
 -6.4023942e-01
 -1.5738183e+00
  1.3512917e+00
 -8.3949012e-01
 -9.4544834e-01
 -1.6947182e-01
 -8.1277080e-02
 -8.1615055e-01
  1.0931133e+00
  8.4930789e-01
  2.5885493e-01
  8.8569999e-01
 -9.0252322e-01
  6.1851734e-01
  4.2797294e-03
  2.9113671e-01
 -3.6009836e-01
 -1.4986045e+00
 -4.1066253e-01
 -8.4076619e-01
  9.4636306e-02
 -1.0055187e+00
 -6.9530565e-01
 -1.2793138e+00
 -1.5690534e+00
 -2.5972545e+00
 -8.8826913e-01
 -1.5051259e+00
 -5.7380706e-01
  1.6462630e+00
 -3.5468209e-01
 -6.4825726e-01
 -4.8404741e-01
 -7.7366298e-01
 -9.6098334e-01
 -1.5306771e+00
  7.0428967e-01
  9.9799401e-01
 -8.3545238e-01
 -3.7888509e-01
 -9.7786885e-01
  1.7192254e+00
 -7.5434327e-01
 -6.7620236e-01
  7.3666960e-01
  1.4469090e+00
  8.7074202e-01
 -1.1498073e+00
  2.4886100e-04
  3.2239479e-01
  3.4443477e-01
  1.0240223e+00
  5.0879928e-05
 -2.0401952e+00
 -6.8675327e-01
 -1.2403349e+00
 -3.6937180e-01
 -2.0989428e-06
 -1.1582487e-06
  2.3093986e-04
  1.2573034e-05
 -2.2980885e-05
 -2.8542322e-01
  3.5449630e-05
 -5.0801188e-01
 -2.2649611e-04
  1.4291808e-04
  1.8323284e-01
  3.4348500e-01
  3.2289669e-01
  3.5980215e-06
 -3.9394891e-01
  7.8112245e-01
  2.0250930e-01
 -1.8156703e+00
  5.6714434e-05
 -3.1737692e-04
  9.9505776e-01
  3.8722521e-01
  6.2806626e-05
  1.7201684e-01
 -4.4483608e-01
  7.0957828e-01
 -9.0358597e-01
  1.5482219e-05
  9.0375513e-02
  4.2859603e-02
  5.2669890e-05
  7.4917448e-06
 -1.9374105e+00
  1.4280231e+00
 -6.6347414e-04
 -8.0751252e-01
  2.7327680e-05
 -8.2422355e-07
  4.8273504e-01
  1.2428771e+00
 -3.9776813e-05
 -1.3279439e+00
  6.7004389e-01
  9.0686309e-01
 -1.0681454e+00
  1.0437131e-04
  5.6025764e-04
  4.0995961e-01
  3.5931545e-05
  9.8259537e-05
 -1.1472190e-01
  4.5482689e-01
 -1.6281766e+00
 -8.4693480e-01
 -8.8862929e-05
  3.7274190e-04
  1.1124123e+00
  6.2203318e-01
  2.5529025e-06
 -8.7236017e-01
  8.8184454e-02
 -1.2029602e-01
  1.3487801e-01
 -2.7309352e-05
  1.8431303e-04
  1.6080897e-02
  4.8203704e-01
 -8.6208485e-05
  4.1968367e-01
  4.7515666e-01
  8.2862288e-01
 -3.9075086e-01
  3.8244202e-06
 -9.6999429e-05
 -1.0667955e-04
  1.9182406e-05
  2.8105214e-05
  6.2453929e-02
 -1.1064261e+00
  1.3581874e+00
  3.1859604e-01
 -3.8745453e-05
 -3.4218099e-06
  9.3188326e-05
 -3.1327370e-06
 -6.1502491e-05
  2.1946247e-05
 -2.3211408e-04
  3.2525536e-01
  7.8415047e-05
  2.7662400e-05
  1.3204360e-05
  3.7303882e-05
  1.1585608e-04
 -1.4037589e-04
  9.4598424e-01
 -3.6241281e-01
  9.4162047e-01
 -1.4846447e+00
 -7.0976021e-05
  5.8557449e-05
 -6.7811561e-05
 -4.8069578e-05
  5.1759234e-05
 -2.5654113e-05
  1.9898999e-01
 -1.2251019e+00
 -4.0905753e-01
 -1.6903650e-05
  7.2219195e-06
  3.8763810e-02
 -1.3331373e-04
 -8.0991580e-05
  1.7368203e-01
  6.6448621e-02
  2.6576552e-01
  9.7628742e-01
  5.9059934e-05
  3.2863376e-05
 -1.5462980e-01
  6.7602581e-05
 -1.2818712e-04
  1.0082107e+00
  6.2629586e-01
  2.3639328e+00
 -1.0716164e+00
 -6.8024310e-06
 -3.8336916e-06
 -4.5529840e-05
 -1.6912362e-04
 -1.4049816e-05
 -2.5677472e-01
  7.4223295e-02
  1.3474840e-01
 -3.0116764e-01
 -3.9585098e-05
 -1.9722695e-04
  3.8713260e-05
 -1.7851560e-05
 -1.4131938e-04
  1.5090665e+00
 -1.9925335e-01
  5.1722461e-01
  9.8508513e-01
  6.1573272e-05
 -5.2190346e-05
 -4.5733476e-01
 -3.2619297e-04
 -1.1829879e-05
 -4.3994415e-01
  2.2236684e-01
 -6.1541682e-01
  4.9996647e-01
  4.9791728e-05
  7.5986834e-05
  3.5304081e-05
 -1.5709899e-01
  6.2553525e-05
  5.5761260e-01
 -2.6082042e-01
 -9.1556835e-01
 -9.2568696e-01
  1.0274426e-04
 -2.9315243e-05
  9.0184621e-08
  1.0370013e-04
  1.7705410e-05
  1.9827287e+00
  2.1327904e-04
 -6.8746008e-06
  1.7436015e-06
  8.5321999e-06
 -3.5365334e-05
  2.4200679e-05
 -2.8420522e-04
 -6.5981849e-06
 -5.8690774e-01
  5.5889708e-01
 -1.8677741e+00
 -6.7483693e-01
  6.1302184e-05
  2.6688211e-05
 -1.2911305e-04
  1.5768690e-05
  4.0134241e-06
 -2.0286880e-02
  1.0561958e-04
  4.4508362e-01
 -4.6040586e-01
 -4.2514326e-05
  1.0736519e-05
  6.9172158e-05
  5.4006767e-05
  1.6722921e-05
 -3.7582535e-01
  4.4120774e-01
 -1.9791445e-01
 -1.5022652e+00
 -4.0477800e-05
  1.4886151e-04
  1.3125912e-04
 -2.8920713e-01
 -2.2778183e-06
 -2.4874579e-02
  6.0931448e-02
  5.8325693e-02
 -7.5999445e-01
 -3.0599764e-05
  1.8276784e-05
  4.1252588e-05
  1.9493898e-05
 -3.1359195e-05
  1.5421106e+00
  6.2014613e-02
 -2.8420869e-01
 -7.7967334e-01
  4.1446714e-05
  1.0193113e-04
 -4.5400357e-05
 -3.6427331e-01
  7.2326084e-06
  4.0922710e-01
  2.6262629e-01
 -1.3199433e+00
 -1.3077506e+00
  1.9409947e-06
  1.1048252e-05
 -1.6458962e-05
 -7.8146775e-05
 -2.9278242e-06
 -4.8133913e-01
  2.9870716e-01
  9.7596735e-01
 -8.7625372e-01
  7.3859878e-02
  6.6612953e-01
 -9.6621573e-01
 -1.0118462e-01
  4.4351807e-05
  1.0429739e-01
  5.7681102e-01
  1.0163217e+00
 -6.0220391e-01
  2.1945980e-05
  5.0981613e-05
 -3.8114049e-05
 -9.7262182e-06
  1.0257580e-04
 -6.1779273e-01
  1.0850611e-04
  3.8886765e-01
 -4.5551369e-05
  5.6432921e-02
  6.3976806e-01
 -8.9381808e-01
 -6.0422049e-04
 -5.7511650e-05
 -1.1473305e+00
  1.7420645e-01
 -6.7008930e-01
 -7.7297151e-01
 -3.9286624e-05
 -6.7900432e-06
 -9.2468882e-01
  1.2682755e-05
  1.1826121e-05
  1.0089265e+00
 -8.2598776e-02
  9.7269803e-01
  8.3854198e-01
  5.8610965e-02
  3.5656199e-01
  2.7772599e-01
 -1.5980739e-04
 -2.7439997e-05
  1.8522549e-04
  8.4861833e-01
  5.2624857e-01
  1.5365060e-01
 -3.9521070e-05
  2.0519087e-04
 -2.1090526e-02
 -8.8187488e-05
 -1.9847963e-04
 -2.1636789e+00
 -1.9569947e-01
  2.0108113e+00
 -5.9782642e-01
  5.2508912e-03
  6.3804343e-02
 -5.6838192e-02
 -1.4456583e-04
 -1.0457927e-04
 -1.8715619e+00
  2.9354134e-01
  1.2825643e+00
 -2.4915063e-01
  2.4432480e-05
  3.3063257e-01
 -9.3186307e-01
 -2.2004785e-04
  1.3748661e-05
 -4.7051506e-03
  5.3641456e-01
  8.2904272e-02
  3.3640090e-01
 -1.2374228e-04
  3.7386740e-04
 -4.1937536e-01
 -1.5554895e-03
 -1.4724525e-05
 -4.9149519e-01
  5.6394088e-01
 -3.0895862e-01
 -1.3377383e-01
 -4.2327309e-05
 -3.9313231e-03
 -7.0510530e-01
  8.9077937e-04
  4.7342684e-05
 -1.0544052e+00
  1.1637642e+00
  8.3759367e-01
 -4.1904372e-01
 -1.3284439e-06
  1.3978837e-05
 -6.2212630e-06
 -2.5796742e-06
 -1.8593120e-05
 -8.8015375e-05
  9.6423912e-01
 -2.2231951e+00
 -5.2180396e-05
 -2.3668314e-05
 -2.5860077e-06
 -1.8537933e+00
  1.3521874e-04
  3.9567814e-05
 -3.2908568e-01
 -9.7905286e-02
  3.1729534e-01
  7.1481240e-01
  2.6345184e-05
 -5.9063226e-05
 -7.3896861e-04
  5.4054530e-05
 -2.3529203e-05
 -6.6881919e-01
  1.1444490e+00
 -2.3251124e-01
 -6.0530639e-01
 -2.0058431e-04
  1.9874537e-05
 -5.0233513e-01
 -1.6586084e-05
  7.0030219e-05
 -8.2311696e-01
 -1.9643874e-01
 -4.9439654e-01
  4.4532785e-01
  2.1145863e-06
 -1.6135606e-04
 -2.8580617e-02
  1.5328286e-04
 -3.9731799e-06
  8.4474444e-01
  2.3104692e-01
  5.1015276e-01
  2.5204591e-02
 -1.2223804e-04
  3.6534770e-05
 -2.1143241e-02
  1.0062546e-04
 -5.0172825e-06
 -1.7077118e-01
  2.0473723e+00
 -1.7539244e+00
  5.6253934e-01
 -9.0867834e-05
 -5.8218598e-04
 -2.3635916e-01
  7.8358556e-05
 -4.7356774e-05
 -8.5827028e-03
 -1.9066118e-01
  5.3801948e-01
 -4.9869800e-01
 -8.6002321e-05
 -7.9906695e-06
 -7.7004832e-01
 -1.5622541e-06
 -1.3143007e-06
  8.5313612e-01
  3.7609491e-01
 -6.6870868e-01
 -6.9706267e-01
  1.2413758e-02
  1.2413758e-02
  1.2413758e-02
  1.2413758e-02
  1.2413758e-02
  6.7241365e-01
  6.7241365e-01
  6.7241365e-01
  6.7241365e-01
  6.7241365e-01
  1.4738771e-01
  1.4738771e-01
  1.4738771e-01
  1.4738771e-01
  1.4738771e-01
  1.0924964e-01
  1.0924964e-01
  1.0924964e-01
  1.0924964e-01
  1.0924964e-01
  1.6452778e-02
  1.6452778e-02
  1.6452778e-02
  1.6452778e-02
  1.6452778e-02
  1.8038879e-01
  1.8038879e-01
  1.8038879e-01
  1.8038879e-01
  1.8038879e-01
