nep4 3 Ba Zr S 
cutoff 8 4 150 20
n_max 4 4
basis_size 8 8
l_max 4 2 0
ANN 30 0
  4.2149768e-06
 -7.0667270e-06
 -2.1463853e-05
  5.0116378e-06
 -6.9449966e-06
  5.1916541e-06
 -2.5810801e-05
  1.3745257e-05
  3.0372386e-05
  2.1131825e-06
  2.3063882e-05
 -1.7285856e-05
 -8.6945029e-06
  2.2965649e-05
  2.9287764e-07
  4.4527500e-05
  9.7428110e-06
 -1.3990931e-05
  1.9607191e-06
 -1.1036950e-05
  1.1608263e-05
  1.3248846e-05
 -1.6539301e-05
  1.4073393e-04
  3.2487587e-06
 -8.2043216e-06
  4.2202114e-06
 -1.2756460e-05
  3.4419809e-06
  2.0557265e-05
  4.2606987e-02
 -1.8732721e-06
  2.0339994e-06
  3.5556211e-06
 -4.8713479e-02
  6.8157684e-04
  4.8296057e-05
 -6.0003698e-05
  1.0925423e-04
  3.8130569e-01
  7.3119186e-02
 -3.2964279e-05
 -9.1047432e-06
  5.7991920e-06
  3.1870062e-04
  1.2446621e-05
 -2.0831819e-06
  1.0141384e-05
  1.4535958e-02
 -7.2043628e-02
  7.2682210e-06
 -7.3066835e-06
 -4.4199019e-06
  1.2084901e-01
  7.7799632e-06
  2.2902728e-05
  6.4649998e-06
 -4.6767327e-06
  5.2120959e-06
 -2.0625634e-05
 -5.0457561e-04
 -1.5258335e-04
 -3.4007771e-04
 -1.7834103e-05
 -4.1372465e-07
 -1.8193148e-05
 -3.0243671e-05
 -6.9284470e-06
  6.6911234e-05
 -7.1783120e-06
  2.3571349e-05
  2.9560370e-06
  7.5195098e-06
  5.1064640e-06
 -4.0733589e-06
  1.9220611e-06
  7.6398635e-07
 -4.3281801e-05
  8.3553659e-06
 -1.1900787e-05
  1.7042783e-05
  1.3354715e-05
 -3.9020213e-04
 -1.9955685e-05
 -6.9308403e-06
  1.7606211e-05
 -3.6358342e-05
  3.1063742e-06
 -5.8453888e-06
 -7.2898533e-06
  2.2119406e-01
  4.9806426e-06
 -9.2485552e-06
 -4.8260063e-07
 -1.6336983e-01
  2.2310922e-01
  9.4125746e-05
  3.6417212e-06
 -9.7797982e-02
  6.5942510e-04
  3.9280800e-05
 -7.2939338e-06
  4.4449171e-06
 -3.2219054e-05
 -1.5493098e-06
  2.8035405e-05
  1.6436830e-05
 -2.5030572e-06
  4.5837245e-05
  2.7708336e-06
  1.2371989e-06
 -1.5620564e-07
 -3.4948941e-06
  8.5981910e-06
  6.6968009e-06
  7.1758831e-07
  6.9319344e-07
  2.8899774e-05
  4.2535776e-06
 -2.2270378e-04
 -1.9259289e-06
 -8.8031647e-06
  1.8435447e-05
 -1.6954658e-05
 -8.3185603e-07
  9.1002421e-06
 -1.4526263e-05
  6.0756238e-06
  4.8635110e-07
 -9.1837219e-06
  2.2727760e-05
  6.2374611e-06
  6.9235180e-06
 -1.9660054e-06
 -7.3350757e-06
 -2.3769062e-06
  5.8803676e-06
 -1.2041865e-05
  2.6752302e-06
 -1.8628802e-05
  5.9534955e-06
  6.0910970e-06
  6.9561941e-07
 -2.1707294e-06
 -1.9648403e-06
 -3.5912603e-06
  5.3024456e-07
 -1.9502419e-05
  5.9523190e-06
 -3.1170391e-06
  3.6281801e-06
 -6.9934090e-06
  1.8530722e-05
 -1.9127994e-05
 -6.2182958e-06
 -5.1254256e-06
  2.5562285e-08
 -1.2350308e-05
  1.1013594e-05
 -3.2676712e-06
  5.9513543e-08
  7.2260846e-06
 -1.6395335e-05
  1.1492931e-06
  4.6184568e-06
 -5.9770655e-06
 -1.7229283e-06
  3.9855298e-05
 -2.0139221e-05
  6.8620575e-06
 -2.7539449e-05
 -2.0961570e-05
 -3.5765731e-06
 -8.3289524e-06
 -1.7931056e-04
  5.2558141e-07
  1.1376609e-05
  1.1959147e-04
 -3.5497866e-05
 -2.1598089e-05
 -1.4091953e+00
  1.0099446e-06
  5.4534244e-06
 -4.8032090e-01
  1.5855129e+00
  9.8004712e-06
  3.2098658e-05
 -9.5762611e-05
  1.7479728e-03
 -2.4340565e-04
 -3.2785378e-02
  4.1063563e-06
 -6.7023730e-06
 -1.9930005e-04
 -5.9091772e-06
 -3.5854150e-04
 -9.0970025e-07
  6.5348459e-06
 -3.5606115e-03
  4.8582420e-02
 -2.4908233e-05
  1.4101290e-05
 -8.3564973e-06
 -7.8699946e-02
 -1.0820517e-04
 -8.1046792e-06
 -1.2623236e-05
 -6.2245043e-08
  5.6385761e-05
  5.3691888e-06
 -7.5252259e-01
 -3.3772509e-03
 -8.7622080e-05
 -6.2289625e-02
  7.7564055e-01
 -1.6729126e-02
 -3.0021338e-06
  3.9224860e-06
  1.1393799e-04
 -1.9995722e-01
 -1.0481966e-01
 -8.4856965e-06
  3.3099073e-05
 -2.1404140e-02
  4.5153674e-06
 -9.3898907e-02
  3.4097384e-06
 -1.5422295e-06
 -2.2101287e-02
  7.9549134e-02
 -2.8796529e-04
  1.9325211e-05
  5.6561544e-06
 -1.6563258e-01
 -2.5947943e-02
  2.3987096e-07
  1.9074336e-05
  2.8285999e-06
  1.1588194e-05
  8.4132425e-06
  2.3814967e-02
  8.5484326e-06
 -2.5030455e-05
 -4.9007667e-06
  6.7357003e-05
  4.0822175e-05
 -4.3458965e-07
  1.2449637e-05
  1.0598956e-04
  7.6524629e-03
  1.4504902e-05
  1.4424207e-06
  6.1062865e-06
  1.4542178e-06
 -4.3204695e-05
  8.5569536e-06
 -1.4650142e-05
  2.7397457e-06
  9.2679205e-05
 -3.6421738e-05
  8.5045300e-05
  1.1409144e-05
  3.3176697e-05
  7.1959177e-05
 -2.5727266e-05
  2.2507945e-06
 -5.7159018e-06
  3.1271275e-06
  1.7218131e-06
 -5.7348907e-06
  1.2490383e-02
  9.0498952e-06
 -2.4336408e-05
 -5.3349499e-06
  3.8093619e-06
  4.4776037e-04
  4.4872967e-04
 -2.4795245e-06
  1.4003273e-02
  4.6918523e-03
 -4.7282529e-07
 -1.9285885e-06
  1.9339252e-05
 -5.6516119e-06
  2.4960708e-04
 -5.7622867e-07
  2.5032525e-05
 -1.4588383e-05
 -4.1789393e-05
 -1.2861396e-04
  1.0069720e-05
  5.6629656e-06
  1.1399841e-06
  7.8566816e-05
  5.1567490e-06
  1.2617212e-05
 -2.2568579e-06
  8.3371324e-06
 -1.2008978e-04
 -1.5621111e-04
 -4.0181923e-01
 -3.5610667e-06
  1.2865536e-06
 -4.7592512e-06
  1.4243262e-05
 -3.9942452e-06
 -6.7337073e-06
  7.7311398e-07
  1.0474488e-06
 -1.6258997e-01
 -6.2007148e-06
  9.6947351e-06
 -1.4712326e-05
  2.4919677e-06
  1.0750791e-05
 -8.5041785e-05
  4.1418270e-06
 -9.1398078e-06
 -5.5164830e-05
  8.0515828e-04
  4.6957717e-05
 -4.6179449e-07
  2.2194217e-06
 -3.4196371e-05
  3.5163921e-06
 -1.8141671e-05
  7.0104893e-06
  4.6161824e-07
 -1.2880329e-05
 -4.8118982e-06
  9.8308294e-07
  5.4342336e-06
  2.0480498e-05
 -1.4045258e-05
 -8.0742087e-05
 -5.2091518e-06
  7.1792374e-06
 -1.3174156e-04
  9.7665725e-06
  2.2692340e-07
 -1.7584061e-05
  2.4597059e-06
 -2.5631985e-05
 -1.0097618e-05
  2.5652727e-05
 -2.0085077e-05
  3.3117878e-05
 -5.0951694e-06
 -3.2779037e-06
 -3.7619363e-06
  2.8663655e-06
  8.6711716e-06
 -1.8101282e-06
 -1.1909185e-05
  7.9032743e-06
 -1.3186934e-05
  2.0239753e-05
  2.3241608e-05
 -2.6277489e-06
 -2.7618441e-04
 -2.6867096e-07
  1.8081100e-05
 -1.0623046e-05
  1.5151591e-05
 -7.4981763e-06
  3.5654446e-06
  2.2127077e-05
 -5.0286999e-06
 -3.0195164e-05
  4.7590433e-06
  6.0903485e-06
  3.4808698e-01
 -5.3736840e-06
 -3.6499148e-06
  1.0769630e-06
  1.4616837e-05
 -3.0057286e-05
 -2.8781404e-05
  5.3683510e-05
  9.6389920e-07
  1.8020071e-05
 -1.6815003e-04
 -6.8342750e-05
 -4.3631271e-06
  4.0899290e-06
  2.6867026e-06
  4.1161175e-06
 -3.6253092e-05
 -2.4293433e-05
  3.9005517e-06
 -7.1319860e-06
 -8.1124736e-06
 -5.1537804e-06
 -1.6569071e-05
  5.3049729e-07
  1.5712527e-04
  2.1449596e-06
 -1.3699613e-06
 -1.8945283e-06
  1.3304844e-05
 -3.3438444e-06
 -1.3804734e-05
 -2.9501107e-05
  6.9716232e-05
 -2.6089151e-04
 -1.8542820e-05
 -1.1124868e-05
 -2.5472546e-05
  1.8310147e-06
 -1.1680667e-04
 -2.3661580e-06
 -2.3530343e-07
 -7.0165702e-06
 -7.0278666e-06
  5.7387570e-06
 -4.6956111e-06
  1.7084295e-06
 -4.4006056e-06
  2.0269406e-06
  5.0336570e-05
  2.9911134e-01
  7.6666135e-01
  4.2497106e-02
 -6.3831240e-01
 -8.5032463e-01
  5.7017767e-01
  6.6589419e-05
  2.0180492e-05
 -9.3152040e-01
  1.4492551e-02
  3.1301302e-01
  1.3930735e-06
  7.2748679e-07
 -2.6054734e-01
 -3.0649480e-04
  1.6732942e-01
  1.2703033e-05
  3.2805381e-04
  1.3523127e-03
 -3.4638476e-01
  2.4833246e-01
 -2.8111455e-05
  3.2225813e-05
  7.1652371e-01
  2.3997276e-01
  5.4115580e-06
  2.9923518e-05
 -2.2840804e-06
 -5.9677038e-02
 -6.1115794e-02
 -3.1819713e-05
  9.1834321e-05
 -8.7294211e-06
 -1.0755267e-06
 -1.5132237e-05
 -5.0737490e-05
  8.0715499e-06
  1.0564476e-06
  1.4409508e-07
  3.6874235e-06
  1.2628111e-05
  5.5633350e-06
  1.0027086e-05
  1.0473348e-05
 -1.7351860e-05
 -4.4852026e-05
  1.8648841e-07
  6.7153909e-05
  6.9862021e-05
 -1.0324043e-05
 -1.1210927e-05
  7.8172880e-06
  4.2272682e-06
  7.9975680e-06
  1.0389535e-05
 -1.0504823e-05
  1.5081529e-06
 -3.6651736e-06
  2.5567053e-05
  3.3993003e-06
 -7.8439039e-01
 -4.7703433e-01
  3.7254601e-06
  2.5900863e-07
  2.6655796e-05
 -1.0871285e+00
  5.6391191e-06
  1.7122855e-05
 -6.9288529e-02
 -1.0771809e-01
 -1.4964572e-01
  1.8561284e-06
  2.3939135e-06
 -2.8208107e-05
  8.6032296e-06
 -6.1262012e-02
 -2.3411676e-06
  1.4082482e-05
 -5.4113235e-02
  4.9891684e-02
 -4.1261412e-02
  6.5668955e-06
  2.7171469e-05
 -2.9736909e-01
 -2.7112292e-02
 -4.8517348e-05
 -1.4955663e-06
 -1.2276883e-05
  9.3970499e-05
 -1.6303846e-05
  1.3833352e-05
  3.4954166e-06
 -1.7730008e-05
 -4.3392647e-05
  1.3397762e-06
  5.3037438e-06
 -2.0231875e-05
  2.0725483e-06
  7.7565455e-06
  1.7694694e-05
  3.7877140e-05
  6.1001533e-06
  2.6895266e-06
  3.6719203e-07
 -1.4512116e-05
  1.2457242e-05
 -3.6404824e-06
 -1.9322463e-06
  1.2015359e-03
  1.3556373e-05
  4.2822035e-06
 -2.2928161e-05
 -8.7063195e-04
  4.4574563e-06
  1.0907375e-05
  5.2226728e-06
  1.8492223e-05
 -1.6601332e-05
  1.6209700e-05
  8.6757984e-07
  4.4558188e-01
 -2.1798503e-02
 -1.8955706e-01
  2.6702399e+00
 -2.8197544e+00
  1.0902378e-01
  8.5309315e-05
  6.8881159e-06
 -2.0898902e-03
  2.3747627e-01
  1.3812903e-01
  2.3297618e-05
 -3.2705032e-07
  2.2189613e-05
  1.6977575e-02
  4.6027612e-02
  1.0718389e-06
  1.6395627e-06
  5.0854920e-05
 -1.1752029e-04
  1.4044416e-01
 -4.5330139e-06
 -2.3987434e-06
  4.2510581e-01
  7.5429611e-02
  1.4438309e-06
 -1.1346419e-06
  1.0455481e-06
 -2.2571468e-04
  9.7323064e-05
 -2.9762030e+00
 -5.8889061e-02
  1.2173208e+00
  2.2101290e+00
  4.9625844e-01
  3.5222393e-01
  5.2017590e-06
  3.2467283e-06
  4.1188103e-01
  1.8932886e-01
 -3.5607672e-01
 -2.9057164e-06
 -1.8693372e-05
  9.6850796e-03
  4.4940807e-05
 -1.4279656e-01
 -4.1358431e-05
 -1.0329746e-06
 -2.4633171e-02
  2.4870406e-01
 -1.2280168e-01
  2.2097782e-05
 -1.1768087e-05
 -4.7429588e-01
 -1.4437790e-01
 -2.2379443e-05
  9.8955670e-06
 -8.1840375e-07
  3.5059612e-02
  6.0539762e-03
  5.4467510e-04
 -2.7903486e-06
  1.6987249e-05
 -9.0214471e-06
 -1.2751550e-05
  2.1873058e-05
  9.8042738e-06
 -8.9443229e-06
  1.9824924e-07
  7.8027933e-06
 -1.3000355e-05
  1.6075470e-05
 -2.9493110e-06
 -4.1986073e-06
 -9.2482986e-07
 -4.6729133e-06
 -2.2663511e-05
  1.2352099e-05
  1.3688918e-07
  6.6986445e-07
  2.6736964e-04
  2.1159947e-06
  4.1761083e-04
  4.4362223e-06
 -7.2787407e-06
 -7.7606603e-07
  1.5981315e-06
  1.9802219e-05
 -4.8161775e-05
 -4.7862895e-06
 -1.6138611e-05
 -3.2722021e-06
  1.2976990e-05
  5.4442744e-06
 -5.3756838e-07
  1.8462497e-06
  2.0770213e-07
 -1.7471993e-05
 -2.4844017e-05
 -2.7073460e-05
  2.4996874e-05
  3.3964186e-06
  1.4588179e-06
 -6.2973058e-06
  2.1010162e-06
 -1.4766099e-05
 -2.2117472e-06
  4.1437270e-06
  8.7617445e-06
 -1.7810249e-05
  5.6273078e-05
 -3.5053863e-06
  1.1160346e-05
  2.7447737e-07
  2.4380681e-06
  1.2797916e-05
 -8.9292744e-06
  4.1282387e-05
  2.9172870e-06
 -5.9085520e-04
 -3.7642419e-06
 -1.4248146e-05
  6.4817737e-06
  1.3590802e-04
 -6.0089202e-05
  1.5310266e-06
  1.6359942e-05
 -1.3832009e-05
  1.1600024e-05
 -1.4920056e-05
  2.9541561e-05
 -5.4172197e-06
  3.2618698e-06
 -1.4135285e-04
 -3.5329304e-05
  6.3052757e-06
  3.9933616e-06
 -1.7142111e-05
  4.3730981e-07
  1.3910336e-06
 -4.1832944e-05
 -7.5506687e-06
  1.2922404e-06
 -1.9331529e-07
 -7.9528101e-05
  5.2275581e-08
  1.9297260e-05
 -1.3993629e-05
 -1.2842266e-05
  4.1195181e-06
 -7.8719443e-01
 -8.4332013e-01
 -7.8610860e-02
  1.8347440e+00
 -9.0335202e-01
 -1.4291828e-02
 -8.6913633e-06
 -8.4138601e-06
 -1.0751407e-02
 -6.2360421e-02
 -1.2976012e-01
  5.0609551e-06
 -1.3596921e-06
  3.4468100e-04
  1.2553280e-04
 -1.2041142e-01
 -4.1672494e-05
 -2.0723304e-05
 -5.9615058e-01
  1.5040433e-01
 -1.0064913e-02
  1.5840862e-05
  7.0871652e-06
 -3.2217157e-01
 -3.2946177e-02
 -6.5016384e-06
  4.0356522e-06
  1.2230516e-06
  7.9514022e-04
  2.0684110e-05
 -1.0974203e-05
 -2.4608826e-05
  1.1120497e-05
  1.5095935e-05
 -7.1060399e-06
  3.4009859e-06
  1.1750359e-06
  1.1351721e-06
 -5.4328365e-07
 -7.0744176e-07
  1.0988102e-04
 -1.3825033e-05
  3.3705899e-06
  2.4669594e-05
  5.2205349e-05
  9.3063801e-07
  1.2490891e-06
 -2.7547178e-06
 -9.9010203e-06
  4.4578801e-06
  1.9435201e-06
  8.2483792e-05
  1.9056404e-05
 -1.2385625e-06
 -1.9242718e-05
 -3.3284612e-06
  2.2660083e-06
 -6.9184257e-06
 -6.7375840e-06
  2.0984793e-07
 -5.6818808e-05
 -5.0940881e-03
  8.7385979e-06
 -1.0842621e-04
 -6.0401794e-06
 -5.3562004e-02
  2.7079509e-06
 -1.2401046e-06
 -2.0677489e-05
 -1.6921911e-01
 -1.3065425e-05
 -4.8266056e-06
  7.5569365e-06
 -1.2592722e-05
 -4.9407745e-06
 -6.7010097e-04
  1.8477305e-05
 -5.3922860e-05
 -1.1224576e-05
  1.3188893e-04
 -3.6038804e-07
 -6.9779555e-05
  1.4150231e-05
 -5.3297845e-06
 -6.6917585e-07
  3.3377580e-06
 -7.6690385e-06
  3.2126703e-05
  8.2914148e-06
  6.8712329e-06
  1.4011320e-03
  6.6914453e-07
 -2.4083890e-06
  5.3532954e-06
 -1.2960364e-06
  3.7209913e-05
 -7.1724353e-06
  6.9708655e-08
  1.4856114e-05
  1.3199098e-03
 -3.7312061e-06
 -2.2230905e-05
  3.9690240e-06
 -9.8173859e-06
 -5.0828374e-05
  4.8537044e-05
 -1.8467728e-05
  8.9366285e-06
  6.2818845e-06
 -9.7925649e-06
  8.6597047e-06
  3.7573499e-04
 -1.9753488e-06
 -1.8041594e-05
  6.5192464e-04
  3.7767386e-06
  4.7732569e-06
 -1.3356957e-06
  3.7749073e-06
 -4.6947694e-06
 -4.4775665e-01
 -4.0802024e-02
  2.3109835e-06
 -1.0879778e-06
  5.4397993e-02
 -4.1013610e-02
  4.6399186e-05
  7.2513571e-06
  5.1368994e-07
 -2.2647294e-01
 -1.3979239e-04
 -8.3794093e-06
  2.6414216e-06
  6.7592782e-06
 -1.5902949e-06
 -3.6481495e-05
  5.9042404e-06
  1.2504727e-04
 -2.1486332e-01
  3.7265295e-04
 -5.3057657e-04
 -1.4832163e-05
 -4.8809227e-07
 -1.6493705e-01
 -5.1443898e-03
 -2.8886609e-07
 -2.2044828e-06
  1.6344280e-05
  1.9570332e-04
  1.7514343e-03
 -2.1453843e-01
 -7.1583563e-06
 -1.3124490e-05
 -1.1001708e-06
 -1.3541493e-04
 -3.4057750e-05
  3.4288441e-06
 -6.9339962e-06
 -1.9555555e-04
 -5.0869226e-02
  7.5370859e-05
 -1.8949127e-07
 -4.1239578e-05
 -2.5876000e-06
 -9.5232344e-06
 -3.9849747e-05
 -9.3655726e-06
  2.0927587e-06
  1.6885695e-05
  4.3992900e-06
  5.0341064e-06
 -4.2885295e-05
 -1.1228044e-06
 -1.1397257e-03
 -4.1616524e-05
 -5.2612090e-06
  6.3778416e-06
 -2.8357679e-06
  9.1940137e-06
 -9.1359165e-05
  6.2949844e-02
 -6.4984374e-06
 -3.4645007e-05
  5.8548198e-06
 -1.2114039e-05
  1.1479649e-02
 -2.3181922e-06
  1.5031556e-05
  4.4905482e-05
  1.8116243e-02
  2.9020791e-03
  3.0512990e-06
 -1.9940958e-06
  1.4913475e-05
 -1.5919202e-06
  2.1092496e-06
  3.9859503e-07
 -1.1832361e-05
 -4.3830866e-07
 -2.9331970e-05
  1.2449777e-06
  2.2288661e-05
 -2.4438082e-06
  1.8660956e-04
  2.6338745e-05
 -9.4672896e-07
 -4.8744178e-06
  8.5886958e-04
 -1.4908293e-06
 -7.0852398e-06
  1.7319638e-06
  1.2457252e-01
 -2.6298712e-06
 -9.2412997e-03
  1.7675209e-04
  6.0261636e-06
 -3.1246248e-01
 -3.2709619e-01
 -7.7028251e-01
  1.1439960e+00
  1.4761093e-06
  1.3187770e-05
 -7.2821946e-05
  4.0693453e-07
 -2.7653050e-01
 -2.0772510e-05
  1.0196543e-01
 -1.0945004e-05
  7.8512698e-01
 -4.4012807e-02
  5.7165283e-01
  6.4649371e-06
  9.8884293e-08
 -3.4188208e-01
 -3.4646055e-05
 -2.2338011e-06
  4.7307235e-01
 -8.6699627e-02
  3.3687130e-02
  4.5717171e-01
 -6.4214731e-08
  5.2651912e-01
  4.8812390e-06
  4.9980661e-01
 -2.1970072e-05
  7.7087818e-05
 -1.3999183e+00
 -1.3562309e+00
  1.3717291e+00
  1.6309742e+00
 -1.5000734e-01
 -3.0012556e-05
 -5.6135373e-06
  1.8068351e-06
  2.4834096e+00
 -1.6774808e-05
 -1.2686465e+00
 -8.1520176e-07
  2.5620446e+00
 -3.1682358e+00
  3.8047794e-01
  6.9342159e-06
 -2.3162536e-06
 -1.7472773e+00
 -2.2405472e-06
 -2.4253464e-01
  4.7604421e-01
 -9.3108624e-01
 -4.9352396e-01
  8.2780427e-01
 -1.0493401e-05
  1.1611242e-04
 -3.0441375e-05
 -8.5841129e-06
 -8.7535091e-06
  5.2074494e-05
  6.6612952e-06
  1.8370269e-05
  5.2336886e-06
  3.6824422e-05
 -1.9775807e-06
 -1.0147022e-05
  5.1281208e-05
 -3.4439570e-06
 -9.9826262e-05
  5.0245740e-06
 -1.0022503e-06
  1.6221187e-05
  1.4574487e-05
  8.9294672e-06
  1.2349277e-03
  7.8190369e-06
  1.1651147e-05
 -4.7336944e-06
 -4.5150791e-05
 -1.9833323e-04
  5.4116035e-06
  1.4641902e-05
 -4.3698337e-06
  8.2078277e-06
 -2.9786155e-01
  1.5416495e+00
  2.1882184e+00
 -5.6526937e+00
  2.7401943e+00
 -3.4324253e-01
 -2.3802756e-01
 -9.1618218e-02
  5.1416319e-02
 -2.3006484e-02
 -2.6633108e-01
 -4.4393007e-02
  1.3409658e-01
  1.0412378e+00
 -3.7219223e-05
 -2.6092079e-01
 -2.5791693e-01
 -2.3352142e-01
  2.5362971e-01
 -1.7066671e-01
 -9.5262729e-02
  1.0773553e-01
 -6.8031770e-01
  4.6989322e-03
 -3.6692303e-03
  2.7094109e-02
 -4.8405712e-04
 -2.3463006e-05
  6.3170519e-05
  2.2265918e-07
  1.0697585e+00
 -2.0044130e-01
  2.3902115e-01
 -4.4165605e-01
 -3.3819011e-01
 -9.9911855e-04
  1.8410689e-01
  4.1044898e-02
  1.1125160e-06
 -3.2072678e-02
 -4.1351628e-05
 -4.0839459e-05
 -8.9637206e-06
 -1.6664742e-01
  1.3881053e-05
  1.2572908e-01
  1.1308955e-04
 -1.9251386e-03
 -1.3412901e-02
 -3.1596446e-05
  5.6407326e-01
 -1.0069634e-06
 -1.0793952e-05
  5.3979609e-02
 -1.7941479e-06
 -6.1355722e-06
  4.4827393e-06
 -1.7462880e-05
  6.0191393e-05
  3.6728770e-06
 -9.8132223e-02
  3.4276924e-01
 -2.1137053e-01
  2.4201414e-02
 -1.1190073e-01
  1.2787228e+00
 -1.2767801e-05
  2.2001179e-04
  4.8835370e-01
 -9.1853035e-05
  6.3155675e-01
  9.9855676e-02
  1.6665086e-05
 -5.3183157e-06
  2.6072947e-05
  3.8335213e-01
  2.3365218e-02
  1.1838684e-02
  5.2260727e-01
  1.9601300e-07
  3.5110528e-03
 -4.5692155e-05
  1.3954512e-05
 -1.2819041e-01
 -5.9415956e-06
 -1.9449360e-05
 -3.5212328e-05
 -6.8333047e-06
  2.0197967e-06
 -1.2713578e-05
 -1.0017292e+00
 -1.1022526e+00
  1.5892249e+00
 -4.1467509e-01
  4.0467569e-01
  2.2477126e-01
  1.4964476e-02
 -7.2154021e-01
  1.6654417e-03
 -2.6037812e-03
 -1.8085627e-04
 -9.5262125e-02
 -5.4959632e-03
 -5.7342225e-01
  9.1262000e-06
  7.8005068e-02
 -1.7100792e-05
 -6.8398602e-03
  3.4359583e-01
 -7.8818128e-02
 -1.5598133e-01
 -1.0197417e-05
  6.4143078e-06
 -5.9328049e-01
  1.5334461e-05
  4.4774853e-05
  3.5503657e-05
  5.4880838e-06
 -3.9208695e-05
  2.1981746e-06
 -1.5613732e+00
  3.5883625e+00
  7.6425701e-02
 -8.8349134e-01
  2.4714363e-01
 -1.5351851e-01
  1.0734718e-01
 -1.5992378e-01
 -2.0599329e-01
  7.9752123e-01
  8.3141655e-01
  7.5627834e-01
  6.2560129e-01
 -1.3762186e-04
  3.3967388e-03
  1.9773128e-02
  6.1058706e-01
  2.6514569e-01
 -3.6679992e-01
  3.0342016e-01
  1.9222739e-01
 -1.9886911e-01
  1.9763813e+00
  3.3640677e-01
  1.7910872e-01
 -8.4404725e-08
  3.1097683e-05
  4.8457719e-06
  2.4446370e-05
 -8.7201698e-07
 -4.4853243e-01
 -5.1849014e-01
 -4.7895786e-01
 -4.7741781e-04
  2.5902903e-02
  6.8944069e-06
 -4.6724050e-05
 -9.0028993e-07
  3.9383464e-02
 -4.6453613e-04
 -5.9999347e-05
 -1.3014462e-02
 -2.6320831e-06
 -5.8888254e-06
 -5.9581093e-06
 -7.6191762e-04
 -3.2998643e-05
 -8.1666303e-06
 -3.8922224e-02
 -1.1849336e-04
 -4.3492857e-01
 -9.9401848e-07
 -6.4838662e-07
 -3.0590793e-02
  3.7074340e-05
  6.5144322e-06
 -2.7599404e-05
 -9.1133425e-06
  1.0353217e-05
 -3.1850591e-06
  1.1372738e+00
 -6.9351983e-01
  1.2276496e+00
 -5.3753924e-01
  1.0782651e+00
  8.2139690e-05
  7.4978882e-01
 -1.9562749e-04
 -5.9372671e-02
 -2.2552516e-03
  8.5165530e-06
 -4.0861696e-02
 -2.9775358e-03
 -1.1619558e-05
 -4.2447558e-05
 -4.1523647e-01
 -4.6784291e-03
 -1.3118215e-04
 -4.7814600e-02
 -2.6437201e-04
 -6.6905082e-03
 -5.4372549e-07
 -5.0866956e-01
  2.4352463e-04
 -9.5879659e-07
  1.0666187e-04
  7.2815675e-07
  4.6615728e-06
 -7.7997383e-06
  1.0848563e-05
  2.8119350e-05
 -1.8744083e-06
  7.8067404e-07
  4.0265353e-05
 -2.4086717e-06
 -2.8972443e-06
 -3.1159678e-05
  2.8362168e-05
 -8.1798947e-07
  3.3786451e-05
  1.5900470e-05
  6.6881057e-07
 -5.4234119e-06
 -4.8496172e-06
  4.7123290e-06
  2.7373579e-05
 -4.3359432e-06
  1.8441488e-05
 -1.7614690e-05
 -6.7206247e-07
  5.6126191e-06
 -1.1063314e-05
 -2.2679508e-06
  5.5186674e-06
 -1.4486943e-06
  9.9326506e-05
  1.8707884e-04
 -1.8137978e-05
 -9.4994022e-05
 -1.4578058e-04
 -1.6405341e-01
 -4.6076494e-01
  7.0550072e-01
  3.5054272e-05
  5.0959837e-01
 -1.0488553e-01
  8.5722715e-02
 -8.5130287e-06
 -7.8107165e-05
 -5.5651064e-04
 -2.3581980e-07
 -2.5366704e-04
 -1.6986489e-05
 -2.5453963e-07
 -3.1472926e-05
 -2.2971769e-01
 -1.5490234e-02
 -7.6936467e-06
 -3.1752676e-01
 -3.5308747e-04
 -1.3060259e-03
 -5.1364436e-06
 -1.3159927e-05
  4.7973550e-05
  5.1409670e-06
  7.7607210e-06
 -1.8484412e-05
  3.3323780e-05
 -3.1931422e-06
  1.7614700e-05
 -1.1981738e+00
  3.3267882e+00
  2.6013854e-01
 -8.9180315e-01
 -9.1575913e-02
  1.5531460e-02
  6.0380042e-01
 -2.2936589e-04
 -3.0871367e-02
  9.0718805e-04
 -1.9706592e-01
  1.5327197e-01
  3.9283276e-01
 -2.7239583e-05
  7.4257427e-05
  2.1089366e-01
  6.7497045e-02
  9.6682429e-02
  4.8972401e-01
  7.1367122e-02
  5.9584570e-01
 -3.2326893e-06
  4.0214297e-01
  2.0092675e-02
  1.3829269e-05
  3.5141402e-05
  1.3770138e-05
 -3.8064423e-05
 -3.6564331e-06
 -1.1019154e-05
 -1.1587266e-05
 -9.4889929e-06
 -6.1468518e-06
  9.6394069e-06
 -9.9087938e-06
  2.0178234e-06
 -1.0076936e-04
  6.1270498e-06
 -1.2378466e-05
 -1.2432009e-05
  5.7606271e-06
  2.2638069e-05
 -6.5303720e-06
  2.2089156e-05
 -1.8153571e-05
 -2.4188007e-06
  5.4091092e-06
  6.8207250e-05
 -2.3494408e-06
 -2.2004054e-04
 -8.7314658e-07
 -1.2975707e-05
 -1.9794149e-06
 -2.4832929e-05
 -1.0582701e-05
 -2.4298433e-05
 -4.2541116e-05
  2.1697013e-05
  2.8996008e-05
 -1.4699703e-05
  1.6617378e-06
 -2.4798185e-06
  2.5510817e-06
  2.8504555e-06
  2.6682931e-06
  4.2637844e-06
 -2.5768536e-06
  5.3443400e-05
  6.9657348e-05
 -6.9026464e-07
  1.1392573e-05
 -3.7444252e-06
 -1.5078568e-05
 -1.3268854e-06
  2.5603731e-06
 -5.0632447e-05
  4.2139676e-05
 -9.1131142e-06
 -9.2704922e-06
  6.8138270e-06
  1.7756150e-06
  2.1170876e-05
 -8.4675485e-05
 -6.3093165e-07
 -1.3116274e-06
  5.4275773e-07
  7.6327287e-06
 -6.1473528e-08
  7.5643533e-07
  1.1396643e-05
 -1.8149296e-07
 -7.5228909e-06
  5.5614339e-05
 -1.8876190e-05
 -2.7474944e-05
  1.4928413e-05
 -4.9608429e-06
  2.7178474e-05
 -5.8797132e-06
  2.7034441e-06
 -8.5608626e-05
 -2.7455471e-05
  2.2180866e-05
 -2.0229221e-04
  1.7574906e-06
 -2.8557579e-05
 -5.1979259e-06
 -4.9976643e-06
  7.3914758e-05
 -1.5519410e-05
 -6.7548200e-07
 -1.2543738e-06
 -2.5878471e-05
 -1.0976571e-07
 -1.8660996e-05
 -4.1702402e-05
 -6.0954103e-06
  2.1358610e-05
 -4.4043040e-06
 -5.4942557e-05
  3.2169810e-01
 -5.6486380e-01
 -4.9363151e-01
 -1.9403005e-01
 -6.7234731e-01
 -1.3780849e-04
 -4.4645374e-05
 -9.2228880e-04
 -1.1740800e-04
 -2.4556485e-04
 -6.3156323e-05
 -1.3093096e-04
 -6.8762543e-05
  9.2788432e-06
 -2.5154613e-05
 -1.2912273e-05
 -1.8810654e-04
 -2.7825570e-05
 -5.0489813e-02
 -1.8193799e-05
 -1.4210334e-01
  2.2355787e-06
 -1.6883081e-02
  5.0973260e-01
 -1.4583189e-06
  8.0751988e-06
 -1.7614613e-07
 -1.8305682e-05
 -1.3012439e-04
  7.2050258e-05
 -2.7122302e-05
 -1.0804793e-05
  5.2012897e-06
  2.3351245e-06
  2.0709293e-04
  9.6591311e-06
 -1.1656208e-05
 -1.0704938e-04
 -7.3801439e-06
  2.5323161e-05
  2.3541077e-05
  3.7177651e-06
  4.5090073e-05
  4.0243820e-05
 -1.4663706e-06
 -1.4165628e-06
 -2.0810578e-06
 -6.5598115e-06
  2.1717853e-05
 -2.2643550e-07
 -3.3799428e-05
 -4.3045634e-06
 -1.4423104e-05
  1.0790804e-04
  2.4203423e-06
 -4.7068734e-06
  5.2405017e-07
 -1.8873698e-05
  9.2212922e-06
  1.1106315e-06
  1.0337052e+00
 -1.7205834e-01
  5.5704349e-01
  7.8784221e-01
 -7.2816104e-02
  3.6442872e-02
  5.8023262e-01
 -2.3593290e-02
 -3.6525576e-05
 -1.3497732e-04
 -9.1590810e-01
 -2.8374046e-05
  2.0126182e-04
  1.8432838e-05
 -1.3073562e-05
  2.0110430e-01
 -1.4071474e-03
 -3.0398520e-05
  1.2309519e+00
 -1.5326386e-05
 -1.7903574e-05
  2.2581517e-05
 -4.1615637e-03
  6.5852195e-02
 -1.1576424e-04
  7.1294788e-05
 -1.1863017e-05
 -6.6406947e-06
 -1.5800905e-06
 -2.9476471e-06
 -1.1192886e-04
  4.8945566e-07
 -3.1732373e-08
  1.1506392e-05
  8.0786471e-05
  1.2344296e-05
  2.2179795e-05
  1.3925577e-05
 -3.2675605e-06
  9.1283830e-05
  9.9288833e-08
 -4.1107683e-06
  4.1841045e-06
  2.2044874e-04
 -1.6944485e-05
 -2.5574602e-06
  9.8420160e-06
 -1.5747575e-05
  8.3557621e-05
  7.0024980e-05
 -2.4550907e-05
 -7.9794532e-08
 -1.8563131e-05
  3.9348197e-06
 -1.3238960e-05
 -2.3234859e-05
  3.5546739e-06
  1.0267631e-05
 -2.1001257e-05
 -7.8641169e-06
  1.2727058e-05
 -1.2014189e-04
  2.0551406e-05
 -2.9545747e-06
  1.2239382e-05
 -1.1187840e-06
  7.8574885e-06
  3.4214831e-06
  2.6913283e-06
  4.7764475e-05
  1.4143465e-05
  1.6048431e-06
  1.8686740e-05
 -1.6587035e-05
  9.7747674e-05
  4.9043156e-05
 -6.1598671e-06
  1.1569417e-05
 -9.5352643e-06
  7.2463604e-06
  3.1731686e-06
 -1.3543745e-05
 -3.7692348e-06
  9.2694150e-05
  3.1836175e-06
 -1.1556747e-05
  6.5177369e-07
 -1.6377227e-05
  6.0177795e-06
  2.6019785e-05
  2.3768796e-05
 -1.4985687e-05
  8.2903507e-06
 -1.6737307e-04
  3.3947360e-06
 -2.0750358e-06
 -9.0141481e-07
  3.1308489e-06
  7.4491845e-06
  5.5060677e-06
  6.6054090e-06
  7.7070668e-05
 -1.3367198e-06
  5.1636394e-04
  3.8069818e-05
 -4.3824454e-07
 -8.7649136e-07
  3.4499602e-04
 -1.8125805e-06
  2.1845584e-04
  1.0243349e-03
 -2.0191341e-05
  7.8920721e-06
 -1.5895524e-05
 -5.5888166e-05
  5.9708491e-06
 -8.2715715e-06
 -1.3794082e-04
 -1.5955342e-05
  1.8077753e-05
 -1.4291988e-05
 -1.5001186e-05
  1.3060986e-06
  3.9185520e-06
  3.2914841e-07
 -2.5797973e-04
  1.9068784e-07
  2.0634157e-05
  4.3869505e-04
 -3.6854262e-06
 -1.1451674e-03
 -1.5802295e-06
  2.9846857e-05
 -3.0186832e-06
 -3.9532184e-05
  6.0205593e-06
  4.6897289e-06
 -1.7956989e-05
 -8.2326769e-06
  1.0402016e-05
 -1.1640688e-05
 -6.1586702e-06
 -7.2395670e-07
 -3.1289903e-05
 -3.3419506e-06
  1.5637119e-05
  4.2640754e-06
 -3.2049638e-06
  3.0495772e-05
  6.1540550e-06
 -5.9848171e-06
 -6.0835606e-07
  3.5004557e-06
 -1.2618658e-05
  6.5408568e-07
 -4.8699962e-06
 -1.1190636e-05
  1.2142435e-06
 -3.1024574e-05
 -1.0245369e-05
 -4.0321943e-06
  5.6763970e-06
 -3.2091073e-05
  1.6992427e-06
  6.9488913e-02
 -6.9836206e-06
  9.8115643e-06
 -2.1874273e-05
  2.6777323e-06
  2.6279124e-06
 -9.4959229e-05
 -6.2323579e-06
  9.5683081e-06
  1.8756889e-06
  2.2406777e-05
 -7.8121484e-06
  1.8674860e-06
 -5.9141163e-05
 -1.5162799e-05
 -3.1414848e-07
  7.4713657e-06
  3.2636864e-04
  2.7812797e-01
  1.9493673e-05
  2.3515689e-05
  8.1549988e-06
 -2.0731859e-05
 -2.1811074e-05
 -1.6868305e-05
 -4.6593192e-05
  7.3894130e-06
 -8.7607432e-06
  2.8856160e-05
  6.4269716e-06
  4.7967628e-06
 -2.0634630e-05
 -3.6823390e-06
  1.0819061e-05
  1.1336982e-05
 -1.9456415e-05
  7.3559991e-06
 -2.4568351e-05
  3.4448349e-05
 -2.4313429e-06
 -3.9356623e-06
 -8.7279295e-06
  8.1041817e-06
 -3.7294449e-06
  2.6393909e-05
 -1.6771743e-06
 -5.3763256e-06
 -5.4917887e-06
 -1.4875562e-05
  3.9660281e-05
  1.0207752e-05
  5.0862741e-06
 -4.5189612e-05
  8.4450963e-05
  7.1671002e-06
  2.9818527e-06
 -1.1839606e-05
 -2.3212442e-05
 -1.5950318e-04
 -4.2541201e-06
 -2.4946097e-05
  1.7815368e-05
 -1.6056941e-06
  1.3632845e-05
 -7.2572939e-06
 -9.3702656e-06
  1.1733489e-05
 -2.9812823e-05
  3.1012419e-04
  1.5566114e-04
 -5.2122118e-06
  1.5771735e-05
  1.0893426e-06
  3.3316966e-05
 -1.1186390e-06
 -1.9714726e-05
  6.5324552e-06
 -4.4868687e-01
 -6.6087268e-05
  3.1869149e-05
 -1.8252313e-02
 -4.7176049e-04
 -1.0545904e-01
 -2.2861554e-04
 -9.2396076e-06
 -4.0266743e-05
 -3.3153410e-05
 -1.9653144e-05
 -2.7281993e-05
  6.9950176e-05
  2.8228980e-05
 -4.1459922e-02
 -1.4613819e-04
 -6.3900843e-05
 -2.3920950e-01
 -6.7296546e-06
 -6.8625130e-02
 -9.2861683e-06
 -1.2847620e-05
  3.1628653e-05
  1.1419300e-05
 -1.4154598e-06
  1.8756332e-06
  5.8489818e-06
  2.3935785e-05
 -1.4084413e-05
 -9.3121535e-06
 -8.8161702e-05
  9.4382603e-06
 -3.3107670e-05
  1.6425955e-05
  3.3494027e-06
 -2.5773613e-04
 -6.1507712e-06
 -1.2578737e-04
  8.1220769e-06
 -5.2612380e-05
 -1.5993190e-05
 -1.0635787e-05
 -1.0225741e-06
 -1.5674028e-05
  2.4408602e-05
  1.2011895e-04
  4.6500277e-06
  1.5220019e-06
  1.6083703e-05
  5.4742750e-06
 -1.0591622e-05
 -2.5384345e-05
  7.9896136e-06
 -3.5210498e-05
 -6.8440946e-05
  6.6439939e-06
  2.0685104e-06
 -4.4254202e-06
  1.2512023e-05
  5.4022166e-06
  4.0907794e-06
  1.2627788e-05
  2.3304516e-05
  8.0123145e-06
 -4.7292856e-06
 -2.6441006e-05
 -1.5011144e-05
 -4.2074817e-06
 -1.2830735e-06
 -1.2170325e-05
  2.3356351e-06
  2.8321335e-06
 -6.4369092e-06
 -3.6495551e-06
 -6.6887486e-07
 -4.7637322e-06
 -2.9088869e-06
 -6.6188863e-06
  1.6227825e-05
  5.2189939e-06
 -1.3829953e-05
  9.3236082e-07
  8.4762714e-06
 -1.1633041e-05
 -2.2798752e-06
  2.4463168e-06
  2.4743972e-06
  5.9100630e-06
  1.5409798e-05
  8.9742237e-01
 -3.4310988e-01
  3.3206088e-05
  6.8289082e-05
 -2.4640076e-01
  3.5325234e-06
 -5.1319735e-06
  4.7477097e-03
 -2.7670128e-06
 -1.9592733e-05
  2.6490450e-06
 -1.8325250e-05
 -1.0934446e-06
 -3.4494412e-01
 -2.3576558e-06
  1.4014590e-01
  2.9574471e-06
 -2.8414051e-05
 -2.0006839e-02
  8.0984591e-06
  4.2939371e-01
  4.0577946e-05
  8.0205449e-05
  7.8277109e-04
 -1.3740838e-06
  6.7539433e-05
 -4.9359533e-06
 -1.3141093e-05
 -6.7446135e-06
 -1.9358446e-05
  1.2901491e+00
  2.6107881e+00
  7.5966430e-01
 -2.7255206e+00
  3.5487120e+00
 -1.5217064e-01
 -5.6310970e-02
  1.3876197e+00
  1.8137716e-01
 -2.4822874e-01
 -4.0331379e-01
 -2.2559693e-02
  5.1759731e-04
  1.4357688e-01
 -3.8244361e-01
 -4.6058781e-02
 -1.4954649e-02
  3.6574912e-01
  4.3541324e-01
 -2.1742922e-01
 -1.0947243e+00
  6.4257419e-01
 -2.8559443e-01
  2.0292618e+00
 -4.8518325e-03
  2.3058400e-01
 -1.6172779e-04
 -2.3728660e-05
  2.2567442e-01
  3.5207413e-05
  1.7514732e-05
  4.5130582e-06
  3.2926718e-07
 -2.1028527e-05
  2.4118381e-06
 -9.9321087e-06
  2.0478821e-05
  1.4323648e-05
  1.8335562e-07
  1.7092185e-06
 -7.9020909e-05
 -6.6284434e-07
 -2.8361619e-06
 -1.7200928e-05
  1.4847951e-04
  2.2659928e-05
  2.6379352e-05
 -2.0227655e-05
  4.9686328e-06
 -9.0463487e-07
  2.6358079e-05
  2.4599371e-05
  2.1650445e-05
 -1.3765709e-06
 -5.8927133e-05
 -1.0668439e-04
 -2.7260385e-06
  7.1918676e-06
 -3.4055010e-06
  4.2993324e-06
 -7.8821807e-07
 -8.6368106e-02
  4.2921329e-01
 -7.7442682e-01
  2.3455931e-01
  3.2669091e-01
 -4.2619359e-01
  3.7375501e-01
  1.4360463e-06
  2.8987578e-01
  7.4851072e-01
  1.6890852e-04
 -1.9247459e-06
 -1.1321312e-06
  2.6864916e-01
  3.5505065e-05
 -4.4709665e-01
  1.3706177e-06
  9.2735530e-07
 -5.0404632e-01
  1.9580350e-05
 -2.3737100e-06
 -5.8059959e-06
 -1.3456997e-06
 -2.2739542e-01
  3.5582229e-06
 -1.5887561e-05
 -4.1135257e-01
 -3.0364108e-01
 -3.0634293e-04
  4.0755740e-01
 -3.3042977e+00
 -1.3122240e+00
  2.2375488e+00
 -1.5359092e+00
  3.3716576e+00
 -1.0370964e+00
 -1.4611906e+00
 -6.0388436e-07
 -1.0948321e+00
  1.8312348e+00
  2.2902893e-06
  1.7992388e-06
 -4.3485594e-05
 -1.1543994e+00
  5.4619124e-04
 -2.0582838e+00
  3.4512666e-06
 -4.0287341e-06
  7.8095816e-02
  2.7216483e-06
 -1.5190287e-05
  7.4912823e-05
  3.7784259e-06
 -7.8376371e-01
  1.2544526e-06
 -1.4827229e-05
 -1.6247635e+00
 -3.1884832e+00
  1.9481045e-05
  3.8048437e-01
 -9.9571759e-01
  1.3318642e-05
  4.8355214e-05
  9.0670824e-01
  9.3556203e-02
  2.7522516e-01
 -1.5414868e-01
 -8.4161907e-01
 -1.5590651e+00
  1.4044375e-05
 -2.4613512e-01
  9.5269509e-02
 -1.3275530e+00
 -5.8432005e-04
  7.6255506e-06
  6.3176653e-06
  3.1883849e-04
 -1.7247243e-02
 -2.1344371e-01
 -4.8801339e-06
 -2.5613527e-03
  3.8917155e-05
 -1.5762906e-01
  2.1262559e-04
  8.2823317e-06
  3.7371454e-05
 -4.6672852e-05
  5.0926155e-07
  1.1876832e-07
  2.9298478e-01
  1.6232382e+00
  2.6800495e-02
  1.0925894e-05
  3.5787159e-01
  2.4404375e-01
  1.8123209e+00
 -6.3700628e-01
  1.7056774e-01
 -2.4998114e-01
  2.7301382e-06
 -2.9307368e-05
 -4.0078162e-06
 -1.4315824e-01
 -8.0915469e-01
 -2.7328160e-01
  1.6585453e-05
 -2.0160593e-01
  5.1144427e-01
 -9.4879843e-02
 -3.4057107e-03
 -8.3841216e-03
 -7.3716529e-02
 -6.6089066e-05
 -3.1541479e-01
 -6.6352762e-02
 -7.3195690e-05
 -6.5852291e-06
  1.9350623e-01
 -1.4259282e-01
  3.5629992e-06
  2.1984957e-05
 -1.4462492e-05
 -1.4003646e-06
  3.0802970e-05
  7.3730922e-07
 -4.7516079e-07
  8.7327298e-06
 -1.0606867e-05
 -2.1594641e-07
  8.5061674e-06
  1.1063174e-05
  9.6155918e-07
  4.9215418e-05
  5.2752690e-05
 -1.9117217e-05
  2.4228510e-05
  8.6613127e-06
 -8.2547340e-06
  1.1235607e-05
 -2.0232590e-05
  1.0012639e-04
 -1.5761414e-04
  5.8288026e-07
 -7.6774568e-06
 -3.7607194e-06
  1.9981089e-05
  1.1233516e-05
 -1.1696312e-05
  1.7319438e-05
  2.6566488e-05
 -5.1854695e-06
  4.7194160e-05
 -4.9887581e-06
 -7.6892529e-06
  1.2077556e-05
 -3.4115280e-06
 -1.0841735e-05
  6.4437998e-05
 -3.1522475e-04
 -2.2318820e-06
 -1.3924776e-05
  1.0629247e-05
  3.3803767e-06
 -4.3273441e-05
 -2.5677912e-06
 -2.0146346e-05
 -1.2060178e-05
  2.6924305e-05
 -8.1644225e-07
  4.3837292e-05
 -2.1637907e-05
 -5.7756110e-06
 -9.1740651e-07
  1.5985212e-06
 -3.1198404e-05
  3.0463850e-06
 -1.2008181e-05
 -5.1295870e-06
  8.7467615e-06
 -4.3853337e-01
 -2.1895283e-01
  1.7970984e+00
  6.5069050e-01
 -9.0707630e-02
 -7.5020498e-01
  4.8784930e-02
 -3.0439478e-01
  4.9002680e-01
 -5.1155686e-01
 -1.1390443e-06
  8.7325895e-01
  3.0358289e-03
 -4.2007798e-01
 -3.3997726e-02
 -1.3696883e-04
  8.8546760e-05
 -4.6366203e-01
 -8.0836314e-01
 -3.5009503e-02
 -1.1409424e-01
  5.6369459e-05
 -1.2095343e-01
 -4.8941303e-05
 -2.4328972e-01
 -6.7319507e-03
 -8.4595365e-04
  1.8113089e-03
  1.7022367e+00
 -1.2342192e-04
  5.1145937e-04
 -1.7821704e-03
  1.4553149e-06
  5.6088647e-06
  9.0684822e-05
 -2.3213924e-04
 -2.4794097e-05
 -1.2795111e-06
  1.3486824e-05
 -2.9218589e-05
 -1.2669580e-05
  5.3592419e-05
  1.9123769e-05
 -1.2271739e-04
 -7.1520330e-03
  9.2341616e-06
  3.3290967e-06
 -5.2445171e-06
 -6.6217029e-01
 -1.2176218e-05
 -4.1149051e-05
 -1.1599117e-05
 -4.8375948e-04
 -1.4083737e-05
 -2.4308225e-04
 -6.5832960e-06
  1.5391283e-06
  4.5351502e-05
  3.9902710e-07
  6.6657853e-06
 -7.0451592e-06
 -1.0737263e-05
 -5.0585877e-06
 -1.0344210e-05
 -3.6018595e-05
  1.5811141e-06
  2.2944218e-05
 -6.0949465e-06
 -9.1747561e-06
  1.9516721e-05
 -4.0205714e-06
  2.4311053e-06
  1.9581972e-05
 -7.0930831e-02
 -2.8763554e-04
 -4.0339590e-05
  9.5007808e-06
  7.2543655e-05
 -1.8565404e-05
  1.3583854e-06
 -2.9685511e-05
 -4.0800656e-05
 -2.0658756e-05
 -1.6709741e-05
  6.1506148e-06
 -1.4156796e-04
 -4.4723902e-06
 -5.6206482e-06
  2.9563907e-05
 -9.6217127e-07
  2.3476746e+00
  4.8744035e-01
 -1.0695404e-02
 -1.5972774e+00
  2.9392557e+00
 -2.7347314e-01
  1.6960358e-02
 -1.1374646e-01
  3.5073808e-01
 -8.0781564e-02
  4.2633861e-01
  4.7537500e-01
 -1.2817889e-01
  1.1650053e+00
  2.3155922e-01
  3.2306248e-01
 -2.8285587e+00
 -4.7493708e-01
  6.2587094e-01
  3.0285156e-01
  5.5075172e-02
  1.7585382e-05
  3.4831622e-01
  1.0031261e+00
 -1.3849235e-05
 -6.5690770e-06
 -1.8743725e-01
 -3.7967038e-01
 -6.2263143e-01
 -4.8078457e-04
 -1.0122508e+00
 -1.4625055e+00
 -9.3695544e-02
  7.7567816e-01
 -1.0668796e+00
 -7.6017283e-02
 -1.1114150e-01
 -5.3278141e-04
  1.3516352e+00
 -4.9800494e-01
 -5.2914917e-01
  2.4221568e+00
 -7.9769857e-02
  1.0333245e-01
 -1.9856477e-01
 -1.5873519e-06
 -6.1796468e-01
 -9.1848485e-03
 -8.8075787e-02
 -2.7872261e-01
 -1.6398282e+00
 -4.2642910e-02
 -1.2417001e+00
 -1.0377241e+00
 -9.8718673e-01
 -9.9964929e-04
 -2.2218595e-01
  3.4324232e-01
 -1.0742545e+00
  6.0300016e-01
  1.1309942e+00
 -1.6570863e-01
  8.7854909e-03
  4.4455168e-01
  1.0019835e+00
 -6.7888379e-01
  5.2349651e-01
  2.2810681e-01
 -6.2071788e-01
 -7.1282424e-02
 -2.3117520e-01
  6.7507327e-01
  2.5761476e-01
 -1.1626886e+00
  5.3452766e-01
 -1.2203588e+00
  2.9350203e-01
  3.3105674e-01
 -5.3947330e-01
  1.5253469e+00
  1.7759819e-05
 -7.4940426e-06
  6.0916487e-02
  3.7781394e-01
  9.6658427e-01
  4.9388241e-03
  7.0928442e-01
 -1.1707088e-03
  1.0014906e+00
  1.0774280e-06
  3.9304964e-06
 -1.4769279e-06
 -6.5324302e-06
  1.2372402e-05
 -2.5465531e-06
 -8.5391812e-06
  6.2189279e-06
 -1.0559454e-06
 -2.5648401e-06
  2.1795809e-06
  4.8943241e-07
  1.0845431e-05
 -1.3543673e-06
  1.9704489e-06
  5.6855238e-06
 -3.2864627e-05
  1.5036747e-05
 -6.4060760e-06
 -1.6057327e-05
  3.9199003e-06
  1.9636156e-05
 -4.8099878e-07
  4.3382410e-05
 -3.6868736e-05
 -1.0924416e-06
  1.1422230e-07
  3.7280274e-06
  1.0224911e-05
  2.2821741e-05
  1.8419981e-06
  3.0151954e-05
 -8.2242143e-05
  1.1526986e-04
  3.1011229e-02
 -7.5388180e-06
 -1.5373460e-05
  3.2870804e-07
  3.2785523e-05
 -1.9731322e-06
  3.7178837e-05
 -6.3756090e-07
  3.9414494e-06
  8.2097082e-05
  3.8207583e-03
  2.8292413e-03
  3.4487825e-06
 -4.9480423e-05
 -4.0131584e-07
 -1.3784184e+00
  3.7350877e-05
 -5.1135368e-07
 -1.0755718e-06
 -5.4520996e-07
 -3.7155792e-06
 -2.2854367e-05
 -6.8574715e-05
  2.1515692e-07
 -4.2951015e-05
 -5.0015965e-06
 -1.8295030e-05
  1.0431981e-01
  1.2287616e+00
  4.9979528e-05
  3.2050448e-04
 -2.3920761e-04
  9.7777873e-02
  7.9028214e-06
 -3.2335960e-05
  2.8401436e-02
  4.9275723e-06
  9.0714238e-05
 -2.6953046e-07
  1.8176819e-01
 -1.2909410e+00
  6.9214903e-02
  8.8445104e-06
  1.1625104e-05
  1.0867880e-06
  4.1782674e-01
 -1.9842415e-04
  2.8387785e-05
  2.1633970e-05
  1.7524568e-05
  1.4999109e-04
  1.7188557e-05
 -1.6226959e-05
  6.6135137e-05
  1.1293765e-05
 -5.7744280e-02
 -6.6446164e-06
 -5.3584206e-01
 -8.6995226e-01
 -6.7854553e-01
  2.6900160e+00
 -3.5927144e-01
 -2.0565420e-01
 -7.7588535e-03
 -3.1925014e-01
  1.2732706e+00
 -1.5654698e-01
  1.0208656e+00
  9.0676045e-01
 -3.2235777e-01
  2.1886458e+00
 -2.8331140e-01
 -2.1008829e-02
 -3.3833581e-01
  5.3018922e-01
  9.9003381e-01
 -1.7465849e-01
  5.1676625e-01
  3.5909761e-02
  2.1623375e-04
 -5.3180116e-01
  8.2270932e-01
  3.1066380e-02
  2.5768986e-04
 -1.3895394e-06
 -1.9817117e-03
  1.1419782e-02
  4.5845634e-01
 -9.2653781e-02
  6.9794886e-02
 -9.5519775e-01
  3.3029974e-01
 -6.0879294e-02
 -1.1547340e-01
  6.3222116e-01
 -2.1344952e-01
  3.9716277e-01
 -8.7798242e-07
 -5.1444565e-04
 -3.2991510e-02
 -1.2107121e+00
  6.7227697e-01
  4.6152644e-02
  1.4699998e-02
  1.2496640e-03
  1.1667397e+00
  2.4694169e-01
  1.3545867e-04
  4.1027627e-07
  3.6061034e-04
 -7.6204196e-02
  9.5479809e-02
  8.2136087e-02
 -1.1888324e-05
  1.2014077e-04
 -8.3385380e-03
  2.3168893e-01
 -6.5272809e-07
  5.6666398e-01
  1.0134012e-01
  3.1644777e-05
 -9.7121857e-03
  2.4282960e-07
 -5.5734537e-05
 -2.7822024e-01
 -2.2410794e-01
  4.8183963e-01
  6.0940064e-03
  2.4153759e-04
  1.2679675e-06
  5.3677845e-01
  8.1563216e-01
 -4.2209790e-06
  1.8507794e-04
 -8.9861162e-05
 -4.0585226e-01
  8.9969181e-02
 -2.8751761e-06
  5.2712528e-07
 -1.6814314e-05
  9.9350858e-05
  7.5618460e-05
  4.4091694e-06
 -1.4970428e-05
 -7.6249025e-06
 -1.7290845e-04
  1.6711654e-04
 -3.8399121e-05
 -5.7783918e-06
  5.0772280e-05
  1.7708400e-05
 -7.8904355e-07
  1.4977788e-05
  4.8449911e-06
 -1.4799654e-06
  1.1429592e-05
 -5.8335190e-06
  8.7318913e-06
 -1.3139183e-06
 -1.3528970e-07
 -1.4980996e-05
 -2.8556336e-05
 -1.9261892e-05
 -3.2232667e-05
 -6.7073188e-06
 -8.0566144e-07
 -1.6079608e-05
  1.2901252e-05
 -2.4245467e-06
 -9.2289147e-06
  4.2089405e-06
 -2.5058602e-04
 -1.3086422e-04
 -2.1470061e-05
 -6.9121561e-06
 -2.7873744e-05
 -2.9298066e-05
 -1.2991824e-05
 -1.1843797e-03
 -1.3992273e-05
 -1.3200707e-05
 -2.7004399e-04
  4.2090769e-06
  8.8638644e-06
 -1.0531630e-05
 -1.9599771e-05
 -2.8996387e-01
 -2.3725175e-05
  3.0176662e-04
 -2.5609466e-05
 -1.8475753e-06
 -2.9181262e-02
 -2.4631909e-05
 -2.6693278e-05
 -1.3116435e-05
  7.2313577e-01
 -3.3805838e-05
 -6.3361799e-06
 -2.5098570e-05
  1.0037197e-05
 -9.8202065e-05
 -3.3372973e-05
 -6.2120575e-06
  4.2343595e-07
 -6.2575459e-06
  2.7827775e-06
 -2.0410638e-05
 -2.0082074e-05
 -8.3164683e-05
  1.0767170e-05
 -1.1612405e-05
 -1.8257447e-07
  1.1092259e-05
  1.0144630e-06
 -7.7425160e-05
  2.8383504e-06
 -8.8473535e-05
 -1.9045336e-07
 -6.9634502e-06
 -2.1720387e-05
  1.8730589e-05
  3.6042850e-04
  6.0082034e-06
 -1.2300784e-05
  5.3343545e-08
  5.0173312e-06
 -1.8219442e-05
 -8.5495509e-07
 -1.2092310e-05
  1.7814810e-04
  4.4208396e-06
  1.1423755e-05
 -1.0598104e-05
  1.1409071e-05
  2.8674414e-05
  1.6432492e-05
  3.2481552e-05
  6.4652786e-06
  4.9767382e-06
  4.1749846e-07
 -5.0457176e-05
 -5.9102742e-05
  1.9722229e-05
  1.4221894e-05
  2.7905178e-06
 -1.5419799e-05
 -2.0829370e-05
  1.8651195e-05
  2.9781609e-06
  2.2799164e-05
 -4.8393836e-06
  1.2581667e-06
 -9.7460770e-06
  3.7990376e-06
 -2.0916861e-05
  8.4997309e-06
 -2.5245072e-06
  1.6468448e-05
 -8.5529182e-06
 -1.6443806e-05
 -7.7140103e-06
 -1.9355342e-05
 -5.5740595e-05
  3.3074011e-06
  6.4094147e-06
 -2.5480425e-05
 -5.4037732e-06
  2.4997146e-06
 -9.5654514e-06
 -1.7159826e-06
 -5.3113336e-06
  6.0550603e-05
  2.5774552e-05
 -1.6653210e-06
 -4.1697222e-06
 -8.8746820e-06
 -5.8879800e-06
  1.6994463e-05
  6.8180948e-06
 -1.8596998e-05
 -1.0474990e-05
  1.1350785e-06
  1.4721941e-06
 -1.4494292e-05
 -4.2128389e-07
  2.2519432e-06
 -1.8780984e-06
 -5.1279085e-06
  8.8822577e-07
  8.9273572e-06
  3.1056669e-07
 -9.0685844e-06
 -6.1295950e-06
  3.4903796e-06
  5.4441562e-06
  2.3102673e-06
  1.6075692e-05
  2.2429037e+00
  1.1892495e-01
  2.8568971e-01
 -4.7963339e-01
 -2.9225539e-02
  3.2106346e-01
  2.6374770e-02
 -1.2195444e+00
  1.4377546e-01
 -2.6509745e-02
  8.4915441e-01
  7.6339417e-04
  1.8923517e-01
 -1.3241471e+00
  5.0459202e-02
  3.0600739e-01
  3.6188900e-02
  1.5673006e-02
  6.8054413e-03
  1.1639187e+00
  1.4722506e-03
  7.7695477e-06
  3.8169529e-02
 -4.6843924e-02
  1.7420286e-02
  4.5906319e-03
 -3.8756602e-07
 -1.0764442e-04
  5.1028594e-05
 -2.4921188e-04
  4.7252230e-05
 -1.3421419e+00
  1.3903199e-01
  9.8056823e-01
  2.9722672e-02
  3.1908169e-01
  1.0699009e-01
 -1.0780293e+00
 -1.0791447e+00
  1.6896045e-06
 -1.1884979e+00
  1.2251739e-05
 -1.3992265e-05
  1.4899318e+00
 -6.2682837e-01
 -1.6153632e-01
  1.7944754e-05
 -7.9878427e-02
  9.7935772e-01
 -1.8115901e-06
  2.9227087e-06
 -1.1324085e-05
 -7.1187628e-06
 -1.0699982e-04
 -1.0771597e-03
 -2.1915184e-01
  2.9906926e-07
  6.0441718e-05
  4.7594350e-02
 -3.5069636e-01
 -2.5221992e+00
  9.4905818e-01
  1.2806709e+00
  3.1910448e+00
 -7.2534988e-03
  2.0205379e-01
  2.4406332e-01
  1.8415964e-01
  4.1344348e-01
 -3.9851865e-01
 -2.1196898e-02
  2.0855348e+00
  1.9514325e-01
  1.8607925e+00
  8.7163642e-02
  1.1815586e-01
  7.8787667e-01
 -3.2904312e-02
  9.6599877e-01
  1.5249715e+00
 -1.4587080e-04
  5.4361764e-05
 -3.2502037e-01
  2.8581965e-01
  4.4693919e-05
 -3.5278645e-05
 -2.5244591e-01
  1.4417167e-01
 -4.6995765e-01
 -5.7178777e-06
  1.2658374e-05
  3.1646663e-01
  4.6084560e-06
  3.4734892e-04
 -1.1085518e-06
 -4.0104624e-05
  4.4399549e-05
  2.4380308e-06
 -1.1300763e-06
 -3.7522070e-04
  1.2950997e-05
 -3.5279049e-06
 -1.5825117e-05
 -1.0025346e-05
  1.1569393e-03
  1.1908997e-05
  4.3575841e-05
  5.3563195e-05
 -1.6863045e-04
  5.7373136e-06
 -2.7770957e-06
  1.0037559e-05
  4.0250970e-06
  6.8346612e-06
 -1.9032925e-06
  6.7582449e-05
 -6.6277489e-06
  5.7281427e-06
  3.8165922e-06
  2.7244407e-04
 -6.2549874e-02
  8.0870569e-02
 -2.0938391e-08
 -1.3375982e+00
  1.2388802e+00
  1.2191827e-01
 -1.1669316e+00
 -3.7901108e-03
  1.3203312e-01
 -9.2338462e-04
  1.9292918e-07
  7.5508580e-02
 -2.3826090e-01
  5.1101249e-01
  3.5676690e-05
  1.9728564e-01
 -1.2146564e-05
  1.7774275e-01
 -1.1929672e+00
  1.6529119e-01
 -2.9224670e-06
  2.8982984e-05
  4.3325172e-06
  7.1577549e-02
  9.0470709e-02
  2.2589983e-04
 -8.7815306e-06
 -1.2332420e-05
 -2.2600387e-01
  1.2962894e-01
 -7.0274097e-01
 -1.4441183e-01
  6.2215790e-02
 -8.4560409e-02
  2.4545802e-01
 -9.6448421e-01
  1.2213633e-05
  3.4285811e-01
  7.5681990e-01
 -1.3991985e-01
  3.0429184e-01
  1.1341431e+00
  1.1169262e-01
 -7.4343008e-01
 -1.6697577e-01
  1.8685202e-04
 -5.5201002e-03
  6.8976260e-06
  4.3306372e-01
 -4.5324311e-01
 -2.1784364e-05
 -5.7261332e-05
 -1.2828295e-04
  3.1079978e-01
  6.9365296e-06
 -1.9123725e-05
 -1.6322201e-01
  4.4077836e-07
  1.4933923e+00
 -2.2519836e-05
  4.1973715e-05
 -1.3349717e-06
  7.3723099e-06
 -1.1016943e-05
  5.6278222e-06
  1.2352166e-05
  1.9338982e-05
  1.1962744e-06
 -1.4989671e-06
  4.5525714e-05
  1.0693800e-05
 -1.7363975e-05
 -1.9910897e-07
 -2.1331118e-06
 -4.8752710e-05
  3.5251290e-07
 -9.3560329e-06
  6.1802581e-07
  2.3374994e-05
  1.2275341e-04
  1.0814410e-04
  1.9851955e-06
 -3.6565070e-06
  1.6762038e-05
 -4.6768491e-06
  3.0368358e-06
  1.2898468e-05
 -9.7150623e-06
 -1.5253105e-05
  1.2056830e-06
 -1.1111591e-02
 -4.3159827e-05
 -5.4061679e-06
  6.6407874e-02
  2.2183376e-06
 -4.0079053e-03
  4.3575233e-06
  1.8605001e-02
  4.4629041e-02
  6.1727440e-01
 -4.2823658e-04
  2.6641673e-01
  1.4589180e-04
  3.0039540e-01
 -1.7983562e-05
 -7.4962890e-07
 -1.4911539e-05
 -2.7511687e-05
 -2.1774349e-05
  1.2532986e-05
 -2.0328946e-04
 -1.0911895e-04
 -1.6910575e-05
  3.4836542e-06
 -5.3571192e-05
 -1.9815614e-05
 -4.5080295e-05
  1.4881807e-07
 -2.6107107e-06
 -1.9988191e-05
 -1.2397114e-04
 -1.0237011e+00
 -1.4381450e-05
 -9.5037790e-03
  3.3656463e-05
 -2.6855569e-02
 -1.0094754e-05
 -6.6551715e-06
 -3.1214886e-04
  2.5305027e-01
 -5.8891925e-05
  9.5969281e-06
 -4.3878616e-05
  5.7268000e-01
 -9.8505234e-03
  1.4242108e-05
 -2.0871197e-05
 -7.4390305e-06
  1.7344941e-01
 -3.5113283e-02
 -7.4030077e-06
 -5.2038949e-06
 -1.9694820e-04
  4.3270547e-06
 -1.6587316e-04
 -6.7781593e-06
 -8.5738851e-05
  9.1103884e-06
 -4.3620259e-02
  8.4054343e-05
 -1.8352833e-01
  1.0479468e+00
  8.3786754e-06
  4.9295068e-06
 -1.3077055e-01
 -1.1631566e-04
 -2.7275339e-06
 -8.5247707e-01
  2.0190371e-02
  3.9770645e-01
  6.2756117e-05
 -1.1420366e+00
 -2.2198553e-01
  6.0670620e-01
  8.4562546e-01
  1.2351469e+00
 -1.8141978e-05
  3.6823876e-05
 -1.1794215e-05
 -3.3982549e-06
 -3.6466838e-05
 -5.3740531e-01
 -9.4994152e-01
  3.1463328e-01
 -1.3564480e-06
 -4.4052309e-01
 -3.3140948e-01
 -1.0460772e-04
 -1.7434353e-01
  3.9159298e-01
  5.6580484e-01
 -8.6524397e-01
 -5.7375514e-06
 -1.2988580e-05
 -8.7260199e-01
 -3.4467307e-01
 -1.6108738e-01
  2.5737648e+00
 -2.1904111e+00
  1.8995240e+00
 -1.2630072e-05
 -4.8105898e-01
  4.8787388e-01
  1.8479902e+00
  1.0035378e+00
  5.4428798e-01
 -9.3918134e-05
 -2.9304186e-01
  6.7302710e-07
 -6.1756464e-07
 -1.2148804e-05
  7.8558999e-01
 -6.3671035e-01
 -1.9858277e+00
  2.6011166e-01
  7.8212845e-01
 -8.4067464e-01
 -1.8297369e-05
 -5.5620599e-01
 -6.8939441e-01
 -1.9267408e+00
  6.7095321e-01
 -4.9961975e-05
 -6.6381317e-01
  7.6675427e-01
 -8.6492950e-01
 -5.4033899e-01
 -1.4383314e+00
  5.0400269e-01
  3.5375482e-01
  7.3322290e-01
  1.6019323e-01
  3.8823061e-02
  6.2634404e-05
 -1.1294835e-04
  1.0903238e-02
 -1.4851409e-01
 -2.4469575e-01
  1.9230846e+00
 -1.7831894e+00
 -7.4049824e-01
  1.7401648e+00
  1.2205813e+00
  8.5443026e-01
  5.7195574e-01
  8.5566807e-01
  8.5566118e-02
 -1.0005471e+00
 -2.3573078e-01
  4.1954890e-01
 -2.1208091e+00
  2.4018696e-01
  4.7322398e-01
 -1.1184185e+00
  1.1039792e+00
 -1.1223824e+00
  2.6597700e-01
  1.2116873e+00
  1.3927034e+00
  2.5790054e-01
 -9.4349474e-02
 -5.9574533e-01
  1.8085672e+00
 -2.0597491e+00
 -2.7721816e-01
  2.5738764e+00
 -1.5931237e+00
 -1.7455245e+00
  1.5704845e+00
  4.0339234e-01
 -1.1318319e+00
  1.1543301e+00
 -9.4308233e-01
  5.1894271e-01
  8.7407637e-01
 -1.2139390e-01
 -4.6133515e-01
  3.5140485e-01
  1.3578096e-01
  1.0641057e+00
 -8.0060017e-01
 -4.0921500e-01
 -9.2178702e-02
 -1.7741181e+00
  1.4792616e+00
 -8.4836632e-01
 -1.5486648e+00
 -6.8918942e-04
 -1.4229484e-01
  4.4937238e-01
 -1.5325459e+00
 -3.9150992e-01
 -1.3222998e+00
  2.6546067e-01
  6.0021621e-01
 -4.2089853e-01
  1.8286107e-02
 -1.0514324e-02
  2.4068689e+00
  5.6133556e-01
  1.2565005e-01
  9.6936160e-01
 -2.8236529e-01
 -4.0184790e-05
  2.1746729e-02
 -4.6853617e-01
 -4.3269835e+00
 -7.5954877e-02
  3.6502819e-04
  6.5324736e-01
  1.0235339e+00
  9.1516413e-06
  3.9538187e-05
  1.9501967e-06
  2.6562060e-05
 -2.2610083e-01
  9.8711544e-01
  1.0630530e-05
 -2.2872109e-06
  2.8637261e-04
 -5.1408035e-01
  1.4077756e-06
  1.8045568e-05
 -6.9183797e-01
 -4.9240315e-01
  5.3535628e-01
  6.4204488e-04
  2.3493442e-01
 -1.2444589e-01
  1.6160220e-03
 -1.9838831e-06
  2.1914445e-01
 -1.0915140e+00
 -1.6907617e+00
  2.2966377e-01
  3.3335999e-02
  2.7896979e-01
  4.5660359e-01
  6.7019311e-05
  3.3739705e-03
  1.8781858e-02
  1.2507740e-01
  2.9767001e-01
  2.3159337e+00
  1.0188969e+00
  2.5283366e-01
  9.6590355e-02
 -2.3683545e-01
 -9.8271377e-04
 -5.7961738e-06
 -2.5848830e-02
 -9.5761913e-01
  1.1284537e+00
  1.6169468e-05
  5.6152970e-01
  6.6812539e-01
  1.0520502e-04
 -1.1274741e-06
  3.6485384e-05
 -6.0908437e-01
 -3.7877688e+00
  1.7911628e-01
  1.0441428e-01
 -2.2157305e-05
 -5.3882730e-01
  7.9434039e-06
 -3.6164685e-05
  1.1520270e+00
  3.6871603e-01
  5.8381230e-01
  3.0757821e-01
  1.3508411e-01
  5.2126467e-01
  1.2295359e+00
  1.5987359e-01
  1.7345570e+00
 -1.8391748e-01
 -9.9434918e-01
 -2.0213931e+00
  1.9740816e+00
  5.5917513e-01
  1.7013586e+00
  3.8629513e-02
 -9.3967634e-01
 -4.8507388e-08
 -7.6605076e-01
 -3.6142790e-01
  1.0624340e+00
  9.1058785e-01
  1.6407207e-01
 -2.3593865e-01
 -5.9803981e-01
 -4.5850189e-05
  8.1674698e-06
  3.9152536e-07
 -1.7052270e-01
  9.6498497e-06
  2.0519666e-01
  3.9347506e-06
  2.1732724e-06
  5.7908733e-06
  6.3817490e-05
 -7.9871393e-07
 -3.6661170e-02
  1.0050849e+00
 -6.3060895e-03
 -7.2806382e-01
 -5.8548443e-04
 -7.9670368e-05
  2.9405441e-02
 -5.1219117e-02
  4.5666045e-05
 -6.7438856e-02
 -1.2915984e+00
 -7.8710341e-01
 -1.2175747e+00
 -6.7869260e-05
 -3.2840658e-04
  1.0089371e+00
 -1.1798375e-05
 -3.5024957e-05
  8.1581502e-06
 -1.4308633e-01
 -6.9207883e-01
  2.3528681e+00
  4.3223965e-01
 -3.2589840e-05
 -4.3493623e-01
  1.1520686e-04
 -2.1780586e-06
 -7.1797863e-02
  7.2857940e-01
  7.3314011e-01
  1.1569492e+00
 -5.9243388e-02
  3.1099039e-01
 -7.9964072e-01
 -1.5153761e-02
  5.1745874e-06
 -1.0064147e-02
  1.5347748e+00
 -3.7485673e-04
  3.5850886e-01
 -5.5018023e-05
 -3.2802768e-02
  7.9207736e-01
 -1.7660505e-03
 -3.0208756e-07
  3.0867398e-01
 -1.5760679e+00
 -8.7943304e-01
  2.4978772e-01
  6.2821135e-02
 -1.4575908e-01
  2.9683599e-01
 -1.0422324e-01
  1.2324754e-05
  3.9396036e-02
  6.0274545e-03
  3.6888269e-01
  2.7133250e-01
 -3.8271151e-05
  6.0981429e-01
  9.7451073e-01
  1.1527456e+00
  1.3017132e+00
 -1.4736109e+00
  1.0902950e+00
  4.2350227e-01
 -1.6098753e+00
 -7.0017809e-01
  7.7654874e-01
  1.5066608e+00
  3.7019709e-06
  1.2995793e-02
 -1.1673211e-05
  1.8146347e+00
  2.1267912e-05
 -3.0771716e+00
  9.6044654e-01
  1.7732900e-01
 -2.1012923e-01
  4.0462911e-01
  1.5512976e-03
 -1.6977890e-01
 -1.7964723e+00
  5.8632702e-01
  9.3772298e-01
 -1.4787273e+00
  1.4950770e-02
  2.8934991e-01
  2.0649597e-01
  1.3650866e+00
 -5.6636106e-02
  2.1201272e+00
  1.5216117e+00
 -8.7020129e-02
  1.0005971e+00
  1.5512151e+00
 -1.3761780e+00
  1.5744370e-05
  3.2398701e-01
  5.0771287e-06
  7.2882003e-01
  1.2968855e+00
 -1.1180180e+00
  3.2968647e+00
  4.4484955e-01
 -2.2728631e+00
  4.1756061e-01
 -7.5541971e-06
 -1.3492785e+00
 -3.3635321e-01
 -2.4378613e-01
 -1.9990709e+00
 -1.2435389e+00
  8.9400578e-01
 -7.0350605e-01
  8.1073290e-01
  1.9700716e+00
  8.6897004e-01
  1.3435212e-01
  1.1077943e+00
 -3.3687741e-01
 -1.8700869e+00
  2.1161717e-01
  9.8188482e-03
  4.2104335e-03
  4.2981151e-01
 -6.5368146e-01
  1.3131052e+00
 -8.1295174e-01
  3.4696823e-01
 -2.3300195e-01
  2.1100876e-01
 -1.7922246e+00
 -7.6539165e-01
 -3.9799127e-01
 -5.8234286e-01
  1.0835258e+00
  1.3827505e+00
  1.1784768e+00
  1.6419443e+00
  3.1772107e-01
 -7.1288437e-02
 -1.8893857e+00
 -7.4558777e-01
  1.0488433e+00
 -1.4967171e+00
 -1.2068918e+00
 -2.2208412e-01
 -2.5159595e+00
 -3.7541941e-02
 -7.8145333e-02
 -2.2484139e-01
 -3.1387720e-01
 -1.5318710e-06
 -8.6146975e-01
 -1.6221059e-04
  1.0292170e+00
 -1.2341192e-01
 -1.2808965e-05
  8.6415994e-01
  1.1105853e-01
  3.2128745e-01
 -3.1458493e-02
  3.8934776e-01
  4.0531926e-02
 -6.1487442e-01
  9.0242141e-01
 -4.9656985e-04
 -1.7968326e+00
 -1.9342637e+00
 -7.2910213e-01
  1.0079309e+00
 -9.2325136e-02
 -2.8342929e+00
  1.2846014e+00
 -6.4052862e-01
 -1.5737801e+00
  1.3493257e+00
 -8.6372316e-01
 -9.4940215e-01
 -1.6946305e-01
 -8.1632800e-02
 -8.1614947e-01
  1.0931133e+00
  8.2928789e-01
  2.5872388e-01
  8.8568455e-01
 -9.0158594e-01
  6.1851478e-01
  9.3667004e-03
  2.9110059e-01
 -3.5958675e-01
 -1.4986045e+00
 -4.1064200e-01
 -8.3894503e-01
  9.4635673e-02
 -1.0176735e+00
 -6.9533646e-01
 -1.2753792e+00
 -1.5640043e+00
 -2.5968647e+00
 -8.8826895e-01
 -1.5051874e+00
 -5.6996495e-01
  1.6460637e+00
 -3.5468501e-01
 -6.4979929e-01
 -4.7835407e-01
 -7.7483410e-01
 -9.6133101e-01
 -1.5306771e+00
  7.0444494e-01
  8.8178968e-01
 -8.3498913e-01
 -3.7888896e-01
 -9.7506344e-01
  1.7192258e+00
 -7.5929934e-01
 -6.7640048e-01
  7.3666894e-01
  1.4469355e+00
  8.5617268e-01
 -1.1497377e+00
  1.6353256e-06
  3.2382149e-01
  3.6825773e-01
  9.9722147e-01
  8.1088201e-06
 -2.0469341e+00
 -6.8524486e-01
 -1.2382619e+00
 -3.7050503e-01
  4.8430149e-08
 -2.0479961e-06
  4.2716518e-05
  2.0833499e-05
 -5.9215449e-06
 -2.8568226e-01
  1.4553371e-05
 -5.0649089e-01
  3.1722118e-06
  3.7713921e-06
  1.8336803e-01
  3.4921834e-01
  3.3533323e-01
  4.6865866e-06
 -4.3045223e-01
  7.8152996e-01
  2.0238428e-01
 -1.8154809e+00
  6.5449560e-05
 -1.4009034e-04
  9.9523228e-01
  3.7979466e-01
  1.4748342e-07
  1.6147606e-01
 -3.6505616e-01
  7.0930916e-01
 -9.4788873e-01
 -2.1434655e-06
  1.0636412e-01
  3.5117742e-02
 -8.9705401e-07
 -2.5448622e-05
 -1.9334060e+00
  1.4274882e+00
 -4.6684635e-03
 -8.0176705e-01
  4.5140746e-06
  7.6465541e-05
  4.8541000e-01
  1.2418563e+00
 -1.6021797e-05
 -1.3162086e+00
  6.6993797e-01
  9.0405083e-01
 -1.0682508e+00
  8.8258246e-05
  4.7630578e-04
  2.8296185e-01
  5.3689022e-05
 -3.2197486e-06
 -1.1471326e-01
  4.5168638e-01
 -1.6281707e+00
 -8.5378563e-01
 -3.0082188e-07
  3.9741091e-04
  1.1017587e+00
  6.1167270e-01
  5.9168557e-05
 -8.7673932e-01
  7.7717446e-02
 -1.4478384e-01
  1.2814629e-01
  3.8515122e-05
  7.0118112e-05
  2.2298638e-02
  4.8237577e-01
  2.1384792e-05
  4.1906103e-01
  4.7513840e-01
  8.2884616e-01
 -3.9075080e-01
 -3.3535280e-06
  1.1594460e-05
 -1.1732242e-04
  7.0159160e-07
  5.4010539e-05
  6.2171090e-02
 -1.0993454e+00
  1.3799645e+00
  3.1333482e-01
  3.8918797e-06
 -3.8026076e-06
  1.2719569e-07
 -1.6096421e-05
 -8.7944918e-06
  3.4934385e-06
 -9.3271620e-07
  3.2660243e-01
  4.7372396e-07
  2.2661173e-07
 -2.0910859e-06
  1.4692138e-06
 -5.0185072e-06
 -1.3791982e-04
  9.4547451e-01
 -3.6342290e-01
  9.6317619e-01
 -1.4845893e+00
 -2.6134669e-06
  7.5481503e-06
  1.3882683e-05
 -1.2650336e-04
  7.9184783e-06
 -2.1156382e-05
  1.4971204e-01
 -1.2163625e+00
 -3.7582338e-01
  6.5328572e-06
  3.2527360e-06
  6.6972871e-06
 -2.0426571e-05
  6.3388866e-06
  2.0662998e-01
  1.0128835e-01
  2.9658565e-01
  9.7310436e-01
  3.4368011e-05
  3.8294020e-06
 -8.0335877e-07
  4.7165206e-05
  3.4154405e-06
  1.0077279e+00
  6.2274885e-01
  2.3639328e+00
 -1.0716164e+00
  8.9774076e-06
 -7.9400879e-06
  8.1649569e-06
 -1.1505573e-04
 -1.3496374e-05
 -2.5067109e-01
  6.0130842e-02
  1.3510184e-01
 -3.0067074e-01
 -1.3790745e-05
  1.0872848e-06
  2.4499939e-06
  1.0144676e-05
 -1.2943600e-04
  1.5277964e+00
 -1.9576594e-01
  5.1726758e-01
  9.8508406e-01
  4.5423616e-09
 -1.6657870e-05
 -8.2050070e-07
 -3.2639998e-04
  8.1054437e-05
 -4.4078884e-01
  1.7897122e-01
 -6.1539423e-01
  5.0196558e-01
  5.3344155e-07
  4.1928047e-06
  9.1914235e-06
 -9.7559877e-02
  2.0373302e-06
  5.5762851e-01
 -5.0489079e-02
 -9.1544694e-01
 -9.2600197e-01
 -1.2799329e-05
  4.0984564e-06
  1.6238213e-05
 -5.3248851e-07
  7.4716349e-06
  1.9827273e+00
  1.6818290e-04
  1.6809019e-05
 -1.9230238e-05
  1.1755198e-05
 -2.4803862e-06
 -2.7059552e-06
 -1.7257822e-05
  3.0984036e-06
 -5.8903611e-01
  5.5480427e-01
 -1.8514401e+00
 -6.7483658e-01
 -1.4722206e-05
 -4.4493538e-07
  1.1977320e-05
 -2.0377232e-05
 -3.2715329e-06
  8.9141568e-03
  1.2039563e-04
  4.4508564e-01
 -3.6495379e-01
 -1.4052357e-06
 -9.9641511e-06
  1.3209218e-06
  4.4039116e-06
 -1.8896535e-05
 -3.5961232e-01
  4.2575544e-01
 -1.5530449e-01
 -1.5040842e+00
 -1.9858030e-06
  1.3388130e-04
 -7.1995419e-06
 -2.9349941e-01
 -1.1623866e-06
 -2.4847226e-02
  5.1875398e-02
  5.8198307e-02
 -7.5711417e-01
  6.6639691e-06
 -1.6373777e-05
  7.0129836e-06
  1.0873213e-05
 -7.3093870e-06
  1.5422326e+00
  2.7731854e-02
 -2.5796694e-01
 -7.7789891e-01
  1.7428476e-08
  1.0195730e-04
  3.9395560e-05
 -3.5276172e-01
  4.6986581e-05
  4.1209239e-01
  1.5237001e-01
 -1.3643297e+00
 -1.2999572e+00
  4.2189272e-06
 -1.3462524e-05
  2.8724487e-06
  5.9899871e-06
 -3.0896026e-06
 -4.8130441e-01
  2.9817256e-01
  9.7495121e-01
 -8.5982341e-01
  6.8680704e-02
  6.0218805e-01
 -9.6125978e-01
 -8.2611486e-02
  4.8018205e-07
  9.6253850e-02
  5.7886875e-01
  1.0209185e+00
 -6.0235345e-01
  2.9461806e-05
  1.1432762e-05
 -3.4255878e-05
 -6.0298476e-07
  1.9346811e-05
 -6.1680257e-01
  1.8768147e-05
  3.8104078e-01
 -1.2397776e-04
  5.5870749e-02
  6.3205844e-01
 -8.9072418e-01
 -6.1475468e-05
  9.6800341e-06
 -1.1469226e+00
  1.8101688e-01
 -6.7005014e-01
 -7.7564323e-01
 -2.2324700e-06
  2.9480032e-06
 -9.2409897e-01
 -1.2736228e-05
 -4.3598534e-06
  9.8134619e-01
 -8.2625754e-02
  9.7269523e-01
  8.3853465e-01
  5.5999584e-02
  3.5394290e-01
  2.6680911e-01
  1.6295787e-06
 -1.1538149e-06
  4.1464380e-05
  8.4930331e-01
  5.2664727e-01
  1.5351750e-01
 -1.8457997e-06
  2.0534330e-04
 -2.6142504e-02
 -6.4649394e-05
 -1.5238139e-06
 -2.1611257e+00
 -1.9377272e-01
  2.0113108e+00
 -5.9357697e-01
  5.2809669e-03
  8.4566496e-02
  8.2176564e-05
 -6.3226602e-05
 -1.3224350e-05
 -1.8733567e+00
  2.8823611e-01
  1.2857765e+00
 -2.4913107e-01
 -8.5284631e-07
  3.3063278e-01
 -9.3183750e-01
 -1.6108624e-04
  5.1335396e-06
  3.5150796e-07
  5.3642243e-01
  8.6831890e-02
  3.3640298e-01
  1.8326307e-05
  1.3282879e-04
 -4.1815808e-01
 -1.5280162e-03
 -8.2701272e-06
 -4.9148259e-01
  5.6378663e-01
 -3.0895057e-01
 -1.3377443e-01
  4.6115987e-05
 -3.8537809e-03
 -7.0509690e-01
  4.0111183e-05
  1.7941777e-05
 -1.0527774e+00
  1.1981201e+00
  8.0943733e-01
 -4.1903695e-01
 -6.5052745e-07
  5.6272670e-06
 -3.0775388e-06
  1.8717942e-06
 -5.8491501e-06
  7.3425617e-06
  9.6432340e-01
 -2.2231431e+00
  1.5063983e-05
 -1.1294604e-06
  9.2192768e-06
 -1.8537695e+00
  7.2785879e-05
 -1.3467391e-06
 -3.4803373e-01
 -1.0359823e-02
  3.1686267e-01
  7.1452439e-01
  2.1804040e-05
 -3.4245472e-06
 -7.3882571e-04
  2.5432124e-05
 -4.6147020e-06
 -6.6879773e-01
  1.1444489e+00
 -2.3251037e-01
 -6.6146213e-01
  4.8173965e-06
  4.3158309e-07
 -4.8498547e-01
  1.6714024e-05
  1.4999474e-05
 -8.8854212e-01
 -1.7514855e-01
 -4.9429253e-01
  4.4591841e-01
  2.5653801e-06
 -1.6795175e-05
 -3.3020999e-02
 -8.0155187e-06
 -9.5963069e-06
  8.4474444e-01
  2.4181052e-01
  4.9299836e-01
  1.3444409e-02
 -1.8027273e-05
  1.4433692e-06
 -2.0810515e-02
  1.8494340e-05
  4.3399575e-07
 -1.7078026e-01
  2.0946085e+00
 -1.7541142e+00
  5.6250405e-01
 -7.8381918e-06
 -4.8621232e-04
 -2.3045784e-01
  4.2251857e-05
  1.1175124e-06
 -7.3567242e-03
 -1.2945578e-01
  5.3782481e-01
 -4.9801821e-01
  1.5376807e-05
 -8.2183478e-06
 -7.7957225e-01
  1.3564487e-06
 -2.1647181e-06
  8.0639714e-01
  3.7589088e-01
 -6.6854316e-01
 -6.6400319e-01
  1.2413758e-02
  1.2413758e-02
  1.2413758e-02
  1.2413758e-02
  1.2413758e-02
  6.7241365e-01
  6.7241365e-01
  6.7241365e-01
  6.7241365e-01
  6.7241365e-01
  1.4738771e-01
  1.4738771e-01
  1.4738771e-01
  1.4738771e-01
  1.4738771e-01
  1.0924964e-01
  1.0924964e-01
  1.0924964e-01
  1.0924964e-01
  1.0924964e-01
  1.6452778e-02
  1.6452778e-02
  1.6452778e-02
  1.6452778e-02
  1.6452778e-02
  1.8038879e-01
  1.8038879e-01
  1.8038879e-01
  1.8038879e-01
  1.8038879e-01
